0.71372551
0.72941178
0.74509805
0.75686276
0.77254903
0.77647060
0.76862746
0.76078433
0.75686276
0.75686276
0.76470590
0.76470590
0.76470590
0.76470590
0.76470590
0.76470590
0.76470590
0.76470590
0.76470590
0.76078433
0.75294119
0.75294119
0.75686276
0.75686276
0.75294119
0.74509805
0.73725492
0.72549021
0.70980394
0.69803923
0.66666669
0.65490198
0.76862746
0.78039217
0.79607844
0.80784315
0.81568629
0.81176472
0.80392158
0.79215688
0.78823531
0.79607844
0.80392158
0.80392158
0.80392158
0.80392158
0.80392158
0.80392158
0.80392158
0.80392158
0.80392158
0.80392158
0.80000001
0.80000001
0.80000001
0.79607844
0.79607844
0.78431374
0.78039217
0.76862746
0.75294119
0.74117649
0.72156864
0.70588237
0.81176472
0.81568629
0.82745099
0.84313726
0.83921570
0.83137256
0.82352942
0.81568629
0.80784315
0.81960785
0.82745099
0.82745099
0.82745099
0.82745099
0.82745099
0.82745099
0.82745099
0.82745099
0.82745099
0.82745099
0.82745099
0.82745099
0.82745099
0.82745099
0.82352942
0.81568629
0.80784315
0.79607844
0.78431374
0.77254903
0.75686276
0.74901962
0.85882354
0.86274511
0.87843138
0.90588236
0.88627452
0.87058824
0.86666667
0.86274511
0.85882354
0.86274511
0.86274511
0.86274511
0.86274511
0.86274511
0.86274511
0.86274511
0.86274511
0.86274511
0.86274511
0.86274511
0.86274511
0.86274511
0.86274511
0.86274511
0.85882354
0.85098040
0.84313726
0.83529413
0.81960785
0.81176472
0.80392158
0.80000001
0.89411765
0.89019608
0.90588236
0.94509804
0.92941177
0.90196079
0.89411765
0.90196079
0.89803922
0.89019608
0.89019608
0.89019608
0.88627452
0.88627452
0.89019608
0.89019608
0.89019608
0.89019608
0.89019608
0.89019608
0.89019608
0.89019608
0.89019608
0.89019608
0.88627452
0.87843138
0.87058824
0.86274511
0.85098040
0.84313726
0.83921570
0.83921570
0.92549020
0.92941177
0.94117647
0.96862745
0.95686275
0.92549020
0.81176472
0.85882354
0.81960785
0.78823531
0.85098040
0.91372550
0.92549020
0.91764706
0.90980393
0.90588236
0.90980393
0.90588236
0.90980393
0.90588236
0.90588236
0.91372550
0.91372550
0.91372550
0.90980393
0.89803922
0.89411765
0.89019608
0.87843138
0.87058824
0.86274511
0.85882354
0.93725491
0.91764706
0.87058824
0.88235295
0.90196079
0.90196079
0.84705883
0.76470590
0.62352943
0.48235294
0.49803922
0.61176473
0.70980394
0.80000001
0.85098040
0.88235295
0.90588236
0.90980393
0.90196079
0.90588236
0.92156863
0.92941177
0.93333334
0.94117647
0.93725491
0.91764706
0.91764706
0.91372550
0.89803922
0.89019608
0.87450981
0.87058824
0.92941177
0.87450981
0.78039217
0.81568629
0.85490197
0.83921570
0.81176472
0.70196080
0.58431375
0.47450981
0.41176471
0.46666667
0.52549022
0.61176473
0.70588237
0.79607844
0.85490197
0.83137256
0.80000001
0.78431374
0.81960785
0.87450981
0.89803922
0.89803922
0.89411765
0.88627452
0.87450981
0.87843138
0.89019608
0.88235295
0.86666667
0.87058824
0.74117649
0.73333335
0.69411767
0.78823531
0.94901961
0.94901961
0.90196079
0.83529413
0.71764708
0.64313728
0.59215689
0.67450982
0.67058825
0.68627453
0.77647060
0.77647060
0.73333335
0.64313728
0.60784316
0.52941179
0.53725493
0.67843139
0.73725492
0.73725492
0.69803923
0.69019610
0.69019610
0.67450982
0.69411767
0.68235296
0.66666669
0.63921571
0.44705883
0.43921569
0.38431373
0.53725493
0.91764706
0.96862745
0.94901961
0.93333334
0.81568629
0.74509805
0.73333335
0.81176472
0.79607844
0.83529413
0.87450981
0.83529413
0.82745099
0.74117649
0.67843139
0.51372552
0.43529412
0.65098041
0.70588237
0.52549022
0.50588238
0.51764709
0.50588238
0.46274510
0.46274510
0.46274510
0.42745098
0.38039216
0.39607844
0.42352942
0.26274511
0.31372550
0.56078434
0.66666669
0.78823531
0.88627452
0.89803922
0.82352942
0.72549021
0.87843138
0.93333334
0.95294118
0.72156864
0.70588237
0.82352942
0.76470590
0.79215688
0.62352943
0.51764709
0.80392158
0.83921570
0.49411765
0.52549022
0.52549022
0.52549022
0.47450981
0.39607844
0.40392157
0.38823530
0.38039216
0.38823530
0.38039216
0.31372550
0.33725491
0.39607844
0.50980395
0.63137257
0.74901962
0.80784315
0.78039217
0.71372551
0.77647060
0.84705883
0.88627452
0.72941178
0.80000001
0.87058824
0.84705883
0.87843138
0.73725492
0.72941178
0.92549020
0.94117647
0.80000001
0.81960785
0.81960785
0.71372551
0.57647061
0.48627451
0.39215687
0.38823530
0.40000001
0.45098040
0.46274510
0.45490196
0.44313726
0.47450981
0.50196081
0.51372552
0.63137257
0.76470590
0.85098040
0.92549020
0.92156863
0.94901961
0.78039217
0.63137257
0.80392158
0.81960785
0.79607844
0.70980394
0.56862748
0.55686277
0.78431374
0.79215688
0.80392158
0.80784315
0.76470590
0.65098041
0.60392159
0.56862748
0.45882353
0.39215687
0.37647060
0.43921569
0.46666667
0.45490196
0.43137255
0.44313726
0.48627451
0.48627451
0.50588238
0.53725493
0.54117650
0.61568630
0.70196080
0.78431374
0.74117649
0.66274512
0.78431374
0.74117649
0.67450982
0.65098041
0.58431375
0.50588238
0.52941179
0.56470591
0.59215689
0.54509807
0.43529412
0.51764709
0.70588237
0.64705884
0.61960787
0.56078434
0.44705883
0.38823530
0.38823530
0.38039216
0.39215687
0.40392157
0.42745098
0.43921569
0.44705883
0.44705883
0.44313726
0.43921569
0.44313726
0.48235294
0.56470591
0.63529414
0.75686276
0.86666667
0.77254903
0.75294119
0.77254903
0.76470590
0.76470590
0.80392158
0.80000001
0.72941178
0.64705884
0.65098041
0.66274512
0.59607846
0.54117650
0.49019608
0.42745098
0.45882353
0.45490196
0.41960785
0.43529412
0.45098040
0.47843137
0.49803922
0.50196081
0.47843137
0.47843137
0.49411765
0.47843137
0.49019608
0.50196081
0.49019608
0.50196081
0.60784316
0.55294120
0.49803922
0.52941179
0.57647061
0.62352943
0.65490198
0.68627453
0.63137257
0.56862748
0.52156866
0.47450981
0.42745098
0.40784314
0.39215687
0.34509805
0.47450981
0.46666667
0.46666667
0.46666667
0.45882353
0.49803922
0.51372552
0.49803922
0.49803922
0.50980395
0.52941179
0.50980395
0.49803922
0.49019608
0.47058824
0.46274510
0.41568628
0.41960785
0.43921569
0.41568628
0.41568628
0.45490196
0.43921569
0.45882353
0.45882353
0.42352942
0.40784314
0.41176471
0.39607844
0.42352942
0.43137255
0.34509805
0.45098040
0.43529412
0.44705883
0.44705883
0.45490196
0.49803922
0.50588238
0.48627451
0.49803922
0.50588238
0.50588238
0.45490196
0.45490196
0.44313726
0.43137255
0.43529412
0.40000001
0.38039216
0.43529412
0.44705883
0.40000001
0.43137255
0.41568628
0.41176471
0.43529412
0.41568628
0.41960785
0.40000001
0.39607844
0.40000001
0.34117648
0.32156864
0.40000001
0.41568628
0.42352942
0.41960785
0.41960785
0.45882353
0.43921569
0.43921569
0.45882353
0.43529412
0.42745098
0.40784314
0.41568628
0.41568628
0.41960785
0.41568628
0.37647060
0.32549021
0.36862746
0.43137255
0.37647060
0.39607844
0.42745098
0.38039216
0.38823530
0.38039216
0.38039216
0.38039216
0.39607844
0.37254903
0.32549021
0.37254903
0.36078432
0.36862746
0.38039216
0.36862746
0.35686275
0.37254903
0.35686275
0.36470589
0.38039216
0.36078432
0.37254903
0.40784314
0.39215687
0.37254903
0.37647060
0.37647060
0.36470589
0.34509805
0.34509805
0.40392157
0.37647060
0.40784314
0.42745098
0.40000001
0.42352942
0.39215687
0.36862746
0.33333334
0.31372550
0.34117648
0.36862746
0.38431373
0.28627452
0.32156864
0.32941177
0.30980393
0.32941177
0.35294119
0.34901962
0.32941177
0.33725491
0.31764707
0.28627452
0.33333334
0.31764707
0.31764707
0.29019609
0.30588236
0.38431373
0.33333334
0.31372550
0.35294119
0.36862746
0.36862746
0.35294119
0.35686275
0.38431373
0.37647060
0.35686275
0.33725491
0.29411766
0.30980393
0.32941177
0.34117648
0.20784314
0.23921569
0.26666668
0.30588236
0.34901962
0.34509805
0.33333334
0.29803923
0.32549021
0.31372550
0.29411766
0.34117648
0.29803923
0.25490198
0.24705882
0.30588236
0.34117648
0.31372550
0.32549021
0.36470589
0.37254903
0.34509805
0.34509805
0.29019609
0.31764707
0.34901962
0.34117648
0.34901962
0.34117648
0.31372550
0.29803923
0.31764707
0.22352941
0.25098041
0.26274511
0.29019609
0.32941177
0.38039216
0.35686275
0.31764707
0.32941177
0.33725491
0.29411766
0.29803923
0.28235295
0.26274511
0.25882354
0.28235295
0.34509805
0.39215687
0.36078432
0.34901962
0.36078432
0.37647060
0.34117648
0.29019609
0.31372550
0.30196080
0.30588236
0.31372550
0.32941177
0.33333334
0.29019609
0.28627452
0.24705882
0.27450982
0.28627452
0.30196080
0.32156864
0.36470589
0.30196080
0.30588236
0.34509805
0.32941177
0.26274511
0.28235295
0.30980393
0.30196080
0.30980393
0.29019609
0.36470589
0.38823530
0.32549021
0.33333334
0.35294119
0.33333334
0.31764707
0.30196080
0.28627452
0.29411766
0.29019609
0.31372550
0.32156864
0.35686275
0.36470589
0.30588236
0.26666668
0.24705882
0.25882354
0.33333334
0.33725491
0.31764707
0.30588236
0.27450982
0.32549021
0.31764707
0.26666668
0.28235295
0.32941177
0.31372550
0.31764707
0.30588236
0.29803923
0.33725491
0.34117648
0.32549021
0.29803923
0.29019609
0.32549021
0.32549021
0.24313726
0.25098041
0.26274511
0.31372550
0.31764707
0.33333334
0.36078432
0.30980393
0.27450982
0.26666668
0.30980393
0.33333334
0.31764707
0.30588236
0.28627452
0.27843139
0.32156864
0.30980393
0.32156864
0.28627452
0.25490198
0.29019609
0.28235295
0.30588236
0.30196080
0.31372550
0.32941177
0.31372550
0.28627452
0.27843139
0.32941177
0.31372550
0.27450982
0.26274511
0.27843139
0.30588236
0.30588236
0.30196080
0.30196080
0.30196080
0.25098041
0.32156864
0.36078432
0.31764707
0.27450982
0.25882354
0.22745098
0.29803923
0.33725491
0.34117648
0.34117648
0.31372550
0.27058825
0.24313726
0.26666668
0.29019609
0.31372550
0.26666668
0.30980393
0.30196080
0.31372550
0.27450982
0.23529412
0.29019609
0.33725491
0.30588236
0.24705882
0.24705882
0.30980393
0.27450982
0.25490198
0.25098041
0.20000000
0.28627452
0.32941177
0.27058825
0.21960784
0.22745098
0.23529412
0.26666668
0.27058825
0.32941177
0.32549021
0.27450982
0.30588236
0.27058825
0.26666668
0.27450982
0.29019609
0.26274511
0.28235295
0.27450982
0.27058825
0.29803923
0.27058825
0.30196080
0.29411766
0.26274511
0.22745098
0.22352941
0.26666668
0.23529412
0.27058825
0.25882354
0.18039216
0.26666668
0.30980393
0.23529412
0.21176471
0.23529412
0.22745098
0.24313726
0.26666668
0.25882354
0.29019609
0.24705882
0.25098041
0.24705882
0.25882354
0.27843139
0.28627452
0.28235295
0.25882354
0.27058825
0.27843139
0.27450982
0.29411766
0.28627452
0.24705882
0.23921569
0.21176471
0.23921569
0.23529412
0.23137255
0.25882354
0.25882354
0.21960784
0.24705882
0.23529412
0.20392157
0.21960784
0.23529412
0.25098041
0.28627452
0.29019609
0.27450982
0.22352941
0.20392157
0.24313726
0.25098041
0.26666668
0.30980393
0.26666668
0.24705882
0.26666668
0.25882354
0.27058825
0.25882354
0.25882354
0.23137255
0.21176471
0.24705882
0.24313726
0.23921569
0.22352941
0.21176471
0.23921569
0.26274511
0.18039216
0.16862746
0.16078432
0.18431373
0.23921569
0.21960784
0.25882354
0.27450982
0.24705882
0.25098041
0.19607843
0.26666668
0.26666668
0.26274511
0.24313726
0.23921569
0.21176471
0.24313726
0.23529412
0.25490198
0.29019609
0.26274511
0.21568628
0.17254902
0.18823530
0.26274511
0.23529412
0.18431373
0.18823530
0.23921569
0.24313726
0.22352941
0.16862746
0.17647059
0.16078432
0.21176471
0.27450982
0.23529412
0.23921569
0.22352941
0.23529412
0.21568628
0.18039216
0.26274511
0.25490198
0.26274511
0.25490198
0.22745098
0.19607843
0.25882354
0.20000000
0.22352941
0.27450982
0.25490198
0.17647059
0.14117648
0.15686275
0.21960784
0.24313726
0.20000000
0.18039216
0.24705882
0.21568628
0.18039216
0.86274511
0.86666667
0.87843138
0.88235295
0.87450981
0.87450981
0.87843138
0.88627452
0.89411765
0.89019608
0.88627452
0.88627452
0.88627452
0.88627452
0.88627452
0.88627452
0.88627452
0.88627452
0.88627452
0.88235295
0.87843138
0.87843138
0.87843138
0.88235295
0.87843138
0.87843138
0.87843138
0.87843138
0.87450981
0.86666667
0.85098040
0.83921570
0.89803922
0.90196079
0.90980393
0.91372550
0.90980393
0.90980393
0.91372550
0.91764706
0.92156863
0.91764706
0.91372550
0.91372550
0.91372550
0.91372550
0.91372550
0.91372550
0.91372550
0.91372550
0.91372550
0.91372550
0.90980393
0.90980393
0.90980393
0.90588236
0.90588236
0.90196079
0.90588236
0.90588236
0.90588236
0.89803922
0.88627452
0.87843138
0.91372550
0.90980393
0.91372550
0.92156863
0.91764706
0.91372550
0.91764706
0.92156863
0.92549020
0.92156863
0.91764706
0.91764706
0.91764706
0.91764706
0.91764706
0.91764706
0.91764706
0.91764706
0.91764706
0.91764706
0.91764706
0.91764706
0.91764706
0.91372550
0.91372550
0.90980393
0.91372550
0.91764706
0.91372550
0.90980393
0.89803922
0.89019608
0.92941177
0.92549020
0.93333334
0.95686275
0.93333334
0.92156863
0.92941177
0.93333334
0.93725491
0.93725491
0.92941177
0.93333334
0.93333334
0.93333334
0.93333334
0.93333334
0.92941177
0.92941177
0.92941177
0.92941177
0.92941177
0.92941177
0.92941177
0.92941177
0.92941177
0.92549020
0.92941177
0.92941177
0.92549020
0.92549020
0.91764706
0.91372550
0.94117647
0.93333334
0.93725491
0.97254902
0.94509804
0.91764706
0.91372550
0.93333334
0.93725491
0.93725491
0.93725491
0.94117647
0.93333334
0.93333334
0.93725491
0.93725491
0.94117647
0.94117647
0.94117647
0.94117647
0.94117647
0.94117647
0.94117647
0.94117647
0.93725491
0.93333334
0.93725491
0.94117647
0.93725491
0.93725491
0.93333334
0.92941177
0.95686275
0.94901961
0.95294118
0.96862745
0.94509804
0.90588236
0.79215688
0.85098040
0.81568629
0.80784315
0.88627452
0.94901961
0.96078432
0.95686275
0.95294118
0.94901961
0.94509804
0.94509804
0.94509804
0.94509804
0.94117647
0.94509804
0.94509804
0.94509804
0.94509804
0.94117647
0.94117647
0.94901961
0.94901961
0.94509804
0.93725491
0.93725491
0.95294118
0.91764706
0.85098040
0.84705883
0.81960785
0.80392158
0.76470590
0.69019610
0.54901963
0.45490196
0.50980395
0.63529414
0.74117649
0.83921570
0.90980393
0.94901961
0.95294118
0.95294118
0.95686275
0.95294118
0.94901961
0.94509804
0.94117647
0.93725491
0.93725491
0.94509804
0.94117647
0.93725491
0.93333334
0.93725491
0.93725491
0.93725491
0.95686275
0.88235295
0.76470590
0.78431374
0.78431374
0.74901962
0.73725492
0.63137257
0.51372552
0.42745098
0.38431373
0.44313726
0.50588238
0.59607846
0.69803923
0.79607844
0.85490197
0.86274511
0.87450981
0.86666667
0.87058824
0.91764706
0.93333334
0.92549020
0.92941177
0.94117647
0.92156863
0.91372550
0.92549020
0.91764706
0.90588236
0.90980393
0.79607844
0.76470590
0.70980394
0.78823531
0.92549020
0.92156863
0.87843138
0.81568629
0.70196080
0.61568630
0.54901963
0.61960787
0.60784316
0.61568630
0.70588237
0.69803923
0.67450982
0.63137257
0.66666669
0.60784316
0.59607846
0.74117649
0.80784315
0.81960785
0.78039217
0.76470590
0.75686276
0.72941178
0.72941178
0.69803923
0.67058825
0.63921571
0.49803922
0.48235294
0.41176471
0.55294120
0.91764706
0.96862745
0.95294118
0.94509804
0.83529413
0.75294119
0.72549021
0.78823531
0.75294119
0.77647060
0.82745099
0.78431374
0.76862746
0.69019610
0.66274512
0.52549022
0.45098040
0.68235296
0.75294119
0.58823532
0.56470591
0.54901963
0.54509807
0.49019608
0.46274510
0.43529412
0.40392157
0.35686275
0.41568628
0.43921569
0.27058825
0.31764707
0.55686277
0.65882355
0.78431374
0.89019608
0.91372550
0.85490197
0.76078433
0.89803922
0.94117647
0.94509804
0.73333335
0.71764708
0.79215688
0.69803923
0.71372551
0.56470591
0.48235294
0.78431374
0.83529413
0.49411765
0.52156866
0.49803922
0.52156866
0.48235294
0.38039216
0.35686275
0.35294119
0.34901962
0.35294119
0.34901962
0.28627452
0.30980393
0.35686275
0.46274510
0.58823532
0.71764708
0.78823531
0.79215688
0.74509805
0.80784315
0.87843138
0.91372550
0.76078433
0.81960785
0.85098040
0.79607844
0.82745099
0.69803923
0.69803923
0.89803922
0.90980393
0.76470590
0.77254903
0.77254903
0.72156864
0.63137257
0.52156866
0.38823530
0.35686275
0.36078432
0.37647060
0.39607844
0.39607844
0.38823530
0.40392157
0.41568628
0.43529412
0.56078434
0.70588237
0.81960785
0.90980393
0.91764706
0.95686275
0.79607844
0.62745100
0.76862746
0.78039217
0.77647060
0.72156864
0.59215689
0.56862748
0.78431374
0.77647060
0.78039217
0.77254903
0.73725492
0.69803923
0.71372551
0.67058825
0.51372552
0.36862746
0.33333334
0.37254903
0.40784314
0.40000001
0.37647060
0.36862746
0.39607844
0.40000001
0.41960785
0.45490196
0.47450981
0.55686277
0.64705884
0.73725492
0.69803923
0.61176473
0.74117649
0.70980394
0.65490198
0.63529414
0.57647061
0.52156866
0.53725493
0.56862748
0.59215689
0.54117650
0.43137255
0.53333336
0.74509805
0.69019610
0.64705884
0.54509807
0.41960785
0.31764707
0.32156864
0.31372550
0.32549021
0.32156864
0.33333334
0.34509805
0.35294119
0.35294119
0.35294119
0.35294119
0.35686275
0.39215687
0.47450981
0.55294120
0.69803923
0.82745099
0.73725492
0.69019610
0.70196080
0.71764708
0.71764708
0.75686276
0.74901962
0.68627453
0.61960787
0.62745100
0.64313728
0.58039218
0.52941179
0.47058824
0.40784314
0.36862746
0.36470589
0.33333334
0.34509805
0.34509805
0.36470589
0.38823530
0.39215687
0.36862746
0.36470589
0.37254903
0.35686275
0.36862746
0.38039216
0.37647060
0.40784314
0.53725493
0.48235294
0.40784314
0.41960785
0.45882353
0.50980395
0.53725493
0.56862748
0.52549022
0.49803922
0.45882353
0.41568628
0.38039216
0.36470589
0.36078432
0.31764707
0.36078432
0.35686275
0.36078432
0.36078432
0.34117648
0.37647060
0.39215687
0.37647060
0.37647060
0.38039216
0.39215687
0.36862746
0.35686275
0.34901962
0.33725491
0.34117648
0.31764707
0.32156864
0.31764707
0.28627452
0.29411766
0.33333334
0.31764707
0.33725491
0.34509805
0.32156864
0.31372550
0.32156864
0.30980393
0.35294119
0.38431373
0.30588236
0.33333334
0.32549021
0.33725491
0.34117648
0.34509805
0.38431373
0.39215687
0.37254903
0.38039216
0.38431373
0.38039216
0.32941177
0.32941177
0.31764707
0.30196080
0.31764707
0.30196080
0.27843139
0.31372550
0.32941177
0.30980393
0.34509805
0.32549021
0.32549021
0.34509805
0.30588236
0.31372550
0.30196080
0.30196080
0.31764707
0.28235295
0.27058825
0.29803923
0.31764707
0.32549021
0.32156864
0.32549021
0.36862746
0.34901962
0.34509805
0.36470589
0.34117648
0.33333334
0.31764707
0.32549021
0.32549021
0.32156864
0.32549021
0.30980393
0.25882354
0.27843139
0.33725491
0.30196080
0.32156864
0.34901962
0.30196080
0.30588236
0.29411766
0.29411766
0.30196080
0.32941177
0.31372550
0.25882354
0.30588236
0.28235295
0.28627452
0.30196080
0.28627452
0.27843139
0.29411766
0.27843139
0.28627452
0.30196080
0.29019609
0.31372550
0.34901962
0.32941177
0.30980393
0.31372550
0.32156864
0.32941177
0.30980393
0.29019609
0.32156864
0.28235295
0.31764707
0.33333334
0.30980393
0.33725491
0.32549021
0.31372550
0.28627452
0.28235295
0.30980393
0.29803923
0.30588236
0.25098041
0.27843139
0.27843139
0.25490198
0.26666668
0.28235295
0.28235295
0.25882354
0.27058825
0.26274511
0.24313726
0.28627452
0.27450982
0.27450982
0.24313726
0.25490198
0.33333334
0.27058825
0.23921569
0.26666668
0.28235295
0.28627452
0.27450982
0.28627452
0.30980393
0.29019609
0.28235295
0.27843139
0.25490198
0.27450982
0.27843139
0.28627452
0.19215687
0.21176471
0.22745098
0.26274511
0.29019609
0.28235295
0.26666668
0.23137255
0.26274511
0.26666668
0.25490198
0.29803923
0.25882354
0.21568628
0.20392157
0.25490198
0.28235295
0.24313726
0.24313726
0.27843139
0.29411766
0.27058825
0.28235295
0.23529412
0.25882354
0.27450982
0.26666668
0.28627452
0.28235295
0.25882354
0.25098041
0.27450982
0.20784314
0.22352941
0.22745098
0.25098041
0.27450982
0.32156864
0.29803923
0.26274511
0.27058825
0.29019609
0.25490198
0.25882354
0.24313726
0.22352941
0.21960784
0.23921569
0.29019609
0.32549021
0.28627452
0.27058825
0.28627452
0.30980393
0.28235295
0.24313726
0.27058825
0.25882354
0.25098041
0.25098041
0.25882354
0.26274511
0.23921569
0.24313726
0.23529412
0.25098041
0.25098041
0.26274511
0.27450982
0.30980393
0.25098041
0.25490198
0.29411766
0.28627452
0.22352941
0.24313726
0.27058825
0.26274511
0.27450982
0.25490198
0.31764707
0.32941177
0.25882354
0.26274511
0.28627452
0.27058825
0.26274511
0.25882354
0.25490198
0.27058825
0.25490198
0.25490198
0.24313726
0.27843139
0.31372550
0.26274511
0.25490198
0.22352941
0.22745098
0.29411766
0.29411766
0.27450982
0.26274511
0.23137255
0.27843139
0.27843139
0.22745098
0.24313726
0.29019609
0.27450982
0.28627452
0.27843139
0.26274511
0.28627452
0.28235295
0.26274511
0.23921569
0.23529412
0.28235295
0.29019609
0.21960784
0.22745098
0.22745098
0.26666668
0.25490198
0.26666668
0.31372550
0.26666668
0.26666668
0.24705882
0.27843139
0.29411766
0.27843139
0.26666668
0.24705882
0.23921569
0.28235295
0.27058825
0.28235295
0.24705882
0.21568628
0.25098041
0.25490198
0.28627452
0.27450982
0.27450982
0.27843139
0.25882354
0.23137255
0.23137255
0.29019609
0.29019609
0.25098041
0.21960784
0.23137255
0.26274511
0.27058825
0.26274511
0.25882354
0.25882354
0.23529412
0.29411766
0.32549021
0.27843139
0.23921569
0.22745098
0.19215687
0.26666668
0.30196080
0.30196080
0.30196080
0.27450982
0.23529412
0.20392157
0.23921569
0.27450982
0.29019609
0.23137255
0.26666668
0.25098041
0.26274511
0.23137255
0.20392157
0.26666668
0.30588236
0.24705882
0.20000000
0.21176471
0.29411766
0.25882354
0.21568628
0.20784314
0.15686275
0.22745098
0.27450982
0.24313726
0.20000000
0.20784314
0.20784314
0.23137255
0.23137255
0.29019609
0.29411766
0.24313726
0.27450982
0.23529412
0.23921569
0.25098041
0.26274511
0.23137255
0.24313726
0.23921569
0.24313726
0.26666668
0.23921569
0.26666668
0.25490198
0.23137255
0.19607843
0.19215687
0.25098041
0.21960784
0.23921569
0.22352941
0.13725491
0.20784314
0.26274511
0.21960784
0.20392157
0.21568628
0.20000000
0.20784314
0.22352941
0.22352941
0.26274511
0.21960784
0.22352941
0.21568628
0.23137255
0.25490198
0.25882354
0.25490198
0.22745098
0.23921569
0.25490198
0.25098041
0.26274511
0.25098041
0.21176471
0.21960784
0.18823530
0.21176471
0.21176471
0.20784314
0.22745098
0.22745098
0.19215687
0.21176471
0.21176471
0.19607843
0.21568628
0.21568628
0.22352941
0.25098041
0.24313726
0.23921569
0.20000000
0.17647059
0.21960784
0.23137255
0.24313726
0.29019609
0.24313726
0.22352941
0.24313726
0.23137255
0.24705882
0.23137255
0.23137255
0.20392157
0.18823530
0.23137255
0.21960784
0.21176471
0.19607843
0.18823530
0.21568628
0.23529412
0.16862746
0.15686275
0.15294118
0.17647059
0.23137255
0.20392157
0.23137255
0.23529412
0.20392157
0.21960784
0.17647059
0.24705882
0.25098041
0.24705882
0.22745098
0.21960784
0.19607843
0.22745098
0.21960784
0.23529412
0.26274511
0.23921569
0.20000000
0.16078432
0.18039216
0.24705882
0.21568628
0.16078432
0.15686275
0.21176471
0.22352941
0.20392157
0.15294118
0.17647059
0.15294118
0.18823530
0.25490198
0.21960784
0.21176471
0.18431373
0.19215687
0.18431373
0.16470589
0.24705882
0.24313726
0.25490198
0.24705882
0.21960784
0.18823530
0.25098041
0.19215687
0.20784314
0.24313726
0.23137255
0.17254902
0.14901961
0.16470589
0.20392157
0.22352941
0.17647059
0.15294118
0.21960784
0.20000000
0.17254902
0.99607843
0.98039216
0.97647059
0.96862745
0.98431373
0.98823529
0.98823529
0.98431373
0.97647059
0.97647059
0.98431373
0.98431373
0.98431373
0.98431373
0.98431373
0.98431373
0.98431373
0.98431373
0.98431373
0.98039216
0.97647059
0.97647059
0.97647059
0.98039216
0.98039216
0.98431373
0.98431373
0.97647059
0.96862745
0.97254902
0.98431373
0.99607843
1.00000000
1.00000000
0.98823529
0.98431373
1.00000000
1.00000000
1.00000000
1.00000000
1.00000000
1.00000000
1.00000000
1.00000000
1.00000000
1.00000000
1.00000000
1.00000000
1.00000000
1.00000000
1.00000000
1.00000000
0.99607843
0.99607843
0.99607843
0.99215686
0.99607843
1.00000000
1.00000000
0.99607843
0.98823529
0.99215686
1.00000000
1.00000000
1.00000000
0.98431373
0.96862745
0.96862745
0.98039216
0.98823529
0.98823529
0.99215686
0.99607843
0.98823529
0.98823529
0.98823529
0.98823529
0.98823529
0.98823529
0.99215686
0.99215686
0.99215686
0.99215686
0.99215686
0.99215686
0.98823529
0.98823529
0.98823529
0.98823529
0.99215686
0.99215686
0.98823529
0.98431373
0.98039216
0.98823529
0.99215686
1.00000000
0.98039216
0.96862745
0.97647059
0.96078432
0.96470588
0.96862745
0.97647059
0.98823529
0.98431373
0.98431373
0.98431373
0.98823529
0.98823529
0.98823529
0.98823529
0.98431373
0.98431373
0.98431373
0.98431373
0.98431373
0.98431373
0.98431373
0.98431373
0.98431373
0.98823529
0.99215686
0.98823529
0.98039216
0.97647059
0.97647059
0.98431373
0.99215686
0.96862745
0.95294118
0.97254902
0.93725491
0.90980393
0.91764706
0.94901961
0.95686275
0.96862745
0.97647059
0.98039216
0.97254902
0.97254902
0.97647059
0.97647059
0.98039216
0.98039216
0.98039216
0.98039216
0.98039216
0.98039216
0.98039216
0.98039216
0.98039216
0.98431373
0.98823529
0.98431373
0.98039216
0.97254902
0.96862745
0.97254902
0.99215686
0.96862745
0.95294118
0.94901961
0.89803922
0.85098040
0.74901962
0.82352942
0.80784315
0.81960785
0.91372550
0.97647059
0.99215686
0.99215686
0.98431373
0.98039216
0.97647059
0.96862745
0.96862745
0.96862745
0.96862745
0.97254902
0.97254902
0.96862745
0.97254902
0.97254902
0.97647059
0.97647059
0.97647059
0.97254902
0.95686275
0.96078432
0.97254902
0.90196079
0.80392158
0.77254903
0.71372551
0.67058825
0.61960787
0.56862748
0.47450981
0.41960785
0.49803922
0.63529414
0.76470590
0.87450981
0.94901961
0.97647059
0.96470588
0.94509804
0.94509804
0.95686275
0.96862745
0.96078432
0.94117647
0.92941177
0.92941177
0.93725491
0.92941177
0.92549020
0.92941177
0.94509804
0.94117647
0.94509804
0.96078432
0.86274511
0.71764708
0.71372551
0.68235296
0.62352943
0.59607846
0.51764709
0.44705883
0.37254903
0.32549021
0.40392157
0.48627451
0.58823532
0.69411767
0.78823531
0.84705883
0.86274511
0.90980393
0.91372550
0.90980393
0.94901961
0.95686275
0.94901961
0.94509804
0.94509804
0.91764706
0.90980393
0.92156863
0.92156863
0.92941177
0.93725491
0.78431374
0.74901962
0.69019610
0.76470590
0.88235295
0.85490197
0.81568629
0.77647060
0.69803923
0.57647061
0.47058824
0.55294120
0.54509807
0.55686277
0.63529414
0.61960787
0.61568630
0.62352943
0.72156864
0.67843139
0.64313728
0.78823531
0.86274511
0.87843138
0.83529413
0.80000001
0.78039217
0.74509805
0.72549021
0.69019610
0.68627453
0.66274512
0.46274510
0.45490196
0.40000001
0.54901963
0.90196079
0.94509804
0.94117647
0.94901961
0.85882354
0.73725492
0.66666669
0.72941178
0.69411767
0.71764708
0.73725492
0.65882355
0.65098041
0.60784316
0.62745100
0.52156866
0.46274510
0.70196080
0.79215688
0.63921571
0.61176473
0.57254905
0.56470591
0.49803922
0.43137255
0.38039216
0.36078432
0.31764707
0.35294119
0.38823530
0.23137255
0.28627452
0.50980395
0.62352943
0.77647060
0.89411765
0.92156863
0.83921570
0.72549021
0.86666667
0.90980393
0.91764706
0.67058825
0.61176473
0.65882355
0.55686277
0.58039218
0.47450981
0.45490196
0.76470590
0.82352942
0.49803922
0.52156866
0.49803922
0.53333336
0.48235294
0.33725491
0.27058825
0.24705882
0.24313726
0.26274511
0.25882354
0.19607843
0.21568628
0.24705882
0.36862746
0.54117650
0.68235296
0.74117649
0.74117649
0.70196080
0.77254903
0.85882354
0.90588236
0.74901962
0.77647060
0.77254903
0.69411767
0.72156864
0.62745100
0.67450982
0.87058824
0.88235295
0.73333335
0.74901962
0.77647060
0.75686276
0.66274512
0.51372552
0.32549021
0.25490198
0.25490198
0.26666668
0.27450982
0.26666668
0.24313726
0.23529412
0.27450982
0.34117648
0.47843137
0.60784316
0.72156864
0.82745099
0.85490197
0.91764706
0.77254903
0.63529414
0.78823531
0.78431374
0.77254903
0.73333335
0.60784316
0.57647061
0.78039217
0.76470590
0.75686276
0.76078433
0.77254903
0.77254903
0.80392158
0.72941178
0.52549022
0.33333334
0.28235295
0.27450982
0.29411766
0.27058825
0.23921569
0.23137255
0.27450982
0.29411766
0.31372550
0.34509805
0.36862746
0.46274510
0.56078434
0.65882355
0.61960787
0.57254905
0.73725492
0.72549021
0.68235296
0.66274512
0.59607846
0.53333336
0.54509807
0.56862748
0.59215689
0.53725493
0.43921569
0.57254905
0.81568629
0.78039217
0.73333335
0.58431375
0.39215687
0.21176471
0.20784314
0.18823530
0.18823530
0.19215687
0.21176471
0.22352941
0.23137255
0.23137255
0.23529412
0.23529412
0.23921569
0.27843139
0.35686275
0.44705883
0.61176473
0.76862746
0.69411767
0.63921571
0.64705884
0.66666669
0.66666669
0.70588237
0.70196080
0.62745100
0.54901963
0.58039218
0.63137257
0.60000002
0.57254905
0.50196081
0.36470589
0.24313726
0.23137255
0.18823530
0.19215687
0.20000000
0.22352941
0.24705882
0.25098041
0.22352941
0.21568628
0.22352941
0.20784314
0.21960784
0.23137255
0.21568628
0.25098041
0.40392157
0.36470589
0.28627452
0.29411766
0.34117648
0.39215687
0.42352942
0.45098040
0.40000001
0.36078432
0.33725491
0.32549021
0.30980393
0.32156864
0.33725491
0.24313726
0.22352941
0.21176471
0.20000000
0.19607843
0.18431373
0.21960784
0.23529412
0.21960784
0.21960784
0.21568628
0.21960784
0.20000000
0.18823530
0.18039216
0.16078432
0.17254902
0.17647059
0.19607843
0.18823530
0.14509805
0.15294118
0.19215687
0.17647059
0.19607843
0.20000000
0.17647059
0.18431373
0.21568628
0.21960784
0.27843139
0.32156864
0.20392157
0.19607843
0.18039216
0.17647059
0.17254902
0.18039216
0.22745098
0.23137255
0.21568628
0.22352941
0.21960784
0.20392157
0.15294118
0.15294118
0.14117648
0.13725491
0.17647059
0.18823530
0.18039216
0.20784314
0.20784314
0.17647059
0.21176471
0.19607843
0.19215687
0.21568628
0.19607843
0.21568628
0.21568628
0.23137255
0.24705882
0.19607843
0.15686275
0.16862746
0.18039216
0.17254902
0.16078432
0.16470589
0.20784314
0.18823530
0.18431373
0.20784314
0.18431373
0.17647059
0.16078432
0.16862746
0.16862746
0.16470589
0.18039216
0.18823530
0.15294118
0.16862746
0.21176471
0.16078432
0.18039216
0.21176471
0.16078432
0.17647059
0.18431373
0.19215687
0.20784314
0.23921569
0.22352941
0.16078432
0.20000000
0.16470589
0.16078432
0.16078432
0.14117648
0.12549020
0.14509805
0.12941177
0.13725491
0.15686275
0.15294118
0.18039216
0.21568628
0.19607843
0.18039216
0.15294118
0.14509805
0.17647059
0.17254902
0.14901961
0.16862746
0.12156863
0.15294118
0.17254902
0.14509805
0.18431373
0.18823530
0.17647059
0.15294118
0.14509805
0.18039216
0.19607843
0.21176471
0.16470589
0.18431373
0.17647059
0.14901961
0.14509805
0.15686275
0.15294118
0.13333334
0.14509805
0.14509805
0.13725491
0.18039216
0.16470589
0.16862746
0.12156863
0.12156863
0.20784314
0.15686275
0.12941177
0.14117648
0.13725491
0.14509805
0.14117648
0.15686275
0.18823530
0.18039216
0.17254902
0.16470589
0.13333334
0.15686275
0.18823530
0.20392157
0.11372549
0.13333334
0.14117648
0.16470589
0.18039216
0.16470589
0.15294118
0.11764706
0.14509805
0.16078432
0.16078432
0.20000000
0.16078432
0.11764706
0.10196079
0.14901961
0.17647059
0.14117648
0.14901961
0.17254902
0.16862746
0.14901961
0.16862746
0.12941177
0.15686275
0.17647059
0.16862746
0.18431373
0.18039216
0.15686275
0.16862746
0.19607843
0.12549020
0.13725491
0.12941177
0.14509805
0.16470589
0.21176471
0.18823530
0.14901961
0.16078432
0.18431373
0.15686275
0.16078432
0.14509805
0.12549020
0.11372549
0.12941177
0.18431373
0.22352941
0.18823530
0.16078432
0.16078432
0.18823530
0.16862746
0.14117648
0.16862746
0.15686275
0.15294118
0.15686275
0.16470589
0.17254902
0.16078432
0.16470589
0.14509805
0.15294118
0.14509805
0.14901961
0.16470589
0.20784314
0.14509805
0.14901961
0.18823530
0.18431373
0.12549020
0.14509805
0.17254902
0.16470589
0.16862746
0.14117648
0.20784314
0.22745098
0.15686275
0.15686275
0.16862746
0.15686275
0.15686275
0.16078432
0.15686275
0.16470589
0.15294118
0.16470589
0.15686275
0.19607843
0.23529412
0.18431373
0.15294118
0.11764706
0.11372549
0.17647059
0.18823530
0.17647059
0.16078432
0.13333334
0.18039216
0.18039216
0.12941177
0.14509805
0.19215687
0.17647059
0.18039216
0.16470589
0.15294118
0.18039216
0.17647059
0.15686275
0.12549020
0.12941177
0.18039216
0.20000000
0.12941177
0.12941177
0.13725491
0.17647059
0.16862746
0.18823530
0.23529412
0.18823530
0.15294118
0.13333334
0.16078432
0.16862746
0.16862746
0.16862746
0.14901961
0.14117648
0.18431373
0.17254902
0.18431373
0.14901961
0.11764706
0.15294118
0.14901961
0.16862746
0.16078432
0.16078432
0.16862746
0.14901961
0.12549020
0.12941177
0.19607843
0.20000000
0.16470589
0.13725491
0.14901961
0.18039216
0.18431373
0.18039216
0.18039216
0.17647059
0.12549020
0.17647059
0.20000000
0.15294118
0.13725491
0.13725491
0.10196079
0.17254902
0.21176471
0.20784314
0.20392157
0.17647059
0.13725491
0.10980392
0.13333334
0.15294118
0.17647059
0.12156863
0.16078432
0.14901961
0.16078432
0.13725491
0.11372549
0.18431373
0.22745098
0.17647059
0.12941177
0.13725491
0.20784314
0.16862746
0.13725491
0.12941177
0.09019608
0.11764706
0.14901961
0.12156863
0.11764706
0.13725491
0.13333334
0.14901961
0.14509805
0.19607843
0.18823530
0.14509805
0.18431373
0.14901961
0.13725491
0.13333334
0.15686275
0.14117648
0.16862746
0.16078432
0.15294118
0.18039216
0.15686275
0.19215687
0.18431373
0.16078432
0.14509805
0.14901961
0.18039216
0.12549020
0.16078432
0.14509805
0.09019608
0.11764706
0.15294118
0.11372549
0.12941177
0.15686275
0.12941177
0.12941177
0.14117648
0.13333334
0.16862746
0.12941177
0.13333334
0.13333334
0.13333334
0.14509805
0.16078432
0.17254902
0.15686275
0.16862746
0.16862746
0.16862746
0.19215687
0.18823530
0.14509805
0.13725491
0.13333334
0.18039216
0.16078432
0.13333334
0.15294118
0.15294118
0.15294118
0.14117648
0.12156863
0.10980392
0.14509805
0.15686275
0.15294118
0.17254902
0.16078432
0.16078432
0.12549020
0.10196079
0.13725491
0.14509805
0.15294118
0.19215687
0.15686275
0.14509805
0.16862746
0.15294118
0.15686275
0.15294118
0.16470589
0.15294118
0.12156863
0.12549020
0.14901961
0.17254902
0.16470589
0.14509805
0.14901961
0.16862746
0.12549020
0.10196079
0.08235294
0.09803922
0.16470589
0.14117648
0.16078432
0.15686275
0.11764706
0.15294118
0.12941177
0.18823530
0.18039216
0.16862746
0.14901961
0.14509805
0.11764706
0.14901961
0.14117648
0.15294118
0.17254902
0.16078432
0.14509805
0.12156863
0.12549020
0.14117648
0.12941177
0.10980392
0.13333334
0.19215687
0.16862746
0.14117648
0.09803922
0.12156863
0.09411765
0.11764706
0.18823530
0.15686275
0.14117648
0.10980392
0.10980392
0.13725491
0.14117648
0.20784314
0.18431373
0.17647059
0.17254902
0.16078432
0.12156863
0.17647059
0.11372549
0.11764706
0.14901961
0.15686275
0.12156863
0.12549020
0.12941177
0.12156863
0.13333334
0.10588235
0.12156863
0.20392157
0.15294118
0.11372549
-1 1 0 0 0 0 0 0 0 0 0
-1 0 1 0 0 0 0 0 0 0 0
-1 0 0 1 0 0 0 0 0 0 0
-1 0 0 0 1 0 0 0 0 0 0
-1 0 0 0 0 1 0 0 0 0 0
-1 0 0 0 0 0 1 0 0 0 0
-1 0 0 0 0 0 0 1 0 0 0
-1 0 0 0 0 0 0 0 1 0 0
-1 0 0 0 0 0 0 0 0 1 0
