0.18431373
0.18039216
0.17647059
0.17647059
0.18039216
0.18431373
0.18431373
0.18431373
0.18431373
0.18431373
0.18431373
0.18823530
0.18823530
0.18823530
0.18823530
0.18431373
0.18823530
0.18823530
0.18823530
0.18823530
0.18823530
0.18823530
0.18823530
0.18823530
0.18823530
0.18823530
0.18823530
0.19607843
0.19607843
0.19215687
0.19215687
0.19607843
0.19607843
0.19607843
0.19215687
0.19215687
0.19607843
0.19607843
0.19607843
0.19607843
0.19607843
0.19607843
0.20000000
0.20000000
0.20000000
0.20000000
0.19607843
0.19607843
0.20000000
0.20000000
0.20000000
0.20392157
0.20392157
0.20000000
0.20000000
0.20392157
0.20392157
0.20000000
0.20392157
0.20392157
0.20392157
0.20392157
0.20784314
0.20784314
0.20392157
0.20392157
0.20784314
0.20784314
0.20784314
0.20784314
0.20784314
0.21176471
0.20784314
0.20392157
0.20784314
0.20784314
0.20784314
0.20784314
0.20784314
0.20392157
0.20784314
0.21176471
0.21176471
0.21176471
0.21176471
0.20784314
0.21176471
0.21176471
0.22352941
0.23529412
0.21568628
0.23137255
0.25098041
0.22745098
0.21568628
0.21960784
0.21960784
0.21568628
0.21960784
0.22352941
0.22352941
0.22352941
0.23529412
0.25098041
0.25098041
0.22745098
0.21568628
0.21960784
0.22352941
0.22352941
0.21960784
0.21960784
0.21960784
0.22352941
0.22352941
0.22352941
0.21960784
0.21960784
0.22352941
0.23921569
0.31372550
0.31372550
0.25490198
0.29019609
0.32941177
0.27843139
0.23137255
0.23529412
0.23137255
0.22745098
0.23529412
0.23137255
0.23137255
0.24705882
0.27450982
0.28235295
0.26274511
0.24313726
0.23529412
0.23137255
0.23137255
0.23921569
0.23921569
0.23529412
0.23529412
0.23529412
0.23921569
0.23921569
0.23921569
0.24313726
0.27450982
0.31372550
0.34509805
0.32156864
0.27450982
0.28235295
0.30196080
0.26666668
0.23921569
0.23921569
0.23921569
0.23921569
0.24313726
0.24313726
0.25882354
0.28235295
0.30196080
0.29019609
0.26274511
0.25490198
0.25098041
0.24705882
0.25490198
0.25490198
0.24705882
0.25490198
0.25882354
0.25882354
0.25882354
0.25490198
0.25490198
0.27058825
0.30196080
0.32156864
0.30588236
0.29019609
0.26666668
0.25882354
0.25490198
0.25098041
0.25098041
0.25098041
0.26274511
0.26274511
0.26666668
0.27058825
0.27450982
0.27843139
0.27843139
0.27450982
0.27450982
0.27450982
0.29019609
0.38823530
0.44705883
0.38431373
0.28235295
0.25882354
0.26666668
0.26666668
0.26666668
0.26666668
0.26274511
0.27058825
0.26666668
0.26666668
0.27058825
0.26666668
0.26274511
0.26274511
0.26274511
0.26274511
0.26274511
0.26666668
0.30588236
0.30196080
0.29411766
0.28627452
0.28235295
0.27843139
0.27843139
0.27843139
0.29019609
0.31764707
0.38823530
0.47058824
0.47450981
0.44313726
0.36078432
0.29803923
0.28235295
0.27058825
0.27058825
0.27058825
0.26666668
0.26274511
0.26274511
0.26274511
0.26666668
0.27058825
0.27450982
0.27843139
0.27843139
0.27843139
0.27843139
0.27450982
0.32549021
0.32156864
0.30196080
0.28627452
0.28627452
0.28627452
0.28235295
0.29019609
0.31764707
0.35294119
0.39215687
0.38431373
0.36862746
0.39215687
0.36862746
0.33333334
0.29411766
0.27058825
0.27058825
0.27058825
0.26666668
0.27058825
0.27843139
0.28235295
0.28235295
0.28627452
0.28235295
0.28235295
0.28235295
0.27843139
0.27843139
0.27843139
0.32941177
0.31764707
0.29803923
0.28235295
0.28235295
0.28235295
0.28627452
0.32156864
0.35294119
0.36470589
0.36078432
0.32941177
0.33333334
0.35686275
0.35686275
0.33333334
0.29019609
0.27843139
0.28235295
0.28235295
0.28235295
0.28235295
0.29019609
0.30980393
0.30196080
0.28235295
0.27843139
0.27843139
0.27843139
0.27843139
0.27843139
0.27843139
0.30588236
0.29411766
0.29411766
0.29019609
0.29411766
0.29803923
0.30980393
0.34509805
0.36078432
0.34509805
0.32549021
0.30196080
0.30588236
0.32156864
0.31764707
0.30588236
0.29019609
0.29019609
0.29411766
0.29019609
0.28627452
0.28235295
0.29019609
0.29803923
0.29411766
0.28235295
0.27843139
0.28235295
0.28627452
0.28627452
0.28627452
0.28627452
0.31372550
0.30196080
0.29019609
0.29019609
0.29803923
0.30980393
0.31372550
0.31764707
0.31372550
0.29803923
0.29803923
0.29411766
0.32156864
0.35686275
0.31372550
0.29803923
0.30980393
0.31764707
0.30196080
0.29019609
0.28235295
0.27843139
0.27843139
0.27843139
0.28235295
0.28627452
0.29019609
0.29411766
0.29411766
0.29411766
0.29411766
0.30196080
0.31764707
0.31372550
0.30980393
0.30196080
0.29803923
0.30588236
0.30588236
0.29803923
0.29803923
0.30588236
0.30588236
0.30980393
0.36470589
0.38039216
0.31764707
0.29803923
0.31372550
0.30588236
0.28627452
0.28627452
0.28627452
0.28627452
0.28627452
0.29019609
0.29411766
0.29803923
0.29803923
0.30588236
0.30588236
0.30196080
0.29803923
0.30588236
0.32941177
0.31764707
0.29411766
0.30980393
0.30196080
0.31372550
0.30196080
0.29411766
0.29411766
0.30196080
0.30588236
0.32549021
0.33333334
0.31764707
0.31372550
0.30980393
0.30588236
0.30196080
0.30196080
0.30196080
0.29803923
0.29411766
0.29019609
0.28627452
0.29019609
0.29803923
0.29411766
0.29803923
0.29803923
0.30196080
0.29411766
0.28627452
0.52156866
0.55686277
0.47843137
0.40392157
0.40000001
0.36862746
0.36470589
0.38823530
0.37254903
0.36862746
0.36078432
0.36078432
0.34901962
0.32941177
0.31764707
0.31372550
0.30196080
0.29803923
0.29803923
0.29019609
0.28627452
0.29019609
0.28627452
0.28627452
0.28627452
0.28627452
0.28627452
0.29019609
0.29019609
0.29019609
0.28627452
0.28627452
0.45882353
0.56078434
0.59215689
0.55294120
0.58431375
0.49803922
0.52549022
0.64705884
0.61568630
0.61176473
0.61568630
0.60392159
0.61960787
0.58431375
0.54901963
0.52941179
0.50980395
0.47450981
0.44705883
0.41568628
0.39215687
0.35294119
0.29803923
0.27450982
0.27450982
0.28235295
0.28235295
0.28235295
0.28627452
0.28235295
0.28235295
0.28235295
0.29803923
0.30196080
0.34117648
0.38823530
0.42745098
0.40000001
0.41960785
0.50980395
0.50196081
0.47843137
0.53333336
0.58431375
0.61960787
0.57254905
0.51372552
0.53333336
0.57254905
0.63137257
0.63137257
0.60000002
0.56470591
0.50980395
0.43529412
0.37254903
0.24313726
0.23137255
0.22352941
0.24313726
0.25098041
0.26666668
0.25098041
0.24313726
0.29803923
0.29411766
0.29411766
0.29411766
0.29019609
0.30196080
0.30196080
0.29411766
0.26666668
0.24313726
0.27450982
0.29803923
0.30980393
0.22352941
0.22352941
0.26274511
0.25490198
0.29411766
0.32941177
0.33725491
0.34509805
0.31372550
0.25882354
0.21568628
0.13333334
0.14901961
0.10980392
0.12549020
0.13333334
0.36078432
0.39607844
0.17647059
0.25098041
0.23921569
0.25490198
0.25882354
0.25490198
0.25882354
0.26274511
0.20000000
0.20784314
0.39607844
0.25882354
0.19607843
0.21176471
0.10588235
0.17254902
0.21176471
0.17647059
0.12941177
0.14509805
0.14117648
0.14509805
0.13333334
0.07450981
0.07058824
0.10980392
0.13725491
0.09803922
0.05882353
0.22352941
0.62352943
0.66666669
0.31764707
0.13725491
0.13725491
0.13725491
0.14117648
0.17647059
0.19215687
0.24313726
0.17254902
0.22745098
0.36078432
0.22352941
0.20392157
0.30980393
0.27450982
0.22745098
0.49803922
0.26666668
0.11764706
0.24313726
0.29411766
0.21960784
0.20392157
0.14117648
0.12549020
0.11764706
0.13333334
0.12156863
0.13333334
0.54509807
0.70980394
0.72156864
0.53333336
0.06666667
0.09803922
0.10980392
0.10980392
0.16470589
0.18431373
0.23921569
0.27058825
0.21568628
0.25882354
0.25490198
0.26666668
0.36078432
0.68235296
0.76470590
0.88235295
0.59607846
0.37647060
0.68235296
0.77254903
0.63137257
0.53333336
0.34509805
0.21176471
0.11372549
0.06274510
0.05490196
0.39215687
0.72941178
0.67843139
0.70980394
0.63921571
0.09803922
0.10980392
0.11372549
0.09803922
0.16078432
0.22352941
0.18039216
0.26274511
0.14509805
0.25098041
0.26274511
0.27450982
0.36078432
0.68235296
0.84313726
0.81960785
0.81960785
0.79215688
0.77254903
0.77647060
0.81176472
0.84705883
0.78823531
0.65098041
0.47450981
0.32941177
0.30588236
0.61960787
0.71764708
0.70588237
0.71764708
0.69019610
0.10588235
0.12941177
0.17254902
0.16078432
0.20000000
0.25882354
0.18039216
0.32941177
0.18431373
0.23921569
0.28235295
0.27843139
0.36470589
0.57254905
0.67843139
0.70980394
0.72549021
0.70196080
0.59215689
0.73333335
0.80392158
0.80000001
0.78823531
0.80784315
0.81568629
0.79215688
0.78431374
0.80392158
0.73333335
0.70980394
0.72549021
0.70196080
0.10588235
0.26274511
0.53333336
0.59607846
0.60392159
0.60000002
0.54901963
0.58039218
0.54117650
0.55686277
0.58431375
0.58823532
0.58823532
0.54117650
0.45882353
0.49803922
0.59215689
0.57254905
0.48627451
0.67450982
0.72549021
0.69803923
0.63137257
0.63529414
0.66666669
0.81960785
0.92549020
0.96078432
0.88627452
0.70196080
0.70588237
0.69411767
0.29803923
0.36470589
0.49803922
0.60784316
0.73333335
0.83137256
0.86666667
0.85490197
0.87450981
0.87843138
0.88235295
0.89019608
0.87843138
0.78823531
0.58431375
0.39215687
0.39607844
0.35686275
0.33725491
0.41568628
0.47058824
0.49411765
0.46666667
0.48235294
0.40392157
0.45098040
0.68235296
0.77254903
0.74509805
0.68235296
0.65490198
0.67450982
0.40392157
0.39215687
0.38823530
0.39215687
0.42352942
0.48627451
0.57254905
0.65098041
0.63921571
0.56862748
0.56862748
0.59607846
0.51764709
0.41568628
0.42745098
0.38039216
0.36078432
0.32941177
0.30980393
0.27843139
0.26666668
0.27843139
0.28235295
0.28627452
0.23529412
0.17254902
0.19215687
0.20000000
0.26666668
0.60000002
0.64705884
0.56470591
0.37647060
0.37647060
0.37254903
0.35686275
0.34117648
0.33333334
0.34117648
0.33333334
0.14901961
0.10980392
0.30588236
0.34117648
0.19215687
0.00000000
0.18823530
0.34117648
0.33725491
0.33725491
0.32549021
0.31764707
0.30588236
0.30588236
0.31764707
0.32941177
0.34117648
0.34509805
0.31764707
0.29803923
0.26666668
0.31372550
0.41176471
0.36862746
0.34117648
0.34117648
0.34117648
0.34509805
0.35294119
0.33725491
0.33333334
0.26666668
0.10588235
0.07450981
0.27450982
0.31764707
0.16470589
0.01176471
0.15294118
0.25490198
0.20392157
0.16470589
0.13333334
0.12549020
0.13333334
0.15686275
0.21176471
0.25490198
0.29411766
0.32549021
0.32941177
0.32156864
0.28235295
0.23137255
0.24705882
0.30588236
0.35294119
0.34509805
0.31764707
0.28627452
0.26666668
0.22745098
0.20000000
0.16078432
0.11372549
0.12156863
0.23529412
0.21176471
0.18823530
0.17647059
0.21568628
0.24705882
0.25882354
0.27058825
0.27058825
0.27450982
0.28627452
0.29803923
0.31372550
0.30980393
0.28235295
0.29411766
0.29411766
0.30588236
0.32156864
0.34509805
0.34117648
0.35294119
0.33333334
0.30980393
0.26274511
0.22352941
0.21568628
0.20784314
0.20000000
0.21960784
0.23921569
0.30980393
0.52156866
0.37254903
0.32941177
0.34509805
0.34117648
0.35294119
0.34901962
0.33725491
0.34509805
0.34901962
0.34901962
0.34117648
0.33725491
0.33333334
0.31764707
0.32156864
0.32156864
0.31372550
0.30980393
0.30588236
0.30980393
0.31764707
0.32156864
0.31764707
0.30588236
0.30980393
0.32156864
0.32941177
0.32941177
0.34509805
0.34117648
0.36470589
0.52156866
0.38823530
0.30980393
0.31372550
0.29803923
0.29803923
0.28235295
0.27843139
0.29019609
0.30196080
0.30196080
0.30196080
0.30588236
0.30588236
0.30196080
0.30980393
0.31372550
0.30588236
0.28627452
0.27058825
0.27058825
0.27450982
0.31372550
0.32941177
0.32941177
0.32156864
0.32156864
0.30980393
0.30588236
0.30980393
0.30980393
0.30588236
0.32549021
0.30196080
0.29803923
0.29411766
0.28627452
0.29019609
0.29411766
0.32941177
0.33725491
0.34901962
0.33333334
0.34509805
0.36470589
0.36470589
0.35294119
0.36078432
0.35686275
0.34901962
0.33333334
0.31372550
0.30196080
0.29019609
0.52156866
0.51764709
0.52156866
0.52156866
0.51764709
0.51764709
0.51764709
0.52156866
0.52549022
0.52549022
0.52156866
0.52156866
0.52549022
0.52156866
0.52156866
0.52156866
0.52156866
0.52549022
0.52549022
0.52549022
0.52549022
0.52549022
0.52156866
0.52549022
0.52156866
0.52156866
0.52156866
0.52549022
0.52549022
0.52549022
0.52941179
0.52549022
0.53725493
0.53333336
0.53333336
0.53333336
0.53333336
0.53333336
0.53333336
0.53725493
0.54117650
0.54117650
0.53725493
0.53725493
0.53725493
0.53725493
0.53725493
0.53725493
0.53725493
0.53725493
0.54117650
0.54509807
0.54117650
0.54117650
0.54117650
0.54117650
0.54117650
0.54117650
0.54117650
0.54117650
0.54117650
0.54117650
0.54117650
0.54509807
0.54117650
0.53725493
0.54117650
0.54117650
0.53725493
0.53725493
0.54117650
0.54509807
0.54509807
0.54509807
0.54117650
0.54117650
0.54509807
0.54117650
0.54117650
0.53725493
0.54117650
0.54117650
0.54509807
0.54901963
0.54901963
0.54509807
0.54117650
0.54117650
0.54901963
0.55686277
0.54509807
0.55686277
0.56078434
0.55294120
0.54901963
0.54901963
0.55294120
0.54901963
0.55294120
0.55686277
0.55686277
0.55686277
0.56470591
0.57254905
0.56862748
0.56078434
0.55294120
0.55294120
0.55686277
0.55686277
0.55686277
0.55294120
0.55686277
0.55686277
0.56078434
0.56078434
0.55686277
0.55686277
0.55294120
0.56470591
0.59607846
0.59607846
0.56862748
0.58039218
0.60000002
0.58039218
0.55686277
0.55686277
0.56470591
0.55686277
0.56078434
0.56078434
0.56470591
0.57254905
0.58431375
0.58431375
0.57647061
0.56862748
0.56862748
0.56470591
0.56470591
0.56862748
0.56862748
0.56470591
0.56470591
0.56470591
0.56862748
0.56862748
0.56470591
0.56470591
0.57254905
0.59215689
0.60392159
0.59607846
0.57647061
0.57254905
0.58039218
0.57254905
0.56470591
0.56862748
0.57254905
0.56862748
0.56862748
0.56862748
0.57647061
0.58039218
0.58823532
0.58431375
0.57647061
0.58039218
0.57647061
0.57254905
0.57647061
0.57254905
0.56862748
0.57254905
0.57254905
0.57254905
0.57254905
0.56862748
0.56862748
0.56862748
0.57647061
0.58431375
0.57647061
0.57647061
0.56862748
0.56470591
0.56470591
0.56470591
0.56862748
0.57254905
0.58039218
0.57647061
0.57647061
0.58039218
0.58039218
0.58039218
0.58039218
0.58039218
0.58039218
0.58431375
0.60000002
0.66274512
0.70196080
0.65882355
0.59215689
0.57647061
0.57647061
0.57647061
0.57254905
0.56862748
0.56862748
0.56862748
0.56862748
0.56862748
0.56862748
0.56862748
0.57254905
0.57254905
0.56862748
0.57254905
0.57254905
0.57254905
0.59607846
0.58823532
0.58431375
0.58431375
0.58431375
0.58431375
0.58039218
0.58039218
0.58823532
0.60000002
0.65098041
0.71372551
0.71372551
0.69019610
0.62745100
0.58823532
0.58039218
0.57254905
0.57254905
0.57254905
0.56862748
0.56862748
0.56862748
0.56862748
0.56862748
0.57254905
0.57254905
0.57254905
0.57254905
0.57647061
0.57254905
0.57254905
0.60392159
0.59607846
0.58823532
0.58431375
0.58431375
0.58431375
0.58431375
0.58431375
0.59607846
0.61176473
0.63921571
0.63137257
0.62352943
0.63921571
0.62352943
0.60000002
0.58039218
0.57254905
0.57254905
0.57254905
0.57254905
0.57254905
0.57254905
0.57254905
0.57647061
0.57254905
0.57254905
0.57254905
0.57254905
0.57254905
0.57254905
0.56862748
0.60392159
0.59607846
0.58431375
0.58431375
0.58431375
0.58431375
0.58431375
0.60000002
0.61176473
0.61568630
0.61568630
0.58823532
0.59607846
0.61176473
0.61176473
0.59607846
0.58039218
0.57647061
0.57647061
0.57254905
0.57254905
0.57254905
0.57254905
0.58039218
0.58039218
0.56862748
0.57254905
0.57254905
0.57254905
0.57254905
0.57254905
0.57254905
0.59215689
0.58431375
0.58039218
0.58431375
0.58431375
0.58823532
0.59215689
0.60784316
0.61568630
0.60000002
0.58431375
0.57647061
0.57647061
0.58823532
0.58823532
0.57647061
0.57254905
0.57254905
0.57647061
0.57647061
0.57647061
0.57254905
0.56862748
0.57254905
0.57254905
0.56862748
0.57254905
0.57254905
0.57647061
0.57254905
0.56862748
0.57254905
0.59215689
0.58039218
0.58039218
0.58039218
0.58039218
0.58431375
0.58431375
0.58431375
0.58039218
0.56862748
0.57647061
0.57647061
0.58823532
0.61568630
0.58823532
0.57254905
0.58039218
0.58431375
0.57254905
0.57254905
0.57254905
0.56862748
0.56470591
0.56862748
0.56862748
0.56862748
0.56862748
0.57254905
0.57647061
0.57254905
0.57254905
0.57647061
0.59215689
0.58823532
0.58823532
0.58431375
0.58039218
0.57647061
0.57254905
0.57254905
0.57647061
0.58039218
0.58431375
0.58823532
0.61960787
0.61960787
0.58431375
0.58039218
0.58431375
0.58431375
0.57254905
0.56862748
0.56862748
0.56862748
0.56862748
0.56862748
0.57254905
0.56862748
0.56862748
0.57254905
0.57647061
0.57254905
0.57254905
0.57647061
0.60000002
0.58823532
0.58039218
0.58823532
0.58823532
0.58039218
0.58431375
0.59215689
0.58431375
0.57254905
0.57254905
0.59607846
0.59215689
0.58039218
0.58431375
0.58039218
0.57647061
0.57254905
0.56862748
0.56470591
0.56862748
0.56862748
0.56470591
0.56862748
0.56862748
0.56862748
0.56862748
0.56470591
0.56862748
0.56862748
0.56470591
0.56470591
0.65098041
0.66274512
0.63137257
0.59607846
0.58039218
0.58431375
0.54901963
0.52941179
0.55294120
0.59215689
0.59607846
0.58823532
0.58431375
0.58039218
0.57647061
0.57254905
0.56470591
0.56078434
0.56470591
0.56862748
0.56470591
0.56078434
0.56470591
0.56470591
0.56078434
0.56470591
0.56078434
0.56078434
0.56470591
0.56470591
0.56078434
0.56078434
0.61568630
0.65882355
0.66666669
0.61176473
0.61176473
0.58039218
0.52941179
0.53333336
0.46666667
0.50196081
0.60000002
0.66666669
0.68627453
0.66666669
0.65882355
0.65490198
0.63921571
0.58431375
0.52941179
0.53333336
0.56862748
0.57254905
0.56078434
0.56078434
0.56078434
0.56078434
0.55686277
0.55686277
0.56078434
0.56078434
0.56078434
0.56078434
0.57647061
0.56862748
0.58431375
0.55686277
0.58823532
0.53725493
0.51764709
0.61960787
0.50980395
0.35686275
0.45490196
0.61176473
0.63921571
0.59215689
0.58431375
0.58431375
0.61568630
0.63921571
0.58431375
0.50588238
0.49019608
0.56470591
0.58431375
0.56470591
0.50980395
0.47058824
0.45098040
0.49019608
0.50588238
0.53725493
0.52156866
0.50980395
0.58039218
0.57647061
0.58431375
0.52156866
0.51764709
0.50588238
0.47843137
0.56470591
0.51372552
0.38431373
0.38431373
0.46666667
0.40784314
0.32549021
0.38431373
0.40784314
0.40784314
0.46666667
0.46274510
0.41960785
0.36470589
0.38823530
0.41176471
0.34901962
0.32156864
0.31764707
0.26666668
0.31372550
0.32156864
0.47843137
0.47843137
0.36078432
0.51372552
0.48235294
0.51372552
0.46274510
0.41960785
0.41960785
0.41960785
0.38039216
0.30980393
0.42745098
0.29411766
0.23529412
0.23921569
0.18431373
0.28235295
0.33333334
0.29803923
0.29019609
0.27058825
0.27450982
0.29019609
0.24313726
0.21568628
0.21568628
0.26666668
0.30196080
0.23529412
0.20000000
0.31764707
0.55686277
0.57647061
0.37647060
0.32156864
0.30588236
0.30588236
0.29803923
0.28235295
0.29803923
0.35294119
0.28235295
0.26666668
0.34117648
0.19607843
0.16470589
0.25490198
0.25490198
0.25490198
0.51764709
0.29411766
0.21960784
0.33333334
0.36470589
0.28235295
0.30980393
0.30588236
0.27843139
0.26666668
0.27843139
0.26666668
0.25882354
0.49019608
0.60000002
0.60784316
0.49803922
0.21960784
0.26274511
0.26666668
0.26666668
0.25490198
0.27058825
0.36078432
0.34509805
0.24313726
0.25098041
0.23921569
0.24313726
0.30980393
0.60784316
0.69411767
0.79607844
0.55294120
0.36470589
0.67843139
0.47843137
0.10196079
0.22352941
0.28627452
0.30980393
0.24705882
0.18039216
0.18431373
0.42745098
0.61176473
0.56862748
0.59215689
0.55686277
0.24313726
0.27058825
0.27058825
0.26274511
0.25882354
0.29411766
0.29019609
0.29411766
0.16078432
0.23529412
0.23921569
0.25490198
0.30980393
0.58431375
0.72549021
0.70588237
0.71372551
0.69803923
0.69411767
0.34509805
0.10980392
0.07450981
0.31372550
0.59215689
0.46274510
0.37254903
0.35686275
0.55294120
0.60000002
0.58431375
0.59607846
0.58039218
0.25490198
0.26274511
0.29411766
0.28627452
0.28235295
0.30588236
0.23529412
0.36078432
0.21176471
0.22352941
0.25882354
0.25882354
0.31372550
0.47450981
0.56862748
0.59607846
0.60784316
0.59215689
0.49411765
0.50980395
0.41960785
0.13725491
0.47058824
0.72941178
0.72156864
0.74509805
0.74509805
0.72549021
0.63529414
0.59215689
0.60392159
0.59215689
0.23529412
0.34901962
0.55294120
0.59215689
0.58431375
0.57647061
0.53333336
0.54901963
0.50980395
0.49019608
0.50980395
0.50588238
0.51764709
0.48235294
0.39607844
0.40784314
0.47450981
0.46666667
0.38823530
0.58823532
0.51764709
0.25882354
0.47058824
0.56470591
0.61176473
0.78823531
0.87450981
0.90588236
0.84313726
0.62745100
0.60000002
0.59607846
0.43921569
0.49019608
0.58039218
0.63529414
0.70980394
0.80392158
0.82352942
0.79215688
0.80784315
0.81568629
0.81176472
0.81568629
0.81176472
0.71764708
0.54901963
0.40000001
0.36078432
0.30196080
0.23921569
0.25098041
0.21568628
0.12156863
0.35294119
0.40392157
0.35294119
0.41176471
0.63529414
0.71372551
0.73333335
0.65490198
0.56078434
0.57254905
0.55294120
0.54117650
0.53333336
0.54509807
0.55686277
0.60000002
0.65882355
0.71372551
0.68627453
0.58431375
0.61176473
0.67450982
0.55686277
0.41960785
0.52156866
0.52549022
0.49411765
0.44313726
0.39215687
0.31764707
0.25490198
0.19607843
0.26274511
0.28235295
0.21176471
0.14117648
0.15686275
0.16862746
0.24313726
0.57647061
0.59215689
0.53333336
0.52156866
0.52549022
0.53333336
0.52549022
0.51372552
0.50588238
0.51372552
0.49019608
0.20784314
0.14509805
0.45882353
0.55294120
0.30588236
0.00392157
0.29411766
0.54509807
0.52941179
0.51372552
0.49411765
0.49019608
0.47843137
0.47843137
0.48235294
0.47843137
0.48235294
0.47843137
0.43529412
0.41176471
0.33725491
0.38823530
0.51764709
0.50196081
0.52941179
0.52941179
0.52941179
0.54117650
0.54509807
0.53333336
0.53333336
0.42352942
0.11764706
0.09411765
0.39607844
0.46666667
0.23137255
0.00392157
0.19607843
0.35686275
0.30980393
0.26666668
0.21960784
0.19607843
0.20392157
0.23529412
0.30588236
0.36470589
0.40784314
0.43137255
0.44313726
0.42352942
0.36862746
0.32549021
0.34901962
0.42745098
0.52549022
0.50588238
0.47450981
0.44705883
0.41568628
0.37254903
0.34509805
0.26666668
0.16862746
0.15686275
0.21176471
0.27843139
0.27450982
0.25882354
0.30588236
0.33725491
0.35686275
0.38431373
0.40000001
0.41568628
0.43137255
0.43921569
0.45098040
0.45490196
0.42352942
0.42745098
0.43137255
0.44705883
0.46274510
0.48235294
0.48235294
0.50196081
0.49019608
0.45882353
0.41568628
0.37647060
0.34901962
0.33333334
0.32941177
0.33725491
0.38823530
0.39607844
0.30196080
0.43921569
0.50588238
0.50588238
0.50980395
0.50588238
0.50588238
0.50588238
0.51764709
0.52156866
0.52549022
0.52156866
0.51372552
0.50980395
0.50588238
0.49803922
0.49411765
0.49803922
0.49803922
0.50196081
0.50196081
0.49803922
0.48627451
0.47450981
0.46666667
0.47450981
0.47843137
0.48235294
0.49019608
0.50196081
0.51764709
0.49411765
0.39607844
0.48235294
0.50588238
0.49411765
0.49411765
0.49019608
0.47058824
0.46274510
0.47058824
0.48235294
0.49019608
0.49019608
0.48627451
0.48627451
0.48627451
0.48627451
0.49019608
0.48235294
0.47058824
0.45098040
0.44705883
0.45098040
0.49803922
0.50196081
0.49803922
0.49019608
0.48627451
0.48627451
0.48627451
0.49411765
0.50196081
0.49411765
0.48627451
0.49411765
0.49803922
0.49019608
0.49019608
0.49019608
0.47843137
0.48627451
0.48627451
0.49019608
0.48627451
0.49019608
0.50196081
0.50588238
0.49803922
0.50588238
0.50980395
0.50588238
0.49411765
0.47450981
0.47058824
0.46666667
0.98431373
0.97647059
0.98039216
0.98039216
0.98039216
0.98039216
0.98039216
0.98039216
0.98039216
0.98039216
0.97647059
0.98039216
0.98039216
0.98039216
0.98039216
0.97647059
0.98039216
0.98039216
0.98039216
0.98039216
0.98039216
0.98039216
0.98039216
0.98039216
0.97647059
0.97647059
0.97647059
0.98039216
0.97647059
0.97647059
0.97647059
0.97647059
0.99607843
0.99215686
0.99215686
0.99215686
0.99215686
0.99215686
0.99215686
0.99215686
0.99607843
0.99607843
0.99607843
0.99607843
0.99607843
0.99607843
0.99215686
0.99215686
0.99215686
0.99607843
0.99215686
0.99215686
0.99215686
0.99215686
0.99607843
0.99607843
0.99215686
0.99215686
0.99215686
0.99607843
0.99607843
0.99215686
0.99215686
0.99607843
0.99607843
0.98823529
0.98431373
0.98431373
0.98431373
0.98431373
0.98823529
0.98823529
0.98823529
0.98823529
0.98823529
0.98823529
0.98823529
0.98823529
0.98823529
0.98823529
0.99215686
0.99215686
0.98431373
0.98431373
0.98431373
0.98431373
0.98823529
0.98823529
0.98431373
0.98431373
0.98431373
0.98431373
0.98039216
0.98431373
0.98823529
0.98431373
0.99215686
0.98431373
0.98431373
0.98823529
0.98823529
0.98823529
0.98431373
0.98431373
0.98823529
0.98823529
0.98431373
0.98823529
0.98823529
0.98823529
0.98823529
0.98431373
0.98823529
0.98823529
0.98823529
0.98823529
0.98431373
0.98431373
0.98823529
0.98431373
0.97254902
0.96862745
0.97254902
0.96470588
0.96078432
0.97254902
0.98823529
0.98823529
0.98431373
0.97647059
0.98431373
0.98431373
0.98431373
0.98431373
0.98039216
0.97254902
0.98823529
0.98823529
0.98823529
0.98823529
0.98823529
0.98823529
0.98431373
0.98431373
0.98431373
0.98431373
0.98431373
0.98431373
0.98431373
0.98039216
0.96078432
0.95686275
0.94509804
0.94117647
0.95686275
0.94509804
0.94901961
0.96862745
0.98431373
0.98823529
0.98823529
0.98431373
0.98431373
0.98823529
0.98039216
0.98039216
0.96862745
0.96078432
0.98431373
0.99607843
0.99215686
0.98823529
0.98823529
0.98431373
0.98431373
0.98431373
0.98039216
0.97647059
0.97647059
0.97647059
0.97254902
0.95686275
0.93333334
0.94117647
0.93333334
0.93725491
0.96078432
0.96078432
0.96470588
0.97254902
0.97647059
0.97647059
0.98823529
0.98431373
0.98039216
0.98431373
0.98039216
0.98039216
0.96862745
0.96862745
0.98039216
0.98823529
0.98823529
0.98039216
0.97647059
0.97254902
0.98039216
0.98431373
0.97647059
0.96470588
0.96470588
0.96470588
0.96078432
0.94901961
0.94509804
0.94901961
0.95294118
0.95294118
0.96078432
0.96470588
0.96470588
0.96470588
0.96862745
0.96862745
0.98823529
0.98039216
0.98431373
0.98431373
0.97647059
0.97647059
0.97647059
0.98039216
0.97254902
0.96078432
0.97254902
0.97254902
0.96862745
0.96078432
0.96078432
0.96078432
0.95686275
0.96470588
0.96470588
0.96078432
0.96078432
0.96078432
0.96078432
0.96078432
0.96078432
0.95686275
0.95686275
0.95686275
0.95686275
0.95686275
0.95686275
0.95686275
0.97647059
0.96470588
0.97647059
0.98039216
0.97647059
0.96862745
0.97254902
0.96470588
0.94901961
0.93725491
0.94117647
0.94509804
0.94509804
0.94509804
0.93725491
0.93725491
0.94509804
0.96078432
0.96078432
0.96078432
0.96078432
0.96078432
0.95686275
0.95294118
0.95294118
0.94901961
0.94901961
0.94509804
0.94509804
0.94509804
0.94509804
0.94509804
0.95294118
0.94509804
0.96078432
0.96470588
0.96470588
0.96862745
0.95686275
0.94117647
0.92941177
0.92156863
0.92156863
0.92549020
0.92941177
0.92549020
0.91764706
0.92549020
0.94117647
0.95294118
0.94901961
0.94509804
0.94901961
0.94509804
0.93725491
0.93725491
0.93333334
0.94117647
0.94509804
0.94117647
0.94117647
0.94117647
0.94117647
0.94117647
0.95294118
0.94901961
0.95294118
0.94901961
0.94509804
0.94901961
0.93725491
0.92549020
0.91372550
0.90980393
0.90980393
0.92156863
0.92549020
0.91764706
0.91372550
0.92941177
0.94117647
0.94509804
0.94117647
0.94117647
0.94117647
0.93725491
0.92941177
0.92156863
0.92156863
0.93725491
0.94509804
0.94117647
0.93725491
0.93333334
0.93333334
0.93725491
0.94509804
0.94509804
0.95294118
0.94509804
0.93333334
0.93333334
0.92549020
0.91764706
0.91372550
0.91372550
0.92549020
0.93333334
0.92549020
0.92941177
0.92549020
0.92941177
0.92941177
0.92941177
0.92549020
0.92549020
0.92549020
0.92941177
0.92156863
0.92156863
0.92549020
0.92941177
0.93333334
0.93333334
0.92941177
0.92549020
0.92549020
0.92941177
0.93333334
0.92156863
0.92156863
0.92549020
0.93333334
0.92941177
0.91764706
0.91764706
0.92156863
0.92156863
0.92549020
0.92156863
0.91372550
0.91372550
0.91764706
0.92549020
0.92156863
0.91764706
0.91764706
0.92156863
0.91764706
0.91372550
0.91764706
0.91764706
0.91764706
0.92156863
0.91764706
0.91372550
0.91372550
0.91372550
0.91372550
0.91372550
0.91372550
0.92156863
0.94509804
0.93333334
0.92156863
0.92156863
0.92941177
0.92156863
0.92156863
0.92549020
0.92549020
0.90980393
0.90980393
0.90588236
0.89803922
0.90588236
0.90588236
0.90196079
0.90588236
0.90588236
0.90980393
0.90588236
0.90588236
0.90980393
0.90588236
0.91764706
0.91372550
0.90588236
0.91372550
0.91372550
0.90588236
0.90588236
0.62745100
0.58431375
0.68235296
0.78431374
0.83529413
0.85882354
0.81960785
0.82745099
0.83921570
0.82745099
0.83137256
0.85098040
0.82352942
0.86274511
0.89411765
0.90588236
0.90196079
0.90980393
0.90588236
0.90980393
0.90980393
0.90196079
0.89411765
0.89803922
0.89803922
0.89803922
0.89411765
0.89411765
0.90196079
0.90196079
0.89803922
0.89803922
0.65098041
0.50980395
0.46666667
0.47058824
0.56470591
0.62745100
0.53333336
0.51764709
0.56078434
0.55686277
0.53333336
0.52549022
0.48235294
0.47843137
0.53333336
0.60392159
0.65882355
0.70980394
0.74509805
0.76862746
0.81568629
0.84705883
0.87450981
0.89411765
0.90196079
0.89803922
0.89019608
0.89803922
0.89803922
0.89411765
0.89803922
0.90196079
0.92156863
0.87843138
0.81176472
0.60000002
0.62745100
0.58823532
0.52549022
0.66274512
0.65098041
0.47843137
0.47058824
0.50588238
0.39215687
0.30980393
0.39215687
0.37254903
0.38823530
0.46666667
0.50588238
0.56078434
0.60392159
0.63529414
0.68627453
0.70588237
0.78431374
0.70588237
0.63137257
0.68627453
0.75686276
0.85490197
0.80000001
0.75686276
0.91764706
0.89803922
0.92941177
0.77647060
0.78431374
0.70588237
0.63921571
0.86274511
0.77254903
0.53333336
0.52941179
0.66666669
0.42352942
0.28235295
0.41568628
0.42745098
0.37647060
0.47058824
0.38431373
0.40784314
0.43137255
0.37254903
0.39215687
0.31764707
0.34901962
0.30980393
0.25098041
0.26666668
0.33333334
0.41568628
0.33333334
0.36470589
0.74117649
0.66666669
0.72549021
0.55294120
0.47450981
0.46274510
0.42352942
0.45098040
0.38039216
0.29411766
0.22352941
0.25098041
0.18431373
0.15686275
0.16862746
0.22352941
0.25098041
0.24313726
0.16862746
0.15686275
0.16078432
0.16078432
0.19607843
0.16862746
0.14901961
0.16470589
0.16078432
0.14901961
0.12156863
0.04705882
0.03921569
0.14901961
0.21568628
0.17647059
0.20784314
0.17254902
0.14117648
0.13725491
0.13725491
0.21960784
0.23137255
0.06274510
0.01568628
0.01568628
0.02745098
0.07450981
0.12549020
0.11764706
0.16078432
0.17254902
0.12156863
0.11372549
0.10588235
0.12941177
0.15686275
0.16862746
0.15294118
0.14117648
0.14509805
0.15294118
0.07058824
0.02745098
0.02352941
0.07843138
0.15294118
0.14509805
0.15686275
0.15294118
0.11372549
0.10980392
0.12549020
0.24705882
0.20784314
0.02745098
0.02352941
0.01960784
0.02352941
0.04705882
0.04313726
0.03529412
0.08235294
0.12549020
0.11372549
0.15294118
0.21960784
0.20392157
0.18039216
0.14117648
0.14117648
0.12941177
0.14117648
0.09411765
0.03137255
0.02745098
0.01568628
0.04313726
0.16470589
0.16078432
0.16078432
0.15686275
0.10196079
0.07843138
0.10980392
0.12941177
0.08235294
0.01176471
0.01960784
0.00784314
0.02352941
0.03137255
0.01960784
0.01960784
0.02745098
0.04705882
0.12549020
0.25882354
0.29803923
0.25882354
0.20392157
0.12156863
0.11764706
0.11764706
0.10980392
0.06274510
0.04313726
0.02745098
0.01960784
0.02745098
0.12941177
0.16078432
0.16078432
0.16862746
0.12941177
0.11372549
0.14509805
0.09803922
0.06666667
0.02745098
0.02352941
0.02352941
0.04705882
0.04313726
0.02352941
0.02352941
0.02352941
0.00784314
0.17647059
0.53333336
0.50980395
0.27843139
0.14901961
0.08235294
0.10980392
0.19215687
0.11764706
0.03921569
0.04313726
0.02745098
0.01960784
0.01960784
0.12941177
0.17647059
0.19607843
0.17647059
0.13725491
0.19215687
0.26274511
0.18039216
0.11764706
0.05098039
0.02352941
0.02745098
0.07450981
0.12549020
0.11372549
0.04313726
0.03137255
0.00000000
0.17254902
0.60392159
0.55294120
0.29411766
0.10980392
0.07450981
0.12549020
0.20784314
0.12156863
0.03137255
0.04705882
0.05098039
0.02352941
0.02352941
0.25490198
0.27450982
0.27450982
0.21568628
0.14117648
0.12156863
0.13725491
0.10980392
0.08627451
0.04313726
0.02745098
0.02745098
0.03921569
0.07843138
0.16470589
0.22352941
0.12941177
0.03137255
0.07450981
0.24705882
0.23529412
0.10588235
0.05098039
0.04313726
0.06274510
0.05882353
0.04705882
0.03137255
0.13725491
0.19215687
0.03921569
0.00784314
0.33333334
0.34509805
0.34509805
0.32941177
0.30980393
0.26274511
0.19607843
0.14901961
0.15294118
0.09803922
0.13333334
0.18431373
0.13333334
0.09411765
0.23137255
0.31372550
0.31372550
0.25098041
0.20784314
0.17647059
0.14509805
0.11372549
0.10588235
0.09411765
0.07843138
0.05882353
0.04705882
0.05098039
0.08627451
0.18431373
0.10980392
0.08627451
0.32549021
0.31372550
0.29803923
0.30196080
0.29019609
0.29411766
0.30196080
0.29411766
0.14901961
0.09411765
0.25490198
0.30588236
0.19607843
0.03137255
0.18431373
0.29411766
0.29803923
0.29803923
0.29411766
0.29019609
0.27450982
0.28235295
0.28235295
0.29019609
0.28627452
0.28235295
0.28627452
0.27058825
0.23529412
0.25490198
0.28627452
0.27843139
0.27843139
0.28235295
0.28235295
0.28235295
0.27843139
0.26666668
0.27843139
0.23529412
0.04313726
0.05490196
0.22745098
0.25490198
0.14509805
0.00392157
0.11372549
0.21176471
0.17254902
0.15294118
0.12549020
0.10588235
0.10588235
0.12549020
0.17254902
0.20000000
0.22745098
0.25098041
0.25882354
0.23529412
0.23137255
0.26666668
0.21960784
0.23921569
0.27843139
0.27843139
0.25098041
0.22745098
0.20784314
0.18039216
0.17647059
0.13725491
0.06274510
0.07450981
0.12941177
0.14901961
0.14117648
0.13725491
0.16862746
0.18823530
0.20000000
0.20784314
0.21568628
0.21960784
0.22745098
0.23137255
0.24705882
0.23921569
0.21568628
0.22352941
0.22745098
0.23529412
0.25882354
0.28235295
0.26274511
0.27450982
0.26274511
0.24313726
0.20784314
0.18039216
0.17254902
0.16470589
0.16470589
0.17254902
0.18823530
0.20000000
0.17647059
0.24313726
0.27058825
0.27843139
0.27843139
0.29019609
0.28235295
0.27450982
0.27843139
0.28235295
0.28235295
0.27843139
0.28627452
0.27450982
0.26666668
0.26666668
0.26274511
0.25490198
0.25882354
0.26666668
0.26274511
0.26274511
0.26274511
0.25098041
0.23921569
0.25098041
0.26274511
0.26666668
0.26666668
0.27450982
0.28235295
0.27058825
0.23137255
0.27450982
0.27843139
0.26274511
0.25490198
0.25882354
0.24313726
0.23137255
0.24313726
0.25098041
0.25490198
0.25490198
0.25490198
0.25098041
0.25098041
0.25490198
0.25882354
0.25098041
0.23921569
0.22352941
0.22352941
0.23529412
0.27058825
0.27450982
0.27058825
0.27450982
0.27843139
0.27450982
0.27058825
0.26666668
0.26666668
0.25882354
0.25098041
0.25098041
0.25098041
0.24313726
0.23529412
0.24705882
0.24705882
0.26666668
0.27843139
0.28235295
0.27843139
0.28235295
0.29411766
0.29803923
0.29019609
0.29411766
0.29803923
0.29803923
0.28627452
0.25882354
0.25098041
0.25490198
-1 1 0 0 0 0 0 0 0 0 0
-1 0 1 0 0 0 0 0 0 0 0
-1 0 0 1 0 0 0 0 0 0 0
-1 0 0 0 1 0 0 0 0 0 0
-1 0 0 0 0 1 0 0 0 0 0
-1 0 0 0 0 0 1 0 0 0 0
-1 0 0 0 0 0 0 1 0 0 0
-1 0 0 0 0 0 0 0 1 0 0
-1 0 0 0 0 0 0 0 0 1 0
