0.13725491
0.10196079
0.11372549
0.12941177
0.14117648
0.16078432
0.17254902
0.17647059
0.15686275
0.13333334
0.12549020
0.12941177
0.13725491
0.14117648
0.14117648
0.14901961
0.14509805
0.16862746
0.19607843
0.22352941
0.23137255
0.20000000
0.21960784
0.21176471
0.17254902
0.17647059
0.19607843
0.19215687
0.20784314
0.23529412
0.23137255
0.21176471
0.12549020
0.10588235
0.12156863
0.14509805
0.14509805
0.15686275
0.17254902
0.17647059
0.16078432
0.14117648
0.12941177
0.12941177
0.13725491
0.14117648
0.14901961
0.15294118
0.15686275
0.17647059
0.18039216
0.18039216
0.19215687
0.17647059
0.18823530
0.19215687
0.16470589
0.16862746
0.18039216
0.17647059
0.19607843
0.22352941
0.21568628
0.19607843
0.11372549
0.09411765
0.11764706
0.13333334
0.16078432
0.18039216
0.17647059
0.17254902
0.15686275
0.13725491
0.12549020
0.12156863
0.12941177
0.12941177
0.14117648
0.15294118
0.16470589
0.18431373
0.18431373
0.18431373
0.18823530
0.17647059
0.17647059
0.18431373
0.16078432
0.16078432
0.18431373
0.18823530
0.20784314
0.21176471
0.20000000
0.19215687
0.11764706
0.10980392
0.13333334
0.14117648
0.15686275
0.18431373
0.19215687
0.17647059
0.15686275
0.13725491
0.12549020
0.13333334
0.14901961
0.14117648
0.14901961
0.15686275
0.16078432
0.18431373
0.18823530
0.18431373
0.18039216
0.17254902
0.19215687
0.20392157
0.17647059
0.17254902
0.19215687
0.20784314
0.22352941
0.21568628
0.20392157
0.20392157
0.13725491
0.13333334
0.14509805
0.14509805
0.15294118
0.21176471
0.19607843
0.17647059
0.16862746
0.15294118
0.13725491
0.15294118
0.16078432
0.14901961
0.15686275
0.14901961
0.13333334
0.15294118
0.16470589
0.16862746
0.20000000
0.18039216
0.18431373
0.19215687
0.16862746
0.18431373
0.20000000
0.20000000
0.21176471
0.21960784
0.21176471
0.20784314
0.15686275
0.15294118
0.15686275
0.15294118
0.16078432
0.28627452
0.22745098
0.19215687
0.20000000
0.18431373
0.17254902
0.16862746
0.15686275
0.14117648
0.15294118
0.15294118
0.13333334
0.14117648
0.20784314
0.38823530
0.41176471
0.29411766
0.26666668
0.25882354
0.26666668
0.22745098
0.19607843
0.19215687
0.20392157
0.23137255
0.22352941
0.21176471
0.16078432
0.16078432
0.17254902
0.16078432
0.14901961
0.22745098
0.22352941
0.22745098
0.23529412
0.20784314
0.18823530
0.17254902
0.14901961
0.13725491
0.15294118
0.15686275
0.15294118
0.18039216
0.37647060
0.42745098
0.38039216
0.46274510
0.58823532
0.58039218
0.58823532
0.39215687
0.21568628
0.21960784
0.22745098
0.23137255
0.21960784
0.21568628
0.16862746
0.17254902
0.18823530
0.16862746
0.15294118
0.19607843
0.22352941
0.23921569
0.24313726
0.21960784
0.19607843
0.17647059
0.14901961
0.13725491
0.16078432
0.15686275
0.14901961
0.26666668
0.36862746
0.27843139
0.39607844
0.55294120
0.50980395
0.40392157
0.34117648
0.30588236
0.24313726
0.23921569
0.24705882
0.23137255
0.21960784
0.21568628
0.17647059
0.18431373
0.19607843
0.16862746
0.14509805
0.18039216
0.20784314
0.21176471
0.22352941
0.21960784
0.19607843
0.16470589
0.14509805
0.14117648
0.16862746
0.16470589
0.15686275
0.31372550
0.29411766
0.28235295
0.34117648
0.28235295
0.24705882
0.22745098
0.23137255
0.24705882
0.23529412
0.22745098
0.23921569
0.23921569
0.23529412
0.24313726
0.16862746
0.17647059
0.19215687
0.18039216
0.16078432
0.18431373
0.20392157
0.21176471
0.23529412
0.21960784
0.19215687
0.17254902
0.15686275
0.16470589
0.17647059
0.16862746
0.16470589
0.27843139
0.29803923
0.34509805
0.23137255
0.20000000
0.21568628
0.21568628
0.22352941
0.23137255
0.22352941
0.21568628
0.23137255
0.24313726
0.24705882
0.26274511
0.15294118
0.16078432
0.19607843
0.22352941
0.20784314
0.21176471
0.21960784
0.21960784
0.22745098
0.25098041
0.22352941
0.18431373
0.19607843
0.18823530
0.18039216
0.17254902
0.16078432
0.23921569
0.32156864
0.38823530
0.23137255
0.20784314
0.21568628
0.24313726
0.28235295
0.28235295
0.24705882
0.22352941
0.22745098
0.22745098
0.22745098
0.25098041
0.14117648
0.14509805
0.19607843
0.22745098
0.21568628
0.21960784
0.21568628
0.23921569
0.37647060
0.41960785
0.23921569
0.20000000
0.20392157
0.19215687
0.18039216
0.17254902
0.16862746
0.20784314
0.32156864
0.41176471
0.23137255
0.21960784
0.23137255
0.27843139
0.30588236
0.30196080
0.26666668
0.22745098
0.22352941
0.21960784
0.20784314
0.23529412
0.14901961
0.15686275
0.20000000
0.21568628
0.20000000
0.20392157
0.25490198
0.31372550
0.34117648
0.26274511
0.13725491
0.20000000
0.19215687
0.19215687
0.18039216
0.17647059
0.18039216
0.19607843
0.31372550
0.49411765
0.27843139
0.23137255
0.25098041
0.29019609
0.30588236
0.30980393
0.32941177
0.27450982
0.22352941
0.20784314
0.21568628
0.22352941
0.16862746
0.18039216
0.21568628
0.22352941
0.22745098
0.29803923
0.23529412
0.15294118
0.15294118
0.16862746
0.14117648
0.18039216
0.20784314
0.19215687
0.17647059
0.17254902
0.18039216
0.20000000
0.30196080
0.55686277
0.39607844
0.23921569
0.26666668
0.29803923
0.33333334
0.38431373
0.37254903
0.30196080
0.32941177
0.31764707
0.24313726
0.23529412
0.18039216
0.18431373
0.21960784
0.26274511
0.32156864
0.21960784
0.15686275
0.20784314
0.24313726
0.21176471
0.16078432
0.15686275
0.20784314
0.20392157
0.19215687
0.18431373
0.18823530
0.21176471
0.30980393
0.55294120
0.44313726
0.26666668
0.28627452
0.36078432
0.43529412
0.32941177
0.18823530
0.17647059
0.31764707
0.39215687
0.28235295
0.25490198
0.18431373
0.18431373
0.23921569
0.40392157
0.32156864
0.17647059
0.24313726
0.27843139
0.28627452
0.23921569
0.15294118
0.16078432
0.19607843
0.22745098
0.20784314
0.19607843
0.20392157
0.23137255
0.37647060
0.57254905
0.50980395
0.30196080
0.38431373
0.45490196
0.30196080
0.17647059
0.23137255
0.26666668
0.18823530
0.17254902
0.29019609
0.36470589
0.18823530
0.19607843
0.29411766
0.34509805
0.27058825
0.27058825
0.25098041
0.24705882
0.31764707
0.25490198
0.13333334
0.14901961
0.16470589
0.25490198
0.25490198
0.20392157
0.19215687
0.29019609
0.51372552
0.60392159
0.54509807
0.43137255
0.50588238
0.27450982
0.21176471
0.28235295
0.32941177
0.32941177
0.30196080
0.20392157
0.22352941
0.36078432
0.21568628
0.25882354
0.29803923
0.27450982
0.29411766
0.27450982
0.23137255
0.27058825
0.32156864
0.26274511
0.12549020
0.13725491
0.12156863
0.17254902
0.27450982
0.39607844
0.44313726
0.60392159
0.65882355
0.60000002
0.59607846
0.54117650
0.28235295
0.21960784
0.35294119
0.38823530
0.38039216
0.36078432
0.35294119
0.33333334
0.26274511
0.24313726
0.25882354
0.36470589
0.28235295
0.27058825
0.30588236
0.26274511
0.24313726
0.32941177
0.33333334
0.25098041
0.10196079
0.20000000
0.29411766
0.09803922
0.10196079
0.35294119
0.68235296
0.77647060
0.65098041
0.60784316
0.63921571
0.36862746
0.21960784
0.34117648
0.41568628
0.44705883
0.41176471
0.36862746
0.36470589
0.35294119
0.33333334
0.30196080
0.35294119
0.44313726
0.24705882
0.25882354
0.28235295
0.26274511
0.28627452
0.36078432
0.33725491
0.26666668
0.13725491
0.21568628
0.46274510
0.16470589
0.05490196
0.14509805
0.47058824
0.68235296
0.67058825
0.59607846
0.56862748
0.29019609
0.27450982
0.40000001
0.45490196
0.45882353
0.39215687
0.33725491
0.36470589
0.38431373
0.39215687
0.41960785
0.48235294
0.36078432
0.20000000
0.25490198
0.27058825
0.30588236
0.32549021
0.36862746
0.30980393
0.25882354
0.22745098
0.20000000
0.42745098
0.31764707
0.06666667
0.16078432
0.43529412
0.63921571
0.67058825
0.59607846
0.49019608
0.21960784
0.30196080
0.45490196
0.47843137
0.42745098
0.34901962
0.31372550
0.35686275
0.40000001
0.40784314
0.41176471
0.50980395
0.27843139
0.21568628
0.25490198
0.25882354
0.36470589
0.39215687
0.32156864
0.25098041
0.25098041
0.22745098
0.13725491
0.31764707
0.44705883
0.10980392
0.17254902
0.38431373
0.51764709
0.54117650
0.48235294
0.43529412
0.20784314
0.30588236
0.44313726
0.42745098
0.38431373
0.29411766
0.27843139
0.38039216
0.39607844
0.41176471
0.39215687
0.42745098
0.25098041
0.22745098
0.23529412
0.21176471
0.25490198
0.41568628
0.29803923
0.21176471
0.21568628
0.23137255
0.17254902
0.30980393
0.47058824
0.23137255
0.16078432
0.31372550
0.43137255
0.39607844
0.36078432
0.30196080
0.19215687
0.25882354
0.41176471
0.45490196
0.43529412
0.38823530
0.30980393
0.40392157
0.41960785
0.38039216
0.34509805
0.23921569
0.19607843
0.20392157
0.21960784
0.19215687
0.20000000
0.27058825
0.25098041
0.18431373
0.23529412
0.32549021
0.29019609
0.30980393
0.46666667
0.50588238
0.32549021
0.21176471
0.33333334
0.31372550
0.32549021
0.21960784
0.20000000
0.25490198
0.42745098
0.42745098
0.35686275
0.34509805
0.32941177
0.35294119
0.37254903
0.36078432
0.34901962
0.20784314
0.18823530
0.21960784
0.24313726
0.20000000
0.20784314
0.21960784
0.23137255
0.24705882
0.25490198
0.26666668
0.29019609
0.29411766
0.58823532
0.58431375
0.40000001
0.22352941
0.22352941
0.28235295
0.34509805
0.28627452
0.22352941
0.31372550
0.34509805
0.27058825
0.25882354
0.30588236
0.31372550
0.28235295
0.26666668
0.32156864
0.36470589
0.20000000
0.19215687
0.21960784
0.23137255
0.20000000
0.21176471
0.22745098
0.24705882
0.27450982
0.24313726
0.25882354
0.30196080
0.26274511
0.54901963
0.53725493
0.40392157
0.27058825
0.21960784
0.29019609
0.34117648
0.33725491
0.32156864
0.34117648
0.31764707
0.27843139
0.26666668
0.31764707
0.33333334
0.29803923
0.31372550
0.32941177
0.35294119
0.18823530
0.19607843
0.21176471
0.20000000
0.20000000
0.21568628
0.22745098
0.23921569
0.25490198
0.27843139
0.29411766
0.30980393
0.27058825
0.41568628
0.52156866
0.40784314
0.25882354
0.25882354
0.30588236
0.30980393
0.30980393
0.31764707
0.32941177
0.31372550
0.29411766
0.30196080
0.31372550
0.36078432
0.36470589
0.34117648
0.32941177
0.39215687
0.18431373
0.18431373
0.19607843
0.19607843
0.20000000
0.21176471
0.21960784
0.21568628
0.26274511
0.27843139
0.26274511
0.31372550
0.33333334
0.37647060
0.50196081
0.38431373
0.29411766
0.23529412
0.26666668
0.29803923
0.29411766
0.30588236
0.30980393
0.30196080
0.27450982
0.30980393
0.33333334
0.37254903
0.34509805
0.34117648
0.37647060
0.36470589
0.17647059
0.17254902
0.18431373
0.20000000
0.19607843
0.21960784
0.22352941
0.22352941
0.23529412
0.24705882
0.25490198
0.28627452
0.26274511
0.38039216
0.54901963
0.39607844
0.27843139
0.19215687
0.28627452
0.30588236
0.29019609
0.30588236
0.31764707
0.29411766
0.28235295
0.33725491
0.39215687
0.38823530
0.36470589
0.40392157
0.35294119
0.29411766
0.16862746
0.17254902
0.17647059
0.18431373
0.19215687
0.21960784
0.22352941
0.22745098
0.23137255
0.24705882
0.32941177
0.40392157
0.43921569
0.38039216
0.62745100
0.49803922
0.30588236
0.21176471
0.25882354
0.27843139
0.27058825
0.27450982
0.29803923
0.29411766
0.29019609
0.35294119
0.41568628
0.41568628
0.40392157
0.37254903
0.29019609
0.25882354
0.17254902
0.18039216
0.17647059
0.18039216
0.18823530
0.21568628
0.22352941
0.22745098
0.23137255
0.25490198
0.40392157
0.53333336
0.56862748
0.50980395
0.73333335
0.65098041
0.34901962
0.23137255
0.23921569
0.25490198
0.26274511
0.25490198
0.27058825
0.27450982
0.27450982
0.34117648
0.43529412
0.44705883
0.41960785
0.31764707
0.27450982
0.24705882
0.17254902
0.19607843
0.18823530
0.18823530
0.19215687
0.21176471
0.22745098
0.23137255
0.23529412
0.25098041
0.35294119
0.39607844
0.42352942
0.57647061
0.78431374
0.68627453
0.36470589
0.27058825
0.36862746
0.37647060
0.29019609
0.25098041
0.23921569
0.23921569
0.25098041
0.32941177
0.46274510
0.49803922
0.44705883
0.30980393
0.33725491
0.39215687
0.20392157
0.17254902
0.15686275
0.17254902
0.19607843
0.21568628
0.23137255
0.23921569
0.22352941
0.20000000
0.19215687
0.19215687
0.20392157
0.21176471
0.21176471
0.21568628
0.23529412
0.26274511
0.29411766
0.31764707
0.32941177
0.29803923
0.31764707
0.30980393
0.27058825
0.27450982
0.29019609
0.29019609
0.30588236
0.34509805
0.34117648
0.29411766
0.20000000
0.18431373
0.16862746
0.18823530
0.20392157
0.21960784
0.23529412
0.23921569
0.22745098
0.20784314
0.19607843
0.20000000
0.20784314
0.21568628
0.21960784
0.22352941
0.24313726
0.27058825
0.27450982
0.27450982
0.30196080
0.29803923
0.31372550
0.31764707
0.28627452
0.28627452
0.29803923
0.29411766
0.31372550
0.35686275
0.35294119
0.30980393
0.19215687
0.18039216
0.17647059
0.18823530
0.22352941
0.24313726
0.24313726
0.24313726
0.23529412
0.21568628
0.20392157
0.20000000
0.21176471
0.21176471
0.22352941
0.23921569
0.25490198
0.27843139
0.27450982
0.27450982
0.30196080
0.30588236
0.30588236
0.31372550
0.28235295
0.27450982
0.29411766
0.29803923
0.32156864
0.34901962
0.34117648
0.30980393
0.21176471
0.20392157
0.20392157
0.20784314
0.23529412
0.26274511
0.27058825
0.26274511
0.25098041
0.23137255
0.21568628
0.22352941
0.24313726
0.23529412
0.24313726
0.25098041
0.25098041
0.27058825
0.27843139
0.27450982
0.28627452
0.29019609
0.30980393
0.32156864
0.28235295
0.25490198
0.27843139
0.29019609
0.31372550
0.34117648
0.33333334
0.30588236
0.21960784
0.22352941
0.22745098
0.21960784
0.23137255
0.29803923
0.29411766
0.27450982
0.26274511
0.24313726
0.21960784
0.23529412
0.25098041
0.23921569
0.25098041
0.24313726
0.23921569
0.25882354
0.26274511
0.25882354
0.28627452
0.27450982
0.29803923
0.31764707
0.27843139
0.26274511
0.28235295
0.29803923
0.32156864
0.33333334
0.32549021
0.30588236
0.22352941
0.22745098
0.25098041
0.23137255
0.23529412
0.37647060
0.32941177
0.30196080
0.29803923
0.27450982
0.25098041
0.24313726
0.23921569
0.22745098
0.23921569
0.24313726
0.23529412
0.23921569
0.29411766
0.45490196
0.45490196
0.34509805
0.34901962
0.36078432
0.36078432
0.30588236
0.28627452
0.30196080
0.32941177
0.33725491
0.32549021
0.31764707
0.22745098
0.23137255
0.26666668
0.23921569
0.22352941
0.31764707
0.32941177
0.33725491
0.34509805
0.30588236
0.27450982
0.25098041
0.23529412
0.22352941
0.23921569
0.24313726
0.23137255
0.24313726
0.42352942
0.45490196
0.38039216
0.45882353
0.60784316
0.61960787
0.64313728
0.46666667
0.29019609
0.30196080
0.32156864
0.33725491
0.32549021
0.32156864
0.23529412
0.24705882
0.27843139
0.24705882
0.22745098
0.28627452
0.32941177
0.35294119
0.36470589
0.32549021
0.29411766
0.26666668
0.23529412
0.22352941
0.24705882
0.24313726
0.21568628
0.30980393
0.39215687
0.28627452
0.38823530
0.54901963
0.52941179
0.43921569
0.40784314
0.40000001
0.32549021
0.31764707
0.33333334
0.33725491
0.32549021
0.32156864
0.24313726
0.25882354
0.29019609
0.24705882
0.21960784
0.27058825
0.31372550
0.33333334
0.35686275
0.34117648
0.30588236
0.26274511
0.23137255
0.22745098
0.25490198
0.25098041
0.23137255
0.36470589
0.32549021
0.30588236
0.37647060
0.34509805
0.33725491
0.34117648
0.35686275
0.38039216
0.35686275
0.33333334
0.34901962
0.34509805
0.34117648
0.35294119
0.23137255
0.25098041
0.27843139
0.25490198
0.23529412
0.27450982
0.31372550
0.33725491
0.36862746
0.34117648
0.30196080
0.27843139
0.24705882
0.25098041
0.26274511
0.25490198
0.24705882
0.34509805
0.34509805
0.38823530
0.31764707
0.32156864
0.36078432
0.38431373
0.39215687
0.38823530
0.36470589
0.34509805
0.35294119
0.35294119
0.35686275
0.36862746
0.21176471
0.23921569
0.26666668
0.28627452
0.28627452
0.30980393
0.33725491
0.35294119
0.34509805
0.33725491
0.31372550
0.29019609
0.28627452
0.27450982
0.26666668
0.25882354
0.24705882
0.31764707
0.37254903
0.43529412
0.32941177
0.33725491
0.35686275
0.39607844
0.43529412
0.43137255
0.38431373
0.34509805
0.34117648
0.35294119
0.36078432
0.36862746
0.20392157
0.23137255
0.27058825
0.30588236
0.30980393
0.32549021
0.33725491
0.35686275
0.45882353
0.47450981
0.30588236
0.29803923
0.29803923
0.28627452
0.27450982
0.26666668
0.26274511
0.29411766
0.38039216
0.46274510
0.33333334
0.34901962
0.36862746
0.42745098
0.45882353
0.45098040
0.40392157
0.34901962
0.33725491
0.35294119
0.36078432
0.37647060
0.22745098
0.25882354
0.28627452
0.30588236
0.29803923
0.29803923
0.35686275
0.38823530
0.37647060
0.27843139
0.17647059
0.28627452
0.29803923
0.29803923
0.28627452
0.28235295
0.28627452
0.29411766
0.38431373
0.55686277
0.38039216
0.35686275
0.38823530
0.44705883
0.45098040
0.43921569
0.44705883
0.38039216
0.32156864
0.32941177
0.36470589
0.37647060
0.25882354
0.29019609
0.31372550
0.30196080
0.30196080
0.35686275
0.28235295
0.17254902
0.14117648
0.15294118
0.16078432
0.25490198
0.32549021
0.31372550
0.29803923
0.29019609
0.29803923
0.30980393
0.38039216
0.62745100
0.49411765
0.36470589
0.40392157
0.45490196
0.46274510
0.46274510
0.44313726
0.35294119
0.38039216
0.39215687
0.36078432
0.36862746
0.27843139
0.30588236
0.31764707
0.32156864
0.35294119
0.23921569
0.15686275
0.19215687
0.20392157
0.17647059
0.16470589
0.22352941
0.32549021
0.32549021
0.31372550
0.30588236
0.31372550
0.33333334
0.40392157
0.62352943
0.53725493
0.38823530
0.41568628
0.50980395
0.54117650
0.36078432
0.20784314
0.18431373
0.32156864
0.42352942
0.35686275
0.34901962
0.29019609
0.31372550
0.30196080
0.38431373
0.30588236
0.18823530
0.24705882
0.25490198
0.24705882
0.20392157
0.13725491
0.18823530
0.28235295
0.32549021
0.31764707
0.31372550
0.32549021
0.35294119
0.46274510
0.63137257
0.59607846
0.40392157
0.47058824
0.52549022
0.34117648
0.18431373
0.23137255
0.25882354
0.18039216
0.19215687
0.29803923
0.38823530
0.29411766
0.29803923
0.30588236
0.29803923
0.24313726
0.28235295
0.25882354
0.22745098
0.28235295
0.22745098
0.11764706
0.15686275
0.22745098
0.33333334
0.34901962
0.30980393
0.29803923
0.39607844
0.58431375
0.64705884
0.61176473
0.50588238
0.55294120
0.29019609
0.21176471
0.27450982
0.32156864
0.31764707
0.29803923
0.21568628
0.20784314
0.34901962
0.29411766
0.29803923
0.27058825
0.22745098
0.28235295
0.28627452
0.22745098
0.24313726
0.29411766
0.24313726
0.12156863
0.14901961
0.16862746
0.23137255
0.34117648
0.47450981
0.52156866
0.67058825
0.70196080
0.62745100
0.63529414
0.58039218
0.29803923
0.21176471
0.32549021
0.35686275
0.35686275
0.34901962
0.34509805
0.32941177
0.24313726
0.21960784
0.28627452
0.33725491
0.23921569
0.23921569
0.30196080
0.27450982
0.23137255
0.29803923
0.31372550
0.24705882
0.10588235
0.21568628
0.31764707
0.12941177
0.14901961
0.40784314
0.72941178
0.81960785
0.67450982
0.61960787
0.65490198
0.37254903
0.20000000
0.29803923
0.36078432
0.39215687
0.37254903
0.35294119
0.35686275
0.33725491
0.30980393
0.26274511
0.33333334
0.37254903
0.21176471
0.25490198
0.28627452
0.27450982
0.26666668
0.32549021
0.32941177
0.26666668
0.14901961
0.23137255
0.46666667
0.17647059
0.08235294
0.18431373
0.50588238
0.70980394
0.67843139
0.60000002
0.57254905
0.27058825
0.22745098
0.33333334
0.38039216
0.38431373
0.34117648
0.32156864
0.35294119
0.35294119
0.36470589
0.36470589
0.40392157
0.29803923
0.20784314
0.27058825
0.27843139
0.30196080
0.28627452
0.33333334
0.32156864
0.28627452
0.23921569
0.19607843
0.43529412
0.32941177
0.08627451
0.18823530
0.46274510
0.65490198
0.67058825
0.58431375
0.49803922
0.21568628
0.25882354
0.37647060
0.37647060
0.34901962
0.32549021
0.31372550
0.33333334
0.36078432
0.37254903
0.36470589
0.43137255
0.27058825
0.27843139
0.30196080
0.29411766
0.36862746
0.36862746
0.30980393
0.28627452
0.30196080
0.24705882
0.12549020
0.33725491
0.47058824
0.13333334
0.20000000
0.40784314
0.52941179
0.53725493
0.46666667
0.44313726
0.21960784
0.27058825
0.36470589
0.32156864
0.32156864
0.31372550
0.30196080
0.35686275
0.35686275
0.37254903
0.36470589
0.41568628
0.30588236
0.32549021
0.31764707
0.29019609
0.31372550
0.45490196
0.32549021
0.24705882
0.27843139
0.28235295
0.19607843
0.33333334
0.49019608
0.25098041
0.18431373
0.33333334
0.44705883
0.40392157
0.36470589
0.30980393
0.19607843
0.23529412
0.35686275
0.40000001
0.42352942
0.43529412
0.36862746
0.41960785
0.39215687
0.36078432
0.34509805
0.28235295
0.30588236
0.32549021
0.31372550
0.29803923
0.29803923
0.36470589
0.31372550
0.23137255
0.32156864
0.41176471
0.34901962
0.34117648
0.48627451
0.52156866
0.34509805
0.22352941
0.34901962
0.33725491
0.35294119
0.24313726
0.21568628
0.27058825
0.43529412
0.44705883
0.41176471
0.42352942
0.41568628
0.41568628
0.38431373
0.37254903
0.37647060
0.26666668
0.32156864
0.33333334
0.32549021
0.30588236
0.31372550
0.32941177
0.30980393
0.30196080
0.35686275
0.38431373
0.37254903
0.32549021
0.60392159
0.60000002
0.41176471
0.23137255
0.23921569
0.32156864
0.39607844
0.33725491
0.28235295
0.39215687
0.44313726
0.38039216
0.37647060
0.41176471
0.41568628
0.38039216
0.34509805
0.38039216
0.40784314
0.26274511
0.30980393
0.31764707
0.30980393
0.29803923
0.31372550
0.33725491
0.33725491
0.35686275
0.35686275
0.38039216
0.39607844
0.30196080
0.56862748
0.54509807
0.41568628
0.28627452
0.23529412
0.32549021
0.41568628
0.43137255
0.42352942
0.45882353
0.45882353
0.42745098
0.40392157
0.42352942
0.42352942
0.39607844
0.41960785
0.40784314
0.39607844
0.25882354
0.27843139
0.30588236
0.30196080
0.30588236
0.32156864
0.33333334
0.35294119
0.37647060
0.39215687
0.39607844
0.39607844
0.32941177
0.43137255
0.52156866
0.42745098
0.30196080
0.27058825
0.32156864
0.41176471
0.44705883
0.44313726
0.45098040
0.44313726
0.42745098
0.41176471
0.39215687
0.41176471
0.41568628
0.40784314
0.38823530
0.43529412
0.25490198
0.26274511
0.29019609
0.30196080
0.30588236
0.31764707
0.32549021
0.33333334
0.38823530
0.39215687
0.36078432
0.40392157
0.39607844
0.39607844
0.50196081
0.40784314
0.34117648
0.25882354
0.29803923
0.41176471
0.43529412
0.43137255
0.43137255
0.42745098
0.40000001
0.41568628
0.40784314
0.42352942
0.39215687
0.40392157
0.43921569
0.41960785
0.24313726
0.25098041
0.28235295
0.30196080
0.30196080
0.32549021
0.32941177
0.33725491
0.36078432
0.36078432
0.35686275
0.37647060
0.32941177
0.40000001
0.55294120
0.41960785
0.32156864
0.23137255
0.34901962
0.42352942
0.42745098
0.43137255
0.43921569
0.41960785
0.40392157
0.43921569
0.46666667
0.44313726
0.41568628
0.47450981
0.42352942
0.36862746
0.23921569
0.25098041
0.27450982
0.29019609
0.29803923
0.32549021
0.32941177
0.34117648
0.35686275
0.36078432
0.42352942
0.48627451
0.50196081
0.40000001
0.62745100
0.51764709
0.34117648
0.26666668
0.35294119
0.40784314
0.40392157
0.40000001
0.41960785
0.41960785
0.41176471
0.45098040
0.49019608
0.47450981
0.46274510
0.43921569
0.37647060
0.36078432
0.23921569
0.25882354
0.27058825
0.28627452
0.29411766
0.32156864
0.33333334
0.34509805
0.35686275
0.36470589
0.49019608
0.60784316
0.62745100
0.52549022
0.72941178
0.66666669
0.38431373
0.30196080
0.34901962
0.38431373
0.39607844
0.38039216
0.39607844
0.40392157
0.39215687
0.43529412
0.50588238
0.50980395
0.47843137
0.39215687
0.36470589
0.36078432
0.23529412
0.26666668
0.27843139
0.29019609
0.29803923
0.31764707
0.33333334
0.34117648
0.34901962
0.35686275
0.44313726
0.47058824
0.47058824
0.58431375
0.78039217
0.70196080
0.42352942
0.34117648
0.44313726
0.45098040
0.39607844
0.37647060
0.36470589
0.36470589
0.36078432
0.40784314
0.52156866
0.55294120
0.49803922
0.39215687
0.42352942
0.47058824
0.11372549
0.12156863
0.10980392
0.12156863
0.13333334
0.14117648
0.14117648
0.15686275
0.15686275
0.13333334
0.12549020
0.12549020
0.12549020
0.13333334
0.13333334
0.13725491
0.14117648
0.16470589
0.19607843
0.21960784
0.23529412
0.20784314
0.22745098
0.21960784
0.18039216
0.18823530
0.20392157
0.20392157
0.20784314
0.23137255
0.25490198
0.21568628
0.14117648
0.16078432
0.15294118
0.16470589
0.17254902
0.17647059
0.17647059
0.18823530
0.19215687
0.17254902
0.16470589
0.16078432
0.15686275
0.16470589
0.16862746
0.17254902
0.16470589
0.18039216
0.18431373
0.18431373
0.22745098
0.23137255
0.24705882
0.25098041
0.21960784
0.21960784
0.23137255
0.23137255
0.24313726
0.26274511
0.28627452
0.25098041
0.13725491
0.15686275
0.16078432
0.16862746
0.19607843
0.20392157
0.19215687
0.19607843
0.20392157
0.18431373
0.17254902
0.16470589
0.16470589
0.16470589
0.17647059
0.18823530
0.18039216
0.19607843
0.19215687
0.19607843
0.23137255
0.24313726
0.24313726
0.25098041
0.21960784
0.21568628
0.23529412
0.24313726
0.25490198
0.25882354
0.27843139
0.25490198
0.13333334
0.16470589
0.16862746
0.16862746
0.18823530
0.20392157
0.19607843
0.19215687
0.19607843
0.17647059
0.16470589
0.16862746
0.18039216
0.16862746
0.17647059
0.18431373
0.18039216
0.20000000
0.20392157
0.20000000
0.21176471
0.21960784
0.23529412
0.24705882
0.21176471
0.19215687
0.21568628
0.23137255
0.24313726
0.23921569
0.25882354
0.23921569
0.14901961
0.18039216
0.18039216
0.16862746
0.18039216
0.23921569
0.22352941
0.21176471
0.21568628
0.19215687
0.16470589
0.17647059
0.18823530
0.17647059
0.18431373
0.18039216
0.18039216
0.19607843
0.19215687
0.19215687
0.24705882
0.23529412
0.23137255
0.25882354
0.22352941
0.21176471
0.23921569
0.23529412
0.23137255
0.24313726
0.25490198
0.23529412
0.16862746
0.19607843
0.20000000
0.18039216
0.19607843
0.32941177
0.27843139
0.25490198
0.26666668
0.23529412
0.20000000
0.18823530
0.18823530
0.17647059
0.18823530
0.19215687
0.18431373
0.18431373
0.24313726
0.42352942
0.43137255
0.29411766
0.27058825
0.30196080
0.31764707
0.26274511
0.26666668
0.25882354
0.24705882
0.26274511
0.27058825
0.24705882
0.17254902
0.20392157
0.21568628
0.19215687
0.18431373
0.27058825
0.27450982
0.29411766
0.30980393
0.26274511
0.21960784
0.19607843
0.18431373
0.17254902
0.18823530
0.18823530
0.15686275
0.19607843
0.41568628
0.47058824
0.30980393
0.31764707
0.47058824
0.52549022
0.57647061
0.40784314
0.27058825
0.28235295
0.27058825
0.26274511
0.27058825
0.25490198
0.18039216
0.21960784
0.22745098
0.19607843
0.18431373
0.23921569
0.27450982
0.30980393
0.32549021
0.28235295
0.23921569
0.20392157
0.18431373
0.17254902
0.19607843
0.18823530
0.13725491
0.28235295
0.42352942
0.32549021
0.30196080
0.37254903
0.36470589
0.32549021
0.32941177
0.34117648
0.30588236
0.29019609
0.27058825
0.26274511
0.26666668
0.25490198
0.18823530
0.22745098
0.23921569
0.20000000
0.18039216
0.22352941
0.25882354
0.28627452
0.31372550
0.29411766
0.24705882
0.20392157
0.18039216
0.17647059
0.20392157
0.19607843
0.17254902
0.36862746
0.37254903
0.31372550
0.31372550
0.23137255
0.20392157
0.23137255
0.29411766
0.35294119
0.33333334
0.27058825
0.24313726
0.27058825
0.28627452
0.28235295
0.18039216
0.21960784
0.22745098
0.20392157
0.18823530
0.21960784
0.25490198
0.27843139
0.31372550
0.28235295
0.23529412
0.21176471
0.19607843
0.20000000
0.21176471
0.20392157
0.20392157
0.36078432
0.40392157
0.37647060
0.25490198
0.24705882
0.25882354
0.29019609
0.33333334
0.36078432
0.32549021
0.25882354
0.23137255
0.27058825
0.29803923
0.29803923
0.16078432
0.20784314
0.22352941
0.23529412
0.23137255
0.24705882
0.27058825
0.28235295
0.27843139
0.28235295
0.25490198
0.22745098
0.23529412
0.22745098
0.21960784
0.21176471
0.21176471
0.30980393
0.44705883
0.45098040
0.22745098
0.22745098
0.25882354
0.30980393
0.35686275
0.35686275
0.31372550
0.27450982
0.25882354
0.26274511
0.29019609
0.28627452
0.15294118
0.19607843
0.22352941
0.25098041
0.25490198
0.26274511
0.27058825
0.30196080
0.42745098
0.45098040
0.27843139
0.25882354
0.25098041
0.23529412
0.22352941
0.21960784
0.21960784
0.27058825
0.44705883
0.49411765
0.23921569
0.23921569
0.26666668
0.32941177
0.37254903
0.37254903
0.33333334
0.28627452
0.27058825
0.25882354
0.27843139
0.28235295
0.16862746
0.21960784
0.23529412
0.25490198
0.25490198
0.25490198
0.30980393
0.35686275
0.37254903
0.28235295
0.17254902
0.25882354
0.24705882
0.24313726
0.23529412
0.23137255
0.23529412
0.24705882
0.43137255
0.60392159
0.31372550
0.26274511
0.29019609
0.33725491
0.36470589
0.38039216
0.39607844
0.33333334
0.26666668
0.23921569
0.28235295
0.28235295
0.19607843
0.24705882
0.25882354
0.26274511
0.27450982
0.33725491
0.26274511
0.16078432
0.14117648
0.15294118
0.14901961
0.22352941
0.27058825
0.25490198
0.23921569
0.23921569
0.24705882
0.24313726
0.41176471
0.68627453
0.45098040
0.27450982
0.30196080
0.33333334
0.37647060
0.43529412
0.41568628
0.33725491
0.34901962
0.31764707
0.29019609
0.27843139
0.21176471
0.25882354
0.27058825
0.29019609
0.34509805
0.23529412
0.16078432
0.18431373
0.18431373
0.16078432
0.13333334
0.17254902
0.26666668
0.26666668
0.25490198
0.25490198
0.25490198
0.24705882
0.41568628
0.70196080
0.51764709
0.30588236
0.31372550
0.38431373
0.46274510
0.35294119
0.20392157
0.18431373
0.30980393
0.36862746
0.30196080
0.27450982
0.21568628
0.27058825
0.28627452
0.37647060
0.29019609
0.16470589
0.23137255
0.23529412
0.20784314
0.16862746
0.10196079
0.14901961
0.24313726
0.28235295
0.27058825
0.26666668
0.25098041
0.24313726
0.47450981
0.75294119
0.60784316
0.31372550
0.36862746
0.45098040
0.30588236
0.16862746
0.21568628
0.23921569
0.15686275
0.15294118
0.25490198
0.33333334
0.21960784
0.23921569
0.29019609
0.29411766
0.22352941
0.25098041
0.23137255
0.19607843
0.23921569
0.19607843
0.09411765
0.13333334
0.20392157
0.30588236
0.31372550
0.27843139
0.25490198
0.32156864
0.62745100
0.79215688
0.64313728
0.44705883
0.48627451
0.25882354
0.20000000
0.25098041
0.29411766
0.29411766
0.27450982
0.18431373
0.17647059
0.30588236
0.21960784
0.21960784
0.22745098
0.21960784
0.26666668
0.25490198
0.19215687
0.20784314
0.25882354
0.21568628
0.10196079
0.13333334
0.16078432
0.21960784
0.32549021
0.46274510
0.52156866
0.66274512
0.78039217
0.75686276
0.67058825
0.56470591
0.27843139
0.19607843
0.30980393
0.32941177
0.33333334
0.33333334
0.32941177
0.30980393
0.23137255
0.18431373
0.19607843
0.24705882
0.19215687
0.23921569
0.29803923
0.24313726
0.18823530
0.25882354
0.28627452
0.22352941
0.09411765
0.21176471
0.32941177
0.13725491
0.15294118
0.41568628
0.76470590
0.85098040
0.76470590
0.70196080
0.66274512
0.38431373
0.20784314
0.28235295
0.32156864
0.35686275
0.35294119
0.34509805
0.35294119
0.32549021
0.32156864
0.23921569
0.21568628
0.27058825
0.17647059
0.26666668
0.28627452
0.24313726
0.21568628
0.28627452
0.30588236
0.25098041
0.14117648
0.23529412
0.49411765
0.20392157
0.10196079
0.20784314
0.56078434
0.75294119
0.75686276
0.62352943
0.53725493
0.27450982
0.23529412
0.29411766
0.31372550
0.34901962
0.32549021
0.32156864
0.36078432
0.35294119
0.39215687
0.35686275
0.29803923
0.23529412
0.18823530
0.27450982
0.26666668
0.27058825
0.23921569
0.30196080
0.31764707
0.27843139
0.24313726
0.20784314
0.44313726
0.34901962
0.09803922
0.18823530
0.48235294
0.67058825
0.69411767
0.57254905
0.46274510
0.20392157
0.24313726
0.32549021
0.31372550
0.30588236
0.30980393
0.32156864
0.34901962
0.36078432
0.39215687
0.35294119
0.34901962
0.23921569
0.25098041
0.27843139
0.25882354
0.32549021
0.31372550
0.29019609
0.30980393
0.30196080
0.24313726
0.11764706
0.32156864
0.48235294
0.13725491
0.17254902
0.39607844
0.52549022
0.52156866
0.44313726
0.43137255
0.20392157
0.24313726
0.32156864
0.27058825
0.27843139
0.28627452
0.29019609
0.34117648
0.33725491
0.37647060
0.35294119
0.33333334
0.25882354
0.27450982
0.26274511
0.23137255
0.25098041
0.38823530
0.31372550
0.29019609
0.27450982
0.23921569
0.14117648
0.30980393
0.50588238
0.26666668
0.17647059
0.32941177
0.43921569
0.38431373
0.33725491
0.28627452
0.17254902
0.20000000
0.31372550
0.34509805
0.36862746
0.38039216
0.29803923
0.33725491
0.34901962
0.36078432
0.35686275
0.21176471
0.24313726
0.24705882
0.23529412
0.21568628
0.22352941
0.29019609
0.29411766
0.26274511
0.30196080
0.34509805
0.26666668
0.30980393
0.50588238
0.56078434
0.36470589
0.22745098
0.34117648
0.31372550
0.31372550
0.20392157
0.18039216
0.22352941
0.38431373
0.38039216
0.33333334
0.35686275
0.32549021
0.30980393
0.34117648
0.38039216
0.40000001
0.21960784
0.25490198
0.23921569
0.22745098
0.21176471
0.23529412
0.26274511
0.27843139
0.29803923
0.31764707
0.30980393
0.29411766
0.29019609
0.62745100
0.65098041
0.45490196
0.24313726
0.23137255
0.29411766
0.34901962
0.27843139
0.21960784
0.32156864
0.37254903
0.29019609
0.27450982
0.34901962
0.35686275
0.30980393
0.32941177
0.40392157
0.43529412
0.21568628
0.24705882
0.22745098
0.21176471
0.20784314
0.23921569
0.27450982
0.29019609
0.31372550
0.29803923
0.32156864
0.34117648
0.27450982
0.59607846
0.61176473
0.47450981
0.29803923
0.22745098
0.29803923
0.36078432
0.34901962
0.33725491
0.37647060
0.37647060
0.31764707
0.30196080
0.40784314
0.44705883
0.41568628
0.45098040
0.44705883
0.41568628
0.18431373
0.22745098
0.22745098
0.21568628
0.22745098
0.24705882
0.26274511
0.27843139
0.29803923
0.32156864
0.33725491
0.35294119
0.31372550
0.45490196
0.58039218
0.49019608
0.31372550
0.26666668
0.29803923
0.34117648
0.33725491
0.34901962
0.37647060
0.34901962
0.30980393
0.35294119
0.45882353
0.54509807
0.53725493
0.49411765
0.43921569
0.43137255
0.17647059
0.20784314
0.21176471
0.21960784
0.23529412
0.24313726
0.25098041
0.25882354
0.30588236
0.30588236
0.27450982
0.32156864
0.35686275
0.39215687
0.53333336
0.44705883
0.35686275
0.25490198
0.26666668
0.32941177
0.32156864
0.33725491
0.35686275
0.33333334
0.29019609
0.37254903
0.48627451
0.55294120
0.49803922
0.47058824
0.46274510
0.39215687
0.16862746
0.20000000
0.20392157
0.21960784
0.22745098
0.25098041
0.25490198
0.26274511
0.27843139
0.27843139
0.26274511
0.29019609
0.27450982
0.38431373
0.56862748
0.45098040
0.34509805
0.23529412
0.30588236
0.32549021
0.30588236
0.33725491
0.36470589
0.32549021
0.30588236
0.41568628
0.54117650
0.54509807
0.47843137
0.49019608
0.40784314
0.30980393
0.16078432
0.19607843
0.19607843
0.20784314
0.22352941
0.25098041
0.25490198
0.25882354
0.27058825
0.29019609
0.37647060
0.45098040
0.46666667
0.39607844
0.65882355
0.56470591
0.38431373
0.27058825
0.29019609
0.29019609
0.28235295
0.30588236
0.34509805
0.32549021
0.32156864
0.44705883
0.56078434
0.54509807
0.47843137
0.40784314
0.31372550
0.26666668
0.16470589
0.20392157
0.19607843
0.20392157
0.21960784
0.25098041
0.25882354
0.25882354
0.26666668
0.31764707
0.50196081
0.64313728
0.62745100
0.54901963
0.78431374
0.73333335
0.43921569
0.31372550
0.29019609
0.27058825
0.27058825
0.28627452
0.31764707
0.30588236
0.31372550
0.44313726
0.57254905
0.55294120
0.46666667
0.32941177
0.27843139
0.25490198
0.16470589
0.22352941
0.21176471
0.20784314
0.22352941
0.24313726
0.25882354
0.25882354
0.25490198
0.29411766
0.45098040
0.52941179
0.50588238
0.60784316
0.80392158
0.73725492
0.45490196
0.36862746
0.44313726
0.40000001
0.30196080
0.27843139
0.26666668
0.26274511
0.28235295
0.42745098
0.58431375
0.56470591
0.50980395
0.33333334
0.33333334
0.41960785
1 0 -1 0 0 0 0 0 0 0 0
0 1 -1 0 0 0 0 0 0 0 0
0 0 -1 1 0 0 0 0 0 0 0
0 0 -1 0 1 0 0 0 0 0 0
0 0 -1 0 0 1 0 0 0 0 0
0 0 -1 0 0 0 1 0 0 0 0
0 0 -1 0 0 0 0 1 0 0 0
0 0 -1 0 0 0 0 0 1 0 0
0 0 -1 0 0 0 0 0 0 1 0
