1.00000000
0.97647059
0.89803922
0.62745100
0.53725493
0.65882355
0.63921571
0.50588238
0.62352943
0.61568630
0.56078434
0.61176473
0.75294119
0.75686276
0.59215689
0.63529414
0.66274512
0.72549021
0.83137256
0.92156863
0.97647059
0.96862745
0.98039216
0.96862745
0.97647059
0.88235295
0.49803922
0.26666668
0.26274511
0.34117648
0.37254903
0.36862746
0.99215686
0.98431373
0.82352942
0.63137257
0.65882355
0.62745100
0.64705884
0.71764708
0.61568630
0.63921571
0.71764708
0.79607844
0.81176472
0.80784315
0.72156864
0.73333335
0.71764708
0.74117649
0.74509805
0.86666667
0.99215686
0.98039216
0.98431373
0.98823529
0.98823529
1.00000000
0.70588237
0.29803923
0.28627452
0.34509805
0.36078432
0.30980393
0.85882354
0.83137256
0.67843139
0.58431375
0.62745100
0.54117650
0.56862748
0.67058825
0.50980395
0.70980394
0.81960785
0.87058824
0.81176472
0.71372551
0.62352943
0.54901963
0.65098041
0.80392158
0.69803923
0.75294119
0.91764706
0.97254902
0.97647059
0.97647059
0.99215686
0.87058824
0.49803922
0.27450982
0.28235295
0.31372550
0.27450982
0.26274511
0.67450982
0.58823532
0.54509807
0.48627451
0.52941179
0.54509807
0.53333336
0.80392158
0.63921571
0.67843139
0.72156864
0.75686276
0.83137256
0.81960785
0.68627453
0.46666667
0.53333336
0.69019610
0.63529414
0.65490198
0.77647060
0.92941177
0.97647059
0.98431373
0.90196079
0.52156866
0.25882354
0.24313726
0.28627452
0.30980393
0.25098041
0.25098041
0.60392159
0.51764709
0.44705883
0.51372552
0.53333336
0.56470591
0.65882355
0.95294118
0.72549021
0.58823532
0.62352943
0.66274512
0.73333335
0.83529413
0.75294119
0.63921571
0.52156866
0.52549022
0.59215689
0.63921571
0.71372551
0.89803922
0.95294118
0.88627452
0.56862748
0.28235295
0.27058825
0.27843139
0.32549021
0.36470589
0.28627452
0.25882354
0.54901963
0.61176473
0.59607846
0.57647061
0.37647060
0.50980395
0.70588237
0.69411767
0.62745100
0.43921569
0.48235294
0.55294120
0.60392159
0.80000001
0.79607844
0.72156864
0.59607846
0.56078434
0.59607846
0.63921571
0.70196080
0.80000001
0.81568629
0.59607846
0.34509805
0.32549021
0.32156864
0.32549021
0.38823530
0.40392157
0.37647060
0.39607844
0.49411765
0.49019608
0.59215689
0.65490198
0.66274512
0.45490196
0.40000001
0.52941179
0.54117650
0.31764707
0.21960784
0.23921569
0.41176471
0.70980394
0.83137256
0.76078433
0.70588237
0.58823532
0.54117650
0.59607846
0.66274512
0.74509805
0.67450982
0.39607844
0.30980393
0.29411766
0.34509805
0.41960785
0.44313726
0.46666667
0.45882353
0.44313726
0.48627451
0.39215687
0.49019608
0.69803923
0.78823531
0.45882353
0.22352941
0.38039216
0.50980395
0.30196080
0.18823530
0.10196079
0.21568628
0.56078434
0.76862746
0.73725492
0.61568630
0.49019608
0.40000001
0.51372552
0.65098041
0.75294119
0.68627453
0.41568628
0.27843139
0.33333334
0.42745098
0.46274510
0.44313726
0.46666667
0.41176471
0.36470589
0.38431373
0.38823530
0.62745100
0.63137257
0.56078434
0.40392157
0.29411766
0.33725491
0.43137255
0.43137255
0.38039216
0.19215687
0.15686275
0.45098040
0.70980394
0.65490198
0.52156866
0.43529412
0.52549022
0.63921571
0.74509805
0.74901962
0.72941178
0.54509807
0.34901962
0.36470589
0.39607844
0.39215687
0.42745098
0.47843137
0.46666667
0.41568628
0.30588236
0.49411765
0.67843139
0.56470591
0.46666667
0.40392157
0.25098041
0.32941177
0.35294119
0.37254903
0.36078432
0.26666668
0.15686275
0.36470589
0.69019610
0.65490198
0.58039218
0.60000002
0.70980394
0.74509805
0.70588237
0.71764708
0.72941178
0.68235296
0.46274510
0.35294119
0.34117648
0.37647060
0.44313726
0.46274510
0.41568628
0.39607844
0.37254903
0.56078434
0.54509807
0.40784314
0.26666668
0.34117648
0.24313726
0.29803923
0.34901962
0.33725491
0.32549021
0.29803923
0.18823530
0.26666668
0.56470591
0.66274512
0.60784316
0.72156864
0.76470590
0.70980394
0.69411767
0.72549021
0.71764708
0.72549021
0.49019608
0.32549021
0.32941177
0.37254903
0.36078432
0.36078432
0.36862746
0.39215687
0.41568628
0.50196081
0.44705883
0.30588236
0.13333334
0.26274511
0.31764707
0.27843139
0.31372550
0.29411766
0.28235295
0.24313726
0.18823530
0.23921569
0.54117650
0.66274512
0.59607846
0.70980394
0.78823531
0.77647060
0.77254903
0.75686276
0.73333335
0.69411767
0.49019608
0.34117648
0.41176471
0.41176471
0.36078432
0.43529412
0.44313726
0.40784314
0.40000001
0.41960785
0.40392157
0.23529412
0.08627451
0.23529412
0.34117648
0.28627452
0.27450982
0.25490198
0.36470589
0.28627452
0.21960784
0.26274511
0.56470591
0.68627453
0.60392159
0.69803923
0.80392158
0.81568629
0.77647060
0.76862746
0.71372551
0.64313728
0.50980395
0.30588236
0.36078432
0.37647060
0.41176471
0.47843137
0.41176471
0.41176471
0.35294119
0.34901962
0.40000001
0.22745098
0.05882353
0.14117648
0.32941177
0.34117648
0.28627452
0.40784314
0.50588238
0.40000001
0.43529412
0.35294119
0.54509807
0.70196080
0.63137257
0.71372551
0.78039217
0.81176472
0.80784315
0.75294119
0.66666669
0.58039218
0.44705883
0.32549021
0.32549021
0.34509805
0.34901962
0.41960785
0.41176471
0.40000001
0.33333334
0.34509805
0.41960785
0.30196080
0.12941177
0.09803922
0.29019609
0.34901962
0.27843139
0.49019608
0.53725493
0.48627451
0.51372552
0.44705883
0.57647061
0.70980394
0.58431375
0.60392159
0.67058825
0.61960787
0.61960787
0.61568630
0.53725493
0.46666667
0.36470589
0.38431373
0.38039216
0.40392157
0.37254903
0.40392157
0.49411765
0.45490196
0.38823530
0.36470589
0.45882353
0.41568628
0.31372550
0.16470589
0.20784314
0.33725491
0.30588236
0.46274510
0.58039218
0.57254905
0.57647061
0.50196081
0.56470591
0.70196080
0.48627451
0.51764709
0.52156866
0.45490196
0.37254903
0.40784314
0.47058824
0.44705883
0.27843139
0.34509805
0.35686275
0.30980393
0.36078432
0.36470589
0.47058824
0.49019608
0.46666667
0.36470589
0.43529412
0.47843137
0.48627451
0.31372550
0.17254902
0.32549021
0.43137255
0.49019608
0.62745100
0.61176473
0.66666669
0.49019608
0.52549022
0.72156864
0.51764709
0.53725493
0.41568628
0.43137255
0.41176471
0.44705883
0.56470591
0.50196081
0.25098041
0.26274511
0.32941177
0.30588236
0.32156864
0.34117648
0.38039216
0.40392157
0.49019608
0.39607844
0.44705883
0.51372552
0.56862748
0.45490196
0.23529412
0.26666668
0.47450981
0.55686277
0.63921571
0.69411767
0.72941178
0.50980395
0.56470591
0.71764708
0.55686277
0.52156866
0.49411765
0.48235294
0.43137255
0.54117650
0.58039218
0.43137255
0.25490198
0.23921569
0.26666668
0.27843139
0.25098041
0.32549021
0.35686275
0.36862746
0.43921569
0.41568628
0.49411765
0.49019608
0.50588238
0.50980395
0.42352942
0.29411766
0.41176471
0.56470591
0.66666669
0.74901962
0.72549021
0.56862748
0.60392159
0.67450982
0.49803922
0.34901962
0.39607844
0.47058824
0.41960785
0.49803922
0.41960785
0.22745098
0.22745098
0.25490198
0.29803923
0.29019609
0.19215687
0.23921569
0.27450982
0.29411766
0.36470589
0.37254903
0.36078432
0.31372550
0.42352942
0.55294120
0.59215689
0.47058824
0.40392157
0.51764709
0.61960787
0.65490198
0.62745100
0.53333336
0.67058825
0.62352943
0.53333336
0.44705883
0.48235294
0.43137255
0.31372550
0.26274511
0.16078432
0.16862746
0.18823530
0.24313726
0.24313726
0.25098041
0.18431373
0.14509805
0.18431373
0.20000000
0.30980393
0.26666668
0.34117648
0.39607844
0.39215687
0.49803922
0.65490198
0.67058825
0.49019608
0.30588236
0.42352942
0.46666667
0.58823532
0.61568630
0.69803923
0.61176473
0.48627451
0.58823532
0.54901963
0.31764707
0.19607843
0.18823530
0.21176471
0.24705882
0.25098041
0.20000000
0.11764706
0.12941177
0.17647059
0.15686275
0.14901961
0.14117648
0.25882354
0.23529412
0.40000001
0.37254903
0.38431373
0.44705883
0.55686277
0.65882355
0.66274512
0.45098040
0.24705882
0.40000001
0.64313728
0.51372552
0.61176473
0.59215689
0.44705883
0.51372552
0.36470589
0.29019609
0.26666668
0.27058825
0.25882354
0.25882354
0.21176471
0.21176471
0.22352941
0.12941177
0.09803922
0.15294118
0.13725491
0.09803922
0.19215687
0.21960784
0.32941177
0.35686275
0.33725491
0.35686275
0.41568628
0.45490196
0.59607846
0.60000002
0.42352942
0.49411765
0.51372552
0.35686275
0.55686277
0.58431375
0.54509807
0.40392157
0.30588236
0.36862746
0.34117648
0.26666668
0.17647059
0.18431373
0.20784314
0.20000000
0.22352941
0.20392157
0.16078432
0.14117648
0.10196079
0.07843138
0.16078432
0.24313726
0.31764707
0.36470589
0.34509805
0.46666667
0.49019608
0.45098040
0.50980395
0.56862748
0.57254905
0.52156866
0.38039216
0.35686275
0.43921569
0.59607846
0.48627451
0.30196080
0.34117648
0.35686275
0.29019609
0.23529412
0.16078432
0.11372549
0.10588235
0.13333334
0.23529412
0.31764707
0.24313726
0.11372549
0.06666667
0.06274510
0.15294118
0.23137255
0.30980393
0.36862746
0.45098040
0.52549022
0.52156866
0.51372552
0.42352942
0.47058824
0.53333336
0.41176471
0.24705882
0.29411766
0.47843137
0.58823532
0.35294119
0.32156864
0.31372550
0.28235295
0.25882354
0.20784314
0.16078432
0.20392157
0.18431373
0.18431373
0.21176471
0.27058825
0.21960784
0.10980392
0.05490196
0.03137255
0.12941177
0.17647059
0.30980393
0.35294119
0.51764709
0.50588238
0.42745098
0.40000001
0.29803923
0.40784314
0.41176471
0.20000000
0.11764706
0.36862746
0.65098041
0.51764709
0.34509805
0.39215687
0.36470589
0.30196080
0.25490198
0.19215687
0.15686275
0.18431373
0.19607843
0.18039216
0.18039216
0.20392157
0.13333334
0.07450981
0.02745098
0.01176471
0.24705882
0.13725491
0.23137255
0.29019609
0.50588238
0.48235294
0.38823530
0.35686275
0.33333334
0.39607844
0.37647060
0.22745098
0.28235295
0.54901963
0.65882355
0.34509805
0.31372550
0.43137255
0.44705883
0.22745098
0.16078432
0.31764707
0.29019609
0.15294118
0.06274510
0.09803922
0.16078432
0.20000000
0.16078432
0.07058824
0.00784314
0.01176471
0.37254903
0.23529412
0.17647059
0.23137255
0.41568628
0.46274510
0.42352942
0.34901962
0.38431373
0.40784314
0.37254903
0.35294119
0.39607844
0.63137257
0.53333336
0.33725491
0.39215687
0.48627451
0.36470589
0.19215687
0.16862746
0.21960784
0.22352941
0.25098041
0.11764706
0.07058824
0.16862746
0.20784314
0.16470589
0.07058824
0.01176471
0.01176471
0.36470589
0.38039216
0.29019609
0.21568628
0.29411766
0.34901962
0.29803923
0.31764707
0.41176471
0.37254903
0.36078432
0.37254903
0.49019608
0.61568630
0.44705883
0.36862746
0.32156864
0.37647060
0.26274511
0.18039216
0.13725491
0.09019608
0.06666667
0.17647059
0.17647059
0.08627451
0.13725491
0.15686275
0.11372549
0.07450981
0.01960784
0.01176471
0.37254903
0.39215687
0.38823530
0.31764707
0.21960784
0.21176471
0.19215687
0.33333334
0.40000001
0.32941177
0.34901962
0.34901962
0.53333336
0.53725493
0.44705883
0.34901962
0.28627452
0.19607843
0.15686275
0.16078432
0.12941177
0.06274510
0.04705882
0.08235294
0.13333334
0.08627451
0.12941177
0.12156863
0.07058824
0.06274510
0.01568628
0.02352941
0.36470589
0.37254903
0.34509805
0.25098041
0.14117648
0.12549020
0.18431373
0.33333334
0.28627452
0.27058825
0.30196080
0.27450982
0.49411765
0.54509807
0.47450981
0.35294119
0.23529412
0.14509805
0.12156863
0.15294118
0.20392157
0.14901961
0.10980392
0.04705882
0.05490196
0.05490196
0.08627451
0.09803922
0.04313726
0.03137255
0.02352941
0.03529412
0.32549021
0.32549021
0.21568628
0.06666667
0.04705882
0.08235294
0.16078432
0.20784314
0.16862746
0.19607843
0.17254902
0.20392157
0.46274510
0.52156866
0.51764709
0.32549021
0.15294118
0.21568628
0.24313726
0.24313726
0.25882354
0.21568628
0.12941177
0.09411765
0.04313726
0.05098039
0.06666667
0.07058824
0.01960784
0.02352941
0.03137255
0.05098039
1.00000000
0.98431373
0.88235295
0.59215689
0.49411765
0.60784316
0.58039218
0.43921569
0.55294120
0.54901963
0.49411765
0.54509807
0.68627453
0.67843139
0.50588238
0.54509807
0.56470591
0.62745100
0.76078433
0.89411765
0.97647059
0.97254902
0.98431373
0.96862745
0.97647059
0.87058824
0.47450981
0.20000000
0.18431373
0.27450982
0.30588236
0.29803923
0.98823529
0.98431373
0.79607844
0.58039218
0.60000002
0.56078434
0.57647061
0.64313728
0.54509807
0.56862748
0.64705884
0.72549021
0.74117649
0.72156864
0.62352943
0.62745100
0.60784316
0.62745100
0.64705884
0.81176472
0.97647059
0.98823529
0.99607843
0.99607843
0.98823529
0.99607843
0.68627453
0.23529412
0.20784314
0.27450982
0.29019609
0.23921569
0.83529413
0.81176472
0.63529414
0.51764709
0.54509807
0.45882353
0.48235294
0.58823532
0.43137255
0.63529414
0.74509805
0.79607844
0.73725492
0.62352943
0.52156866
0.43921569
0.53333336
0.67843139
0.58039218
0.67058825
0.87843138
0.97647059
0.99215686
0.98431373
0.98823529
0.85882354
0.46666667
0.20784314
0.20784314
0.24313726
0.20392157
0.19215687
0.63137257
0.54901963
0.48627451
0.40000001
0.41960785
0.43529412
0.43529412
0.71764708
0.55294120
0.59607846
0.63921571
0.67450982
0.74509805
0.72941178
0.58823532
0.36078432
0.42352942
0.57254905
0.50980395
0.54901963
0.71372551
0.90980393
0.98431373
0.99215686
0.89019608
0.48627451
0.20392157
0.17647059
0.21176471
0.23529412
0.18039216
0.18039216
0.54509807
0.46274510
0.37254903
0.40784314
0.40000001
0.43529412
0.55686277
0.86274511
0.63137257
0.49803922
0.53333336
0.56862748
0.63921571
0.75294119
0.66666669
0.54509807
0.42352942
0.41568628
0.47450981
0.52549022
0.62745100
0.85490197
0.94117647
0.87843138
0.53725493
0.21960784
0.19215687
0.20000000
0.25490198
0.29411766
0.21960784
0.18823530
0.48627451
0.54901963
0.51764709
0.46274510
0.23529412
0.37254903
0.58431375
0.58431375
0.52941179
0.34509805
0.39215687
0.46666667
0.51372552
0.71764708
0.72156864
0.63921571
0.50980395
0.47058824
0.49019608
0.52549022
0.60392159
0.73333335
0.78431374
0.57647061
0.29803923
0.24313726
0.21568628
0.23921569
0.31372550
0.32941177
0.30196080
0.32156864
0.44705883
0.44313726
0.51372552
0.54901963
0.56470591
0.34901962
0.29019609
0.42745098
0.44313726
0.23137255
0.16078432
0.18431373
0.33725491
0.61176473
0.73333335
0.67450982
0.62352943
0.50588238
0.44313726
0.48235294
0.55294120
0.66666669
0.61568630
0.34117648
0.23529412
0.19607843
0.23921569
0.32549021
0.35294119
0.37254903
0.36470589
0.34901962
0.44313726
0.34901962
0.41176471
0.60000002
0.71764708
0.37254903
0.12941177
0.28235295
0.40392157
0.20392157
0.12549020
0.04313726
0.14117648
0.45098040
0.65490198
0.63921571
0.52941179
0.40392157
0.30196080
0.40392157
0.54117650
0.67058825
0.61960787
0.34117648
0.18823530
0.23137255
0.32156864
0.36470589
0.34509805
0.36470589
0.30980393
0.26274511
0.33725491
0.33725491
0.54901963
0.54117650
0.49019608
0.32156864
0.19215687
0.22745098
0.30980393
0.31372550
0.28235295
0.10196079
0.05882353
0.32941177
0.59215689
0.54901963
0.41960785
0.33725491
0.43137255
0.53333336
0.63137257
0.65882355
0.65490198
0.46666667
0.25490198
0.26666668
0.29411766
0.29019609
0.32549021
0.37647060
0.36470589
0.31764707
0.25882354
0.43529412
0.60000002
0.48235294
0.40784314
0.32549021
0.14901961
0.21176471
0.21960784
0.23137255
0.23137255
0.14509805
0.04313726
0.24705882
0.57254905
0.54117650
0.47058824
0.49411765
0.61568630
0.64705884
0.60000002
0.62352943
0.64705884
0.59215689
0.36470589
0.25490198
0.23921569
0.27450982
0.34117648
0.36078432
0.31372550
0.29411766
0.32156864
0.49019608
0.46274510
0.32941177
0.21176471
0.27058825
0.14509805
0.17254902
0.21176471
0.18823530
0.16862746
0.15686275
0.07058824
0.16078432
0.46274510
0.55686277
0.50196081
0.61568630
0.67058825
0.61960787
0.59607846
0.62745100
0.61568630
0.62352943
0.38823530
0.22352941
0.23137255
0.27058825
0.25882354
0.25882354
0.27058825
0.29411766
0.36470589
0.42745098
0.36470589
0.23529412
0.08235294
0.19215687
0.21568628
0.14901961
0.17647059
0.14901961
0.11764706
0.09803922
0.07843138
0.14901961
0.45490196
0.57647061
0.50588238
0.61176473
0.69411767
0.69411767
0.69411767
0.65098041
0.60784316
0.57647061
0.37647060
0.23921569
0.31764707
0.30980393
0.25490198
0.33333334
0.34509805
0.30980393
0.34509805
0.33725491
0.31764707
0.16862746
0.03529412
0.16862746
0.23921569
0.15686275
0.14117648
0.11372549
0.20392157
0.14509805
0.12156863
0.18823530
0.49803922
0.61568630
0.52549022
0.60784316
0.70588237
0.74117649
0.70196080
0.65882355
0.57647061
0.51372552
0.39215687
0.20392157
0.26666668
0.27450982
0.30980393
0.37647060
0.30980393
0.30980393
0.28235295
0.25098041
0.29411766
0.14901961
0.01176471
0.08235294
0.23921569
0.21568628
0.13725491
0.25490198
0.35686275
0.26666668
0.31764707
0.25882354
0.47450981
0.64705884
0.57254905
0.63529414
0.69019610
0.72549021
0.71372551
0.63529414
0.54117650
0.46274510
0.34509805
0.22352941
0.21176471
0.24313726
0.25490198
0.31764707
0.30588236
0.29411766
0.26274511
0.24313726
0.31372550
0.20784314
0.06666667
0.03921569
0.20392157
0.22352941
0.12549020
0.32941177
0.38823530
0.34901962
0.38039216
0.34117648
0.50980395
0.65882355
0.52549022
0.52549022
0.58039218
0.52156866
0.50980395
0.49411765
0.41568628
0.36470589
0.27450982
0.29019609
0.26274511
0.29803923
0.27450982
0.29803923
0.38039216
0.33725491
0.31764707
0.26666668
0.35294119
0.32156864
0.23137255
0.09019608
0.11372549
0.20392157
0.16078432
0.30980393
0.41960785
0.41176471
0.42352942
0.39607844
0.50196081
0.65098041
0.42745098
0.43529412
0.42352942
0.35294119
0.26666668
0.29019609
0.35686275
0.35294119
0.20000000
0.26274511
0.25098041
0.20784314
0.25882354
0.25490198
0.34901962
0.36470589
0.39607844
0.26666668
0.32941177
0.38039216
0.38431373
0.22352941
0.07843138
0.20392157
0.30196080
0.34901962
0.45098040
0.42352942
0.49411765
0.38039216
0.46666667
0.67058825
0.45098040
0.44705883
0.31764707
0.33333334
0.31372550
0.34901962
0.46666667
0.41568628
0.18431373
0.19215687
0.23529412
0.20784314
0.22352941
0.23529412
0.26666668
0.28235295
0.41960785
0.29803923
0.34117648
0.41176471
0.45490196
0.36078432
0.14901961
0.16862746
0.36862746
0.42352942
0.45490196
0.48235294
0.53333336
0.40784314
0.51372552
0.66666669
0.48627451
0.42352942
0.39607844
0.39215687
0.34117648
0.45882353
0.49803922
0.35686275
0.19607843
0.17647059
0.18823530
0.19215687
0.16862746
0.23529412
0.25490198
0.26274511
0.36862746
0.31372550
0.38823530
0.38431373
0.38823530
0.41960785
0.35686275
0.22352941
0.33333334
0.43529412
0.46274510
0.50980395
0.50980395
0.46666667
0.55686277
0.62352943
0.41960785
0.24313726
0.29411766
0.37254903
0.33333334
0.42352942
0.34509805
0.15686275
0.17647059
0.20000000
0.22352941
0.21960784
0.12941177
0.16862746
0.19215687
0.20392157
0.29803923
0.27450982
0.25490198
0.20784314
0.30980393
0.47058824
0.54117650
0.41960785
0.34117648
0.39607844
0.41176471
0.41176471
0.41176471
0.43529412
0.63137257
0.57254905
0.45490196
0.34117648
0.37647060
0.33333334
0.23137255
0.19215687
0.09019608
0.10196079
0.13725491
0.19215687
0.18039216
0.19215687
0.13725491
0.08627451
0.12156863
0.12549020
0.25882354
0.19215687
0.25098041
0.30196080
0.30588236
0.43137255
0.60000002
0.62352943
0.43529412
0.21176471
0.27058825
0.29803923
0.44705883
0.54901963
0.65882355
0.55294120
0.40784314
0.49803922
0.47058824
0.24705882
0.13333334
0.13333334
0.16470589
0.20392157
0.20784314
0.15686275
0.07058824
0.08627451
0.12941177
0.10588235
0.09019608
0.08235294
0.21568628
0.17647059
0.32156864
0.28627452
0.30588236
0.38039216
0.49803922
0.60000002
0.60784316
0.38039216
0.14117648
0.28627452
0.54509807
0.46274510
0.56862748
0.52941179
0.36862746
0.42745098
0.29411766
0.23137255
0.21568628
0.22352941
0.21568628
0.22352941
0.17647059
0.17254902
0.18431373
0.09019608
0.05882353
0.10588235
0.09019608
0.04705882
0.14901961
0.16078432
0.25882354
0.27843139
0.25490198
0.28235295
0.35294119
0.39607844
0.54509807
0.54509807
0.34509805
0.41176471
0.44313726
0.30588236
0.50196081
0.51764709
0.46666667
0.31764707
0.23529412
0.30588236
0.28627452
0.21960784
0.13333334
0.14509805
0.16862746
0.16470589
0.18823530
0.16078432
0.11764706
0.10196079
0.06274510
0.03529412
0.12156863
0.19215687
0.25490198
0.29019609
0.25882354
0.38823530
0.42352942
0.38431373
0.45490196
0.52156866
0.52156866
0.47058824
0.33333334
0.29803923
0.37254903
0.52549022
0.40392157
0.21568628
0.27058825
0.29411766
0.23921569
0.18823530
0.11764706
0.07450981
0.06666667
0.09411765
0.20000000
0.27058825
0.19607843
0.07450981
0.03529412
0.03137255
0.12156863
0.18431373
0.25098041
0.29803923
0.36078432
0.44313726
0.45098040
0.44313726
0.36078432
0.42352942
0.50196081
0.38039216
0.20784314
0.22745098
0.40000001
0.50980395
0.27058825
0.23921569
0.24313726
0.21960784
0.20392157
0.16078432
0.11372549
0.16078432
0.14117648
0.14509805
0.17254902
0.22352941
0.17254902
0.07843138
0.03529412
0.01568628
0.10196079
0.13333334
0.25490198
0.28235295
0.42352942
0.41960785
0.34901962
0.32549021
0.22352941
0.34901962
0.38039216
0.18039216
0.08235294
0.29803923
0.56862748
0.43529412
0.26274511
0.31372550
0.29411766
0.23529412
0.19607843
0.14117648
0.11372549
0.14117648
0.15686275
0.13725491
0.13725491
0.15294118
0.08627451
0.04705882
0.01568628
0.00392157
0.22352941
0.10196079
0.18039216
0.21960784
0.40784314
0.39215687
0.30980393
0.28235295
0.24705882
0.32549021
0.34117648
0.20000000
0.23529412
0.47058824
0.57254905
0.26274511
0.23529412
0.35294119
0.37647060
0.16470589
0.10588235
0.26666668
0.24705882
0.11372549
0.02352941
0.05490196
0.11764706
0.14901961
0.11764706
0.04313726
0.00392157
0.00784314
0.34117648
0.19607843
0.12549020
0.16862746
0.33333334
0.38039216
0.34901962
0.27843139
0.30588236
0.33333334
0.31372550
0.29411766
0.32941177
0.55294120
0.45098040
0.25882354
0.32549021
0.41960785
0.30196080
0.12941177
0.11764706
0.17647059
0.18039216
0.21568628
0.08235294
0.03137255
0.12941177
0.16470589
0.12549020
0.05098039
0.00784314
0.01176471
0.33333334
0.33725491
0.24313726
0.15686275
0.23137255
0.28627452
0.22745098
0.23921569
0.33333334
0.30196080
0.29019609
0.30588236
0.41960785
0.53725493
0.36470589
0.29411766
0.25490198
0.31372550
0.20000000
0.11764706
0.09019608
0.05098039
0.03137255
0.14117648
0.14117648
0.05098039
0.10196079
0.12156863
0.07843138
0.05490196
0.01176471
0.01176471
0.33725491
0.35686275
0.34901962
0.27450982
0.17647059
0.16470589
0.12941177
0.24705882
0.32156864
0.26274511
0.28235295
0.28235295
0.46666667
0.45490196
0.36078432
0.27450982
0.21960784
0.13333334
0.09019608
0.09803922
0.07843138
0.02352941
0.01176471
0.05098039
0.10196079
0.05098039
0.09411765
0.09411765
0.04313726
0.04313726
0.00784314
0.01176471
0.32941177
0.34509805
0.31764707
0.22352941
0.11764706
0.09019608
0.12549020
0.25098041
0.21176471
0.20784314
0.24313726
0.21960784
0.43529412
0.46274510
0.38431373
0.27450982
0.16078432
0.07843138
0.05882353
0.09019608
0.14901961
0.10588235
0.07450981
0.02352941
0.03137255
0.03137255
0.06274510
0.07843138
0.02352941
0.01568628
0.00784314
0.01568628
0.29019609
0.30588236
0.20000000
0.05098039
0.03137255
0.05098039
0.11372549
0.14117648
0.10588235
0.14117648
0.11764706
0.15294118
0.40784314
0.44313726
0.42745098
0.24705882
0.08235294
0.14901961
0.18039216
0.18431373
0.21176471
0.17254902
0.10196079
0.07450981
0.02745098
0.03137255
0.04705882
0.05882353
0.01176471
0.00784314
0.00784314
0.02352941
0.98431373
0.96470588
0.85098040
0.54509807
0.43529412
0.53725493
0.49019608
0.33725491
0.45490196
0.45490196
0.40000001
0.45098040
0.59215689
0.58823532
0.40784314
0.43137255
0.43529412
0.48235294
0.61960787
0.81960785
0.95294118
0.93333334
0.93333334
0.93725491
0.95294118
0.85882354
0.47450981
0.21176471
0.14509805
0.18039216
0.21176471
0.23529412
0.95294118
0.95294118
0.75294119
0.51764709
0.51372552
0.46274510
0.46666667
0.51764709
0.42352942
0.45882353
0.53725493
0.61568630
0.62745100
0.61176473
0.50980395
0.49803922
0.45882353
0.47058824
0.50196081
0.72549021
0.94509804
0.96470588
0.98039216
0.98823529
0.97647059
0.97647059
0.66274512
0.22352941
0.16078432
0.18039216
0.19607843
0.17254902
0.79215688
0.76862746
0.58039218
0.43529412
0.43921569
0.34117648
0.35686275
0.45098040
0.29803923
0.50980395
0.61960787
0.67450982
0.61176473
0.50196081
0.39607844
0.29411766
0.37647060
0.51372552
0.43529412
0.56470591
0.82352942
0.96078432
0.99215686
0.99215686
0.98039216
0.82745099
0.42352942
0.16862746
0.14901961
0.15294118
0.11372549
0.11372549
0.57254905
0.49411765
0.41960785
0.30980393
0.30588236
0.31764707
0.30980393
0.58431375
0.42352942
0.47058824
0.51372552
0.54901963
0.61960787
0.60392159
0.45490196
0.21176471
0.25882354
0.40392157
0.36470589
0.41960785
0.62352943
0.87843138
0.98039216
0.98431373
0.87058824
0.44313726
0.14901961
0.11372549
0.13725491
0.14901961
0.09411765
0.09803922
0.47843137
0.39607844
0.29411766
0.31372550
0.29411766
0.32156864
0.43921569
0.74509805
0.50980395
0.37647060
0.41176471
0.45098040
0.52156866
0.63137257
0.53725493
0.40000001
0.26274511
0.25490198
0.32549021
0.36862746
0.49411765
0.78823531
0.90980393
0.84313726
0.49803922
0.16862746
0.12941177
0.12156863
0.16862746
0.21176471
0.13725491
0.09803922
0.40784314
0.47450981
0.42352942
0.36470589
0.14509805
0.27450982
0.48627451
0.48235294
0.42352942
0.24705882
0.29019609
0.36470589
0.41176471
0.60784316
0.59215689
0.50196081
0.35294119
0.31764707
0.34901962
0.34901962
0.43137255
0.63921571
0.72941178
0.51372552
0.23529412
0.18431373
0.15294118
0.14509805
0.21960784
0.24705882
0.21960784
0.22745098
0.37254903
0.36078432
0.41568628
0.43921569
0.47450981
0.29803923
0.25882354
0.36470589
0.36862746
0.16862746
0.10196079
0.12156863
0.26666668
0.50588238
0.60000002
0.52941179
0.48627451
0.38823530
0.31372550
0.29803923
0.36862746
0.56862748
0.56470591
0.28235295
0.18039216
0.13333334
0.14901961
0.20784314
0.23921569
0.27450982
0.27843139
0.26274511
0.37254903
0.26274511
0.31372550
0.49019608
0.61568630
0.33333334
0.12549020
0.25098041
0.35294119
0.16862746
0.10196079
0.01960784
0.09019608
0.34901962
0.51764709
0.49019608
0.39607844
0.29803923
0.17254902
0.23529412
0.38039216
0.56470591
0.54117650
0.25882354
0.12156863
0.15686275
0.21960784
0.24313726
0.22745098
0.25882354
0.21960784
0.17647059
0.26274511
0.24313726
0.44705883
0.43529412
0.38431373
0.27450982
0.18823530
0.21568628
0.27843139
0.28235295
0.26274511
0.08235294
0.02352941
0.24313726
0.45882353
0.39607844
0.27450982
0.20784314
0.27843139
0.39607844
0.51764709
0.53725493
0.51764709
0.33333334
0.15686275
0.17647059
0.19215687
0.18039216
0.21176471
0.27058825
0.27058825
0.22352941
0.18039216
0.32941177
0.49803922
0.38431373
0.30980393
0.27843139
0.14509805
0.21176471
0.20392157
0.21568628
0.22745098
0.13725491
0.01960784
0.18431373
0.45882353
0.39607844
0.32156864
0.34117648
0.45098040
0.53333336
0.50980395
0.48627451
0.46666667
0.42745098
0.23921569
0.15294118
0.13725491
0.16862746
0.23921569
0.25882354
0.21176471
0.19215687
0.24313726
0.38039216
0.36078432
0.24313726
0.14509805
0.23529412
0.13333334
0.16862746
0.20000000
0.18039216
0.18431373
0.16078432
0.05098039
0.11764706
0.37647060
0.42745098
0.35686275
0.46666667
0.52156866
0.51764709
0.50196081
0.47450981
0.42745098
0.44705883
0.25490198
0.11764706
0.12549020
0.17254902
0.16470589
0.16078432
0.16078432
0.18039216
0.28627452
0.30980393
0.25882354
0.16470589
0.05490196
0.17254902
0.19215687
0.13333334
0.16078432
0.14509805
0.14117648
0.10980392
0.06274510
0.12941177
0.40392157
0.46666667
0.36862746
0.47450981
0.57647061
0.58039218
0.56470591
0.49411765
0.43921569
0.41960785
0.25490198
0.12941177
0.20000000
0.21176471
0.16862746
0.23137255
0.22745098
0.18823530
0.26666668
0.21960784
0.21176471
0.10980392
0.03137255
0.14901961
0.21176471
0.12941177
0.12156863
0.11372549
0.22745098
0.15686275
0.10588235
0.18039216
0.46274510
0.52156866
0.40000001
0.49411765
0.61568630
0.60784316
0.53333336
0.49411765
0.42745098
0.37647060
0.28235295
0.09411765
0.14901961
0.18039216
0.22352941
0.27843139
0.19607843
0.18823530
0.22352941
0.16078432
0.20784314
0.09019608
0.00392157
0.08235294
0.24313726
0.21568628
0.14901961
0.28627452
0.38431373
0.28235295
0.31764707
0.24313726
0.43137255
0.57254905
0.47843137
0.53333336
0.56078434
0.56862748
0.53333336
0.45490196
0.37647060
0.32156864
0.23921569
0.12941177
0.11764706
0.14901961
0.15294118
0.21176471
0.19215687
0.17254902
0.20000000
0.16078432
0.22352941
0.13725491
0.03529412
0.03529412
0.21176471
0.23921569
0.15294118
0.36862746
0.41960785
0.36470589
0.38431373
0.32156864
0.45882353
0.58823532
0.44313726
0.43137255
0.45490196
0.38823530
0.36862746
0.34509805
0.25882354
0.21568628
0.16078432
0.20000000
0.17647059
0.20000000
0.16862746
0.18823530
0.26274511
0.21568628
0.23921569
0.16862746
0.25098041
0.22352941
0.14509805
0.05882353
0.11372549
0.21960784
0.18039216
0.33725491
0.44313726
0.42352942
0.42745098
0.37647060
0.45490196
0.58431375
0.34117648
0.34117648
0.32549021
0.25098041
0.16078432
0.17647059
0.22352941
0.21176471
0.08627451
0.16470589
0.15686275
0.10588235
0.15686275
0.14509805
0.23529412
0.24705882
0.30980393
0.15686275
0.21960784
0.26666668
0.26666668
0.16078432
0.06274510
0.21176471
0.31372550
0.36078432
0.46666667
0.43529412
0.49411765
0.36470589
0.42745098
0.60000002
0.36078432
0.34117648
0.20392157
0.21568628
0.19215687
0.22745098
0.33725491
0.29019609
0.07843138
0.09803922
0.13725491
0.11372549
0.12941177
0.13333334
0.16078432
0.17647059
0.33725491
0.19215687
0.23921569
0.30196080
0.33333334
0.28235295
0.11764706
0.16078432
0.36470589
0.41960785
0.46274510
0.48627451
0.52941179
0.39215687
0.47843137
0.59607846
0.39215687
0.30980393
0.25490198
0.24705882
0.21568628
0.32156864
0.37647060
0.25882354
0.11764706
0.09803922
0.09803922
0.11372549
0.09019608
0.15294118
0.16862746
0.16862746
0.29803923
0.22352941
0.29803923
0.29019609
0.27843139
0.34901962
0.31764707
0.20392157
0.30980393
0.41960785
0.46666667
0.51372552
0.50588238
0.45490196
0.52549022
0.55294120
0.32549021
0.14117648
0.17254902
0.24705882
0.21960784
0.31372550
0.25490198
0.10196079
0.12549020
0.14509805
0.15294118
0.16078432
0.07843138
0.10980392
0.12941177
0.13333334
0.23921569
0.20000000
0.18039216
0.13333334
0.21960784
0.40392157
0.49411765
0.38431373
0.30588236
0.37254903
0.40784314
0.41568628
0.40392157
0.42352942
0.60000002
0.50588238
0.35686275
0.23137255
0.28235295
0.24705882
0.15686275
0.13333334
0.04313726
0.06666667
0.10980392
0.15686275
0.13333334
0.15686275
0.10588235
0.05490196
0.07843138
0.07058824
0.19215687
0.13725491
0.19607843
0.24705882
0.23137255
0.34901962
0.52549022
0.56862748
0.39607844
0.18823530
0.26274511
0.29411766
0.43529412
0.52941179
0.62352943
0.48627451
0.31372550
0.38431373
0.37254903
0.16078432
0.06274510
0.07450981
0.10196079
0.14901961
0.17254902
0.12941177
0.05098039
0.07058824
0.10980392
0.07843138
0.05882353
0.03921569
0.15686275
0.12156863
0.25882354
0.22352941
0.23529412
0.29019609
0.40784314
0.53725493
0.56862748
0.35294119
0.12941177
0.27450982
0.52941179
0.43137255
0.52156866
0.45490196
0.27058825
0.32156864
0.20000000
0.14509805
0.13725491
0.14901961
0.15294118
0.17254902
0.13725491
0.13725491
0.14901961
0.06666667
0.03921569
0.08235294
0.05882353
0.01960784
0.11764706
0.10588235
0.18039216
0.18823530
0.18039216
0.19215687
0.25882354
0.32941177
0.50196081
0.50980395
0.32156864
0.38823530
0.41176471
0.26274511
0.44313726
0.43921569
0.36862746
0.21960784
0.14901961
0.22352941
0.21176471
0.15294118
0.09019608
0.11764706
0.13333334
0.11764706
0.13333334
0.12941177
0.09803922
0.07843138
0.03921569
0.01568628
0.10588235
0.14117648
0.16470589
0.18823530
0.18039216
0.29411766
0.32549021
0.31372550
0.40784314
0.48235294
0.48627451
0.43529412
0.29411766
0.24313726
0.29803923
0.44313726
0.31764707
0.12549020
0.18823530
0.22352941
0.17254902
0.12941177
0.08627451
0.06274510
0.04313726
0.05882353
0.14117648
0.23137255
0.17254902
0.05882353
0.02745098
0.02352941
0.10980392
0.14117648
0.16470589
0.19607843
0.27058825
0.34117648
0.34901962
0.36470589
0.31372550
0.38823530
0.45882353
0.33725491
0.16862746
0.15686275
0.30980393
0.42352942
0.19215687
0.16078432
0.16862746
0.15294118
0.14509805
0.10588235
0.08235294
0.14901961
0.12156863
0.11764706
0.13333334
0.18431373
0.14901961
0.06666667
0.03137255
0.01176471
0.09019608
0.09411765
0.18039216
0.19215687
0.32941177
0.31372550
0.24313726
0.24705882
0.18039216
0.31372550
0.34117648
0.13725491
0.04705882
0.21176471
0.46274510
0.34117648
0.18431373
0.24313726
0.22745098
0.17647059
0.14117648
0.09411765
0.07843138
0.12156863
0.13725491
0.11764706
0.12156863
0.12549020
0.06274510
0.03529412
0.01960784
0.01176471
0.20784314
0.06274510
0.12156863
0.14509805
0.32156864
0.28627452
0.20392157
0.20392157
0.20784314
0.29019609
0.29411766
0.15294118
0.18823530
0.37254903
0.45490196
0.16470589
0.15686275
0.28627452
0.31372550
0.11764706
0.07058824
0.22352941
0.20784314
0.08627451
0.01568628
0.05098039
0.10980392
0.12941177
0.09411765
0.03529412
0.00784314
0.01960784
0.34117648
0.18431373
0.09019608
0.10980392
0.24313726
0.27843139
0.25882354
0.21960784
0.26666668
0.28627452
0.25490198
0.22745098
0.25490198
0.44705883
0.33725491
0.15686275
0.23137255
0.34117648
0.24313726
0.08627451
0.07843138
0.14117648
0.14901961
0.18039216
0.05490196
0.01960784
0.10980392
0.14901961
0.11764706
0.03921569
0.00392157
0.00392157
0.34509805
0.33333334
0.21960784
0.11372549
0.16078432
0.19607843
0.14901961
0.18823530
0.29019609
0.24705882
0.22745098
0.23137255
0.33725491
0.43921569
0.26666668
0.20392157
0.16862746
0.24313726
0.15294118
0.07843138
0.05490196
0.03529412
0.01960784
0.11372549
0.11372549
0.02745098
0.07843138
0.10980392
0.07450981
0.04313726
0.00392157
0.00000000
0.34901962
0.35294119
0.33333334
0.24705882
0.13725491
0.10196079
0.06274510
0.18823530
0.27450982
0.21176471
0.22352941
0.21960784
0.38823530
0.37647060
0.28235295
0.20392157
0.15294118
0.08235294
0.05882353
0.07058824
0.05882353
0.01568628
0.00392157
0.03529412
0.08235294
0.02745098
0.07058824
0.07843138
0.03529412
0.03529412
0.00392157
0.00392157
0.34509805
0.34117648
0.30588236
0.21568628
0.10588235
0.05098039
0.07058824
0.19215687
0.16470589
0.16078432
0.18823530
0.15686275
0.36470589
0.39607844
0.32156864
0.21960784
0.11764706
0.03921569
0.03137255
0.07058824
0.12941177
0.09019608
0.06274510
0.01568628
0.01568628
0.01568628
0.04705882
0.06274510
0.01568628
0.00784314
0.00000000
0.00784314
0.30196080
0.30588236
0.19607843
0.05098039
0.03921569
0.03137255
0.06666667
0.09411765
0.06666667
0.10588235
0.07450981
0.09411765
0.34117648
0.38039216
0.36862746
0.20000000
0.04705882
0.10588235
0.13725491
0.14901961
0.17647059
0.14509805
0.08627451
0.06274510
0.01568628
0.01960784
0.03137255
0.04705882
0.00392157
0.00000000
0.00000000
0.01176471
1 0 0 -1 0 0 0 0 0 0 0
0 1 0 -1 0 0 0 0 0 0 0
0 0 1 -1 0 0 0 0 0 0 0
0 0 0 -1 1 0 0 0 0 0 0
0 0 0 -1 0 1 0 0 0 0 0
0 0 0 -1 0 0 1 0 0 0 0
0 0 0 -1 0 0 0 1 0 0 0
0 0 0 -1 0 0 0 0 1 0 0
0 0 0 -1 0 0 0 0 0 1 0
