0.85882354
0.85490197
0.83529413
0.84705883
0.83137256
0.82745099
0.83137256
0.79607844
0.85882354
0.88627452
0.80784315
0.68627453
0.61568630
0.58823532
0.56470591
0.58039218
0.61176473
0.61568630
0.61960787
0.61960787
0.51764709
0.45490196
0.50196081
0.52156866
0.58039218
0.61960787
0.69411767
0.76470590
0.80392158
0.84705883
0.88627452
0.89411765
0.86274511
0.86666667
0.86666667
0.85098040
0.84705883
0.86274511
0.87058824
0.84313726
0.89019608
0.92156863
0.92549020
0.92549020
0.88235295
0.78823531
0.68235296
0.60392159
0.57647061
0.62745100
0.67058825
0.66274512
0.55686277
0.51764709
0.48627451
0.54509807
0.66666669
0.73333335
0.78823531
0.80784315
0.84705883
0.90196079
0.91372550
0.89803922
0.78431374
0.79215688
0.81176472
0.83921570
0.86274511
0.86666667
0.86666667
0.86274511
0.86666667
0.86666667
0.89019608
0.93333334
0.94509804
0.97254902
0.96078432
0.89019608
0.78039217
0.66274512
0.60392159
0.63137257
0.62352943
0.55294120
0.48627451
0.56470591
0.67450982
0.73333335
0.78823531
0.81176472
0.85098040
0.89411765
0.87450981
0.82352942
0.66666669
0.66666669
0.63529414
0.69803923
0.75294119
0.78431374
0.81568629
0.82745099
0.81176472
0.82745099
0.83529413
0.87843138
0.87843138
0.89019608
0.91764706
0.99215686
0.99607843
0.89803922
0.75686276
0.70196080
0.62745100
0.57647061
0.53725493
0.61176473
0.69019610
0.73333335
0.78823531
0.81568629
0.84705883
0.86666667
0.81568629
0.78823531
0.69019610
0.65490198
0.60784316
0.59607846
0.60000002
0.60784316
0.61176473
0.61176473
0.72549021
0.83921570
0.82745099
0.83529413
0.83137256
0.78431374
0.79607844
0.88235295
0.93333334
0.94901961
0.92156863
0.90588236
0.84313726
0.73725492
0.63529414
0.64705884
0.70588237
0.72941178
0.77254903
0.79215688
0.81568629
0.83529413
0.81960785
0.78431374
0.91372550
0.87843138
0.85098040
0.79607844
0.74117649
0.70196080
0.66274512
0.54901963
0.71764708
0.83529413
0.69803923
0.63529414
0.70196080
0.70196080
0.75686276
0.84705883
0.86666667
0.88235295
0.91372550
0.92156863
0.92156863
0.89019608
0.83529413
0.68235296
0.58431375
0.70196080
0.74117649
0.75686276
0.81960785
0.88235295
0.85098040
0.80000001
1.00000000
0.99607843
0.98823529
0.96862745
0.95686275
0.94509804
0.93725491
0.78431374
0.78823531
0.86666667
0.76470590
0.67058825
0.62352943
0.60784316
0.66666669
0.73725492
0.82745099
0.88627452
0.86274511
0.85490197
0.81568629
0.72549021
0.82745099
0.67843139
0.42352942
0.66666669
0.74117649
0.76470590
0.84705883
0.90588236
0.85098040
0.82352942
1.00000000
0.99215686
0.97647059
0.96862745
0.98823529
0.98431373
1.00000000
0.78823531
0.58039218
0.69019610
0.65490198
0.65098041
0.78823531
0.72941178
0.43529412
0.35294119
0.74117649
0.95294118
0.90588236
0.90196079
0.64313728
0.32549021
0.64313728
0.55686277
0.55686277
0.68627453
0.75294119
0.78431374
0.81176472
0.87450981
0.86666667
0.85882354
0.98431373
0.98039216
0.95686275
0.97254902
0.98823529
0.98823529
0.98823529
0.66666669
0.40392157
0.50980395
0.52549022
0.63137257
0.84313726
0.77254903
0.34117648
0.39607844
0.76862746
0.56078434
0.66666669
0.64705884
0.60392159
0.45098040
0.55686277
0.54509807
0.69411767
0.73725492
0.79607844
0.82352942
0.80392158
0.86274511
0.87058824
0.86274511
0.94117647
0.87450981
0.58039218
0.74117649
0.96470588
0.83137256
0.75294119
0.58039218
0.45098040
0.41176471
0.42352942
0.65490198
0.86666667
0.74901962
0.70588237
0.85098040
0.85098040
0.56470591
0.63137257
0.52549022
0.63529414
0.60784316
0.51372552
0.54901963
0.64313728
0.63921571
0.69411767
0.78039217
0.81960785
0.87450981
0.82352942
0.82745099
0.96862745
0.91764706
0.73333335
0.80000001
0.97647059
0.67843139
0.40392157
0.40784314
0.21176471
0.10980392
0.20000000
0.29411766
0.63921571
0.34901962
0.42352942
0.76862746
0.52941179
0.53725493
0.67450982
0.56470591
0.65490198
0.51372552
0.50980395
0.63137257
0.73333335
0.66274512
0.58823532
0.59607846
0.65882355
0.68627453
0.66666669
0.79215688
0.94901961
0.93333334
0.81176472
0.90980393
0.98039216
0.71372551
0.40000001
0.46666667
0.22745098
0.21568628
0.49803922
0.36078432
0.60000002
0.21960784
0.12549020
0.61568630
0.15686275
0.20784314
0.42745098
0.17254902
0.54901963
0.55294120
0.62745100
0.75294119
0.84705883
0.73725492
0.56470591
0.53333336
0.63137257
0.70196080
0.76862746
0.83921570
0.91372550
0.83921570
0.43137255
0.72549021
0.97254902
0.53333336
0.36862746
0.48235294
0.24313726
0.29411766
0.48627451
0.30980393
0.66274512
0.23137255
0.14117648
0.65490198
0.18431373
0.19607843
0.38823530
0.11764706
0.59215689
0.60392159
0.61176473
0.55294120
0.65490198
0.74901962
0.67058825
0.66666669
0.67843139
0.74901962
0.78431374
0.85490197
0.97254902
0.94901961
0.84705883
0.85098040
0.96078432
0.54901963
0.41568628
0.40392157
0.20392157
0.30980393
0.39607844
0.29019609
0.62745100
0.17254902
0.20392157
0.62745100
0.17647059
0.21176471
0.42745098
0.21176471
0.62352943
0.58431375
0.58823532
0.44705883
0.52941179
0.78039217
0.75294119
0.74509805
0.74509805
0.77647060
0.74901962
0.85098040
0.92156863
0.89803922
0.58431375
0.72549021
0.88235295
0.56078434
0.47843137
0.43137255
0.36862746
0.44313726
0.46666667
0.49803922
0.65098041
0.35294119
0.44313726
0.73333335
0.43529412
0.47843137
0.65490198
0.54117650
0.66666669
0.55294120
0.60784316
0.48235294
0.56470591
0.83921570
0.75686276
0.77647060
0.79215688
0.78823531
0.78823531
0.86274511
0.92156863
0.90980393
0.61568630
0.76862746
0.68627453
0.41960785
0.49019608
0.48235294
0.40392157
0.46666667
0.69019610
0.77647060
0.73725492
0.70980394
0.75686276
0.75294119
0.74509805
0.77254903
0.77254903
0.74509805
0.65098041
0.55294120
0.60392159
0.49803922
0.56862748
0.80784315
0.70196080
0.72549021
0.70980394
0.72156864
0.76078433
0.80000001
1.00000000
0.99215686
0.99215686
0.99607843
0.68627453
0.29019609
0.28235295
0.28235295
0.23137255
0.33333334
0.74117649
0.78039217
0.73333335
0.76470590
0.79215688
0.78039217
0.80784315
0.83921570
0.81568629
0.78039217
0.65490198
0.56862748
0.58823532
0.47843137
0.54509807
0.79215688
0.73333335
0.73333335
0.73333335
0.73725492
0.78431374
0.80000001
1.00000000
0.99215686
0.98431373
0.99607843
0.76862746
0.39215687
0.28235295
0.23137255
0.25882354
0.37647060
0.73333335
0.83137256
0.74901962
0.74901962
0.77647060
0.76862746
0.78431374
0.79215688
0.78039217
0.76470590
0.56470591
0.50980395
0.58823532
0.49803922
0.63529414
0.82352942
0.77647060
0.49019608
0.43137255
0.52549022
0.78431374
0.85490197
1.00000000
0.99215686
0.95686275
0.89019608
0.82745099
0.45882353
0.26666668
0.25490198
0.38431373
0.51372552
0.78431374
0.85098040
0.76470590
0.74117649
0.77647060
0.75294119
0.61568630
0.60392159
0.79215688
0.86274511
0.50588238
0.41568628
0.58823532
0.57254905
0.70980394
0.81176472
0.73725492
0.45882353
0.32549021
0.47843137
0.78823531
0.83529413
1.00000000
0.98431373
0.92941177
0.81176472
0.82352942
0.47058824
0.20000000
0.26274511
0.49019608
0.57254905
0.76078433
0.79215688
0.78823531
0.82352942
0.87450981
0.68627453
0.29019609
0.30196080
0.76078433
0.85490197
0.54117650
0.45882353
0.58431375
0.53333336
0.56470591
0.70588237
0.63921571
0.47843137
0.36078432
0.49803922
0.74901962
0.74901962
1.00000000
0.99607843
0.92941177
0.80000001
0.69411767
0.39607844
0.28235295
0.35686275
0.49019608
0.69019610
0.92156863
0.90196079
0.91372550
0.92941177
0.85098040
0.49803922
0.18039216
0.20392157
0.50196081
0.71372551
0.69411767
0.65882355
0.71764708
0.69019610
0.56078434
0.47450981
0.28235295
0.41568628
0.33333334
0.59215689
0.70980394
0.70980394
0.97647059
0.96470588
0.86666667
0.66274512
0.71372551
0.64313728
0.51372552
0.43921569
0.47843137
0.64313728
0.78431374
0.80000001
0.79215688
0.85490197
0.68235296
0.40000001
0.43921569
0.30588236
0.39215687
0.60000002
0.62352943
0.67058825
0.56470591
0.34509805
0.16078432
0.14117648
0.12156863
0.30980393
0.32549021
0.59215689
0.65882355
0.75294119
0.84313726
0.83529413
0.79215688
0.61568630
0.67058825
0.65490198
0.53333336
0.42352942
0.53333336
0.63529414
0.67058825
0.76470590
0.76862746
0.79607844
0.56862748
0.33333334
0.56862748
0.37254903
0.25490198
0.28235295
0.30196080
0.30196080
0.14117648
0.11764706
0.17647059
0.25490198
0.29411766
0.39215687
0.42745098
0.51764709
0.60784316
0.67058825
0.83529413
0.78039217
0.72549021
0.48235294
0.44705883
0.46666667
0.51764709
0.46274510
0.51764709
0.48235294
0.43529412
0.65098041
0.75686276
0.65490198
0.27450982
0.23921569
0.49803922
0.32549021
0.16078432
0.17254902
0.16470589
0.18823530
0.22745098
0.29019609
0.33333334
0.39607844
0.45098040
0.49019608
0.44705883
0.53725493
0.58431375
0.64705884
0.87843138
0.74901962
0.63921571
0.49019608
0.54901963
0.58823532
0.64313728
0.58823532
0.34509805
0.13333334
0.07843138
0.30588236
0.58039218
0.55686277
0.20000000
0.16862746
0.27058825
0.21568628
0.21960784
0.31372550
0.30588236
0.30980393
0.34901962
0.37647060
0.38823530
0.44313726
0.53725493
0.47843137
0.43921569
0.47843137
0.48627451
0.60784316
0.81568629
0.70588237
0.59607846
0.61960787
0.67843139
0.57647061
0.40784314
0.39607844
0.27058825
0.03529412
0.00000000
0.03529412
0.12941177
0.32156864
0.25882354
0.09803922
0.16470589
0.26666668
0.33333334
0.36470589
0.40392157
0.40784314
0.42745098
0.42745098
0.47450981
0.52549022
0.53333336
0.42352942
0.39215687
0.42745098
0.47058824
0.59215689
0.76862746
0.74509805
0.72156864
0.69411767
0.63921571
0.54901963
0.40784314
0.27058825
0.19215687
0.10196079
0.13333334
0.16470589
0.23529412
0.40000001
0.37647060
0.26666668
0.32549021
0.37647060
0.40000001
0.39607844
0.42352942
0.46666667
0.49803922
0.47843137
0.49411765
0.54117650
0.54901963
0.47450981
0.49803922
0.47058824
0.50588238
0.59215689
0.76078433
0.74901962
0.75686276
0.73333335
0.70980394
0.60000002
0.47843137
0.36470589
0.31372550
0.30196080
0.38431373
0.39607844
0.41960785
0.42745098
0.42352942
0.41568628
0.43529412
0.43529412
0.41960785
0.42352942
0.49019608
0.54117650
0.52549022
0.49411765
0.51764709
0.60784316
0.60392159
0.54509807
0.52941179
0.53333336
0.58431375
0.62352943
0.76862746
0.74901962
0.72941178
0.71372551
0.68235296
0.55294120
0.43529412
0.40392157
0.37254903
0.36470589
0.39215687
0.42745098
0.44705883
0.45490196
0.45882353
0.44313726
0.46666667
0.47843137
0.44313726
0.48627451
0.50588238
0.50196081
0.52549022
0.52941179
0.58039218
0.60392159
0.56078434
0.52156866
0.55686277
0.60784316
0.59607846
0.62745100
0.71764708
0.71764708
0.68235296
0.63921571
0.52941179
0.44313726
0.42745098
0.39607844
0.36470589
0.38039216
0.40392157
0.45490196
0.49411765
0.49803922
0.47450981
0.49411765
0.52941179
0.49019608
0.46666667
0.50588238
0.46274510
0.46666667
0.50196081
0.49411765
0.50196081
0.51764709
0.50980395
0.54509807
0.59215689
0.54901963
0.57647061
0.63921571
0.67058825
0.69019610
0.65490198
0.54509807
0.44705883
0.42352942
0.41568628
0.40000001
0.40000001
0.42352942
0.43137255
0.45098040
0.47058824
0.46274510
0.49803922
0.55294120
0.53725493
0.46666667
0.49411765
0.53725493
0.49019608
0.47058824
0.49803922
0.47843137
0.48235294
0.51764709
0.54509807
0.55686277
0.49803922
0.49803922
0.55686277
0.61568630
0.66666669
0.67843139
0.63529414
0.59215689
0.53333336
0.47450981
0.40784314
0.40000001
0.39215687
0.40392157
0.44705883
0.45882353
0.45098040
0.45098040
0.49803922
0.55294120
0.51764709
0.46274510
0.51764709
0.54509807
0.50196081
0.47058824
0.47843137
0.46666667
0.49411765
0.51764709
0.52549022
0.49803922
0.46666667
0.50980395
0.54509807
0.58431375
0.48235294
0.49411765
0.48235294
0.49411765
0.48235294
0.48235294
0.48235294
0.47450981
0.68235296
0.80784315
0.69803923
0.61568630
0.57647061
0.59215689
0.63529414
0.70196080
0.74117649
0.73725492
0.72941178
0.72156864
0.60000002
0.53333336
0.59215689
0.61568630
0.67058825
0.70196080
0.77254903
0.83529413
0.86274511
0.88235295
0.90588236
0.89411765
0.50980395
0.50588238
0.49411765
0.48235294
0.48235294
0.49411765
0.49803922
0.48627451
0.67450982
0.85098040
0.85882354
0.84313726
0.77647060
0.69803923
0.63529414
0.59607846
0.62352943
0.69019610
0.74117649
0.75294119
0.63529414
0.63137257
0.64313728
0.67843139
0.75294119
0.79607844
0.84705883
0.86274511
0.88627452
0.90588236
0.89803922
0.86666667
0.54901963
0.53333336
0.52941179
0.51372552
0.50980395
0.50588238
0.50196081
0.45098040
0.48235294
0.66274512
0.77254903
0.80784315
0.84313726
0.87058824
0.85098040
0.78039217
0.69803923
0.60000002
0.58823532
0.68627453
0.67450982
0.65882355
0.66666669
0.71764708
0.76078433
0.78823531
0.83529413
0.85098040
0.87843138
0.90980393
0.87450981
0.80392158
0.57647061
0.54901963
0.49411765
0.49019608
0.50196081
0.51764709
0.53725493
0.50588238
0.42745098
0.47843137
0.52941179
0.54901963
0.65882355
0.71764708
0.78431374
0.90196079
0.92549020
0.78039217
0.58039218
0.52549022
0.51764709
0.56862748
0.60784316
0.69803923
0.75686276
0.78823531
0.83529413
0.85490197
0.88235295
0.90196079
0.83921570
0.79607844
0.67843139
0.62352943
0.56078434
0.53333336
0.52156866
0.50980395
0.49803922
0.45098040
0.41568628
0.44705883
0.49411765
0.47843137
0.48627451
0.47450981
0.52941179
0.65882355
0.76470590
0.72941178
0.59607846
0.56862748
0.56078434
0.52549022
0.49803922
0.58823532
0.72549021
0.79215688
0.83137256
0.84313726
0.85490197
0.85882354
0.82745099
0.77647060
0.89411765
0.85098040
0.81960785
0.78823531
0.73725492
0.67843139
0.63137257
0.43529412
0.37647060
0.43921569
0.49411765
0.49411765
0.47843137
0.45098040
0.45882353
0.51372552
0.55294120
0.54117650
0.53333336
0.54901963
0.58431375
0.57254905
0.51764709
0.47843137
0.56078434
0.74509805
0.79215688
0.81176472
0.83137256
0.87450981
0.86274511
0.79607844
0.95294118
0.93725491
0.94117647
0.93333334
0.91764706
0.89803922
0.89019608
0.65490198
0.44313726
0.50196081
0.63137257
0.63529414
0.56862748
0.52941179
0.53333336
0.53725493
0.58823532
0.62745100
0.56862748
0.53333336
0.52941179
0.46274510
0.48235294
0.43137255
0.41568628
0.72549021
0.80784315
0.84705883
0.86666667
0.89803922
0.86274511
0.82352942
0.94901961
0.92549020
0.92941177
0.92156863
0.93333334
0.92941177
0.95294118
0.69019610
0.34901962
0.43137255
0.49019608
0.51372552
0.72549021
0.70980394
0.43529412
0.33725491
0.69411767
0.89411765
0.82745099
0.80000001
0.50196081
0.16470589
0.41960785
0.38823530
0.57254905
0.76862746
0.81176472
0.85490197
0.87843138
0.90588236
0.85098040
0.80392158
0.93333334
0.92156863
0.91764706
0.92941177
0.93333334
0.93333334
0.94117647
0.59607846
0.29411766
0.40784314
0.43137255
0.52549022
0.80000001
0.78431374
0.38039216
0.43921569
0.79607844
0.58823532
0.69411767
0.67843139
0.55686277
0.36078432
0.44705883
0.40000001
0.62352943
0.77647060
0.81960785
0.85098040
0.89019608
0.92549020
0.85882354
0.80392158
0.89803922
0.82352942
0.54509807
0.70588237
0.92156863
0.79607844
0.73333335
0.53725493
0.41568628
0.42745098
0.45098040
0.69411767
0.87450981
0.77254903
0.72156864
0.84705883
0.85882354
0.58431375
0.65490198
0.55294120
0.60000002
0.54901963
0.45882353
0.34901962
0.35294119
0.47843137
0.59215689
0.66274512
0.78823531
0.87843138
0.81960785
0.80784315
0.92941177
0.87058824
0.70588237
0.77254903
0.94509804
0.66666669
0.41176471
0.40000001
0.22352941
0.15686275
0.24705882
0.41568628
0.67843139
0.37647060
0.43137255
0.74901962
0.52941179
0.54901963
0.68235296
0.57254905
0.63529414
0.49411765
0.50196081
0.36862746
0.16470589
0.18823530
0.29411766
0.26274511
0.39215687
0.50196081
0.61568630
0.80000001
0.92156863
0.89411765
0.79215688
0.89019608
0.96470588
0.72549021
0.43529412
0.50196081
0.28627452
0.22745098
0.50196081
0.47450981
0.63529414
0.27450982
0.18039216
0.63529414
0.19215687
0.24705882
0.46274510
0.20392157
0.56078434
0.58039218
0.65882355
0.49019608
0.21176471
0.24705882
0.32941177
0.27843139
0.35294119
0.34901962
0.65098041
0.84313726
0.89019608
0.80784315
0.42352942
0.69803923
0.95686275
0.57254905
0.42745098
0.54117650
0.30196080
0.23529412
0.52549022
0.41568628
0.69019610
0.31372550
0.18039216
0.65490198
0.21568628
0.23921569
0.43137255
0.16470589
0.58823532
0.61568630
0.60784316
0.41568628
0.22745098
0.32156864
0.38039216
0.41960785
0.43137255
0.39607844
0.65490198
0.84313726
0.94117647
0.91764706
0.84313726
0.82352942
0.93725491
0.57254905
0.44705883
0.41960785
0.21960784
0.23529412
0.42352942
0.34509805
0.65490198
0.20000000
0.17647059
0.63529414
0.22745098
0.25490198
0.45098040
0.21176471
0.59215689
0.58823532
0.54901963
0.32941177
0.22745098
0.48235294
0.47450981
0.49019608
0.49411765
0.48235294
0.61176473
0.82352942
0.87843138
0.85490197
0.56470591
0.69803923
0.85098040
0.54117650
0.45490196
0.40784314
0.39607844
0.43529412
0.44705883
0.45490196
0.61568630
0.32941177
0.37647060
0.69019610
0.41568628
0.44313726
0.60392159
0.47058824
0.62745100
0.57647061
0.56470591
0.32941177
0.23137255
0.53725493
0.43137255
0.42745098
0.45098040
0.45882353
0.58823532
0.81568629
0.87058824
0.85882354
0.58431375
0.73725492
0.63921571
0.36470589
0.42352942
0.38823530
0.31764707
0.34901962
0.41960785
0.45098040
0.42745098
0.32156864
0.32549021
0.40000001
0.31372550
0.31372550
0.36470589
0.37254903
0.50980395
0.58823532
0.55686277
0.34117648
0.15294118
0.32156864
0.22352941
0.26666668
0.31372550
0.34901962
0.49803922
0.74901962
0.94117647
0.93333334
0.94901961
0.96078432
0.62745100
0.20784314
0.20784314
0.18431373
0.08627451
0.09803922
0.20784314
0.19215687
0.15294118
0.12941177
0.09411765
0.12941177
0.07450981
0.10588235
0.18039216
0.21568628
0.42745098
0.60392159
0.55686277
0.35686275
0.17254902
0.38039216
0.42352942
0.52941179
0.60392159
0.45882353
0.52549022
0.76470590
0.94117647
0.92941177
0.92941177
0.95686275
0.70196080
0.30196080
0.21960784
0.20392157
0.18039216
0.11372549
0.07450981
0.14901961
0.12941177
0.18039216
0.11764706
0.04705882
0.10980392
0.16470589
0.19607843
0.21568628
0.31764707
0.52549022
0.57647061
0.43529412
0.36078432
0.52941179
0.59215689
0.41960785
0.44313726
0.31764707
0.55294120
0.85098040
0.94117647
0.93333334
0.91372550
0.85490197
0.78431374
0.40000001
0.21960784
0.20784314
0.29803923
0.17254902
0.00000000
0.12549020
0.09803922
0.07843138
0.07058824
0.14117648
0.21960784
0.25882354
0.43137255
0.49019608
0.32941177
0.42745098
0.59215689
0.48627451
0.41176471
0.45490196
0.52941179
0.41960785
0.37647060
0.38039216
0.65882355
0.83921570
0.94509804
0.94117647
0.89411765
0.78039217
0.80000001
0.44705883
0.16470589
0.20000000
0.46666667
0.33725491
0.16470589
0.29803923
0.33333334
0.39607844
0.48235294
0.44313726
0.23529412
0.23137255
0.56078434
0.55294120
0.38431373
0.47058824
0.59215689
0.40392157
0.22745098
0.30588236
0.42352942
0.43529412
0.39215687
0.49411765
0.73333335
0.74117649
0.94901961
0.94901961
0.88235295
0.74117649
0.64313728
0.36470589
0.24313726
0.31764707
0.50196081
0.64705884
0.75294119
0.71764708
0.73725492
0.70196080
0.70196080
0.45882353
0.21960784
0.16470589
0.18823530
0.16862746
0.41568628
0.65490198
0.72941178
0.61176473
0.40392157
0.35294119
0.22352941
0.38823530
0.32156864
0.60000002
0.70588237
0.69411767
0.93725491
0.91764706
0.81568629
0.58431375
0.64313728
0.60000002
0.47450981
0.39215687
0.40784314
0.54509807
0.58039218
0.39215687
0.27843139
0.10980392
0.24705882
0.33725491
0.45882353
0.26666668
0.10980392
0.12941177
0.37647060
0.64313728
0.57254905
0.32156864
0.14117648
0.17647059
0.13725491
0.30588236
0.30588236
0.59215689
0.65098041
0.72941178
0.80392158
0.78823531
0.74117649
0.54509807
0.60392159
0.61960787
0.49411765
0.40000001
0.49019608
0.52156866
0.37254903
0.17254902
0.07450981
0.00784314
0.19215687
0.32549021
0.54509807
0.33725491
0.13725491
0.10980392
0.19607843
0.26274511
0.13725491
0.11372549
0.17254902
0.25882354
0.28627452
0.38823530
0.42352942
0.49411765
0.58431375
0.65098041
0.77647060
0.73725492
0.68627453
0.43137255
0.41568628
0.44705883
0.48235294
0.43921569
0.52941179
0.45098040
0.23921569
0.23137255
0.25098041
0.27843139
0.14509805
0.23529412
0.46274510
0.30980393
0.13333334
0.15686275
0.16078432
0.16470589
0.19607843
0.26666668
0.30588236
0.34117648
0.38823530
0.45490196
0.43137255
0.47058824
0.53333336
0.63529414
0.81176472
0.70588237
0.60784316
0.47058824
0.54509807
0.58823532
0.61176473
0.50980395
0.30196080
0.13333334
0.01568628
0.22352941
0.46666667
0.52549022
0.14901961
0.11764706
0.27843139
0.22352941
0.18431373
0.25490198
0.29411766
0.29411766
0.30196080
0.32549021
0.34117648
0.37254903
0.44313726
0.41176471
0.38823530
0.37647060
0.41960785
0.60392159
0.78431374
0.67058825
0.55686277
0.59607846
0.67058825
0.56862748
0.39215687
0.34509805
0.20784314
0.01568628
0.00000000
0.04313726
0.11372549
0.30588236
0.22745098
0.09019608
0.17647059
0.25882354
0.29411766
0.29803923
0.35294119
0.37254903
0.38823530
0.36862746
0.38823530
0.42352942
0.44705883
0.37647060
0.34509805
0.31764707
0.41960785
0.60784316
0.74509805
0.70980394
0.68235296
0.65882355
0.60784316
0.52156866
0.38039216
0.23529412
0.14509805
0.07058824
0.11764706
0.14901961
0.19607843
0.34117648
0.33333334
0.25098041
0.30588236
0.34117648
0.34901962
0.32549021
0.35686275
0.42352942
0.45882353
0.41568628
0.39607844
0.42352942
0.45490196
0.41176471
0.43137255
0.36078432
0.45882353
0.61176473
0.72549021
0.70980394
0.70980394
0.68235296
0.65882355
0.54901963
0.42745098
0.31764707
0.26666668
0.25490198
0.32549021
0.33333334
0.35294119
0.34117648
0.34901962
0.36470589
0.38823530
0.38039216
0.34117648
0.32549021
0.41176471
0.49411765
0.47843137
0.42352942
0.41960785
0.49803922
0.49803922
0.43921569
0.42352942
0.42352942
0.53333336
0.63529414
0.72941178
0.70196080
0.67843139
0.65098041
0.61568630
0.48627451
0.36862746
0.35294119
0.32549021
0.29803923
0.30588236
0.32941177
0.35294119
0.34901962
0.36078432
0.36862746
0.40000001
0.40392157
0.34901962
0.37254903
0.41568628
0.44705883
0.47450981
0.45490196
0.48627451
0.50196081
0.44313726
0.39607844
0.42745098
0.49411765
0.54509807
0.62745100
0.67450982
0.66666669
0.61960787
0.56862748
0.45882353
0.37647060
0.36078432
0.33725491
0.30980393
0.30980393
0.32156864
0.36078432
0.38823530
0.38039216
0.36862746
0.41568628
0.45882353
0.41176471
0.36862746
0.38823530
0.36862746
0.40784314
0.44313726
0.41176471
0.40000001
0.41568628
0.40000001
0.42352942
0.46666667
0.44705883
0.52549022
0.62745100
0.61960787
0.63137257
0.58431375
0.47450981
0.38039216
0.35686275
0.34901962
0.33333334
0.33333334
0.35294119
0.36078432
0.37254903
0.36470589
0.34509805
0.38823530
0.47450981
0.47450981
0.39607844
0.40000001
0.42352942
0.39607844
0.40784314
0.43529412
0.39215687
0.37647060
0.40784314
0.44313726
0.45882353
0.39607844
0.40000001
0.50588238
0.60000002
0.61568630
0.62745100
0.57647061
0.52549022
0.46666667
0.40784314
0.34117648
0.32941177
0.31764707
0.33333334
0.36862746
0.36862746
0.34901962
0.33725491
0.39215687
0.47450981
0.44705883
0.38431373
0.42352942
0.43529412
0.40784314
0.40392157
0.41568628
0.38039216
0.38823530
0.41568628
0.43137255
0.41568628
0.38823530
0.43921569
0.49803922
0.56078434
0.44313726
0.45882353
0.44705883
0.46274510
0.45490196
0.45490196
0.45882353
0.44313726
0.64313728
0.81176472
0.76470590
0.68627453
0.67058825
0.72549021
0.82352942
0.92156863
0.96078432
0.97647059
0.98823529
0.97647059
0.80784315
0.70980394
0.75686276
0.76470590
0.81176472
0.84313726
0.89803922
0.93725491
0.94901961
0.95294118
0.96470588
0.94117647
0.48627451
0.47450981
0.45882353
0.45882353
0.46666667
0.47843137
0.47843137
0.46666667
0.63921571
0.81176472
0.84705883
0.84705883
0.81568629
0.76470590
0.73333335
0.71764708
0.76862746
0.87843138
0.96470588
0.98823529
0.83529413
0.83137256
0.85882354
0.85098040
0.88235295
0.92549020
0.95686275
0.95294118
0.96078432
0.95686275
0.93725491
0.88627452
0.53333336
0.50980395
0.49411765
0.49019608
0.49019608
0.47843137
0.46666667
0.44313726
0.49411765
0.62352943
0.71372551
0.78039217
0.87058824
0.89803922
0.86666667
0.79215688
0.74509805
0.68235296
0.69803923
0.81568629
0.82352942
0.86274511
0.90588236
0.91372550
0.89803922
0.90196079
0.93725491
0.93333334
0.94901961
0.96862745
0.92156863
0.83529413
0.57647061
0.54509807
0.49019608
0.48627451
0.49019608
0.49803922
0.50196081
0.48235294
0.41960785
0.45098040
0.49803922
0.54509807
0.61568630
0.69411767
0.79215688
0.92156863
0.89411765
0.74117649
0.57647061
0.55294120
0.59215689
0.70588237
0.78823531
0.87058824
0.89803922
0.90196079
0.93333334
0.93725491
0.95294118
0.97647059
0.90588236
0.84313726
0.70980394
0.66666669
0.61568630
0.58431375
0.56078434
0.53333336
0.50588238
0.42745098
0.37254903
0.41568628
0.46274510
0.47450981
0.43137255
0.43529412
0.52156866
0.67058825
0.74509805
0.68235296
0.54901963
0.53333336
0.54509807
0.53333336
0.54509807
0.67450982
0.83921570
0.91764706
0.93725491
0.92941177
0.92941177
0.92549020
0.88235295
0.81568629
0.92941177
0.89803922
0.87843138
0.84705883
0.80000001
0.73725492
0.68627453
0.44705883
0.35294119
0.42352942
0.46274510
0.49803922
0.49411765
0.44313726
0.42745098
0.47450981
0.54509807
0.52549022
0.48235294
0.47843137
0.52156866
0.50980395
0.48235294
0.50196081
0.63921571
0.87843138
0.91372550
0.90588236
0.92156863
0.95686275
0.90196079
0.81568629
0.97254902
0.96078432
0.96078432
0.96078432
0.95686275
0.94901961
0.94901961
0.69019610
0.45882353
0.52156866
0.64313728
0.69019610
0.61568630
0.55686277
0.54509807
0.54117650
0.59215689
0.61568630
0.53725493
0.48627451
0.49411765
0.41176471
0.45098040
0.43921569
0.46666667
0.84313726
0.92941177
0.93725491
0.95686275
1.00000000
0.90980393
0.83921570
0.96862745
0.94901961
0.94509804
0.94117647
0.96078432
0.96470588
1.00000000
0.72156864
0.36862746
0.45098040
0.53725493
0.60392159
0.75686276
0.75686276
0.52549022
0.45098040
0.73333335
0.90196079
0.83529413
0.80784315
0.50980395
0.14901961
0.41568628
0.41176471
0.61960787
0.86666667
0.92941177
0.94901961
0.95294118
0.99215686
0.90980393
0.84313726
0.96078432
0.94901961
0.93725491
0.94117647
0.94509804
0.96078432
0.97254902
0.62745100
0.31372550
0.42352942
0.47843137
0.60392159
0.83137256
0.82745099
0.47450981
0.55686277
0.83137256
0.60784316
0.73333335
0.72941178
0.61176473
0.40392157
0.48627451
0.45882353
0.69411767
0.86274511
0.92941177
0.94509804
0.94117647
0.98039216
0.91372550
0.85098040
0.92941177
0.85882354
0.57647061
0.72156864
0.93333334
0.81568629
0.75686276
0.56862748
0.44313726
0.44705883
0.49803922
0.75294119
0.91372550
0.80784315
0.76470590
0.89411765
0.87843138
0.60784316
0.69803923
0.61176473
0.68627453
0.64705884
0.54509807
0.44705883
0.47058824
0.58431375
0.70196080
0.77647060
0.85098040
0.92549020
0.86666667
0.84705883
0.96078432
0.90588236
0.72941178
0.79215688
0.96470588
0.69019610
0.43921569
0.42745098
0.24313726
0.20000000
0.33333334
0.49019608
0.72549021
0.40784314
0.44705883
0.76078433
0.54901963
0.57647061
0.72549021
0.62352943
0.71764708
0.61176473
0.60392159
0.47843137
0.33333334
0.34901962
0.42352942
0.41176471
0.50196081
0.59215689
0.67843139
0.83137256
0.94901961
0.92941177
0.81960785
0.91764706
0.98823529
0.75294119
0.46666667
0.51764709
0.29019609
0.30196080
0.63529414
0.57254905
0.67450982
0.30196080
0.20000000
0.65882355
0.23137255
0.29411766
0.50980395
0.24705882
0.63137257
0.68627453
0.75294119
0.58823532
0.36862746
0.37647060
0.40392157
0.37254903
0.44313726
0.48235294
0.73725492
0.87843138
0.90980393
0.83137256
0.45882353
0.73725492
0.98823529
0.60000002
0.46666667
0.55294120
0.29019609
0.31372550
0.63529414
0.50588238
0.71764708
0.33333334
0.21960784
0.69411767
0.27843139
0.30980393
0.48627451
0.20392157
0.65490198
0.70588237
0.70196080
0.48627451
0.32941177
0.41960785
0.45098040
0.49411765
0.50980395
0.52549022
0.73725492
0.88627452
0.95686275
0.93333334
0.87058824
0.86666667
0.97254902
0.60392159
0.49019608
0.45490196
0.23921569
0.31372550
0.50588238
0.41960785
0.68627453
0.25098041
0.24313726
0.67058825
0.27843139
0.32156864
0.51372552
0.28235295
0.67843139
0.68627453
0.65098041
0.39215687
0.29019609
0.53725493
0.54509807
0.57647061
0.58823532
0.60000002
0.69411767
0.85882354
0.89803922
0.87450981
0.60000002
0.74117649
0.89019608
0.58039218
0.50588238
0.46666667
0.43921569
0.49019608
0.50588238
0.50980395
0.63921571
0.35686275
0.41960785
0.70980394
0.43921569
0.48627451
0.66274512
0.54117650
0.71764708
0.67843139
0.67058825
0.39215687
0.29803923
0.59607846
0.50980395
0.54117650
0.57254905
0.57647061
0.66666669
0.83921570
0.88235295
0.87450981
0.61960787
0.78039217
0.68235296
0.40784314
0.47058824
0.46666667
0.40392157
0.41960785
0.50980395
0.53333336
0.46274510
0.37254903
0.39215687
0.43921569
0.38823530
0.40784314
0.45882353
0.47058824
0.60392159
0.69019610
0.66274512
0.40784314
0.24705882
0.44313726
0.35294119
0.40784314
0.44705883
0.46666667
0.57647061
0.75686276
0.95294118
0.94509804
0.98039216
1.00000000
0.67450982
0.25882354
0.24705882
0.24313726
0.16470589
0.16862746
0.33725491
0.29803923
0.19607843
0.16862746
0.15686275
0.19607843
0.19607843
0.23921569
0.28627452
0.30588236
0.50980395
0.68627453
0.65490198
0.43137255
0.27450982
0.49803922
0.52156866
0.61176473
0.67058825
0.56470591
0.60392159
0.76862746
0.95294118
0.93725491
0.96470588
1.00000000
0.75686276
0.35294119
0.24313726
0.21176471
0.19607843
0.15294118
0.20392157
0.25490198
0.17254902
0.17254902
0.14509805
0.12549020
0.23529412
0.28235295
0.29019609
0.28627452
0.38039216
0.59215689
0.66666669
0.50980395
0.46274510
0.63921571
0.67843139
0.48235294
0.48627451
0.41960785
0.63137257
0.85490197
0.95294118
0.94901961
0.95686275
0.91764706
0.85098040
0.47058824
0.23921569
0.21960784
0.32549021
0.22745098
0.14509805
0.25490198
0.20000000
0.12549020
0.15294118
0.24705882
0.33725491
0.37647060
0.50588238
0.55686277
0.39607844
0.48627451
0.66274512
0.57254905
0.52549022
0.55686277
0.60784316
0.47450981
0.41960785
0.46274510
0.72941178
0.86274511
0.95294118
0.95294118
0.94509804
0.85098040
0.88235295
0.54117650
0.19215687
0.23529412
0.51764709
0.37647060
0.26666668
0.37254903
0.41176471
0.40392157
0.53725493
0.51764709
0.31372550
0.32156864
0.60784316
0.60784316
0.47058824
0.52941179
0.64313728
0.49803922
0.34509805
0.39607844
0.49411765
0.49803922
0.45490196
0.54901963
0.78823531
0.79215688
0.94901961
0.94901961
0.90588236
0.79215688
0.72549021
0.45490196
0.29019609
0.37254903
0.57254905
0.65490198
0.75294119
0.70588237
0.71764708
0.67843139
0.73725492
0.52941179
0.27843139
0.22352941
0.23137255
0.25490198
0.52156866
0.72156864
0.77254903
0.67843139
0.47843137
0.39607844
0.26666668
0.45098040
0.39215687
0.65098041
0.75686276
0.74509805
0.93725491
0.90588236
0.81568629
0.61568630
0.70980394
0.67843139
0.53333336
0.47058824
0.51764709
0.60000002
0.60392159
0.44313726
0.31372550
0.20392157
0.37254903
0.43137255
0.54117650
0.34509805
0.15686275
0.19607843
0.46666667
0.70196080
0.60392159
0.35294119
0.16078432
0.16862746
0.13725491
0.32156864
0.33725491
0.62745100
0.70196080
0.79215688
0.80392158
0.77647060
0.74509805
0.57647061
0.65490198
0.67450982
0.54901963
0.46274510
0.57254905
0.58823532
0.44313726
0.29019609
0.15294118
0.11372549
0.28235295
0.37254903
0.65098041
0.44313726
0.16470589
0.12156863
0.24313726
0.29019609
0.14117648
0.11372549
0.15294118
0.21568628
0.24705882
0.35294119
0.40000001
0.52549022
0.63529414
0.71372551
0.78039217
0.73725492
0.71764708
0.47843137
0.45098040
0.48235294
0.52549022
0.47058824
0.54901963
0.48235294
0.29019609
0.32156864
0.32156864
0.30196080
0.17647059
0.26666668
0.54117650
0.39215687
0.12941177
0.13725491
0.15686275
0.14509805
0.17254902
0.23137255
0.26274511
0.29803923
0.35686275
0.42352942
0.41176471
0.50980395
0.58823532
0.69803923
0.82352942
0.72156864
0.65882355
0.53333336
0.58039218
0.60784316
0.64313728
0.53725493
0.30196080
0.14117648
0.02352941
0.23529412
0.49019608
0.50980395
0.19215687
0.16470589
0.29411766
0.23529412
0.15686275
0.23921569
0.27450982
0.25098041
0.26274511
0.27450982
0.29411766
0.35294119
0.45098040
0.42745098
0.41176471
0.42352942
0.47450981
0.66666669
0.80392158
0.69411767
0.58431375
0.64705884
0.72549021
0.60784316
0.42745098
0.36470589
0.20784314
0.01568628
0.00000000
0.04313726
0.10588235
0.29411766
0.24313726
0.10196079
0.16078432
0.22745098
0.24705882
0.27058825
0.33333334
0.35294119
0.37647060
0.34901962
0.37254903
0.43137255
0.45882353
0.38823530
0.36470589
0.36078432
0.46666667
0.66666669
0.77254903
0.73333335
0.69411767
0.69411767
0.65882355
0.56078434
0.40784314
0.23921569
0.12549020
0.05490196
0.10980392
0.14117648
0.16862746
0.32156864
0.31764707
0.23529412
0.29019609
0.30980393
0.30196080
0.29411766
0.33333334
0.41176471
0.45882353
0.41176471
0.39215687
0.43529412
0.46666667
0.42352942
0.45098040
0.40000001
0.50196081
0.66274512
0.75686276
0.73333335
0.72156864
0.70196080
0.68235296
0.56470591
0.43137255
0.29803923
0.23137255
0.21960784
0.30196080
0.30980393
0.30588236
0.30588236
0.32156864
0.34117648
0.37254903
0.34901962
0.29803923
0.29803923
0.38823530
0.47450981
0.47450981
0.41568628
0.40784314
0.49803922
0.50588238
0.45882353
0.44705883
0.45490196
0.57254905
0.68235296
0.76078433
0.72549021
0.69411767
0.65882355
0.61960787
0.47843137
0.34901962
0.31764707
0.27450982
0.25490198
0.26666668
0.28627452
0.29411766
0.30196080
0.31764707
0.33333334
0.38039216
0.36862746
0.30196080
0.34117648
0.39215687
0.42745098
0.46666667
0.43921569
0.46666667
0.49411765
0.45098040
0.41568628
0.45098040
0.52156866
0.57254905
0.67058825
0.70980394
0.69411767
0.63921571
0.57254905
0.45098040
0.35686275
0.32941177
0.29803923
0.26666668
0.26274511
0.27058825
0.30588236
0.33333334
0.33333334
0.32549021
0.37647060
0.43529412
0.37254903
0.31764707
0.35294119
0.34117648
0.38039216
0.43137255
0.39607844
0.37647060
0.40000001
0.39607844
0.43529412
0.48627451
0.46274510
0.54901963
0.67058825
0.65490198
0.66274512
0.60784316
0.47843137
0.37254903
0.33725491
0.32156864
0.30196080
0.30588236
0.31372550
0.30588236
0.31372550
0.31372550
0.30196080
0.35294119
0.44313726
0.44313726
0.34901962
0.34509805
0.38431373
0.35686275
0.37647060
0.41960785
0.36862746
0.34901962
0.39215687
0.43137255
0.45882353
0.40392157
0.40784314
0.52549022
0.63921571
0.65098041
0.65882355
0.59607846
0.52941179
0.45490196
0.38431373
0.30196080
0.28627452
0.27843139
0.29019609
0.32156864
0.32941177
0.31372550
0.30196080
0.36078432
0.44705883
0.41568628
0.34117648
0.37647060
0.40000001
0.37647060
0.38039216
0.40000001
0.35686275
0.35686275
0.40000001
0.41568628
0.41176471
0.38823530
0.44313726
0.51372552
0.59215689
1 0 0 0 0 0 0 0 0 -1 0
0 1 0 0 0 0 0 0 0 -1 0
0 0 1 0 0 0 0 0 0 -1 0
0 0 0 1 0 0 0 0 0 -1 0
0 0 0 0 1 0 0 0 0 -1 0
0 0 0 0 0 1 0 0 0 -1 0
0 0 0 0 0 0 1 0 0 -1 0
0 0 0 0 0 0 0 1 0 -1 0
0 0 0 0 0 0 0 0 1 -1 0
