0.79607844
0.65490198
0.58431375
0.59215689
0.66274512
0.67450982
0.60392159
0.55294120
0.53725493
0.56862748
0.51372552
0.45490196
0.48627451
0.51764709
0.50980395
0.49411765
0.47058824
0.46274510
0.45098040
0.44313726
0.44313726
0.43529412
0.43137255
0.43529412
0.43137255
0.43137255
0.41568628
0.41176471
0.41960785
0.42745098
0.44705883
0.47450981
0.87450981
0.76078433
0.72549021
0.73725492
0.74901962
0.71764708
0.58431375
0.49019608
0.48627451
0.51372552
0.51372552
0.49803922
0.52549022
0.49411765
0.44705883
0.43921569
0.43529412
0.45098040
0.45490196
0.44705883
0.43529412
0.42352942
0.41960785
0.42352942
0.41568628
0.41176471
0.39607844
0.39215687
0.40000001
0.41568628
0.43529412
0.45490196
0.92156863
0.89019608
0.86666667
0.86666667
0.78431374
0.66666669
0.65098041
0.58039218
0.55294120
0.57647061
0.58431375
0.52941179
0.49411765
0.42745098
0.39215687
0.40000001
0.41960785
0.44313726
0.44705883
0.43529412
0.42352942
0.40784314
0.41176471
0.41568628
0.40784314
0.39607844
0.39215687
0.37647060
0.38823530
0.40000001
0.41176471
0.43137255
0.89803922
0.94509804
0.91372550
0.86274511
0.79607844
0.65098041
0.67058825
0.66666669
0.67058825
0.66274512
0.59607846
0.58039218
0.48235294
0.40392157
0.39607844
0.42352942
0.43529412
0.44313726
0.43137255
0.41176471
0.40392157
0.40392157
0.41176471
0.40392157
0.40000001
0.38823530
0.37647060
0.37254903
0.37647060
0.38431373
0.39607844
0.41568628
0.78431374
0.88235295
0.94509804
0.90588236
0.82352942
0.80000001
0.75294119
0.65098041
0.59215689
0.56862748
0.51372552
0.55686277
0.59215689
0.49411765
0.44705883
0.50588238
0.47450981
0.43921569
0.40000001
0.38039216
0.38039216
0.40392157
0.41176471
0.39607844
0.38823530
0.38039216
0.37647060
0.36470589
0.36470589
0.37254903
0.39215687
0.40392157
0.69019610
0.73725492
0.93333334
0.88627452
0.65882355
0.75686276
0.70588237
0.68235296
0.64313728
0.51372552
0.49019608
0.53333336
0.58039218
0.61176473
0.60000002
0.53333336
0.44313726
0.36078432
0.32941177
0.32941177
0.41176471
0.52156866
0.42352942
0.40000001
0.37647060
0.36862746
0.36470589
0.35294119
0.34901962
0.35294119
0.37647060
0.40000001
0.78823531
0.71764708
0.74509805
0.69803923
0.31764707
0.47843137
0.46274510
0.48627451
0.73725492
0.75294119
0.61176473
0.67843139
0.67843139
0.54117650
0.58431375
0.49411765
0.35294119
0.29411766
0.28235295
0.29803923
0.43529412
0.62745100
0.44313726
0.36470589
0.36470589
0.35686275
0.34117648
0.32156864
0.32549021
0.33725491
0.36078432
0.40000001
0.83137256
0.81176472
0.70196080
0.69411767
0.38431373
0.43921569
0.32941177
0.24313726
0.50196081
0.84705883
0.85882354
0.79215688
0.77254903
0.64705884
0.44313726
0.37254903
0.30588236
0.28627452
0.30588236
0.32156864
0.47450981
0.62352943
0.41568628
0.35686275
0.34509805
0.32549021
0.30980393
0.29411766
0.30196080
0.31764707
0.34509805
0.37254903
0.83529413
0.53333336
0.52941179
0.64705884
0.49019608
0.50980395
0.39215687
0.21176471
0.24313726
0.61960787
0.85882354
0.81960785
0.62745100
0.58431375
0.56862748
0.37647060
0.29803923
0.30980393
0.36470589
0.37647060
0.51372552
0.59607846
0.36862746
0.35294119
0.34117648
0.32156864
0.29411766
0.28235295
0.29019609
0.30980393
0.32941177
0.34901962
0.81568629
0.44313726
0.42352942
0.44705883
0.31764707
0.55686277
0.47843137
0.21960784
0.13725491
0.25882354
0.57647061
0.77647060
0.62745100
0.45490196
0.58431375
0.47843137
0.30196080
0.35686275
0.52156866
0.54901963
0.54117650
0.57254905
0.36470589
0.35686275
0.32156864
0.30196080
0.27843139
0.26666668
0.28235295
0.30588236
0.31764707
0.34509805
0.84313726
0.62745100
0.47058824
0.31372550
0.21568628
0.50196081
0.45490196
0.16078432
0.16862746
0.27058825
0.36862746
0.69411767
0.72156864
0.58039218
0.50980395
0.41568628
0.34117648
0.45098040
0.68627453
0.73333335
0.57254905
0.55294120
0.43137255
0.45882353
0.35294119
0.32941177
0.26666668
0.26666668
0.28235295
0.29803923
0.32549021
0.33725491
0.80784315
0.74901962
0.55686277
0.36078432
0.18039216
0.37647060
0.38039216
0.14901961
0.24705882
0.44705883
0.40000001
0.58431375
0.64705884
0.67843139
0.71372551
0.56470591
0.47843137
0.47843137
0.54509807
0.62745100
0.56862748
0.59215689
0.54117650
0.41568628
0.52549022
0.51372552
0.26666668
0.26274511
0.27450982
0.29803923
0.30588236
0.30588236
0.70980394
0.72549021
0.69803923
0.47843137
0.27450982
0.40000001
0.39215687
0.28627452
0.27058825
0.45882353
0.54901963
0.61176473
0.47058824
0.55294120
0.79607844
0.81568629
0.77254903
0.67450982
0.51372552
0.66274512
0.70588237
0.66666669
0.66274512
0.52941179
0.67058825
0.64313728
0.33725491
0.26274511
0.25882354
0.28627452
0.27058825
0.29411766
0.64313728
0.70980394
0.73333335
0.65098041
0.53333336
0.51764709
0.41568628
0.45098040
0.24705882
0.27843139
0.48235294
0.59607846
0.39607844
0.38431373
0.63137257
0.79607844
0.86274511
0.92941177
0.68235296
0.59215689
0.75686276
0.74117649
0.76470590
0.84313726
0.87450981
0.81960785
0.47843137
0.27450982
0.25882354
0.27450982
0.25098041
0.27058825
0.62745100
0.65098041
0.74117649
0.74901962
0.76470590
0.55294120
0.52549022
0.67843139
0.23529412
0.10196079
0.27058825
0.41568628
0.40000001
0.35294119
0.43921569
0.58431375
0.76862746
0.86274511
0.82352942
0.76470590
0.83137256
0.91372550
0.90196079
0.91372550
0.90196079
0.78039217
0.51764709
0.29019609
0.27058825
0.26666668
0.23137255
0.25098041
0.68235296
0.68235296
0.74901962
0.77254903
0.81568629
0.72549021
0.54117650
0.59607846
0.47450981
0.18431373
0.19215687
0.25882354
0.30196080
0.37254903
0.44705883
0.49019608
0.61176473
0.76470590
0.87058824
0.93333334
0.91764706
0.92156863
0.91372550
0.88235295
0.73725492
0.50588238
0.40784314
0.29411766
0.24705882
0.23529412
0.20392157
0.22745098
0.62745100
0.79607844
0.72549021
0.69411767
0.74509805
0.78823531
0.68627453
0.56078434
0.50588238
0.39607844
0.38039216
0.42745098
0.33725491
0.30196080
0.43137255
0.52156866
0.50196081
0.72156864
0.86666667
0.79607844
0.70196080
0.66666669
0.72156864
0.68235296
0.54117650
0.47450981
0.37647060
0.23137255
0.20392157
0.20392157
0.18039216
0.21568628
0.45098040
0.65490198
0.82745099
0.71372551
0.65882355
0.85098040
0.77254903
0.73333335
0.50588238
0.45882353
0.57647061
0.74117649
0.56862748
0.41176471
0.31372550
0.47450981
0.59607846
0.76470590
0.79607844
0.55294120
0.48235294
0.51372552
0.46666667
0.40000001
0.46274510
0.52941179
0.28627452
0.14901961
0.15686275
0.17647059
0.16862746
0.20784314
0.22745098
0.39215687
0.78431374
0.87058824
0.64705884
0.69019610
0.77647060
0.70980394
0.72549021
0.53725493
0.41568628
0.72549021
0.70980394
0.64705884
0.56470591
0.47843137
0.58039218
0.83529413
0.77647060
0.53333336
0.52156866
0.65098041
0.67843139
0.59215689
0.54901963
0.35686275
0.18039216
0.11372549
0.11372549
0.15294118
0.18431373
0.21176471
0.15294118
0.22745098
0.55294120
0.83529413
0.80784315
0.62352943
0.70196080
0.75686276
0.72941178
0.59215689
0.36862746
0.47058824
0.55686277
0.62352943
0.66666669
0.53725493
0.54509807
0.82745099
0.92941177
0.76470590
0.70196080
0.70588237
0.80392158
0.74117649
0.57254905
0.40000001
0.24313726
0.09019608
0.07843138
0.12941177
0.17254902
0.21960784
0.18431373
0.19215687
0.37254903
0.71764708
0.87843138
0.81568629
0.67843139
0.77254903
0.78431374
0.61568630
0.48235294
0.37254903
0.32156864
0.38039216
0.36862746
0.45098040
0.53333336
0.70196080
0.97254902
0.93333334
0.75686276
0.51764709
0.63137257
0.69803923
0.63137257
0.57254905
0.35686275
0.20392157
0.08627451
0.10588235
0.14509805
0.22352941
0.24705882
0.23137255
0.24705882
0.46274510
0.74117649
0.87843138
0.78431374
0.66274512
0.83137256
0.78431374
0.61176473
0.56862748
0.39607844
0.24313726
0.18039216
0.29803923
0.28235295
0.58039218
0.94117647
0.95686275
0.85490197
0.63529414
0.60784316
0.65490198
0.62745100
0.52549022
0.38431373
0.40784314
0.12941177
0.08627451
0.13725491
0.19607843
0.23529412
0.23529412
0.23137255
0.26666668
0.38039216
0.56078434
0.69411767
0.70196080
0.81960785
0.85882354
0.80000001
0.79215688
0.70588237
0.41960785
0.19607843
0.14509805
0.18039216
0.42352942
0.81960785
0.97647059
0.94117647
0.75294119
0.62745100
0.61568630
0.50588238
0.34509805
0.24313726
0.47058824
0.21960784
0.09803922
0.14901961
0.16862746
0.18823530
0.19215687
0.17647059
0.19215687
0.23529412
0.26666668
0.33333334
0.44313726
0.53333336
0.57647061
0.77647060
0.81568629
0.82352942
0.74117649
0.42745098
0.12549020
0.10196079
0.25098041
0.58431375
0.85098040
0.93333334
0.71764708
0.55686277
0.49411765
0.25882354
0.14117648
0.16078432
0.39215687
0.30588236
0.13725491
0.12549020
0.13333334
0.14901961
0.14117648
0.12549020
0.13725491
0.15686275
0.16470589
0.16078432
0.14901961
0.17647059
0.25490198
0.49019608
0.61960787
0.76470590
0.83921570
0.70980394
0.36862746
0.10588235
0.10588235
0.31764707
0.58823532
0.83921570
0.69411767
0.36862746
0.27058825
0.18039216
0.08235294
0.16862746
0.29803923
0.45882353
0.30980393
0.12941177
0.10196079
0.14117648
0.11764706
0.09019608
0.10588235
0.12156863
0.11764706
0.09803922
0.06666667
0.07450981
0.10588235
0.19215687
0.46666667
0.65098041
0.66666669
0.74901962
0.75294119
0.41176471
0.05882353
0.07450981
0.27058825
0.52941179
0.56862748
0.40000001
0.29803923
0.23137255
0.14509805
0.50588238
0.56862748
0.57647061
0.37254903
0.13333334
0.10588235
0.13333334
0.10196079
0.09019608
0.09803922
0.11764706
0.10588235
0.08627451
0.06666667
0.07058824
0.06666667
0.06274510
0.20392157
0.43529412
0.64705884
0.73725492
0.70196080
0.70588237
0.40784314
0.09411765
0.07450981
0.16078432
0.27843139
0.38431373
0.42352942
0.40784314
0.36470589
0.61568630
0.70196080
0.52941179
0.33333334
0.15294118
0.08627451
0.12941177
0.10196079
0.09803922
0.10588235
0.10196079
0.10588235
0.09019608
0.07058824
0.08235294
0.06274510
0.04313726
0.07058824
0.12941177
0.35294119
0.64313728
0.69411767
0.69411767
0.64313728
0.23529412
0.03921569
0.04313726
0.10588235
0.18431373
0.15294118
0.17647059
0.29411766
0.36078432
0.34509805
0.45882353
0.43921569
0.20784314
0.05882353
0.13333334
0.10588235
0.12549020
0.10980392
0.10196079
0.10588235
0.07843138
0.07058824
0.09803922
0.07843138
0.06274510
0.09411765
0.09019608
0.12156863
0.27450982
0.47058824
0.63529414
0.66274512
0.49019608
0.22352941
0.15294118
0.18039216
0.10980392
0.04313726
0.09019608
0.26274511
0.35686275
0.32549021
0.46274510
0.43529412
0.18431373
0.03529412
0.12549020
0.10980392
0.10980392
0.08627451
0.09411765
0.08627451
0.07058824
0.07450981
0.10588235
0.10980392
0.10196079
0.12941177
0.14509805
0.15294118
0.10588235
0.12156863
0.30980393
0.56470591
0.69019610
0.64313728
0.61960787
0.61960787
0.49411765
0.38431373
0.52549022
0.75686276
0.78431374
0.53725493
0.25490198
0.16078432
0.08235294
0.02352941
0.12549020
0.10588235
0.09411765
0.07843138
0.07058824
0.08235294
0.08627451
0.07843138
0.10980392
0.11372549
0.10196079
0.12156863
0.14509805
0.13725491
0.12156863
0.10196079
0.12156863
0.21176471
0.35294119
0.55294120
0.60784316
0.61176473
0.64313728
0.70196080
0.74117649
0.81960785
0.73333335
0.23529412
0.01960784
0.02745098
0.01176471
0.01568628
0.10196079
0.08627451
0.07843138
0.06666667
0.06666667
0.07843138
0.07843138
0.07450981
0.10588235
0.10980392
0.09019608
0.08627451
0.07450981
0.07450981
0.09019608
0.10196079
0.10196079
0.11372549
0.13725491
0.15686275
0.16078432
0.13333334
0.21568628
0.50980395
0.58039218
0.43921569
0.24705882
0.04705882
0.01176471
0.01568628
0.00000000
0.00784314
0.87450981
0.76470590
0.72941178
0.72941178
0.77254903
0.79607844
0.74509805
0.71372551
0.70196080
0.73333335
0.68235296
0.61960787
0.65098041
0.67450982
0.66666669
0.65098041
0.62745100
0.62352943
0.61568630
0.60784316
0.60784316
0.59215689
0.57647061
0.58039218
0.57647061
0.57254905
0.57254905
0.57647061
0.58431375
0.58823532
0.60784316
0.63529414
0.93333334
0.83529413
0.81960785
0.82352942
0.81568629
0.81960785
0.72941178
0.66274512
0.65098041
0.67450982
0.67450982
0.65490198
0.69019610
0.67450982
0.62745100
0.61960787
0.61568630
0.61960787
0.61960787
0.61176473
0.60000002
0.58039218
0.56470591
0.56862748
0.56078434
0.55686277
0.55294120
0.55686277
0.56470591
0.58039218
0.60000002
0.61568630
0.97254902
0.93333334
0.91372550
0.90196079
0.82352942
0.74509805
0.78039217
0.74117649
0.70980394
0.72156864
0.73333335
0.67843139
0.65098041
0.61568630
0.58039218
0.58823532
0.60392159
0.61568630
0.61176473
0.60000002
0.58823532
0.56862748
0.55686277
0.56078434
0.55294120
0.54117650
0.54901963
0.54117650
0.55294120
0.56470591
0.57647061
0.59215689
0.96470588
0.98823529
0.93333334
0.88235295
0.83529413
0.72156864
0.77647060
0.80000001
0.80784315
0.79607844
0.72941178
0.71372551
0.62745100
0.57647061
0.57254905
0.60000002
0.61176473
0.61176473
0.59607846
0.57647061
0.57254905
0.56470591
0.55686277
0.54901963
0.54509807
0.53333336
0.53333336
0.53725493
0.54117650
0.54901963
0.55686277
0.57647061
0.87450981
0.93333334
0.96078432
0.92549020
0.88235295
0.87058824
0.83529413
0.74509805
0.70980394
0.69803923
0.64705884
0.69019610
0.72941178
0.64705884
0.60000002
0.65882355
0.63137257
0.60000002
0.56470591
0.54509807
0.54509807
0.56078434
0.55686277
0.54117650
0.53333336
0.52941179
0.53333336
0.52941179
0.52941179
0.53725493
0.55294120
0.56470591
0.78823531
0.80392158
0.92941177
0.88235295
0.78431374
0.88235295
0.81960785
0.76862746
0.72156864
0.65098041
0.64313728
0.66274512
0.69019610
0.72941178
0.71764708
0.67058825
0.60784316
0.54509807
0.53333336
0.52941179
0.56078434
0.63137257
0.55686277
0.54117650
0.52549022
0.52156866
0.53333336
0.53333336
0.52941179
0.53333336
0.54901963
0.56078434
0.88235295
0.81176472
0.70588237
0.65882355
0.52156866
0.67843139
0.65490198
0.62745100
0.78823531
0.84705883
0.71764708
0.76470590
0.75686276
0.64313728
0.68627453
0.63921571
0.55294120
0.50980395
0.51764709
0.52549022
0.56470591
0.69411767
0.57254905
0.51372552
0.52941179
0.52941179
0.52941179
0.51372552
0.51764709
0.52941179
0.54509807
0.56470591
0.92549020
0.91764706
0.63529414
0.61960787
0.58823532
0.61960787
0.53725493
0.46274510
0.60392159
0.88627452
0.85098040
0.80392158
0.84705883
0.76470590
0.56470591
0.52941179
0.52156866
0.49411765
0.51372552
0.52156866
0.58823532
0.69803923
0.56470591
0.52549022
0.52549022
0.51372552
0.50588238
0.48627451
0.49411765
0.50980395
0.52941179
0.54117650
0.90980393
0.62745100
0.45490196
0.54901963
0.61568630
0.57647061
0.51372552
0.42352942
0.40784314
0.69019610
0.82745099
0.82745099
0.72156864
0.70588237
0.69019610
0.54117650
0.51764709
0.49803922
0.53333336
0.53333336
0.60784316
0.67450982
0.52549022
0.52941179
0.52549022
0.51764709
0.49019608
0.47450981
0.47843137
0.50588238
0.51764709
0.52549022
0.85490197
0.49803922
0.38039216
0.38039216
0.37647060
0.49411765
0.48235294
0.37647060
0.32549021
0.38823530
0.60392159
0.80784315
0.71372551
0.55686277
0.69411767
0.62745100
0.50196081
0.52549022
0.65098041
0.65882355
0.61568630
0.64705884
0.50980395
0.51764709
0.49019608
0.48235294
0.47058824
0.45882353
0.47450981
0.49803922
0.50588238
0.52549022
0.84705883
0.62352943
0.49411765
0.36078432
0.28627452
0.39215687
0.40392157
0.29411766
0.31764707
0.40392157
0.43921569
0.69019610
0.72156864
0.65490198
0.58823532
0.53725493
0.51764709
0.58823532
0.77647060
0.80392158
0.62745100
0.62352943
0.54509807
0.58431375
0.50196081
0.48235294
0.44313726
0.45882353
0.47058824
0.49019608
0.51764709
0.52549022
0.83137256
0.75294119
0.62745100
0.52156866
0.36078432
0.32156864
0.36078432
0.28627452
0.34901962
0.51372552
0.38431373
0.47843137
0.57647061
0.72549021
0.76862746
0.64313728
0.60000002
0.60392159
0.64705884
0.69803923
0.61568630
0.64705884
0.64705884
0.52549022
0.59215689
0.63137257
0.44313726
0.46274510
0.47450981
0.49019608
0.50196081
0.50196081
0.78823531
0.78823531
0.76470590
0.66666669
0.50588238
0.39607844
0.40392157
0.38039216
0.35686275
0.47058824
0.38823530
0.41568628
0.41176471
0.60000002
0.83921570
0.85098040
0.81568629
0.72941178
0.58823532
0.73725492
0.73725492
0.65882355
0.69803923
0.56862748
0.66274512
0.69019610
0.45490196
0.46666667
0.47843137
0.47450981
0.48627451
0.49803922
0.72549021
0.76862746
0.78039217
0.75686276
0.63921571
0.50196081
0.45098040
0.51372552
0.30588236
0.28235295
0.31764707
0.43137255
0.38431373
0.43921569
0.67843139
0.83137256
0.87843138
0.88627452
0.66666669
0.64313728
0.77254903
0.69411767
0.70196080
0.83921570
0.87450981
0.68627453
0.42745098
0.44705883
0.46666667
0.46666667
0.48235294
0.48627451
0.70588237
0.69803923
0.76862746
0.77254903
0.76078433
0.56470591
0.62745100
0.76470590
0.28627452
0.11764706
0.15686275
0.31764707
0.43529412
0.42745098
0.49411765
0.61568630
0.78823531
0.90196079
0.81960785
0.71372551
0.82352942
0.91764706
0.89803922
0.90588236
0.60000002
0.27450982
0.34509805
0.44313726
0.46666667
0.46274510
0.48235294
0.47843137
0.78431374
0.74509805
0.77254903
0.78431374
0.81960785
0.78039217
0.71764708
0.74509805
0.56470591
0.24313726
0.14117648
0.21176471
0.36862746
0.45882353
0.50980395
0.51764709
0.61568630
0.71372551
0.78823531
0.80000001
0.72549021
0.64705884
0.64705884
0.58431375
0.35686275
0.29019609
0.42352942
0.44705883
0.45098040
0.44313726
0.46666667
0.46274510
0.76470590
0.87843138
0.76078433
0.74117649
0.79215688
0.82745099
0.83921570
0.72941178
0.64705884
0.51764709
0.38431373
0.41568628
0.41960785
0.40000001
0.49803922
0.54509807
0.49019608
0.61568630
0.64313728
0.47058824
0.34901962
0.33725491
0.38823530
0.30980393
0.33725491
0.53725493
0.50588238
0.42745098
0.43921569
0.42745098
0.44313726
0.45882353
0.64313728
0.78431374
0.88235295
0.78431374
0.72941178
0.84313726
0.85490197
0.87058824
0.66666669
0.63137257
0.63529414
0.74901962
0.63921571
0.49803922
0.37254903
0.49411765
0.58823532
0.69803923
0.65098041
0.38431373
0.37254903
0.44705883
0.40392157
0.40392157
0.45098040
0.58431375
0.43921569
0.40000001
0.41960785
0.40392157
0.42745098
0.45490196
0.55294120
0.62745100
0.86666667
0.90196079
0.70980394
0.72549021
0.84313726
0.80392158
0.83921570
0.70980394
0.58431375
0.80000001
0.72549021
0.67058825
0.60000002
0.50980395
0.58823532
0.77647060
0.76078433
0.60784316
0.58431375
0.63529414
0.63921571
0.64705884
0.61176473
0.46274510
0.38823530
0.38039216
0.37647060
0.40000001
0.43921569
0.44705883
0.51764709
0.51764709
0.68627453
0.87450981
0.85098040
0.67058825
0.75294119
0.80784315
0.79607844
0.75686276
0.61176473
0.65882355
0.66274512
0.71372551
0.76078433
0.59215689
0.54509807
0.79215688
0.92941177
0.81568629
0.74901962
0.72156864
0.80784315
0.76862746
0.63921571
0.49803922
0.41960785
0.32156864
0.31764707
0.38431373
0.43137255
0.45882353
0.52549022
0.49019608
0.58039218
0.81960785
0.91372550
0.84705883
0.70588237
0.78823531
0.80392158
0.72549021
0.70588237
0.62352943
0.56862748
0.64705884
0.61176473
0.60392159
0.58431375
0.71372551
0.99215686
0.96078432
0.78823531
0.54901963
0.67450982
0.74901962
0.67843139
0.62745100
0.46666667
0.36862746
0.29411766
0.35686275
0.41176471
0.46274510
0.57647061
0.54901963
0.52941179
0.65098041
0.81960785
0.94117647
0.83137256
0.69411767
0.81176472
0.80392158
0.74117649
0.76078433
0.66666669
0.63921571
0.59215689
0.63921571
0.50588238
0.69411767
0.98039216
0.96470588
0.87058824
0.68235296
0.67450982
0.71372551
0.66666669
0.55294120
0.43921569
0.50980395
0.29411766
0.31764707
0.39607844
0.43921569
0.57647061
0.56078434
0.55294120
0.53725493
0.56862748
0.72549021
0.83529413
0.81568629
0.86274511
0.87843138
0.83921570
0.87450981
0.87058824
0.73333335
0.63137257
0.62745100
0.60784316
0.66666669
0.89019608
0.96862745
0.93725491
0.79215688
0.68627453
0.66666669
0.54901963
0.37254903
0.27843139
0.54117650
0.34509805
0.28235295
0.37254903
0.40784314
0.54901963
0.52941179
0.51372552
0.52156866
0.54117650
0.54509807
0.58039218
0.66274512
0.72156864
0.69411767
0.81960785
0.85098040
0.86274511
0.83529413
0.74901962
0.62352943
0.63529414
0.58823532
0.69803923
0.83529413
0.91372550
0.74901962
0.60000002
0.53333336
0.29803923
0.18823530
0.20784314
0.45490196
0.41176471
0.28235295
0.30980393
0.36470589
0.51764709
0.49411765
0.47843137
0.50196081
0.52549022
0.51764709
0.49803922
0.47450981
0.49019608
0.51372552
0.64705884
0.69803923
0.78431374
0.85098040
0.85490197
0.70980394
0.60392159
0.55686277
0.56862748
0.62352943
0.74901962
0.63137257
0.41176471
0.28627452
0.21960784
0.18431373
0.26666668
0.37254903
0.51764709
0.38431373
0.29019609
0.31372550
0.51372552
0.48627451
0.45882353
0.48235294
0.50196081
0.49803922
0.47843137
0.44705883
0.44313726
0.45490196
0.46666667
0.63529414
0.73725492
0.70588237
0.76470590
0.87450981
0.72549021
0.52549022
0.47450981
0.47058824
0.53333336
0.47450981
0.32156864
0.25098041
0.27058825
0.27450982
0.57254905
0.58431375
0.56470591
0.40784314
0.30588236
0.30588236
0.50980395
0.47058824
0.45882353
0.47058824
0.49803922
0.48627451
0.46666667
0.44313726
0.43921569
0.43921569
0.39607844
0.47058824
0.61960787
0.72156864
0.73725492
0.71372551
0.80784315
0.69411767
0.49411765
0.47058824
0.47450981
0.46274510
0.42352942
0.36470589
0.33725491
0.35686275
0.56470591
0.63921571
0.48627451
0.36470589
0.32549021
0.29019609
0.50588238
0.46666667
0.46666667
0.47843137
0.48235294
0.48627451
0.47058824
0.45098040
0.45098040
0.44313726
0.42352942
0.41960785
0.41176471
0.54117650
0.73725492
0.72549021
0.71372551
0.75686276
0.53333336
0.47843137
0.49019608
0.43921569
0.34901962
0.23529412
0.20000000
0.27843139
0.29803923
0.29411766
0.39607844
0.37254903
0.26274511
0.23137255
0.50980395
0.47450981
0.49411765
0.48235294
0.48235294
0.48627451
0.45882353
0.44705883
0.45882353
0.45098040
0.45098040
0.45882353
0.42352942
0.42352942
0.52156866
0.63921571
0.73333335
0.72156864
0.65490198
0.53725493
0.50588238
0.48627451
0.33333334
0.18431373
0.19215687
0.38039216
0.41568628
0.34901962
0.41568628
0.29803923
0.12156863
0.16078432
0.50196081
0.47843137
0.47843137
0.45882353
0.47450981
0.46666667
0.45098040
0.45098040
0.44705883
0.45098040
0.46274510
0.45882353
0.45098040
0.47058824
0.44313726
0.42352942
0.53725493
0.69803923
0.80000001
0.77647060
0.76862746
0.78039217
0.66274512
0.52549022
0.60000002
0.74901962
0.77647060
0.58431375
0.24705882
0.07058824
0.03529412
0.10196079
0.50196081
0.47843137
0.46666667
0.45490196
0.45098040
0.46274510
0.46666667
0.45490196
0.45098040
0.45098040
0.44313726
0.44313726
0.43921569
0.44705883
0.47058824
0.44705883
0.42745098
0.45098040
0.52549022
0.67450982
0.72941178
0.72549021
0.68627453
0.72156864
0.74509805
0.81960785
0.74117649
0.26666668
0.04313726
0.03529412
0.05882353
0.09411765
0.48235294
0.46274510
0.45882353
0.44705883
0.44705883
0.45882353
0.46274510
0.45490196
0.46666667
0.46274510
0.44705883
0.43529412
0.42352942
0.43529412
0.45098040
0.45098040
0.43137255
0.41568628
0.40784314
0.41960785
0.41960785
0.39215687
0.41568628
0.60784316
0.63137257
0.53333336
0.34901962
0.10196079
0.04313726
0.08235294
0.11372549
0.13725491
0.85098040
0.72941178
0.68235296
0.68235296
0.73725492
0.75686276
0.70196080
0.65882355
0.63137257
0.65490198
0.60392159
0.54117650
0.57254905
0.60000002
0.59215689
0.57647061
0.55294120
0.54509807
0.53725493
0.52941179
0.52941179
0.51764709
0.50588238
0.50980395
0.50588238
0.50196081
0.49803922
0.49803922
0.50588238
0.50980395
0.53333336
0.56470591
0.90980393
0.80392158
0.78039217
0.79215688
0.78823531
0.78039217
0.67450982
0.60000002
0.58039218
0.59607846
0.59607846
0.58039218
0.61176473
0.59215689
0.54509807
0.53725493
0.53333336
0.54117650
0.54117650
0.53333336
0.52156866
0.50588238
0.49411765
0.49803922
0.49019608
0.48627451
0.47843137
0.47843137
0.48627451
0.50196081
0.52156866
0.54509807
0.94117647
0.90588236
0.88235295
0.87450981
0.79607844
0.70588237
0.72156864
0.67450982
0.63529414
0.65098041
0.66274512
0.60392159
0.57647061
0.52941179
0.49411765
0.50196081
0.51764709
0.53333336
0.53333336
0.52156866
0.50980395
0.49019608
0.48627451
0.49019608
0.48235294
0.47058824
0.47450981
0.46274510
0.47450981
0.48627451
0.49803922
0.52156866
0.91764706
0.95294118
0.90588236
0.85098040
0.79607844
0.67450982
0.71764708
0.73333335
0.74117649
0.72941178
0.66274512
0.64705884
0.55686277
0.49411765
0.49019608
0.51764709
0.52941179
0.53333336
0.51764709
0.49803922
0.49019608
0.48627451
0.48627451
0.47843137
0.47450981
0.46274510
0.45882353
0.45882353
0.46274510
0.47058824
0.48235294
0.50588238
0.81568629
0.88627452
0.92549020
0.89019608
0.83137256
0.81960785
0.78039217
0.68235296
0.64313728
0.63137257
0.57647061
0.62352943
0.66274512
0.57254905
0.52549022
0.58431375
0.55686277
0.52156866
0.48627451
0.46666667
0.46666667
0.48235294
0.48627451
0.47058824
0.45882353
0.45490196
0.45882353
0.45098040
0.45098040
0.45882353
0.47843137
0.49411765
0.74509805
0.74117649
0.89411765
0.85098040
0.71372551
0.82352942
0.76078433
0.70196080
0.67058825
0.57254905
0.55686277
0.59607846
0.63921571
0.65882355
0.64705884
0.59607846
0.52156866
0.46274510
0.44705883
0.43921569
0.48235294
0.56078434
0.47843137
0.46274510
0.44313726
0.44313726
0.45098040
0.44705883
0.44705883
0.45098040
0.47058824
0.49019608
0.83137256
0.72156864
0.63137257
0.60000002
0.42352942
0.59607846
0.56862748
0.53725493
0.74509805
0.78039217
0.63137257
0.71372551
0.71764708
0.56862748
0.61176473
0.54901963
0.44705883
0.41960785
0.42745098
0.42352942
0.48235294
0.62745100
0.48627451
0.42352942
0.43529412
0.43137255
0.43529412
0.42745098
0.43137255
0.44313726
0.46274510
0.49019608
0.84313726
0.83137256
0.52156866
0.50980395
0.47058824
0.50196081
0.41568628
0.34901962
0.55294120
0.83921570
0.80000001
0.76862746
0.80000001
0.68627453
0.48235294
0.43529412
0.41176471
0.40392157
0.42745098
0.42745098
0.50588238
0.62745100
0.46666667
0.41960785
0.41960785
0.40392157
0.40784314
0.40392157
0.40784314
0.42352942
0.44705883
0.46666667
0.85882354
0.58431375
0.36470589
0.45098040
0.52156866
0.46666667
0.40000001
0.33725491
0.36078432
0.64313728
0.78823531
0.78039217
0.65882355
0.62745100
0.60784316
0.44705883
0.40392157
0.40784314
0.45098040
0.44705883
0.52549022
0.59215689
0.41960785
0.41568628
0.41176471
0.40000001
0.39215687
0.38823530
0.39215687
0.41568628
0.43137255
0.44705883
0.84313726
0.47058824
0.31372550
0.32941177
0.32156864
0.41176471
0.40784314
0.34901962
0.29803923
0.32941177
0.54117650
0.74509805
0.64705884
0.48235294
0.61568630
0.53725493
0.39607844
0.43529412
0.57254905
0.57647061
0.52941179
0.55686277
0.40000001
0.40392157
0.37647060
0.36470589
0.36862746
0.37254903
0.38431373
0.41176471
0.42352942
0.44705883
0.79607844
0.50588238
0.37254903
0.31372550
0.25882354
0.32156864
0.36078432
0.32549021
0.33333334
0.35294119
0.36862746
0.63921571
0.67843139
0.59215689
0.52156866
0.45490196
0.41960785
0.50588238
0.70196080
0.72549021
0.54117650
0.52941179
0.44313726
0.47450981
0.38431373
0.36078432
0.34509805
0.37647060
0.38823530
0.40392157
0.43137255
0.44313726
0.73725492
0.59215689
0.45098040
0.40784314
0.29411766
0.25490198
0.32941177
0.32941177
0.38039216
0.47058824
0.31372550
0.41960785
0.52941179
0.67058825
0.70980394
0.58431375
0.52549022
0.52156866
0.56078434
0.60784316
0.52156866
0.53725493
0.51764709
0.40000001
0.49019608
0.51764709
0.33725491
0.36470589
0.37647060
0.39607844
0.41176471
0.41568628
0.72941178
0.71372551
0.61568630
0.46666667
0.34117648
0.30588236
0.36078432
0.38431373
0.36078432
0.42352942
0.32156864
0.32549021
0.31372550
0.53725493
0.78431374
0.80784315
0.77254903
0.67450982
0.52156866
0.65098041
0.64705884
0.57254905
0.59215689
0.45882353
0.57254905
0.58039218
0.34117648
0.33725491
0.35294119
0.36862746
0.38039216
0.40784314
0.67450982
0.72549021
0.65882355
0.54509807
0.41568628
0.33333334
0.32549021
0.45098040
0.29019609
0.24705882
0.27058825
0.35294119
0.27450982
0.36078432
0.60392159
0.76078433
0.81960785
0.87843138
0.66274512
0.60000002
0.72549021
0.67843139
0.72549021
0.80392158
0.78823531
0.60392159
0.34509805
0.32549021
0.34117648
0.35294119
0.36862746
0.39215687
0.65490198
0.64705884
0.67058825
0.60392159
0.54901963
0.36078432
0.45490196
0.67058825
0.25882354
0.09411765
0.13333334
0.26274511
0.33333334
0.32549021
0.39607844
0.51764709
0.68627453
0.83137256
0.78431374
0.68627453
0.78431374
0.87843138
0.87843138
0.85882354
0.61176473
0.31372550
0.30588236
0.32941177
0.34509805
0.34901962
0.36078432
0.37647060
0.72156864
0.68627453
0.69411767
0.67843139
0.69019610
0.63529414
0.56862748
0.65882355
0.50980395
0.19215687
0.12156863
0.16862746
0.27450982
0.35686275
0.40392157
0.40784314
0.49803922
0.61176473
0.69803923
0.73333335
0.69803923
0.63137257
0.57647061
0.54509807
0.38431373
0.28235295
0.34901962
0.32941177
0.32941177
0.32549021
0.34117648
0.36078432
0.68235296
0.80392158
0.69019610
0.67843139
0.73725492
0.74901962
0.72941178
0.63137257
0.53725493
0.42352942
0.35294119
0.36862746
0.32941177
0.31372550
0.40784314
0.43921569
0.37254903
0.50588238
0.56862748
0.44705883
0.34901962
0.31764707
0.33725491
0.30588236
0.32941177
0.47843137
0.40784314
0.29411766
0.30196080
0.30588236
0.31764707
0.35294119
0.54509807
0.69411767
0.81960785
0.74509805
0.70196080
0.79215688
0.74901962
0.74901962
0.51372552
0.49803922
0.57647061
0.69019610
0.55686277
0.43921569
0.30196080
0.40392157
0.48235294
0.60000002
0.58823532
0.34509805
0.33333334
0.41568628
0.40000001
0.37647060
0.42745098
0.53333336
0.32941177
0.25098041
0.27843139
0.27843139
0.30588236
0.34901962
0.41960785
0.52549022
0.81568629
0.87058824
0.66274512
0.66666669
0.76470590
0.71372551
0.71372551
0.56470591
0.46274510
0.70588237
0.66666669
0.63529414
0.54117650
0.43137255
0.49803922
0.72156864
0.70588237
0.53333336
0.52156866
0.60784316
0.63137257
0.60784316
0.56862748
0.40392157
0.27450982
0.23529412
0.23921569
0.26666668
0.31372550
0.35294119
0.37647060
0.40392157
0.62745100
0.83529413
0.79607844
0.61568630
0.69411767
0.74901962
0.70588237
0.61960787
0.43921569
0.49411765
0.54117650
0.62352943
0.66666669
0.50588238
0.47843137
0.76078433
0.90196079
0.76862746
0.70196080
0.67843139
0.75686276
0.72156864
0.59215689
0.45098040
0.32941177
0.19607843
0.19215687
0.25490198
0.30196080
0.35686275
0.39215687
0.37254903
0.49411765
0.76078433
0.86274511
0.79607844
0.65490198
0.74117649
0.74117649
0.60784316
0.52549022
0.40784314
0.35294119
0.45098040
0.43529412
0.47058824
0.50196081
0.68235296
0.96862745
0.92941177
0.74901962
0.50196081
0.61960787
0.70196080
0.64705884
0.60392159
0.40784314
0.27843139
0.18823530
0.23529412
0.28235295
0.33725491
0.44705883
0.42352942
0.41568628
0.56078434
0.75294119
0.87843138
0.77647060
0.64313728
0.76862746
0.72549021
0.59215689
0.55686277
0.42352942
0.36078432
0.32549021
0.41960785
0.34509805
0.60392159
0.93333334
0.92941177
0.83921570
0.63921571
0.62352943
0.67058825
0.64313728
0.54901963
0.40784314
0.45098040
0.21176471
0.21176471
0.27450982
0.30588236
0.44313726
0.43137255
0.42745098
0.41960785
0.46666667
0.63137257
0.74901962
0.74117649
0.80392158
0.81176472
0.74509805
0.74509805
0.69019610
0.47843137
0.34117648
0.32941177
0.33333334
0.46274510
0.76862746
0.90588236
0.90588236
0.76470590
0.64705884
0.63529414
0.53333336
0.37647060
0.26274511
0.49803922
0.28627452
0.20392157
0.27450982
0.29019609
0.40784314
0.40000001
0.38431373
0.38823530
0.40000001
0.41176471
0.45882353
0.54901963
0.60784316
0.60000002
0.74901962
0.78431374
0.76470590
0.66666669
0.49019608
0.29019609
0.27843139
0.27843139
0.48627451
0.73333335
0.88235295
0.72941178
0.56862748
0.51372552
0.29411766
0.19215687
0.19215687
0.42352942
0.36470589
0.22352941
0.23921569
0.27450982
0.37254903
0.35294119
0.33725491
0.35294119
0.36078432
0.35686275
0.34509805
0.32156864
0.32549021
0.36078432
0.54117650
0.62745100
0.72156864
0.75686276
0.68627453
0.43529412
0.24313726
0.18823530
0.25098041
0.39215687
0.61960787
0.56078434
0.34901962
0.25882354
0.20392157
0.14509805
0.20392157
0.33333334
0.49019608
0.34509805
0.25490198
0.25882354
0.36862746
0.34117648
0.31372550
0.32549021
0.33333334
0.32941177
0.30980393
0.27450982
0.25098041
0.25882354
0.30588236
0.51764709
0.65490198
0.64313728
0.67450982
0.70196080
0.45490196
0.18039216
0.08235294
0.09019608
0.24705882
0.29411766
0.21568628
0.18039216
0.18823530
0.14901961
0.45882353
0.55294120
0.54901963
0.36470589
0.27843139
0.27450982
0.36078432
0.32549021
0.31372550
0.31764707
0.32941177
0.31764707
0.29803923
0.27450982
0.25490198
0.24313726
0.21176471
0.30980393
0.49019608
0.62745100
0.65882355
0.61568630
0.66666669
0.44705883
0.12941177
0.04313726
0.07450981
0.14509805
0.20392157
0.21960784
0.20784314
0.18823530
0.43921569
0.60784316
0.45098040
0.29019609
0.27450982
0.25490198
0.35686275
0.32156864
0.32156864
0.32549021
0.31372550
0.31764707
0.30196080
0.28235295
0.27843139
0.25882354
0.22745098
0.21960784
0.23137255
0.39607844
0.62745100
0.64313728
0.63921571
0.60392159
0.23921569
0.07450981
0.05490196
0.07058824
0.10588235
0.07058824
0.05098039
0.10196079
0.16078432
0.24313726
0.34901962
0.30980393
0.23529412
0.20392157
0.36078432
0.32941177
0.34901962
0.32941177
0.31372550
0.31764707
0.29019609
0.28235295
0.29803923
0.27450982
0.25098041
0.24705882
0.21568628
0.22745098
0.35294119
0.50588238
0.63137257
0.59607846
0.44313726
0.23529412
0.15294118
0.17254902
0.13725491
0.05882353
0.07450981
0.20392157
0.24705882
0.27058825
0.36078432
0.25882354
0.12941177
0.14901961
0.35294119
0.33333334
0.33333334
0.30588236
0.30588236
0.29803923
0.28235295
0.28627452
0.30196080
0.29411766
0.27058825
0.25098041
0.23921569
0.26274511
0.22745098
0.21960784
0.35686275
0.54117650
0.63921571
0.60000002
0.56078434
0.57254905
0.51372552
0.40784314
0.49019608
0.62745100
0.64313728
0.50588238
0.20000000
0.04705882
0.05490196
0.10980392
0.35294119
0.32941177
0.31372550
0.29411766
0.27843139
0.29019609
0.29411766
0.28627452
0.29803923
0.28627452
0.25882354
0.24313726
0.23529412
0.23921569
0.24313726
0.21176471
0.20000000
0.24705882
0.35294119
0.52549022
0.56862748
0.56470591
0.57254905
0.63529414
0.65882355
0.70196080
0.62352943
0.20784314
0.00784314
0.00000000
0.03921569
0.08627451
0.33725491
0.30980393
0.29019609
0.27058825
0.26666668
0.27843139
0.27843139
0.27450982
0.27843139
0.27058825
0.25098041
0.23921569
0.21568628
0.20392157
0.21568628
0.21960784
0.20392157
0.18823530
0.18823530
0.20392157
0.20392157
0.18039216
0.25098041
0.50980395
0.56078434
0.43137255
0.23921569
0.03921569
0.00392157
0.02745098
0.05490196
0.09411765
1 0 0 0 0 0 0 0 -1 0 0
0 1 0 0 0 0 0 0 -1 0 0
0 0 1 0 0 0 0 0 -1 0 0
0 0 0 1 0 0 0 0 -1 0 0
0 0 0 0 1 0 0 0 -1 0 0
0 0 0 0 0 1 0 0 -1 0 0
0 0 0 0 0 0 1 0 -1 0 0
0 0 0 0 0 0 0 1 -1 0 0
0 0 0 0 0 0 0 0 -1 1 0
