0.55686277
0.63137257
0.66274512
0.65098041
0.58823532
0.49019608
0.43137255
0.43921569
0.44705883
0.45098040
0.44705883
0.45098040
0.45490196
0.46274510
0.46666667
0.47450981
0.48235294
0.48627451
0.48627451
0.49019608
0.49019608
0.49411765
0.50196081
0.50588238
0.51372552
0.51764709
0.52549022
0.54117650
0.54901963
0.54901963
0.52549022
0.43137255
0.58431375
0.69803923
0.74901962
0.73725492
0.66666669
0.54509807
0.47058824
0.47843137
0.49019608
0.49803922
0.49411765
0.49803922
0.50196081
0.50980395
0.51372552
0.52156866
0.52941179
0.53725493
0.53725493
0.54117650
0.54117650
0.54901963
0.55686277
0.56470591
0.56862748
0.57647061
0.58823532
0.59607846
0.60392159
0.60000002
0.55686277
0.43921569
0.57647061
0.68627453
0.74901962
0.74509805
0.66274512
0.53333336
0.47058824
0.47450981
0.49019608
0.49803922
0.50196081
0.50196081
0.50588238
0.50588238
0.51372552
0.51764709
0.52549022
0.53333336
0.54509807
0.56078434
0.56078434
0.56078434
0.56078434
0.56078434
0.56862748
0.58039218
0.59607846
0.60000002
0.60392159
0.60000002
0.55294120
0.43529412
0.54117650
0.64705884
0.70196080
0.68627453
0.60784316
0.51764709
0.46666667
0.47058824
0.48235294
0.49411765
0.50196081
0.50980395
0.51764709
0.51372552
0.50980395
0.51764709
0.55294120
0.60784316
0.65882355
0.65882355
0.64313728
0.63137257
0.61176473
0.58823532
0.57254905
0.58039218
0.59215689
0.60000002
0.61176473
0.61176473
0.56470591
0.43529412
0.50588238
0.58039218
0.59215689
0.56470591
0.53333336
0.50980395
0.46666667
0.47058824
0.48235294
0.49411765
0.49803922
0.50588238
0.52156866
0.51764709
0.52549022
0.56862748
0.62352943
0.65882355
0.66274512
0.62352943
0.58823532
0.56862748
0.55294120
0.54509807
0.55686277
0.58431375
0.59607846
0.60392159
0.61960787
0.61568630
0.56470591
0.43529412
0.45098040
0.50980395
0.52156866
0.51764709
0.51764709
0.50196081
0.46666667
0.47450981
0.48627451
0.49411765
0.50588238
0.51372552
0.52549022
0.50196081
0.52156866
0.52941179
0.51764709
0.51764709
0.53333336
0.50196081
0.46666667
0.46666667
0.47450981
0.48627451
0.52156866
0.57647061
0.60000002
0.60784316
0.61960787
0.61568630
0.56470591
0.43137255
0.43137255
0.49019608
0.51372552
0.51764709
0.51764709
0.49803922
0.46274510
0.47450981
0.49019608
0.50196081
0.50588238
0.51372552
0.51372552
0.43529412
0.45490196
0.45882353
0.44705883
0.41568628
0.36078432
0.32549021
0.31372550
0.27450982
0.30588236
0.40000001
0.50588238
0.56862748
0.60392159
0.60784316
0.61960787
0.61176473
0.56078434
0.43137255
0.42352942
0.49411765
0.51764709
0.52156866
0.51764709
0.49803922
0.46666667
0.47843137
0.49411765
0.50588238
0.51372552
0.50980395
0.48627451
0.54117650
0.55294120
0.49411765
0.40784314
0.31764707
0.21960784
0.20392157
0.21176471
0.14509805
0.14901961
0.24705882
0.35686275
0.39607844
0.56078434
0.60392159
0.61176473
0.60392159
0.55294120
0.43529412
0.40784314
0.48627451
0.51764709
0.52549022
0.52156866
0.49411765
0.46666667
0.47843137
0.49803922
0.51372552
0.49803922
0.43921569
0.45098040
0.59607846
0.52941179
0.40784314
0.34117648
0.30980393
0.22352941
0.18431373
0.15686275
0.09019608
0.08235294
0.15686275
0.23529412
0.21960784
0.38823530
0.56078434
0.60784316
0.60392159
0.55294120
0.43137255
0.39607844
0.46666667
0.50980395
0.52549022
0.51764709
0.48627451
0.47058824
0.48627451
0.49803922
0.49803922
0.43529412
0.31764707
0.38431373
0.50980395
0.43921569
0.34901962
0.30196080
0.28235295
0.24313726
0.18823530
0.10980392
0.08627451
0.14509805
0.24705882
0.31764707
0.29803923
0.37647060
0.54901963
0.60784316
0.60784316
0.55686277
0.43529412
0.40392157
0.45882353
0.50196081
0.52549022
0.52156866
0.48627451
0.47450981
0.49019608
0.50588238
0.50980395
0.45882353
0.37647060
0.41568628
0.43529412
0.36470589
0.28627452
0.24705882
0.23529412
0.23529412
0.23137255
0.15686275
0.16470589
0.25098041
0.33333334
0.34901962
0.35686275
0.48627451
0.59215689
0.61960787
0.61176473
0.56078434
0.43921569
0.42352942
0.46666667
0.50196081
0.52549022
0.51764709
0.48235294
0.48627451
0.54117650
0.54509807
0.53333336
0.49019608
0.41176471
0.43921569
0.38431373
0.28235295
0.21960784
0.20784314
0.22352941
0.21960784
0.20000000
0.19607843
0.23137255
0.31372550
0.37647060
0.40392157
0.45490196
0.58431375
0.61176473
0.61960787
0.61176473
0.56078434
0.43529412
0.43529412
0.47843137
0.49803922
0.50980395
0.51764709
0.49019608
0.60000002
0.62352943
0.55686277
0.50196081
0.46274510
0.43137255
0.52941179
0.38823530
0.24705882
0.17254902
0.16078432
0.17647059
0.18431373
0.18039216
0.21568628
0.27843139
0.38039216
0.47843137
0.54509807
0.58431375
0.61568630
0.61960787
0.61960787
0.60784316
0.55686277
0.43137255
0.42352942
0.49019608
0.50588238
0.50196081
0.53333336
0.59607846
0.68627453
0.63921571
0.54901963
0.47450981
0.45882353
0.50588238
0.60784316
0.47843137
0.30196080
0.20392157
0.18039216
0.19215687
0.20392157
0.20000000
0.23921569
0.41960785
0.54509807
0.58823532
0.59215689
0.60000002
0.61568630
0.62745100
0.62745100
0.61568630
0.56078434
0.43529412
0.41176471
0.48627451
0.51372552
0.54509807
0.61176473
0.61568630
0.64705884
0.60000002
0.50980395
0.43529412
0.43529412
0.52941179
0.61960787
0.58823532
0.45490196
0.31372550
0.23529412
0.22745098
0.21960784
0.20000000
0.31764707
0.51372552
0.59607846
0.59607846
0.59215689
0.60784316
0.63137257
0.63921571
0.64313728
0.62745100
0.57647061
0.45098040
0.41568628
0.48235294
0.55686277
0.62352943
0.64313728
0.55294120
0.58823532
0.57254905
0.47450981
0.40000001
0.42745098
0.54901963
0.62352943
0.58039218
0.52156866
0.44313726
0.39215687
0.37254903
0.36078432
0.37647060
0.47058824
0.55686277
0.58823532
0.59215689
0.60784316
0.63137257
0.65098041
0.65490198
0.65098041
0.63529414
0.58431375
0.45882353
0.43529412
0.53333336
0.62352943
0.64313728
0.57647061
0.49411765
0.50588238
0.49803922
0.43137255
0.38431373
0.43529412
0.57254905
0.61568630
0.57254905
0.52549022
0.47450981
0.44313726
0.43921569
0.45490196
0.46666667
0.53333336
0.57647061
0.58823532
0.60392159
0.62745100
0.64705884
0.66274512
0.66274512
0.65882355
0.64705884
0.60000002
0.47450981
0.46666667
0.56470591
0.62352943
0.60392159
0.50980395
0.44705883
0.42745098
0.41176471
0.38039216
0.37647060
0.45882353
0.58431375
0.58431375
0.52941179
0.50588238
0.48627451
0.47450981
0.46666667
0.46666667
0.48627451
0.56470591
0.59215689
0.60784316
0.63137257
0.65490198
0.66666669
0.67058825
0.67058825
0.67058825
0.66274512
0.61568630
0.49019608
0.44705883
0.52549022
0.57647061
0.56862748
0.49803922
0.41568628
0.38039216
0.36078432
0.32941177
0.31372550
0.38039216
0.53333336
0.58039218
0.53333336
0.49803922
0.47843137
0.47450981
0.47843137
0.47450981
0.50588238
0.57647061
0.61568630
0.64313728
0.66666669
0.67450982
0.67450982
0.67450982
0.67843139
0.68627453
0.67843139
0.62352943
0.49019608
0.43137255
0.48627451
0.51764709
0.53333336
0.51372552
0.47058824
0.41960785
0.33725491
0.30196080
0.29411766
0.35294119
0.50980395
0.58039218
0.53333336
0.49803922
0.47058824
0.46666667
0.47843137
0.48235294
0.50980395
0.59607846
0.64313728
0.66666669
0.67058825
0.66666669
0.66666669
0.67843139
0.68627453
0.69019610
0.67843139
0.61568630
0.47450981
0.41960785
0.44313726
0.45098040
0.46274510
0.46666667
0.46274510
0.43921569
0.35686275
0.33333334
0.34509805
0.40000001
0.50588238
0.56470591
0.53725493
0.49411765
0.46666667
0.45490196
0.44705883
0.43529412
0.45882353
0.56862748
0.62352943
0.63921571
0.63529414
0.63921571
0.65098041
0.67058825
0.67843139
0.67450982
0.65098041
0.58823532
0.45490196
0.41960785
0.42745098
0.40784314
0.39607844
0.40392157
0.40000001
0.39215687
0.34509805
0.32941177
0.34509805
0.39607844
0.48627451
0.56470591
0.52941179
0.48235294
0.45098040
0.44313726
0.43529412
0.39607844
0.42745098
0.52156866
0.56862748
0.58431375
0.59607846
0.61176473
0.62745100
0.63529414
0.63529414
0.63137257
0.61176473
0.56078434
0.43921569
0.44313726
0.43921569
0.38823530
0.33725491
0.31372550
0.30980393
0.31764707
0.33725491
0.34117648
0.35294119
0.40784314
0.50588238
0.54117650
0.51764709
0.47058824
0.45882353
0.47058824
0.45882353
0.39215687
0.40784314
0.47843137
0.52156866
0.54509807
0.56078434
0.57254905
0.57647061
0.57647061
0.58039218
0.58431375
0.57647061
0.53333336
0.42352942
0.43137255
0.46666667
0.40000001
0.30588236
0.24313726
0.18039216
0.19215687
0.22745098
0.25490198
0.28627452
0.36862746
0.50980395
0.55294120
0.50980395
0.48235294
0.47450981
0.47843137
0.45882353
0.40392157
0.38039216
0.43921569
0.49803922
0.52941179
0.53333336
0.53333336
0.53725493
0.54509807
0.54117650
0.55294120
0.55294120
0.50980395
0.40000001
0.31372550
0.40784314
0.41176471
0.32156864
0.22745098
0.18431373
0.23529412
0.28235295
0.30588236
0.31764707
0.37254903
0.48235294
0.52549022
0.50196081
0.48235294
0.45882353
0.43921569
0.41960785
0.38431373
0.34509805
0.38431373
0.44313726
0.48235294
0.50196081
0.52549022
0.53725493
0.54509807
0.54117650
0.55294120
0.54901963
0.50588238
0.39215687
0.30980393
0.32156864
0.35686275
0.39607844
0.38431373
0.32549021
0.34901962
0.42352942
0.47058824
0.47450981
0.47058824
0.48627451
0.49019608
0.48627451
0.48627451
0.45882353
0.43137255
0.41568628
0.39215687
0.34509805
0.34117648
0.36470589
0.41568628
0.47843137
0.52941179
0.54509807
0.54509807
0.54509807
0.55686277
0.55294120
0.50980395
0.40000001
0.31372550
0.35294119
0.33725491
0.32549021
0.36862746
0.40784314
0.43921569
0.46666667
0.50588238
0.52156866
0.51764709
0.50196081
0.49019608
0.48627451
0.48627451
0.46666667
0.44705883
0.43921569
0.45490196
0.46666667
0.46666667
0.48235294
0.51372552
0.54509807
0.56078434
0.56862748
0.57254905
0.57647061
0.58431375
0.57647061
0.52941179
0.41176471
0.30588236
0.34901962
0.32549021
0.28235295
0.29019609
0.31764707
0.35294119
0.43529412
0.49803922
0.53725493
0.54509807
0.52941179
0.51764709
0.49803922
0.48627451
0.47058824
0.45490196
0.45098040
0.47843137
0.52156866
0.55294120
0.57254905
0.58823532
0.59607846
0.60392159
0.60784316
0.61176473
0.61176473
0.60784316
0.59607846
0.54901963
0.42745098
0.30196080
0.34117648
0.31372550
0.24705882
0.21960784
0.27843139
0.34509805
0.42745098
0.48235294
0.52549022
0.56078434
0.56862748
0.55686277
0.53333336
0.50980395
0.49411765
0.49411765
0.51764709
0.57254905
0.61568630
0.63137257
0.63921571
0.63921571
0.63921571
0.63921571
0.63921571
0.63529414
0.63137257
0.62745100
0.61568630
0.56078434
0.43921569
0.27450982
0.32156864
0.30980393
0.25490198
0.21960784
0.34117648
0.39607844
0.42352942
0.46666667
0.50980395
0.55294120
0.58431375
0.60000002
0.60000002
0.58431375
0.58039218
0.60000002
0.62745100
0.64705884
0.65882355
0.66274512
0.66274512
0.66274512
0.66274512
0.66274512
0.65882355
0.65490198
0.64705884
0.64313728
0.62745100
0.57254905
0.44705883
0.27058825
0.30196080
0.29411766
0.25882354
0.24313726
0.32156864
0.36078432
0.40784314
0.43921569
0.47058824
0.50980395
0.54509807
0.56470591
0.58431375
0.59607846
0.60784316
0.61176473
0.61568630
0.61568630
0.61960787
0.62352943
0.62745100
0.63137257
0.63529414
0.63529414
0.63529414
0.63137257
0.62352943
0.61960787
0.60784316
0.56470591
0.44705883
0.25490198
0.26274511
0.24705882
0.21176471
0.18431373
0.25882354
0.28627452
0.32941177
0.34509805
0.36078432
0.38823530
0.41176471
0.43529412
0.45882353
0.47450981
0.48235294
0.49019608
0.49411765
0.49411765
0.49803922
0.50196081
0.50196081
0.50196081
0.50196081
0.50588238
0.50588238
0.50588238
0.49803922
0.49803922
0.49803922
0.48627451
0.41960785
0.46274510
0.52941179
0.55294120
0.54117650
0.47450981
0.37647060
0.31372550
0.32156864
0.33725491
0.34117648
0.34117648
0.34117648
0.34509805
0.34901962
0.35294119
0.36078432
0.36862746
0.37647060
0.38039216
0.38039216
0.38039216
0.38431373
0.39215687
0.39607844
0.40000001
0.40392157
0.41176471
0.41960785
0.42745098
0.43529412
0.41960785
0.34117648
0.48627451
0.58431375
0.62352943
0.61176473
0.53725493
0.41568628
0.34509805
0.34901962
0.36862746
0.37647060
0.37647060
0.37647060
0.38039216
0.38431373
0.39215687
0.39607844
0.40392157
0.41176471
0.41568628
0.41960785
0.41568628
0.42352942
0.43137255
0.43921569
0.44313726
0.44705883
0.45882353
0.46666667
0.47843137
0.48235294
0.44705883
0.34509805
0.47843137
0.56862748
0.61960787
0.61568630
0.53725493
0.41176471
0.34509805
0.35294119
0.36862746
0.38039216
0.38039216
0.38431373
0.38431373
0.38823530
0.39215687
0.39607844
0.40392157
0.41568628
0.43137255
0.44705883
0.44313726
0.44313726
0.43921569
0.43921569
0.44313726
0.45490196
0.47450981
0.47843137
0.48627451
0.48627451
0.45098040
0.34901962
0.43921569
0.52941179
0.58039218
0.56078434
0.47843137
0.39215687
0.34117648
0.34901962
0.36470589
0.37647060
0.38039216
0.38431373
0.38823530
0.39215687
0.39215687
0.40000001
0.43529412
0.49803922
0.55686277
0.55294120
0.53333336
0.51764709
0.49411765
0.46666667
0.45098040
0.45882353
0.47450981
0.48235294
0.49019608
0.49019608
0.45490196
0.34901962
0.40392157
0.46274510
0.47450981
0.44313726
0.40392157
0.38431373
0.34117648
0.34901962
0.36470589
0.37254903
0.37647060
0.38039216
0.39215687
0.38823530
0.40392157
0.45882353
0.52156866
0.56078434
0.55686277
0.51764709
0.47843137
0.45490196
0.43921569
0.43137255
0.43921569
0.46274510
0.47450981
0.48627451
0.49411765
0.49019608
0.45490196
0.34901962
0.34509805
0.38823530
0.40000001
0.39607844
0.39215687
0.37647060
0.34117648
0.35294119
0.36470589
0.37647060
0.38039216
0.38823530
0.39215687
0.36862746
0.39215687
0.40784314
0.40784314
0.40784314
0.42352942
0.39215687
0.35294119
0.35294119
0.36078432
0.37647060
0.40392157
0.45882353
0.47843137
0.49019608
0.49411765
0.49411765
0.45098040
0.34509805
0.32156864
0.36862746
0.38823530
0.39215687
0.39215687
0.37254903
0.33725491
0.35294119
0.36862746
0.38039216
0.38431373
0.38431373
0.38039216
0.29803923
0.31764707
0.32156864
0.31372550
0.29411766
0.25098041
0.21568628
0.19607843
0.16470589
0.20392157
0.29411766
0.39215687
0.44705883
0.47843137
0.49019608
0.49411765
0.49019608
0.45098040
0.34509805
0.31372550
0.36470589
0.38823530
0.39215687
0.39215687
0.37254903
0.34117648
0.35294119
0.36862746
0.37647060
0.38039216
0.37647060
0.35686275
0.41568628
0.41960785
0.34509805
0.25882354
0.18431373
0.11764706
0.11764706
0.10588235
0.07450981
0.09411765
0.17254902
0.26274511
0.29803923
0.44705883
0.48235294
0.49019608
0.48627451
0.44705883
0.34509805
0.29803923
0.35686275
0.38823530
0.40000001
0.39607844
0.36862746
0.34117648
0.35294119
0.36470589
0.38039216
0.36078432
0.30196080
0.32156864
0.48627451
0.40392157
0.26274511
0.18823530
0.16862746
0.11372549
0.09411765
0.08235294
0.05490196
0.05882353
0.10980392
0.15686275
0.14117648
0.28235295
0.43921569
0.48627451
0.48627451
0.44705883
0.34509805
0.29019609
0.34509805
0.38431373
0.40000001
0.39215687
0.36078432
0.34509805
0.35686275
0.36862746
0.36470589
0.29411766
0.18039216
0.25490198
0.39607844
0.30980393
0.20784314
0.15686275
0.14509805
0.12156863
0.07450981
0.05098039
0.05098039
0.08235294
0.14901961
0.19607843
0.18823530
0.25098041
0.42352942
0.48627451
0.49019608
0.45098040
0.34509805
0.29411766
0.33333334
0.36862746
0.39607844
0.39215687
0.35686275
0.34901962
0.36470589
0.38039216
0.37647060
0.32156864
0.23529412
0.28235295
0.30588236
0.23137255
0.15294118
0.11372549
0.11372549
0.11372549
0.10196079
0.08235294
0.09411765
0.16078432
0.21568628
0.22745098
0.25098041
0.37254903
0.47058824
0.49803922
0.49411765
0.45490196
0.34901962
0.31764707
0.33333334
0.34901962
0.37647060
0.38823530
0.35294119
0.36078432
0.41960785
0.42745098
0.40784314
0.35686275
0.28235295
0.30980393
0.24705882
0.16470589
0.10980392
0.09411765
0.10588235
0.10588235
0.09803922
0.09411765
0.12156863
0.19607843
0.25882354
0.27843139
0.32941177
0.45490196
0.48627451
0.49411765
0.49411765
0.45490196
0.34509805
0.33333334
0.35294119
0.34901962
0.36078432
0.38039216
0.37254903
0.49411765
0.51764709
0.43529412
0.36862746
0.33725491
0.31764707
0.42352942
0.26666668
0.13725491
0.07843138
0.07450981
0.08627451
0.08235294
0.08235294
0.10196079
0.14901961
0.25098041
0.35294119
0.41568628
0.45490196
0.48627451
0.49019608
0.49411765
0.49019608
0.44705883
0.34117648
0.32549021
0.37254903
0.37254903
0.36862746
0.41176471
0.49803922
0.59607846
0.53725493
0.42745098
0.34901962
0.34117648
0.40784314
0.51372552
0.37254903
0.19215687
0.10196079
0.09019608
0.10196079
0.10196079
0.10196079
0.12549020
0.28627452
0.41176471
0.46274510
0.46666667
0.47058824
0.49019608
0.49803922
0.50588238
0.49803922
0.45098040
0.34509805
0.31372550
0.37647060
0.39215687
0.42745098
0.50588238
0.52549022
0.55686277
0.49411765
0.39215687
0.31764707
0.32549021
0.42745098
0.52156866
0.49411765
0.34901962
0.20000000
0.12156863
0.10980392
0.09803922
0.09411765
0.20392157
0.39215687
0.47058824
0.47058824
0.46666667
0.48235294
0.50196081
0.51372552
0.51764709
0.50980395
0.46666667
0.36078432
0.31372550
0.36862746
0.44313726
0.51372552
0.52549022
0.43529412
0.48235294
0.47058824
0.36078432
0.27843139
0.31764707
0.45098040
0.52941179
0.49803922
0.43137255
0.34117648
0.27450982
0.24705882
0.23137255
0.25490198
0.35686275
0.44313726
0.47058824
0.47058824
0.48235294
0.50196081
0.52156866
0.52941179
0.52941179
0.52156866
0.47843137
0.37254903
0.33725491
0.41960785
0.50980395
0.53333336
0.46274510
0.37647060
0.39215687
0.39215687
0.30588236
0.25490198
0.32156864
0.47450981
0.52549022
0.48627451
0.42745098
0.36862746
0.32941177
0.31764707
0.32941177
0.34509805
0.41960785
0.45882353
0.47058824
0.48627451
0.50588238
0.52549022
0.54117650
0.54509807
0.54509807
0.54117650
0.49803922
0.39215687
0.36862746
0.45882353
0.52156866
0.50196081
0.40392157
0.32941177
0.30980393
0.29411766
0.23921569
0.23529412
0.33725491
0.48627451
0.49411765
0.43137255
0.39607844
0.36862746
0.35294119
0.34901962
0.35686275
0.37647060
0.45098040
0.47450981
0.49411765
0.51764709
0.54117650
0.54901963
0.55686277
0.55686277
0.56470591
0.56078434
0.52156866
0.41176471
0.35686275
0.42352942
0.47450981
0.47058824
0.39215687
0.30196080
0.25882354
0.22745098
0.17647059
0.16078432
0.25490198
0.43137255
0.48627451
0.42352942
0.38039216
0.36078432
0.35686275
0.36470589
0.37254903
0.40000001
0.46274510
0.49803922
0.52941179
0.55294120
0.56078434
0.56078434
0.56078434
0.56862748
0.58039218
0.57647061
0.53333336
0.41176471
0.33333334
0.37647060
0.40784314
0.42352942
0.40000001
0.36078432
0.29803923
0.19215687
0.12941177
0.12941177
0.22352941
0.40392157
0.47843137
0.41960785
0.38431373
0.35686275
0.35294119
0.36078432
0.36862746
0.39215687
0.47058824
0.51764709
0.54509807
0.55686277
0.55294120
0.55294120
0.56470591
0.56862748
0.57647061
0.57254905
0.51764709
0.39215687
0.32156864
0.33333334
0.34117648
0.34901962
0.34901962
0.34901962
0.31764707
0.20784314
0.14509805
0.16470589
0.26274511
0.40000001
0.46666667
0.42352942
0.38039216
0.35294119
0.34117648
0.33333334
0.32156864
0.34509805
0.45098040
0.50196081
0.51764709
0.52156866
0.52156866
0.53725493
0.55294120
0.55686277
0.55686277
0.54117650
0.48627451
0.37254903
0.31764707
0.31764707
0.29411766
0.27843139
0.28627452
0.29019609
0.27450982
0.20784314
0.16470589
0.18431373
0.26666668
0.38431373
0.46274510
0.41568628
0.36862746
0.33333334
0.32941177
0.31764707
0.28627452
0.31764707
0.40784314
0.44705883
0.46274510
0.47450981
0.49019608
0.50588238
0.51372552
0.50980395
0.50588238
0.49803922
0.45490196
0.34901962
0.34117648
0.32941177
0.27450982
0.21960784
0.19607843
0.20392157
0.21176471
0.21568628
0.21176471
0.23137255
0.29803923
0.40784314
0.43137255
0.40392157
0.35686275
0.34117648
0.35294119
0.33725491
0.27843139
0.29803923
0.36470589
0.40392157
0.42745098
0.43921569
0.44705883
0.45098040
0.45098040
0.45490196
0.45882353
0.45882353
0.42352942
0.33333334
0.34117648
0.35686275
0.28235295
0.18823530
0.13333334
0.08627451
0.09411765
0.11764706
0.14117648
0.17254902
0.25882354
0.40392157
0.44705883
0.40392157
0.37254903
0.35686275
0.35294119
0.33725491
0.28235295
0.26666668
0.32549021
0.38039216
0.40784314
0.41176471
0.41176471
0.41568628
0.42352942
0.42745098
0.43137255
0.43137255
0.40392157
0.31764707
0.22352941
0.29803923
0.29019609
0.20392157
0.12549020
0.09019608
0.12941177
0.16078432
0.18039216
0.20000000
0.26274511
0.37647060
0.41568628
0.39215687
0.36862746
0.34117648
0.31764707
0.29411766
0.25490198
0.21960784
0.25882354
0.31764707
0.36078432
0.38823530
0.40392157
0.41568628
0.42352942
0.42745098
0.43137255
0.42745098
0.40000001
0.31372550
0.21960784
0.21176471
0.23137255
0.27058825
0.27058825
0.22352941
0.23529412
0.29803923
0.34509805
0.35294119
0.35686275
0.38039216
0.38431373
0.38431373
0.37254903
0.34509805
0.30980393
0.29019609
0.26666668
0.21568628
0.21568628
0.24313726
0.29803923
0.36078432
0.41176471
0.42352942
0.42352942
0.43137255
0.43529412
0.43137255
0.40392157
0.31372550
0.22352941
0.24313726
0.21176471
0.18823530
0.22352941
0.27843139
0.31372550
0.34117648
0.38039216
0.40000001
0.39607844
0.38823530
0.38431373
0.37647060
0.37254903
0.35294119
0.32941177
0.32156864
0.33725491
0.34901962
0.34901962
0.36078432
0.39215687
0.42352942
0.43529412
0.44313726
0.45098040
0.45882353
0.46274510
0.45490196
0.41960785
0.32549021
0.21176471
0.24313726
0.20784314
0.14901961
0.12549020
0.14117648
0.19607843
0.30196080
0.37254903
0.41176471
0.41960785
0.40392157
0.39215687
0.37254903
0.36470589
0.35294119
0.33725491
0.33725491
0.36470589
0.41176471
0.43921569
0.45490196
0.47058824
0.47843137
0.48627451
0.49019608
0.49411765
0.49803922
0.49803922
0.48627451
0.44313726
0.34117648
0.21176471
0.23529412
0.20000000
0.12941177
0.08627451
0.12156863
0.20000000
0.29803923
0.36078432
0.40392157
0.43529412
0.44313726
0.43137255
0.40784314
0.38823530
0.37647060
0.37254903
0.40000001
0.45882353
0.49803922
0.51372552
0.52156866
0.52941179
0.53333336
0.53725493
0.53725493
0.53333336
0.52941179
0.52549022
0.51372552
0.46274510
0.35686275
0.18431373
0.21568628
0.20392157
0.14901961
0.10196079
0.19215687
0.24313726
0.29019609
0.34117648
0.38823530
0.42745098
0.45882353
0.47450981
0.47843137
0.46274510
0.46274510
0.47843137
0.50980395
0.53333336
0.54509807
0.54901963
0.54901963
0.55686277
0.56078434
0.56078434
0.55686277
0.55294120
0.54901963
0.54901963
0.53333336
0.47843137
0.36862746
0.18431373
0.20392157
0.19215687
0.15686275
0.12941177
0.17254902
0.20000000
0.25882354
0.30980393
0.35294119
0.38823530
0.42352942
0.44705883
0.46666667
0.48235294
0.49019608
0.49803922
0.50196081
0.51372552
0.51764709
0.52156866
0.52549022
0.52549022
0.52941179
0.53333336
0.53333336
0.52941179
0.52941179
0.52941179
0.52156866
0.47843137
0.37254903
0.17647059
0.17647059
0.15686275
0.11764706
0.09019608
0.14509805
0.16862746
0.21568628
0.24313726
0.26274511
0.29019609
0.31764707
0.34509805
0.36862746
0.38431373
0.38823530
0.39607844
0.40000001
0.40392157
0.40784314
0.40784314
0.41176471
0.41176471
0.41568628
0.41568628
0.41960785
0.41960785
0.41960785
0.41960785
0.42352942
0.41176471
0.35294119
0.56862748
0.66666669
0.70196080
0.67450982
0.57254905
0.43529412
0.34901962
0.34901962
0.36078432
0.36470589
0.36078432
0.36078432
0.36078432
0.36470589
0.36862746
0.37647060
0.38431373
0.39215687
0.40000001
0.40392157
0.41176471
0.42352942
0.43137255
0.43921569
0.44705883
0.45882353
0.47450981
0.49411765
0.50980395
0.51372552
0.49411765
0.40784314
0.60000002
0.73725492
0.79215688
0.76470590
0.65098041
0.49019608
0.38823530
0.38039216
0.39607844
0.40392157
0.40000001
0.39607844
0.40000001
0.40392157
0.41176471
0.41568628
0.42352942
0.43529412
0.43921569
0.44705883
0.45490196
0.46666667
0.47843137
0.49411765
0.50196081
0.51372552
0.53333336
0.55294120
0.56862748
0.56862748
0.52941179
0.41568628
0.58823532
0.70980394
0.77647060
0.76078433
0.65098041
0.48627451
0.38823530
0.38431373
0.40000001
0.40784314
0.40784314
0.40784314
0.40784314
0.40784314
0.41176471
0.41568628
0.42352942
0.43529412
0.46274510
0.48235294
0.48627451
0.49019608
0.49411765
0.49803922
0.50588238
0.52156866
0.54509807
0.56078434
0.57254905
0.57254905
0.53333336
0.41568628
0.53333336
0.64705884
0.70980394
0.68235296
0.56862748
0.45098040
0.38039216
0.38039216
0.39607844
0.40784314
0.41176471
0.41568628
0.42352942
0.42352942
0.42352942
0.43137255
0.46666667
0.54117650
0.61568630
0.61568630
0.60000002
0.58431375
0.54901963
0.51764709
0.50588238
0.52156866
0.54117650
0.56470591
0.58039218
0.58039218
0.53725493
0.41960785
0.47450981
0.54117650
0.54901963
0.51764709
0.47450981
0.43921569
0.38039216
0.38039216
0.39607844
0.40392157
0.40784314
0.41568628
0.42745098
0.42352942
0.44705883
0.51372552
0.58823532
0.63529414
0.62745100
0.57254905
0.51372552
0.48235294
0.45882353
0.45490196
0.48235294
0.52549022
0.55294120
0.57254905
0.58431375
0.58039218
0.53725493
0.41960785
0.39607844
0.43921569
0.44705883
0.44313726
0.44313726
0.43137255
0.38431373
0.38431373
0.39607844
0.40784314
0.41568628
0.41960785
0.42745098
0.40392157
0.43137255
0.45098040
0.45490196
0.45882353
0.47058824
0.42352942
0.36078432
0.34509805
0.34901962
0.37254903
0.43137255
0.51764709
0.55686277
0.57647061
0.58431375
0.58431375
0.53725493
0.41568628
0.36470589
0.41960785
0.43921569
0.44313726
0.43921569
0.42745098
0.38431373
0.38431373
0.40000001
0.41176471
0.41568628
0.41960785
0.42352942
0.34901962
0.34901962
0.32941177
0.30196080
0.28235295
0.25882354
0.21960784
0.19215687
0.14901961
0.17254902
0.27843139
0.40784314
0.50196081
0.56078434
0.57647061
0.58431375
0.58039218
0.53333336
0.41176471
0.35686275
0.41960785
0.44705883
0.45098040
0.45098040
0.42745098
0.38823530
0.39607844
0.40784314
0.42352942
0.43137255
0.43137255
0.42745098
0.49803922
0.45882353
0.33725491
0.22352941
0.14901961
0.09019608
0.09411765
0.09019608
0.05098039
0.06274510
0.15294118
0.26274511
0.32941177
0.51372552
0.55686277
0.57647061
0.57647061
0.52549022
0.40784314
0.33725491
0.40392157
0.44313726
0.45490196
0.45098040
0.42352942
0.38823530
0.40000001
0.42352942
0.45098040
0.44313726
0.38823530
0.40392157
0.56078434
0.42745098
0.24313726
0.14509805
0.12156863
0.07450981
0.05882353
0.06666667
0.03921569
0.03529412
0.08627451
0.14117648
0.13725491
0.31372550
0.50980395
0.57647061
0.57647061
0.52549022
0.40392157
0.31764707
0.38431373
0.43137255
0.45490196
0.45098040
0.41568628
0.38823530
0.40392157
0.42745098
0.44705883
0.39607844
0.27843139
0.32941177
0.43529412
0.30980393
0.17647059
0.12156863
0.11372549
0.09019608
0.05098039
0.02745098
0.02745098
0.06274510
0.12549020
0.17647059
0.16862746
0.26666668
0.48627451
0.57254905
0.58039218
0.52941179
0.40784314
0.32156864
0.36862746
0.41176471
0.44705883
0.45098040
0.41176471
0.39607844
0.40784314
0.43137255
0.45490196
0.42745098
0.32941177
0.33725491
0.30588236
0.20784314
0.12156863
0.09019608
0.09803922
0.09411765
0.08627451
0.05098039
0.05882353
0.12156863
0.17647059
0.19607843
0.23137255
0.38823530
0.53333336
0.58431375
0.58431375
0.53333336
0.40784314
0.36078432
0.37254903
0.38823530
0.42352942
0.43921569
0.40392157
0.41568628
0.46274510
0.47843137
0.50196081
0.48627451
0.36862746
0.34117648
0.23137255
0.13725491
0.08235294
0.07450981
0.08627451
0.08235294
0.06666667
0.05882353
0.07843138
0.15294118
0.22745098
0.27450982
0.35686275
0.50980395
0.56078434
0.58823532
0.58823532
0.53725493
0.40784314
0.37254903
0.39215687
0.38823530
0.40392157
0.43137255
0.43529412
0.56470591
0.58039218
0.50196081
0.47058824
0.45882353
0.40392157
0.46666667
0.26666668
0.11764706
0.05490196
0.05490196
0.07058824
0.07058824
0.05490196
0.07058824
0.12941177
0.25098041
0.37254903
0.45882353
0.51764709
0.56470591
0.58039218
0.59215689
0.58823532
0.53725493
0.41176471
0.36078432
0.41176471
0.41568628
0.41568628
0.47058824
0.57647061
0.67843139
0.61176473
0.50588238
0.45098040
0.45098040
0.48627451
0.58431375
0.41176471
0.19607843
0.08235294
0.06274510
0.08235294
0.08627451
0.07058824
0.11372549
0.30588236
0.45882353
0.52549022
0.54117650
0.55686277
0.58039218
0.59607846
0.60784316
0.60392159
0.54509807
0.41960785
0.34901962
0.41176471
0.43921569
0.48627451
0.58431375
0.61568630
0.63921571
0.56862748
0.47843137
0.41568628
0.42352942
0.50980395
0.61568630
0.57254905
0.38039216
0.18823530
0.09411765
0.08235294
0.07450981
0.06274510
0.21176471
0.44313726
0.54509807
0.54901963
0.54901963
0.56862748
0.59607846
0.61176473
0.62745100
0.61960787
0.56470591
0.43921569
0.34901962
0.41568628
0.50588238
0.59215689
0.61176473
0.51372552
0.55294120
0.54509807
0.45882353
0.38039216
0.40392157
0.53333336
0.61568630
0.56862748
0.47450981
0.35686275
0.27058825
0.23137255
0.21960784
0.24705882
0.38039216
0.50196081
0.53725493
0.54509807
0.56470591
0.60000002
0.62745100
0.63529414
0.63921571
0.62745100
0.58039218
0.45882353
0.38431373
0.49019608
0.60392159
0.62745100
0.52941179
0.41960785
0.43529412
0.45098040
0.40000001
0.35294119
0.40392157
0.54901963
0.60392159
0.54509807
0.47058824
0.39215687
0.33725491
0.32156864
0.34117648
0.36862746
0.47058824
0.54117650
0.56078434
0.57254905
0.60392159
0.63137257
0.65098041
0.65490198
0.65882355
0.65098041
0.60392159
0.48235294
0.42352942
0.53333336
0.60784316
0.58431375
0.44705883
0.33725491
0.31764707
0.33725491
0.32549021
0.32941177
0.41176471
0.55294120
0.56078434
0.47843137
0.43529412
0.40000001
0.37647060
0.36862746
0.37647060
0.40392157
0.51372552
0.56862748
0.60000002
0.62745100
0.65098041
0.66274512
0.66666669
0.67450982
0.67843139
0.67450982
0.63137257
0.50588238
0.40000001
0.47450981
0.53333336
0.52941179
0.42352942
0.29803923
0.25490198
0.25882354
0.24705882
0.24705882
0.32156864
0.49411765
0.55294120
0.46274510
0.41176471
0.38823530
0.38431373
0.38823530
0.38823530
0.42745098
0.52549022
0.59215689
0.64313728
0.67450982
0.67843139
0.67843139
0.68235296
0.69411767
0.70588237
0.70196080
0.64705884
0.50196081
0.36862746
0.40000001
0.43921569
0.46274510
0.44705883
0.39607844
0.31764707
0.20784314
0.18039216
0.18431373
0.26666668
0.45490196
0.54509807
0.46274510
0.40392157
0.37254903
0.37254903
0.38823530
0.39215687
0.43137255
0.54509807
0.62352943
0.66666669
0.67843139
0.67450982
0.67450982
0.68627453
0.69803923
0.71372551
0.70588237
0.63529414
0.48235294
0.36078432
0.36078432
0.36078432
0.37647060
0.39607844
0.40000001
0.35686275
0.24705882
0.21568628
0.23529412
0.31372550
0.44313726
0.52156866
0.47450981
0.41176471
0.37254903
0.35686275
0.35294119
0.33725491
0.36862746
0.50588238
0.58823532
0.61960787
0.62745100
0.63137257
0.64705884
0.66666669
0.67450982
0.67843139
0.65882355
0.59215689
0.45098040
0.36862746
0.35294119
0.30980393
0.28627452
0.30588236
0.32156864
0.30980393
0.24313726
0.22352941
0.24705882
0.32156864
0.43137255
0.51372552
0.46274510
0.40000001
0.36078432
0.36078432
0.34901962
0.29019609
0.32549021
0.43529412
0.50588238
0.53725493
0.55294120
0.57647061
0.60392159
0.61568630
0.60784316
0.61176473
0.60000002
0.54117650
0.41568628
0.40000001
0.37254903
0.28627452
0.21176471
0.19215687
0.21176471
0.23137255
0.23921569
0.24313726
0.26666668
0.34509805
0.46274510
0.49411765
0.43529412
0.38039216
0.38039216
0.40392157
0.38431373
0.28627452
0.29019609
0.37647060
0.44313726
0.47843137
0.50196081
0.52156866
0.53725493
0.54117650
0.54117650
0.54901963
0.54509807
0.49803922
0.38823530
0.38431373
0.40392157
0.30980393
0.18431373
0.12156863
0.07843138
0.09803922
0.13333334
0.16078432
0.19607843
0.29411766
0.45882353
0.51764709
0.43921569
0.40392157
0.40000001
0.40784314
0.38823530
0.30588236
0.23921569
0.30588236
0.40392157
0.44705883
0.46274510
0.47843137
0.49019608
0.49019608
0.49019608
0.49803922
0.49803922
0.46274510
0.37254903
0.23137255
0.32156864
0.30980393
0.20784314
0.10588235
0.07843138
0.13333334
0.18039216
0.21568628
0.24313726
0.30980393
0.43529412
0.47843137
0.43137255
0.40000001
0.37647060
0.35686275
0.33333334
0.27058825
0.19215687
0.21960784
0.30196080
0.36862746
0.41568628
0.45490196
0.47450981
0.48235294
0.48235294
0.49019608
0.48627451
0.45098040
0.36078432
0.18823530
0.18823530
0.22745098
0.27450982
0.27058825
0.22745098
0.25882354
0.33333334
0.40392157
0.42745098
0.42745098
0.44313726
0.43529412
0.41568628
0.40392157
0.36862746
0.33725491
0.31372550
0.28235295
0.21960784
0.20392157
0.23529412
0.30588236
0.39607844
0.46274510
0.48627451
0.48627451
0.49411765
0.50196081
0.50196081
0.46666667
0.36862746
0.18039216
0.19607843
0.18431373
0.19215687
0.24705882
0.30588236
0.35294119
0.39607844
0.45098040
0.48627451
0.48627451
0.46274510
0.43529412
0.41568628
0.39607844
0.36862746
0.34117648
0.33725491
0.36470589
0.38431373
0.39215687
0.40392157
0.43921569
0.48235294
0.50980395
0.52549022
0.52941179
0.54509807
0.54901963
0.54509807
0.50196081
0.39215687
0.16862746
0.20392157
0.18431373
0.14117648
0.12941177
0.15294118
0.21176471
0.33725491
0.43921569
0.49803922
0.50980395
0.49411765
0.47450981
0.42745098
0.39215687
0.36078432
0.34509805
0.35686275
0.41176471
0.47058824
0.51764709
0.54509807
0.56470591
0.57647061
0.58431375
0.59215689
0.59607846
0.60784316
0.60392159
0.58823532
0.53725493
0.41960785
0.16862746
0.19215687
0.16470589
0.10980392
0.07843138
0.12156863
0.20784314
0.32549021
0.41568628
0.47843137
0.52156866
0.53725493
0.52156866
0.48235294
0.44313726
0.41568628
0.41960785
0.45882353
0.54117650
0.59215689
0.61960787
0.63921571
0.65098041
0.65882355
0.65882355
0.65882355
0.65490198
0.64705884
0.63921571
0.61960787
0.56470591
0.43529412
0.13725491
0.16470589
0.15686275
0.11372549
0.09019608
0.19215687
0.25490198
0.31764707
0.38823530
0.45098040
0.50588238
0.55294120
0.57647061
0.58039218
0.55294120
0.54509807
0.57254905
0.61176473
0.64313728
0.65882355
0.67058825
0.67843139
0.68627453
0.69411767
0.69411767
0.69019610
0.68235296
0.67450982
0.66666669
0.64313728
0.58431375
0.45098040
0.13725491
0.14901961
0.14117648
0.12156863
0.11764706
0.17254902
0.21568628
0.28627452
0.34901962
0.40000001
0.45490196
0.50588238
0.54509807
0.58039218
0.58823532
0.60000002
0.61176473
0.61960787
0.61960787
0.62745100
0.63137257
0.63529414
0.64313728
0.64705884
0.65098041
0.65098041
0.64705884
0.64705884
0.64313728
0.63137257
0.58039218
0.46274510
0.14117648
0.14117648
0.12156863
0.09411765
0.07843138
0.14509805
0.17647059
0.22745098
0.25882354
0.28627452
0.32549021
0.36078432
0.40000001
0.44313726
0.46666667
0.47843137
0.49019608
0.49411765
0.49019608
0.49411765
0.49411765
0.49803922
0.50196081
0.50588238
0.50980395
0.50980395
0.50980395
0.50980395
0.50980395
0.50980395
0.50196081
0.43529412
1 0 0 0 0 -1 0 0 0 0 0
0 1 0 0 0 -1 0 0 0 0 0
0 0 1 0 0 -1 0 0 0 0 0
0 0 0 1 0 -1 0 0 0 0 0
0 0 0 0 1 -1 0 0 0 0 0
0 0 0 0 0 -1 1 0 0 0 0
0 0 0 0 0 -1 0 1 0 0 0
0 0 0 0 0 -1 0 0 1 0 0
0 0 0 0 0 -1 0 0 0 1 0
