0.85098040
0.84313726
0.84313726
0.84705883
0.84705883
0.84313726
0.85098040
0.86274511
0.86666667
0.86666667
0.86666667
0.85882354
0.85490197
0.86666667
0.88627452
0.88627452
0.87843138
0.88235295
0.88627452
0.89019608
0.89019608
0.87843138
0.87843138
0.87843138
0.87843138
0.87843138
0.87843138
0.87843138
0.87843138
0.88235295
0.87843138
0.87058824
0.85098040
0.85098040
0.85490197
0.85882354
0.85882354
0.85882354
0.86274511
0.87450981
0.88235295
0.88235295
0.87058824
0.87058824
0.87450981
0.89411765
0.88235295
0.88235295
0.89803922
0.87843138
0.87843138
0.89803922
0.90980393
0.89411765
0.89019608
0.89019608
0.89019608
0.89019608
0.89019608
0.89019608
0.89019608
0.89411765
0.89019608
0.88627452
0.84313726
0.84313726
0.85098040
0.85490197
0.85490197
0.85490197
0.85882354
0.86666667
0.87843138
0.88235295
0.87058824
0.87058824
0.88235295
0.89019608
0.76078433
0.77254903
0.90980393
0.89019608
0.87843138
0.90196079
0.90980393
0.88627452
0.87843138
0.88235295
0.88627452
0.88235295
0.88235295
0.88235295
0.88235295
0.88627452
0.88235295
0.87843138
0.84313726
0.84313726
0.85098040
0.85490197
0.85882354
0.85882354
0.86666667
0.87058824
0.88627452
0.89019608
0.88627452
0.88235295
0.89803922
0.84705883
0.63921571
0.67058825
0.80392158
0.82745099
0.80784315
0.84705883
0.89019608
0.89019608
0.88235295
0.88627452
0.88627452
0.88235295
0.88235295
0.88627452
0.88627452
0.88627452
0.88235295
0.87843138
0.85098040
0.85098040
0.85490197
0.85882354
0.86274511
0.86666667
0.87450981
0.86666667
0.88627452
0.91372550
0.92549020
0.91764706
0.93725491
0.75686276
0.34901962
0.40000001
0.52941179
0.65098041
0.61960787
0.64705884
0.79607844
0.88627452
0.87843138
0.88235295
0.88627452
0.88627452
0.89019608
0.89019608
0.89019608
0.89019608
0.88627452
0.88235295
0.78039217
0.77647060
0.79215688
0.79607844
0.81176472
0.82352942
0.81176472
0.80784315
0.92941177
0.93725491
0.91764706
0.96862745
0.89803922
0.65882355
0.32941177
0.36078432
0.39607844
0.58431375
0.62745100
0.69803923
0.80392158
0.79215688
0.75686276
0.78431374
0.80784315
0.82352942
0.83921570
0.84705883
0.85490197
0.85882354
0.87058824
0.87450981
0.49803922
0.51372552
0.57647061
0.58823532
0.61960787
0.65098041
0.63921571
0.63921571
0.74117649
0.78039217
0.74509805
0.81176472
0.62745100
0.54901963
0.48235294
0.41960785
0.28627452
0.38823530
0.49411765
0.62745100
0.79215688
0.81568629
0.60784316
0.59607846
0.60392159
0.61960787
0.63921571
0.64705884
0.64705884
0.65882355
0.67058825
0.68627453
0.46666667
0.51764709
0.54509807
0.55686277
0.56470591
0.57254905
0.58823532
0.47450981
0.26274511
0.57254905
0.74901962
0.50196081
0.44313726
0.47058824
0.34117648
0.23921569
0.20000000
0.18431373
0.31764707
0.58039218
0.62745100
0.65490198
0.56862748
0.55294120
0.55294120
0.57647061
0.58039218
0.56470591
0.55294120
0.55294120
0.55686277
0.56078434
0.43921569
0.47843137
0.49411765
0.48627451
0.50588238
0.43529412
0.34901962
0.36078432
0.24705882
0.56862748
0.73725492
0.48627451
0.47058824
0.30196080
0.22745098
0.16470589
0.16078432
0.20000000
0.34901962
0.71372551
0.58431375
0.34901962
0.51372552
0.55294120
0.55294120
0.58039218
0.54509807
0.52549022
0.53725493
0.53333336
0.54117650
0.54117650
0.43921569
0.45490196
0.47058824
0.47843137
0.50980395
0.38039216
0.26666668
0.32941177
0.26666668
0.59215689
0.70196080
0.44705883
0.43921569
0.31372550
0.23137255
0.16862746
0.17254902
0.23137255
0.43137255
0.85490197
0.60000002
0.30980393
0.33725491
0.47450981
0.55294120
0.54509807
0.52941179
0.51372552
0.51372552
0.52941179
0.54117650
0.53333336
0.45098040
0.45490196
0.46666667
0.47843137
0.49019608
0.38431373
0.28627452
0.29019609
0.25098041
0.65098041
0.79215688
0.60000002
0.49411765
0.32549021
0.33725491
0.28627452
0.32156864
0.30196080
0.44313726
0.87843138
0.63529414
0.31764707
0.23921569
0.42745098
0.54901963
0.50588238
0.50588238
0.48627451
0.47058824
0.50196081
0.53333336
0.51372552
0.45098040
0.41568628
0.43529412
0.47058824
0.46274510
0.44313726
0.43137255
0.41176471
0.45098040
0.77254903
0.86666667
0.84313726
0.60392159
0.30196080
0.52156866
0.47058824
0.59607846
0.44705883
0.38823530
0.85882354
0.73333335
0.37647060
0.32941177
0.47058824
0.53725493
0.50588238
0.50588238
0.49019608
0.45882353
0.47450981
0.51372552
0.49803922
0.50196081
0.45490196
0.46274510
0.47450981
0.46666667
0.49411765
0.43921569
0.36862746
0.47450981
0.54901963
0.54509807
0.54901963
0.42352942
0.28627452
0.42352942
0.42352942
0.56862748
0.48235294
0.43529412
0.71764708
0.70196080
0.52156866
0.51372552
0.56862748
0.53725493
0.49803922
0.52156866
0.50980395
0.45882353
0.45490196
0.49019608
0.49411765
0.54117650
0.53725493
0.53725493
0.51764709
0.45098040
0.45098040
0.30196080
0.14509805
0.21960784
0.25490198
0.21176471
0.16862746
0.25098041
0.29411766
0.23137255
0.24313726
0.30980393
0.30980393
0.37647060
0.41176471
0.30588236
0.33333334
0.35294119
0.47058824
0.53725493
0.44705883
0.49411765
0.51764709
0.48235294
0.47843137
0.48235294
0.48627451
0.55686277
0.53333336
0.52549022
0.52156866
0.41568628
0.41568628
0.32549021
0.20392157
0.21176471
0.27058825
0.18823530
0.15294118
0.26274511
0.38039216
0.30588236
0.27058825
0.32549021
0.27058825
0.32156864
0.32549021
0.13333334
0.17647059
0.22745098
0.38431373
0.58039218
0.52156866
0.55686277
0.56470591
0.55686277
0.53725493
0.50196081
0.49019608
0.56470591
0.55686277
0.54117650
0.52156866
0.48627451
0.50980395
0.38039216
0.30196080
0.28627452
0.35294119
0.29803923
0.33333334
0.36470589
0.48235294
0.36862746
0.41568628
0.55686277
0.40392157
0.36470589
0.44313726
0.38823530
0.32549021
0.22745098
0.38039216
0.59607846
0.57647061
0.57647061
0.56078434
0.57254905
0.50196081
0.47450981
0.50588238
0.54901963
0.55294120
0.55686277
0.53725493
0.50980395
0.47058824
0.24705882
0.15294118
0.21568628
0.35294119
0.18431373
0.17647059
0.39607844
0.43529412
0.26274511
0.41960785
0.71372551
0.51372552
0.36862746
0.38431373
0.30980393
0.24313726
0.16862746
0.42745098
0.57254905
0.53725493
0.53725493
0.52156866
0.53333336
0.49019608
0.49019608
0.54117650
0.50980395
0.49019608
0.50588238
0.52941179
0.52156866
0.45882353
0.20784314
0.11764706
0.22745098
0.40784314
0.22352941
0.18823530
0.41176471
0.35294119
0.16470589
0.34901962
0.65098041
0.42745098
0.35294119
0.35686275
0.34117648
0.29411766
0.20392157
0.51764709
0.60392159
0.49803922
0.52941179
0.51764709
0.50196081
0.50588238
0.49019608
0.48627451
0.52549022
0.51372552
0.51764709
0.52549022
0.58823532
0.40392157
0.17254902
0.14117648
0.25882354
0.51372552
0.29411766
0.20784314
0.43921569
0.27058825
0.08235294
0.38039216
0.67450982
0.41176471
0.33725491
0.36470589
0.45098040
0.39607844
0.24313726
0.63137257
0.67450982
0.52156866
0.53725493
0.52549022
0.50196081
0.48235294
0.46666667
0.46666667
0.54901963
0.53725493
0.53333336
0.52549022
0.63529414
0.49019608
0.32941177
0.32156864
0.34509805
0.46666667
0.27058825
0.26666668
0.49019608
0.25882354
0.22352941
0.56470591
0.72549021
0.49019608
0.31764707
0.40392157
0.54901963
0.40000001
0.22745098
0.63137257
0.61960787
0.52156866
0.56470591
0.52156866
0.51764709
0.49411765
0.48627451
0.49803922
0.52941179
0.52549022
0.50980395
0.48235294
0.62745100
0.69019610
0.61568630
0.57254905
0.38823530
0.29411766
0.18431373
0.31372550
0.41960785
0.27058825
0.41176471
0.59607846
0.70196080
0.50196081
0.37254903
0.50196081
0.59607846
0.39607844
0.21960784
0.63529414
0.66666669
0.56862748
0.60000002
0.54901963
0.50196081
0.50980395
0.52941179
0.53333336
0.50196081
0.52156866
0.49803922
0.42745098
0.59215689
0.75686276
0.65882355
0.53333336
0.29803923
0.23137255
0.15294118
0.25490198
0.28235295
0.32549021
0.50196081
0.60000002
0.66666669
0.52156866
0.55686277
0.63529414
0.68627453
0.47058824
0.32941177
0.64313728
0.79215688
0.76078433
0.67450982
0.57254905
0.48627451
0.52549022
0.56862748
0.56862748
0.48235294
0.50196081
0.46666667
0.35294119
0.52941179
0.76078433
0.67058825
0.50196081
0.31372550
0.20000000
0.16862746
0.38823530
0.49803922
0.58431375
0.68627453
0.65882355
0.58039218
0.52549022
0.61960787
0.67058825
0.71764708
0.63137257
0.61176473
0.68235296
0.73333335
0.79215688
0.67058825
0.55294120
0.50980395
0.56470591
0.58823532
0.58431375
0.45882353
0.47843137
0.39215687
0.31372550
0.47450981
0.65098041
0.74509805
0.48627451
0.39607844
0.28235295
0.24313726
0.47843137
0.54901963
0.55294120
0.56078434
0.53333336
0.52156866
0.44705883
0.43137255
0.53333336
0.65098041
0.61960787
0.57254905
0.65882355
0.69019610
0.74509805
0.57254905
0.48627451
0.56862748
0.57254905
0.53725493
0.54901963
0.42745098
0.44313726
0.32549021
0.24313726
0.43529412
0.47843137
0.64313728
0.50588238
0.39607844
0.29019609
0.23921569
0.34901962
0.35294119
0.33333334
0.37647060
0.38823530
0.34117648
0.30980393
0.36862746
0.39215687
0.42352942
0.40000001
0.33725491
0.48235294
0.68627453
0.72156864
0.49411765
0.34901962
0.62352943
0.56470591
0.47843137
0.49803922
0.44313726
0.40000001
0.25490198
0.16862746
0.21568628
0.25490198
0.30196080
0.29411766
0.23529412
0.13725491
0.16078432
0.34509805
0.44705883
0.46274510
0.41568628
0.33333334
0.32549021
0.25882354
0.32941177
0.41568628
0.38431373
0.37254903
0.34117648
0.40392157
0.49019608
0.43921569
0.33333334
0.29803923
0.55686277
0.60000002
0.49803922
0.46274510
0.42745098
0.34509805
0.20000000
0.16078432
0.16078432
0.19215687
0.21960784
0.20784314
0.16470589
0.08235294
0.16862746
0.40392157
0.43137255
0.39215687
0.30588236
0.20392157
0.27450982
0.21568628
0.22352941
0.38039216
0.40784314
0.38823530
0.32549021
0.40784314
0.33725491
0.21960784
0.21960784
0.23921569
0.47058824
0.60000002
0.50196081
0.42352942
0.41568628
0.32941177
0.16470589
0.12941177
0.14117648
0.16470589
0.18039216
0.17647059
0.12549020
0.06274510
0.15686275
0.31764707
0.26666668
0.21176471
0.16078432
0.17254902
0.22745098
0.18823530
0.17254902
0.18431373
0.19215687
0.20784314
0.23921569
0.40784314
0.32549021
0.21960784
0.20784314
0.21176471
0.45098040
0.56470591
0.49019608
0.44705883
0.42352942
0.29803923
0.14117648
0.11764706
0.13333334
0.15686275
0.15294118
0.14117648
0.10588235
0.08235294
0.10196079
0.18039216
0.22352941
0.21176471
0.14509805
0.17254902
0.21960784
0.19215687
0.16470589
0.16470589
0.16470589
0.17647059
0.21960784
0.34117648
0.27450982
0.22352941
0.20392157
0.19607843
0.45098040
0.56078434
0.54117650
0.52941179
0.43921569
0.29019609
0.15294118
0.13725491
0.12941177
0.14901961
0.15294118
0.12549020
0.09803922
0.09019608
0.08235294
0.16078432
0.23137255
0.21568628
0.13333334
0.14901961
0.18823530
0.16862746
0.16470589
0.15686275
0.15686275
0.18431373
0.18039216
0.27058825
0.25098041
0.21960784
0.20000000
0.19607843
0.44313726
0.54117650
0.55686277
0.55686277
0.45098040
0.27450982
0.13725491
0.12941177
0.13333334
0.12549020
0.12156863
0.09411765
0.07843138
0.07058824
0.06666667
0.14509805
0.21960784
0.21176471
0.12156863
0.14509805
0.18431373
0.17647059
0.14509805
0.10196079
0.10588235
0.12549020
0.11372549
0.19607843
0.22745098
0.21568628
0.21176471
0.23529412
0.45882353
0.52941179
0.54509807
0.54509807
0.43529412
0.20000000
0.11764706
0.12156863
0.11372549
0.05098039
0.02745098
0.03137255
0.03137255
0.01960784
0.01960784
0.10196079
0.17254902
0.15294118
0.10196079
0.12156863
0.14117648
0.10980392
0.05490196
0.04313726
0.05490196
0.07843138
0.09019608
0.08627451
0.10196079
0.14117648
0.32549021
0.41176471
0.48235294
0.48235294
0.51764709
0.54117650
0.90588236
0.89803922
0.89803922
0.90196079
0.90588236
0.90980393
0.90980393
0.91372550
0.91372550
0.90980393
0.91764706
0.92156863
0.91764706
0.91764706
0.91764706
0.92156863
0.92549020
0.92941177
0.93333334
0.93333334
0.92941177
0.92941177
0.92549020
0.92549020
0.92549020
0.92941177
0.92941177
0.92941177
0.92941177
0.92941177
0.92941177
0.92156863
0.90588236
0.90588236
0.90980393
0.91372550
0.91764706
0.92156863
0.92156863
0.92156863
0.92549020
0.92549020
0.92941177
0.93725491
0.93333334
0.93333334
0.89411765
0.89411765
0.93725491
0.94117647
0.94509804
0.93725491
0.93333334
0.94117647
0.94117647
0.94117647
0.94117647
0.94117647
0.94117647
0.94117647
0.94117647
0.94509804
0.94117647
0.93725491
0.89803922
0.89803922
0.90588236
0.90980393
0.91372550
0.91372550
0.91372550
0.90980393
0.91764706
0.91764706
0.92549020
0.93333334
0.92941177
0.91372550
0.75294119
0.75294119
0.91372550
0.93333334
0.93333334
0.92941177
0.92156863
0.92549020
0.92941177
0.93333334
0.93333334
0.92941177
0.92941177
0.93333334
0.93333334
0.93333334
0.93333334
0.92941177
0.89803922
0.89803922
0.90588236
0.91372550
0.91372550
0.91372550
0.91764706
0.91372550
0.92156863
0.92549020
0.93333334
0.93333334
0.93725491
0.86274511
0.62352943
0.61960787
0.75686276
0.80392158
0.80392158
0.85490197
0.90588236
0.93333334
0.92941177
0.93333334
0.93333334
0.93333334
0.93333334
0.93725491
0.93725491
0.93725491
0.93333334
0.92941177
0.90980393
0.90980393
0.91372550
0.91764706
0.92156863
0.92156863
0.92156863
0.90588236
0.92156863
0.94509804
0.95686275
0.95294118
0.96470588
0.76862746
0.33333334
0.33333334
0.41568628
0.52156866
0.52156866
0.62745100
0.83921570
0.93725491
0.93333334
0.93333334
0.93725491
0.94117647
0.94117647
0.94117647
0.94117647
0.94117647
0.93725491
0.93333334
0.83921570
0.83529413
0.85098040
0.85882354
0.87058824
0.87843138
0.85882354
0.84313726
0.96078432
0.96078432
0.93333334
0.98823529
0.92156863
0.66666669
0.30980393
0.27843139
0.23137255
0.38039216
0.45490196
0.65098041
0.86274511
0.85882354
0.81960785
0.85098040
0.87450981
0.89019608
0.90196079
0.90588236
0.90980393
0.91764706
0.92549020
0.92941177
0.55686277
0.57647061
0.64313728
0.65882355
0.69019610
0.72156864
0.68235296
0.65882355
0.75686276
0.79607844
0.75294119
0.85882354
0.67843139
0.54117650
0.42352942
0.29803923
0.13725491
0.23529412
0.35686275
0.57254905
0.82352942
0.86274511
0.68627453
0.70196080
0.71372551
0.72156864
0.72941178
0.73333335
0.73333335
0.74509805
0.75686276
0.77254903
0.53725493
0.59215689
0.62352943
0.63921571
0.64705884
0.64705884
0.62745100
0.49019608
0.28627452
0.60784316
0.78431374
0.59215689
0.52549022
0.45098040
0.24705882
0.11764706
0.08627451
0.09019608
0.21176471
0.52156866
0.64313728
0.69019610
0.64313728
0.66666669
0.67058825
0.67450982
0.67843139
0.67058825
0.65882355
0.65882355
0.66274512
0.66666669
0.53725493
0.57647061
0.59607846
0.58823532
0.59215689
0.49803922
0.39607844
0.40392157
0.30196080
0.63921571
0.81568629
0.60392159
0.55686277
0.28235295
0.12941177
0.07450981
0.07843138
0.08235294
0.20784314
0.65098041
0.63137257
0.40000001
0.58431375
0.64705884
0.63921571
0.65098041
0.63137257
0.63137257
0.64313728
0.63921571
0.64705884
0.64313728
0.56078434
0.57254905
0.58431375
0.59607846
0.60392159
0.43529412
0.31764707
0.38039216
0.32941177
0.67058825
0.79215688
0.56078434
0.50588238
0.26666668
0.12941177
0.10196079
0.11764706
0.09803922
0.25490198
0.78431374
0.66274512
0.39215687
0.41960785
0.57254905
0.64705884
0.62745100
0.62352943
0.61960787
0.61960787
0.63529414
0.64705884
0.64313728
0.57647061
0.58039218
0.58823532
0.60392159
0.59215689
0.45490196
0.34117648
0.33333334
0.28627452
0.68627453
0.84705883
0.67058825
0.50588238
0.24313726
0.22745098
0.23529412
0.27450982
0.15686275
0.24705882
0.79215688
0.68235296
0.40392157
0.31764707
0.52156866
0.66666669
0.62745100
0.61960787
0.59215689
0.57647061
0.60784316
0.63921571
0.62352943
0.57254905
0.53333336
0.55294120
0.59215689
0.56862748
0.52941179
0.49019608
0.42745098
0.42745098
0.72549021
0.84313726
0.83921570
0.54901963
0.18431373
0.41176471
0.40784314
0.53725493
0.29803923
0.18431373
0.73725492
0.73333335
0.40000001
0.35294119
0.53333336
0.65490198
0.65098041
0.63137257
0.59607846
0.56470591
0.58039218
0.61568630
0.60392159
0.60784316
0.56078434
0.57254905
0.58431375
0.58039218
0.59607846
0.49411765
0.36078432
0.39607844
0.42745098
0.45490196
0.48235294
0.31372550
0.13725491
0.31764707
0.34901962
0.48627451
0.33725491
0.23529412
0.56470591
0.64705884
0.46274510
0.45098040
0.56470591
0.62352943
0.63529414
0.64705884
0.61568630
0.56470591
0.55686277
0.59607846
0.60000002
0.62352943
0.62745100
0.63529414
0.61960787
0.56862748
0.56078434
0.35294119
0.13725491
0.16470589
0.16470589
0.13333334
0.12941177
0.12549020
0.12549020
0.12156863
0.12941177
0.20000000
0.18039216
0.16862746
0.24313726
0.25490198
0.25882354
0.25098041
0.43921569
0.61176473
0.57647061
0.61960787
0.62745100
0.58823532
0.57647061
0.58039218
0.58431375
0.63137257
0.61960787
0.61960787
0.61960787
0.52941179
0.51372552
0.36862746
0.20392157
0.20784314
0.25098041
0.17254902
0.17254902
0.12941177
0.18431373
0.16862746
0.10980392
0.18823530
0.14117648
0.10196079
0.15294118
0.11372549
0.14509805
0.16078432
0.37647060
0.66274512
0.63137257
0.66666669
0.67843139
0.66666669
0.63137257
0.58823532
0.58039218
0.63921571
0.64313728
0.63529414
0.61568630
0.58823532
0.59215689
0.41176471
0.30196080
0.28235295
0.35294119
0.32549021
0.35294119
0.18039216
0.24705882
0.20784314
0.22352941
0.38039216
0.24705882
0.14509805
0.26274511
0.34509805
0.31764707
0.23137255
0.41568628
0.68627453
0.67058825
0.67058825
0.67450982
0.67843139
0.59607846
0.56078434
0.58823532
0.62745100
0.63921571
0.64705884
0.62745100
0.59215689
0.52549022
0.26274511
0.14901961
0.21568628
0.35686275
0.19607843
0.12941177
0.15686275
0.19607843
0.13725491
0.23529412
0.50588238
0.33333334
0.15686275
0.20000000
0.20392157
0.19215687
0.20392157
0.47450981
0.68235296
0.65882355
0.63529414
0.63137257
0.63921571
0.58039218
0.57647061
0.60784316
0.59607846
0.58039218
0.59215689
0.61176473
0.58431375
0.48627451
0.20784314
0.10980392
0.23529412
0.41568628
0.18823530
0.07058824
0.14117648
0.16078432
0.10196079
0.18823530
0.41960785
0.23529412
0.15686275
0.16470589
0.15686275
0.16078432
0.20000000
0.50980395
0.69019610
0.64705884
0.63921571
0.62352943
0.60392159
0.59607846
0.57647061
0.54117650
0.61960787
0.60000002
0.59607846
0.59607846
0.63137257
0.40784314
0.16078432
0.13333334
0.27450982
0.52941179
0.23529412
0.06666667
0.18823530
0.12549020
0.03921569
0.22352941
0.45098040
0.22745098
0.16862746
0.16470589
0.20000000
0.20784314
0.20784314
0.52156866
0.66666669
0.63137257
0.63529414
0.63529414
0.60392159
0.56862748
0.54901963
0.51764709
0.64705884
0.62745100
0.60784316
0.58431375
0.65882355
0.47058824
0.30588236
0.31372550
0.36862746
0.49411765
0.23921569
0.16078432
0.28627452
0.13725491
0.13333334
0.37647060
0.52156866
0.32156864
0.16862746
0.19607843
0.26274511
0.22745098
0.19607843
0.43137255
0.48627451
0.53333336
0.62352943
0.62745100
0.61568630
0.58039218
0.56862748
0.56078434
0.62745100
0.61568630
0.58431375
0.53725493
0.63529414
0.64705884
0.58823532
0.57254905
0.41176471
0.32156864
0.19215687
0.27843139
0.30196080
0.17254902
0.27843139
0.40784314
0.53333336
0.36078432
0.25490198
0.34509805
0.39215687
0.28627452
0.19607843
0.47843137
0.54509807
0.54901963
0.62745100
0.63529414
0.60392159
0.60392159
0.61176473
0.61176473
0.59607846
0.61176473
0.57254905
0.47450981
0.57647061
0.69411767
0.62745100
0.53333336
0.30588236
0.23921569
0.16470589
0.26666668
0.25490198
0.25098041
0.37647060
0.45490196
0.53725493
0.40784314
0.46666667
0.56078434
0.61176473
0.41960785
0.30196080
0.60784316
0.77647060
0.76862746
0.69019610
0.62745100
0.58431375
0.62352943
0.65490198
0.65098041
0.57254905
0.58039218
0.53333336
0.39607844
0.50980395
0.69411767
0.62352943
0.47058824
0.28235295
0.16470589
0.15686275
0.39215687
0.48235294
0.52549022
0.58823532
0.54117650
0.47058824
0.43137255
0.54901963
0.62352943
0.67843139
0.59607846
0.58431375
0.66666669
0.73725492
0.79607844
0.67450982
0.59607846
0.59607846
0.65882355
0.67450982
0.66666669
0.53333336
0.54901963
0.45098040
0.35294119
0.45882353
0.58823532
0.68235296
0.42352942
0.32156864
0.20392157
0.19607843
0.45490196
0.51764709
0.50196081
0.49411765
0.45098040
0.43529412
0.37254903
0.37647060
0.49411765
0.61960787
0.58431375
0.54509807
0.63921571
0.67843139
0.73725492
0.56470591
0.51372552
0.64313728
0.66274512
0.61960787
0.62745100
0.49019608
0.50196081
0.37647060
0.27843139
0.41960785
0.41960785
0.56862748
0.41960785
0.30196080
0.19607843
0.18039216
0.30980393
0.30980393
0.28235295
0.32941177
0.33725491
0.28235295
0.25882354
0.32941177
0.36470589
0.40000001
0.36862746
0.30588236
0.45490196
0.65882355
0.69411767
0.47058824
0.36470589
0.69019610
0.64705884
0.55686277
0.57254905
0.48627451
0.44313726
0.30196080
0.20392157
0.21568628
0.21568628
0.24705882
0.22352941
0.17254902
0.07843138
0.12549020
0.30980393
0.40392157
0.41960785
0.38431373
0.30196080
0.28235295
0.22352941
0.30196080
0.39607844
0.36862746
0.34901962
0.31764707
0.38039216
0.46274510
0.40784314
0.31372550
0.30588236
0.61176473
0.68235296
0.57254905
0.52941179
0.45490196
0.38039216
0.23529412
0.19607843
0.17254902
0.18431373
0.19215687
0.17647059
0.14901961
0.08235294
0.17254902
0.39215687
0.40000001
0.35686275
0.28235295
0.18823530
0.24705882
0.19215687
0.20392157
0.36470589
0.39607844
0.38039216
0.32156864
0.40000001
0.32156864
0.20000000
0.20000000
0.24313726
0.51764709
0.67843139
0.57254905
0.48627451
0.42352942
0.34901962
0.19607843
0.15686275
0.15686275
0.17254902
0.17647059
0.17254902
0.13725491
0.09411765
0.17647059
0.32549021
0.25490198
0.18823530
0.14901961
0.16078432
0.20784314
0.17254902
0.15686275
0.16862746
0.18431373
0.20784314
0.23921569
0.40392157
0.31372550
0.20392157
0.19215687
0.21568628
0.49803922
0.64705884
0.56862748
0.51764709
0.40784314
0.30196080
0.15686275
0.13333334
0.14117648
0.16078432
0.15686275
0.14509805
0.11372549
0.09803922
0.11764706
0.18431373
0.22352941
0.20392157
0.13725491
0.16078432
0.20784314
0.17647059
0.14901961
0.14901961
0.15686275
0.17254902
0.21176471
0.32549021
0.25098041
0.19607843
0.18431373
0.20392157
0.50196081
0.64313728
0.63529414
0.61568630
0.41960785
0.29411766
0.16470589
0.14509805
0.13725491
0.15294118
0.15686275
0.12941177
0.10196079
0.09803922
0.09411765
0.16470589
0.23137255
0.21176471
0.12549020
0.14117648
0.18039216
0.16078432
0.15686275
0.14901961
0.14901961
0.18039216
0.16862746
0.25490198
0.22745098
0.19215687
0.18039216
0.20392157
0.49019608
0.61960787
0.65490198
0.65098041
0.43529412
0.28235295
0.15686275
0.14509805
0.14117648
0.12941177
0.12549020
0.09803922
0.08235294
0.07843138
0.07843138
0.14901961
0.21960784
0.20784314
0.11764706
0.13725491
0.18431373
0.17647059
0.14509805
0.10196079
0.10588235
0.12549020
0.10980392
0.18431373
0.20784314
0.19215687
0.20392157
0.25098041
0.50588238
0.60784316
0.63529414
0.63921571
0.41960785
0.20784314
0.13725491
0.14117648
0.12549020
0.05490196
0.03137255
0.03529412
0.03529412
0.02745098
0.02745098
0.10588235
0.17647059
0.15294118
0.09411765
0.11764706
0.14509805
0.11372549
0.05882353
0.04705882
0.05882353
0.08235294
0.09019608
0.07843138
0.08627451
0.12549020
0.33725491
0.45490196
0.54117650
0.55686277
0.59607846
0.62745100
0.93725491
0.93333334
0.93333334
0.93333334
0.94509804
0.95686275
0.95686275
0.96470588
0.96470588
0.96078432
0.95294118
0.96078432
0.96470588
0.96078432
0.94901961
0.94901961
0.95686275
0.95686275
0.95294118
0.95686275
0.95686275
0.96078432
0.96078432
0.96078432
0.96078432
0.96078432
0.96078432
0.95686275
0.95686275
0.96078432
0.95686275
0.95686275
0.94901961
0.94901961
0.95294118
0.95686275
0.96470588
0.97254902
0.97254902
0.97647059
0.98039216
0.98039216
0.96862745
0.98039216
0.98039216
0.97254902
0.91764706
0.92549020
0.97254902
0.96862745
0.96862745
0.97254902
0.97254902
0.97254902
0.96862745
0.96862745
0.96862745
0.97254902
0.97647059
0.97647059
0.97647059
0.98039216
0.97647059
0.97647059
0.94509804
0.94509804
0.95294118
0.95686275
0.96078432
0.96078432
0.96078432
0.96078432
0.96862745
0.97254902
0.96470588
0.97647059
0.97647059
0.95294118
0.77647060
0.78431374
0.94901961
0.95686275
0.96078432
0.96862745
0.96862745
0.97254902
0.97254902
0.97254902
0.97647059
0.97254902
0.97254902
0.97254902
0.97254902
0.97647059
0.97254902
0.96862745
0.93725491
0.93725491
0.94509804
0.95294118
0.94901961
0.94901961
0.95686275
0.95294118
0.96470588
0.96862745
0.96078432
0.96470588
0.98039216
0.90196079
0.65490198
0.65098041
0.78823531
0.83529413
0.83529413
0.89019608
0.95294118
0.98039216
0.98039216
0.98039216
0.98431373
0.98039216
0.97254902
0.96862745
0.97254902
0.96862745
0.96862745
0.96470588
0.93725491
0.93725491
0.94117647
0.94509804
0.94509804
0.94117647
0.94117647
0.92941177
0.94901961
0.96470588
0.96862745
0.96862745
0.99607843
0.80784315
0.37647060
0.36470589
0.44705883
0.56862748
0.56862748
0.66274512
0.85882354
0.95294118
0.94901961
0.95294118
0.95294118
0.95686275
0.96078432
0.96470588
0.96470588
0.96470588
0.96078432
0.96078432
0.84313726
0.83921570
0.85098040
0.85490197
0.86274511
0.87058824
0.85490197
0.85098040
0.96862745
0.96862745
0.93333334
0.99215686
0.94509804
0.71372551
0.36862746
0.31372550
0.25882354
0.43137255
0.50980395
0.68627453
0.85490197
0.81176472
0.76078433
0.78823531
0.81176472
0.82745099
0.87058824
0.89411765
0.90196079
0.90588236
0.91764706
0.92549020
0.46666667
0.47058824
0.51372552
0.51372552
0.53725493
0.58039218
0.59215689
0.63137257
0.77647060
0.83921570
0.78431374
0.87450981
0.70588237
0.59607846
0.49411765
0.35294119
0.16470589
0.25882354
0.38823530
0.60784316
0.83529413
0.79215688
0.52549022
0.49411765
0.50196081
0.51764709
0.54901963
0.56862748
0.56862748
0.58431375
0.59215689
0.61568630
0.36470589
0.40000001
0.40000001
0.39215687
0.40000001
0.43137255
0.49411765
0.45490196
0.32549021
0.67843139
0.82745099
0.60000002
0.52941179
0.48235294
0.29803923
0.16470589
0.10980392
0.09019608
0.22352941
0.56470591
0.67843139
0.63529414
0.46274510
0.40000001
0.38823530
0.39607844
0.40000001
0.40000001
0.38823530
0.38823530
0.38823530
0.40000001
0.31372550
0.34509805
0.35294119
0.33333334
0.36470589
0.32941177
0.30588236
0.39215687
0.34117648
0.69019610
0.82745099
0.58431375
0.53333336
0.27843139
0.14117648
0.09411765
0.09803922
0.09411765
0.23137255
0.68627453
0.65882355
0.38431373
0.47058824
0.43137255
0.37647060
0.38039216
0.36470589
0.36078432
0.37254903
0.37254903
0.37647060
0.37647060
0.29019609
0.30588236
0.32156864
0.33333334
0.38039216
0.29803923
0.26274511
0.40392157
0.37647060
0.70588237
0.80392158
0.54901963
0.49411765
0.27450982
0.14117648
0.11764706
0.13333334
0.11764706
0.29019609
0.81568629
0.68627453
0.40000001
0.36862746
0.39607844
0.37647060
0.35294119
0.36078432
0.34901962
0.34901962
0.36470589
0.38039216
0.36470589
0.28235295
0.29411766
0.30980393
0.32941177
0.35686275
0.30588236
0.29803923
0.37647060
0.33725491
0.71764708
0.87843138
0.69411767
0.53333336
0.28627452
0.27058825
0.26666668
0.29803923
0.18431373
0.29019609
0.82745099
0.70196080
0.41960785
0.30588236
0.37254903
0.37254903
0.32941177
0.34901962
0.32156864
0.30588236
0.33725491
0.36862746
0.34117648
0.28235295
0.24705882
0.27058825
0.30588236
0.30588236
0.34117648
0.43529412
0.47843137
0.48627451
0.76078433
0.87843138
0.87450981
0.59607846
0.25098041
0.47450981
0.45882353
0.56862748
0.32941177
0.22745098
0.78039217
0.75294119
0.41960785
0.37254903
0.39607844
0.33725491
0.33333334
0.35686275
0.32549021
0.29411766
0.30980393
0.34901962
0.32549021
0.32941177
0.28235295
0.28627452
0.29411766
0.29019609
0.36470589
0.41568628
0.40784314
0.45882353
0.46666667
0.47450981
0.49803922
0.34901962
0.19607843
0.36862746
0.40392157
0.52941179
0.36862746
0.27058825
0.61176473
0.67450982
0.48235294
0.48627451
0.44313726
0.29411766
0.30588236
0.37254903
0.34509805
0.29019609
0.28627452
0.32549021
0.32156864
0.33333334
0.32549021
0.33333334
0.32549021
0.27058825
0.32549021
0.28627452
0.17647059
0.21176471
0.20000000
0.16470589
0.13725491
0.14509805
0.15686275
0.14509805
0.18431373
0.24705882
0.19215687
0.19607843
0.30196080
0.30980393
0.29411766
0.27450982
0.33333334
0.27843139
0.25490198
0.34509805
0.32941177
0.30196080
0.29803923
0.30588236
0.30980393
0.31764707
0.29803923
0.29803923
0.30980393
0.23529412
0.31372550
0.32549021
0.24705882
0.23921569
0.29019609
0.22352941
0.18039216
0.14509805
0.20784314
0.18431373
0.16862746
0.23529412
0.13725491
0.12941177
0.21568628
0.17647059
0.18823530
0.16078432
0.28235295
0.33333334
0.30980393
0.39215687
0.36078432
0.36470589
0.34509805
0.31764707
0.31372550
0.33333334
0.32156864
0.30980393
0.29803923
0.31372550
0.43529412
0.39607844
0.35294119
0.32549021
0.40000001
0.36470589
0.35686275
0.21176471
0.28235295
0.23529412
0.29019609
0.43529412
0.25490198
0.17254902
0.31764707
0.39607844
0.34117648
0.23529412
0.32941177
0.36470589
0.32549021
0.37647060
0.36078432
0.38039216
0.31372550
0.29411766
0.32549021
0.33333334
0.32156864
0.32549021
0.31372550
0.34901962
0.42352942
0.27843139
0.20392157
0.27058825
0.42352942
0.24313726
0.15294118
0.20392157
0.23529412
0.15686275
0.29411766
0.56470591
0.35294119
0.18431373
0.24313726
0.24313726
0.21960784
0.22352941
0.39607844
0.37647060
0.29019609
0.32156864
0.33333334
0.34901962
0.30980393
0.32156864
0.36078432
0.29803923
0.26666668
0.27843139
0.30980393
0.37647060
0.43921569
0.24313726
0.16078432
0.29019609
0.49411765
0.24705882
0.10980392
0.19607843
0.18823530
0.10588235
0.22745098
0.47450981
0.26666668
0.18431373
0.19607843
0.18431373
0.19607843
0.25098041
0.44705883
0.42745098
0.30588236
0.32549021
0.33333334
0.32549021
0.33725491
0.32941177
0.30980393
0.30588236
0.28627452
0.29803923
0.31764707
0.45882353
0.39215687
0.20392157
0.17254902
0.31764707
0.60784316
0.29803923
0.10588235
0.23921569
0.14117648
0.04313726
0.25490198
0.49411765
0.26274511
0.19215687
0.18823530
0.21960784
0.25098041
0.27058825
0.47058824
0.47450981
0.38039216
0.36078432
0.35686275
0.33725491
0.32156864
0.31372550
0.29803923
0.32156864
0.30980393
0.32156864
0.33333334
0.52156866
0.47843137
0.34901962
0.33725491
0.40000001
0.56470591
0.29019609
0.18823530
0.32156864
0.14901961
0.16078432
0.41960785
0.54901963
0.35294119
0.19215687
0.21176471
0.27450982
0.25882354
0.24705882
0.38431373
0.36862746
0.40784314
0.40784314
0.35686275
0.35686275
0.33725491
0.34117648
0.34509805
0.29803923
0.28627452
0.29019609
0.30980393
0.53333336
0.66274512
0.63137257
0.61176473
0.45490196
0.39215687
0.25490198
0.30980393
0.33725491
0.21176471
0.33725491
0.45490196
0.55294120
0.38823530
0.27450982
0.35294119
0.39607844
0.30980393
0.23137255
0.45490196
0.49803922
0.51764709
0.51764709
0.40392157
0.31372550
0.34117648
0.36862746
0.35686275
0.27058825
0.27450982
0.26274511
0.27843139
0.50196081
0.68627453
0.65490198
0.58039218
0.36470589
0.30980393
0.24313726
0.29411766
0.27058825
0.29803923
0.42745098
0.47843137
0.54901963
0.42745098
0.48235294
0.55686277
0.60392159
0.43137255
0.30588236
0.58823532
0.76078433
0.77647060
0.68627453
0.46274510
0.27058825
0.33725491
0.38823530
0.35294119
0.25098041
0.25882354
0.24705882
0.23529412
0.43921569
0.63529414
0.60000002
0.48627451
0.31764707
0.21568628
0.20784314
0.38431373
0.45098040
0.51764709
0.56862748
0.51764709
0.46666667
0.43921569
0.54901963
0.60392159
0.64705884
0.56078434
0.54117650
0.62352943
0.70588237
0.79215688
0.70588237
0.48235294
0.30980393
0.37647060
0.40392157
0.35686275
0.22745098
0.25490198
0.20000000
0.22745098
0.39607844
0.50980395
0.63921571
0.41960785
0.34901962
0.25490198
0.23921569
0.42745098
0.46274510
0.45490196
0.42352942
0.38823530
0.41176471
0.35686275
0.36078432
0.45882353
0.57254905
0.52156866
0.47450981
0.57647061
0.64313728
0.73333335
0.61960787
0.45490196
0.40392157
0.39215687
0.34509805
0.32549021
0.21176471
0.24705882
0.16078432
0.17647059
0.38823530
0.38431373
0.55686277
0.44313726
0.35686275
0.27450982
0.23921569
0.30196080
0.27058825
0.25098041
0.26666668
0.27058825
0.24705882
0.23529412
0.30196080
0.32549021
0.34901962
0.32156864
0.25882354
0.41960785
0.65882355
0.72941178
0.55294120
0.34509805
0.49411765
0.38039216
0.28627452
0.29019609
0.24705882
0.22745098
0.11764706
0.11764706
0.21568628
0.23921569
0.27450982
0.26274511
0.23137255
0.16078432
0.18039216
0.30588236
0.38039216
0.41568628
0.35294119
0.25098041
0.25098041
0.20392157
0.28235295
0.36078432
0.32941177
0.32941177
0.30196080
0.37254903
0.48235294
0.45882353
0.38823530
0.30588236
0.44313726
0.41176471
0.29803923
0.27058825
0.25098041
0.19607843
0.07058824
0.10588235
0.18431373
0.23529412
0.22745098
0.20000000
0.18039216
0.12549020
0.19215687
0.36078432
0.36862746
0.35686275
0.26666668
0.14901961
0.21960784
0.18039216
0.19215687
0.34117648
0.36470589
0.36862746
0.30196080
0.38039216
0.32156864
0.22352941
0.25098041
0.23529412
0.36078432
0.40392157
0.29803923
0.25098041
0.24705882
0.20000000
0.05882353
0.08235294
0.16470589
0.21568628
0.20392157
0.18431373
0.14901961
0.10588235
0.17254902
0.28627452
0.21960784
0.18039216
0.13333334
0.13725491
0.20000000
0.16862746
0.15294118
0.16078432
0.16862746
0.19215687
0.21568628
0.37647060
0.29411766
0.20000000
0.21960784
0.18823530
0.32549021
0.36078432
0.28627452
0.27843139
0.24705882
0.18039216
0.07058824
0.08235294
0.13725491
0.18431373
0.17647059
0.16078432
0.12549020
0.10980392
0.12156863
0.18039216
0.21176471
0.20000000
0.12549020
0.15686275
0.21176471
0.18431373
0.15686275
0.15294118
0.15686275
0.16470589
0.20000000
0.31372550
0.24705882
0.19607843
0.21176471
0.16862746
0.31372550
0.35294119
0.33725491
0.34509805
0.26666668
0.18823530
0.10196079
0.10980392
0.12941177
0.16862746
0.17254902
0.14509805
0.11764706
0.11372549
0.10588235
0.17254902
0.23137255
0.20784314
0.11372549
0.13333334
0.17647059
0.15686275
0.15294118
0.14509805
0.14509805
0.17254902
0.16470589
0.25098041
0.22745098
0.19607843
0.23529412
0.20000000
0.32941177
0.34901962
0.34509805
0.35686275
0.29019609
0.18823530
0.10588235
0.11372549
0.13333334
0.14117648
0.13725491
0.10980392
0.09411765
0.09019608
0.08627451
0.15686275
0.21960784
0.20392157
0.10588235
0.12156863
0.16470589
0.15686275
0.12549020
0.08235294
0.09019608
0.11372549
0.10196079
0.18039216
0.20392157
0.19607843
0.22352941
0.21568628
0.34117648
0.34117648
0.33333334
0.33725491
0.28627452
0.13333334
0.10196079
0.11764706
0.10980392
0.06274510
0.03921569
0.04313726
0.04313726
0.03529412
0.03529412
0.11372549
0.17647059
0.14901961
0.08627451
0.09803922
0.12156863
0.09019608
0.03529412
0.02352941
0.03921569
0.07058824
0.08235294
0.07450981
0.08235294
0.12156863
0.26274511
0.29411766
0.31764707
0.28627452
0.32156864
0.35294119
1 0 0 0 0 0 0 0 0 -1 0
0 1 0 0 0 0 0 0 0 -1 0
0 0 1 0 0 0 0 0 0 -1 0
0 0 0 1 0 0 0 0 0 -1 0
0 0 0 0 1 0 0 0 0 -1 0
0 0 0 0 0 1 0 0 0 -1 0
0 0 0 0 0 0 1 0 0 -1 0
0 0 0 0 0 0 0 1 0 -1 0
0 0 0 0 0 0 0 0 1 -1 0
