0.20784314
0.22745098
0.11372549
0.07843138
0.08627451
0.12941177
0.11372549
0.07450981
0.07843138
0.09803922
0.09019608
0.13333334
0.14117648
0.11764706
0.16078432
0.16470589
0.20784314
0.21176471
0.14901961
0.14509805
0.13333334
0.11764706
0.12549020
0.14509805
0.18431373
0.16470589
0.20392157
0.25098041
0.24313726
0.21960784
0.10196079
0.15294118
0.14901961
0.18039216
0.11764706
0.10196079
0.11372549
0.11764706
0.09019608
0.08235294
0.08235294
0.10196079
0.08235294
0.08627451
0.13333334
0.12549020
0.10980392
0.09803922
0.13725491
0.20392157
0.17647059
0.14901961
0.12941177
0.13725491
0.14509805
0.14117648
0.15294118
0.14901961
0.17647059
0.24313726
0.32549021
0.20392157
0.10588235
0.20392157
0.14117648
0.16470589
0.12941177
0.10980392
0.12941177
0.13725491
0.10980392
0.08235294
0.09803922
0.11764706
0.12941177
0.10196079
0.12549020
0.18823530
0.13333334
0.09019608
0.10588235
0.10980392
0.10980392
0.10588235
0.11764706
0.18039216
0.20000000
0.10588235
0.13333334
0.12156863
0.14901961
0.21960784
0.17254902
0.15294118
0.13725491
0.25098041
0.13333334
0.13333334
0.12549020
0.09803922
0.10196079
0.12156863
0.14509805
0.16078432
0.16470589
0.12549020
0.15686275
0.20392157
0.12941177
0.20392157
0.14509805
0.10196079
0.09803922
0.08627451
0.09411765
0.11372549
0.12941177
0.16078432
0.18431373
0.11372549
0.10980392
0.11764706
0.19215687
0.16078432
0.15294118
0.16470589
0.16078432
0.34901962
0.10980392
0.08235294
0.10588235
0.09019608
0.09019608
0.10196079
0.14901961
0.28235295
0.29019609
0.36862746
0.40392157
0.30980393
0.15294118
0.14117648
0.12156863
0.12549020
0.11764706
0.10196079
0.14117648
0.16862746
0.14117648
0.12941177
0.14117648
0.12941177
0.10196079
0.16862746
0.20784314
0.14117648
0.31372550
0.40784314
0.37254903
0.51372552
0.09803922
0.07450981
0.08627451
0.09411765
0.10196079
0.13725491
0.34117648
0.39215687
0.39607844
0.66666669
0.69019610
0.47843137
0.23921569
0.11764706
0.14509805
0.16470589
0.17254902
0.14117648
0.17647059
0.14901961
0.12549020
0.12549020
0.18431373
0.13725491
0.11372549
0.30196080
0.25490198
0.14901961
0.36470589
0.62745100
0.55686277
0.61568630
0.09019608
0.08627451
0.10196079
0.08627451
0.07843138
0.37647060
0.70588237
0.65882355
0.72549021
0.67450982
0.43529412
0.38039216
0.21960784
0.15294118
0.21176471
0.23921569
0.25490198
0.15294118
0.14117648
0.12941177
0.17254902
0.17647059
0.29803923
0.25490198
0.10588235
0.42745098
0.30980393
0.15686275
0.38823530
0.73725492
0.63137257
0.70980394
0.15294118
0.09803922
0.12156863
0.12549020
0.11372549
0.58431375
0.63137257
0.54509807
0.95686275
0.76862746
0.49411765
0.34901962
0.20000000
0.21960784
0.26666668
0.27058825
0.28235295
0.20000000
0.10588235
0.22352941
0.24313726
0.17647059
0.27058825
0.31372550
0.11764706
0.39607844
0.33333334
0.15294118
0.43137255
0.96078432
0.65098041
0.64313728
0.22352941
0.12941177
0.20392157
0.35686275
0.33725491
0.62352943
0.41960785
0.33333334
0.67843139
0.89019608
0.87450981
0.56078434
0.35686275
0.29019609
0.27843139
0.31372550
0.32549021
0.30196080
0.21176471
0.23137255
0.23921569
0.28627452
0.32549021
0.34117648
0.14117648
0.37254903
0.28235295
0.12549020
0.44313726
0.96078432
0.61568630
0.65882355
0.31764707
0.11372549
0.34117648
0.48235294
0.34117648
0.52549022
0.32549021
0.30588236
0.54117650
0.70196080
0.68235296
0.54901963
0.51372552
0.38823530
0.29411766
0.33725491
0.34509805
0.38039216
0.34901962
0.17254902
0.20784314
0.46274510
0.34901962
0.49803922
0.20000000
0.56862748
0.54509807
0.23921569
0.36470589
0.88627452
0.57647061
0.64705884
0.33333334
0.08235294
0.34117648
0.51372552
0.22745098
0.41568628
0.26274511
0.25098041
0.42745098
0.39215687
0.39215687
0.36078432
0.39215687
0.35294119
0.29411766
0.45882353
0.47843137
0.47450981
0.41176471
0.32941177
0.40000001
0.65882355
0.36862746
0.55294120
0.29019609
0.51764709
0.69411767
0.46274510
0.34509805
0.87843138
0.55686277
0.53333336
0.29019609
0.08235294
0.21568628
0.45490196
0.23137255
0.36078432
0.22745098
0.17647059
0.18823530
0.13725491
0.14117648
0.13333334
0.24313726
0.33333334
0.34901962
0.53333336
0.70588237
0.46274510
0.41176471
0.69411767
0.67450982
0.71764708
0.64313728
0.43529412
0.17254902
0.26274511
0.45490196
0.39215687
0.45882353
0.84705883
0.39607844
0.37647060
0.17254902
0.09019608
0.14117648
0.30588236
0.24313726
0.40784314
0.25098041
0.08627451
0.07843138
0.06666667
0.07843138
0.14509805
0.20784314
0.23921569
0.29019609
0.57254905
0.48627451
0.08235294
0.14901961
0.65490198
0.71764708
0.68235296
0.70588237
0.60392159
0.29803923
0.15294118
0.25882354
0.23137255
0.49803922
0.67058825
0.22745098
0.32941177
0.17254902
0.19215687
0.21960784
0.29019609
0.23529412
0.45490196
0.33725491
0.07843138
0.05882353
0.09019608
0.23137255
0.24705882
0.22352941
0.24313726
0.36078432
0.56862748
0.27450982
0.06666667
0.07450981
0.52549022
0.77254903
0.67450982
0.65490198
0.70588237
0.61176473
0.46274510
0.45490196
0.40392157
0.37254903
0.29019609
0.14117648
0.35294119
0.21568628
0.25882354
0.27450982
0.30588236
0.19215687
0.25882354
0.21960784
0.12156863
0.09411765
0.24705882
0.30196080
0.35294119
0.37254903
0.45490196
0.59607846
0.51764709
0.52156866
0.30588236
0.15686275
0.48235294
0.73333335
0.62352943
0.60000002
0.64313728
0.59607846
0.65882355
0.74509805
0.71372551
0.44313726
0.11764706
0.12549020
0.29411766
0.12941177
0.14117648
0.14117648
0.32549021
0.29803923
0.16078432
0.11372549
0.16078432
0.30980393
0.50980395
0.53333336
0.70588237
0.71372551
0.76078433
0.75686276
0.49803922
0.54117650
0.52941179
0.48235294
0.52941179
0.58823532
0.57647061
0.58823532
0.60784316
0.63137257
0.68235296
0.79607844
0.78823531
0.51764709
0.10196079
0.12941177
0.21568628
0.07058824
0.07058824
0.07450981
0.19607843
0.30196080
0.29411766
0.38431373
0.58823532
0.80784315
0.86666667
0.89411765
0.90196079
0.74509805
0.59607846
0.58039218
0.57254905
0.60784316
0.56470591
0.57254905
0.74509805
0.80000001
0.84705883
0.85490197
0.84313726
0.67450982
0.55294120
0.80392158
0.89411765
0.71764708
0.24313726
0.16078432
0.25882354
0.14117648
0.16078432
0.23529412
0.39607844
0.58039218
0.76078433
0.89411765
0.89019608
0.72941178
0.64313728
0.70588237
0.54901963
0.43921569
0.64313728
0.83529413
0.88235295
0.89803922
0.69019610
0.60392159
0.87058824
0.90980393
0.91372550
0.90980393
0.86274511
0.34509805
0.09803922
0.54509807
0.89411765
0.83921570
0.48235294
0.25490198
0.27843139
0.33333334
0.40392157
0.45490196
0.49803922
0.53333336
0.69019610
0.80392158
0.71764708
0.57647061
0.69411767
0.49019608
0.19215687
0.13725491
0.45098040
0.88235295
0.87843138
0.92156863
0.81568629
0.73725492
0.87450981
0.87450981
0.85098040
0.85098040
0.69411767
0.38431373
0.18823530
0.30196080
0.72941178
0.72156864
0.47058824
0.22745098
0.24705882
0.42745098
0.51764709
0.35294119
0.23529412
0.30980393
0.54117650
0.72549021
0.75686276
0.83921570
0.88235295
0.31764707
0.36862746
0.28627452
0.17647059
0.71764708
0.83137256
0.85882354
0.81960785
0.79607844
0.81176472
0.78431374
0.73725492
0.71764708
0.47843137
0.50588238
0.38823530
0.23529412
0.52549022
0.54901963
0.36470589
0.25490198
0.34509805
0.43137255
0.42745098
0.44313726
0.41176471
0.55294120
0.73333335
0.80000001
0.82352942
0.82352942
0.68627453
0.21568628
0.60784316
0.52549022
0.14509805
0.55294120
0.73725492
0.68235296
0.63529414
0.58823532
0.52941179
0.45098040
0.38823530
0.32549021
0.18431373
0.31764707
0.42745098
0.37254903
0.51764709
0.54117650
0.43529412
0.40000001
0.48235294
0.62745100
0.43921569
0.49019608
0.42745098
0.40392157
0.54901963
0.58039218
0.60392159
0.61176473
0.46274510
0.12941177
0.41960785
0.50196081
0.18039216
0.27058825
0.37254903
0.32156864
0.23529412
0.18431373
0.17254902
0.27450982
0.31764707
0.30588236
0.12549020
0.20000000
0.38431373
0.56862748
0.71372551
0.67450982
0.64313728
0.61960787
0.63137257
0.63137257
0.43529412
0.39215687
0.30196080
0.18823530
0.29019609
0.30588236
0.32156864
0.30980393
0.21176471
0.07450981
0.25098041
0.41176471
0.23137255
0.24705882
0.30196080
0.27450982
0.09411765
0.05098039
0.14509805
0.44313726
0.55294120
0.56862748
0.31764707
0.16078432
0.30980393
0.57254905
0.63137257
0.58039218
0.54509807
0.52549022
0.51764709
0.65882355
0.61960787
0.58823532
0.33725491
0.08235294
0.09411765
0.10980392
0.27843139
0.36078432
0.28627452
0.10980392
0.14901961
0.23137255
0.25882354
0.34117648
0.34117648
0.32156864
0.25882354
0.25490198
0.33725491
0.45882353
0.49019608
0.48627451
0.45098040
0.38039216
0.41960785
0.48627451
0.48235294
0.45490196
0.43921569
0.43921569
0.43921569
0.69411767
0.63529414
0.62352943
0.40000001
0.10980392
0.12549020
0.19215687
0.33725491
0.40000001
0.34117648
0.28627452
0.34117648
0.40392157
0.44313726
0.46274510
0.45882353
0.45882353
0.49019608
0.49019608
0.48235294
0.47058824
0.46666667
0.46666667
0.47058824
0.47450981
0.44705883
0.44313726
0.43921569
0.41176471
0.41960785
0.42745098
0.42352942
0.39215687
0.36078432
0.34901962
0.34901962
0.37647060
0.41176471
0.44313726
0.45490196
0.45882353
0.44705883
0.45882353
0.47058824
0.47843137
0.47843137
0.47843137
0.48235294
0.48627451
0.47450981
0.45882353
0.43921569
0.43529412
0.44313726
0.45490196
0.45098040
0.43921569
0.42352942
0.41960785
0.41568628
0.40392157
0.39607844
0.39215687
0.38431373
0.38823530
0.40392157
0.40784314
0.41568628
0.43137255
0.43921569
0.44705883
0.44705883
0.44705883
0.44313726
0.44705883
0.43921569
0.43529412
0.43529412
0.43921569
0.43921569
0.44313726
0.44313726
0.44313726
0.43921569
0.43137255
0.42745098
0.42352942
0.41960785
0.41176471
0.40784314
0.40000001
0.39607844
0.40000001
0.40392157
0.40392157
0.40784314
0.36862746
0.37647060
0.38431373
0.39215687
0.39607844
0.40784314
0.41568628
0.41568628
0.41568628
0.42352942
0.43529412
0.43529412
0.42352942
0.41960785
0.42745098
0.43137255
0.42745098
0.43137255
0.44705883
0.45490196
0.44705883
0.43529412
0.42352942
0.42352942
0.41960785
0.43529412
0.43529412
0.43921569
0.44313726
0.45882353
0.47843137
0.49803922
0.36470589
0.36470589
0.36862746
0.38039216
0.40000001
0.40784314
0.40784314
0.40784314
0.41176471
0.42745098
0.43529412
0.44313726
0.43921569
0.43137255
0.42745098
0.43529412
0.43529412
0.43921569
0.46274510
0.48627451
0.49803922
0.50980395
0.50980395
0.51764709
0.52941179
0.56078434
0.57647061
0.59215689
0.60000002
0.59607846
0.60784316
0.61568630
0.38039216
0.37647060
0.38039216
0.39215687
0.40784314
0.40784314
0.41176471
0.41568628
0.41960785
0.43137255
0.44705883
0.47058824
0.47843137
0.49019608
0.50196081
0.51764709
0.52941179
0.53725493
0.55294120
0.58431375
0.62352943
0.65882355
0.64313728
0.65098041
0.66274512
0.65882355
0.64705884
0.63921571
0.62352943
0.56862748
0.54509807
0.53333336
0.39607844
0.39607844
0.39607844
0.40784314
0.41568628
0.42352942
0.43529412
0.43921569
0.45882353
0.50196081
0.53725493
0.58039218
0.61568630
0.63921571
0.64313728
0.66666669
0.69019610
0.69019610
0.64705884
0.65490198
0.65098041
0.63137257
0.59607846
0.58039218
0.56078434
0.53333336
0.51372552
0.50980395
0.49803922
0.47843137
0.46274510
0.45882353
0.41960785
0.43921569
0.46666667
0.50196081
0.50980395
0.53725493
0.58039218
0.58039218
0.58823532
0.60784316
0.63921571
0.65882355
0.63529414
0.62745100
0.62745100
0.63529414
0.62745100
0.58823532
0.52941179
0.51764709
0.49411765
0.45882353
0.44313726
0.43137255
0.42745098
0.42352942
0.41176471
0.41568628
0.41568628
0.41176471
0.40000001
0.40392157
0.19215687
0.21176471
0.09019608
0.06274510
0.08627451
0.13333334
0.11764706
0.06274510
0.05098039
0.07058824
0.06666667
0.10980392
0.12156863
0.10196079
0.14901961
0.15686275
0.19215687
0.18431373
0.12549020
0.12156863
0.12156863
0.12941177
0.13725491
0.15686275
0.19607843
0.18431373
0.20392157
0.23529412
0.22352941
0.20784314
0.09411765
0.14117648
0.12941177
0.16470589
0.09019608
0.08235294
0.10196079
0.11372549
0.07843138
0.06666667
0.06666667
0.09019608
0.07058824
0.07843138
0.12549020
0.12156863
0.10196079
0.09019608
0.11764706
0.17647059
0.14901961
0.12156863
0.11372549
0.14901961
0.15686275
0.14901961
0.16862746
0.16862746
0.18039216
0.22745098
0.30588236
0.18823530
0.09019608
0.18823530
0.11764706
0.14509805
0.10196079
0.08235294
0.10588235
0.11764706
0.08627451
0.05882353
0.08235294
0.10588235
0.11764706
0.09411765
0.12941177
0.19607843
0.13333334
0.08627451
0.08627451
0.08235294
0.08235294
0.07843138
0.10588235
0.18823530
0.21176471
0.11764706
0.14509805
0.14117648
0.14901961
0.20392157
0.15294118
0.12941177
0.10588235
0.22745098
0.10588235
0.10980392
0.09803922
0.06666667
0.06666667
0.09019608
0.10980392
0.12549020
0.12941177
0.09411765
0.12941177
0.18039216
0.14117648
0.21960784
0.15294118
0.10980392
0.08235294
0.05882353
0.06666667
0.09019608
0.11764706
0.17254902
0.19607843
0.12549020
0.12156863
0.13725491
0.19607843
0.14509805
0.12941177
0.13725491
0.12156863
0.30980393
0.07843138
0.05490196
0.07843138
0.05490196
0.04705882
0.06274510
0.10588235
0.22745098
0.22745098
0.30980393
0.34509805
0.25882354
0.16078432
0.16470589
0.14117648
0.14509805
0.10980392
0.07843138
0.11764706
0.14509805
0.13333334
0.14117648
0.15294118
0.14117648
0.11764706
0.18431373
0.20784314
0.12549020
0.29411766
0.38039216
0.32549021
0.46274510
0.07450981
0.04313726
0.05490196
0.06666667
0.06274510
0.07843138
0.27058825
0.31372550
0.31372550
0.58823532
0.62352943
0.42352942
0.24313726
0.14117648
0.16862746
0.18431373
0.14509805
0.09411765
0.14901961
0.14901961
0.14117648
0.14901961
0.19607843
0.15294118
0.13333334
0.28627452
0.24313726
0.13333334
0.32549021
0.56862748
0.50588238
0.54509807
0.07450981
0.04705882
0.06274510
0.07450981
0.04705882
0.29019609
0.60000002
0.55686277
0.62745100
0.58431375
0.36078432
0.32941177
0.21568628
0.16862746
0.22745098
0.25098041
0.23137255
0.12156863
0.13333334
0.14117648
0.20784314
0.21568628
0.29803923
0.26274511
0.12549020
0.36862746
0.27450982
0.14117648
0.32549021
0.63921571
0.57647061
0.61176473
0.14117648
0.07058824
0.08235294
0.10588235
0.07843138
0.50196081
0.54117650
0.45490196
0.85098040
0.66666669
0.40784314
0.28627452
0.18823530
0.22352941
0.27058825
0.27058825
0.30980393
0.23137255
0.11764706
0.21960784
0.24705882
0.19215687
0.25098041
0.30196080
0.12156863
0.32941177
0.29803923
0.14117648
0.36862746
0.87450981
0.59607846
0.54117650
0.22352941
0.11764706
0.16470589
0.32156864
0.29019609
0.54901963
0.35686275
0.26666668
0.56862748
0.78039217
0.78039217
0.49019608
0.32549021
0.26666668
0.25882354
0.29019609
0.28235295
0.24313726
0.16862746
0.21176471
0.23137255
0.27058825
0.27843139
0.30196080
0.11764706
0.30196080
0.24705882
0.11372549
0.38431373
0.87450981
0.56862748
0.56470591
0.32549021
0.12156863
0.29803923
0.42745098
0.28627452
0.45490196
0.29411766
0.27058825
0.44313726
0.60000002
0.60000002
0.47843137
0.45882353
0.33333334
0.23921569
0.28627452
0.18823530
0.18431373
0.23137255
0.14117648
0.20392157
0.41568628
0.27450982
0.43137255
0.14509805
0.49019608
0.50980395
0.22745098
0.30196080
0.80392158
0.54117650
0.56862748
0.35686275
0.10980392
0.29411766
0.43921569
0.16078432
0.35686275
0.25882354
0.25098041
0.35294119
0.31764707
0.32549021
0.30588236
0.32156864
0.27450982
0.21568628
0.38431373
0.33333334
0.29803923
0.29411766
0.27450982
0.36470589
0.58431375
0.26666668
0.46274510
0.21960784
0.42745098
0.65098041
0.44705883
0.27843139
0.80000001
0.53725493
0.46666667
0.31764707
0.11372549
0.16470589
0.37647060
0.16078432
0.30980393
0.23137255
0.19607843
0.13725491
0.08627451
0.09803922
0.09803922
0.18039216
0.25490198
0.26666668
0.45098040
0.66666669
0.43137255
0.35686275
0.62352943
0.59607846
0.63529414
0.53333336
0.33725491
0.09019608
0.16862746
0.40784314
0.37254903
0.39215687
0.77254903
0.38431373
0.32156864
0.19215687
0.08235294
0.07843138
0.23921569
0.19607843
0.37254903
0.24705882
0.09019608
0.04705882
0.03529412
0.05098039
0.11764706
0.18039216
0.20000000
0.23529412
0.51372552
0.47058824
0.07843138
0.11764706
0.58823532
0.65098041
0.63137257
0.63921571
0.52156866
0.21176471
0.07058824
0.21568628
0.20784314
0.44313726
0.63529414
0.21960784
0.29411766
0.18431373
0.18039216
0.18039216
0.24705882
0.19607843
0.42745098
0.33725491
0.07843138
0.03529412
0.06666667
0.20392157
0.21960784
0.21960784
0.23137255
0.33333334
0.53333336
0.24705882
0.03921569
0.03529412
0.47058824
0.71764708
0.62745100
0.59607846
0.62745100
0.52156866
0.36862746
0.39215687
0.37254903
0.33333334
0.27843139
0.12549020
0.32156864
0.21176471
0.25882354
0.27058825
0.28627452
0.16470589
0.24705882
0.22745098
0.12941177
0.07058824
0.21568628
0.26666668
0.32156864
0.36862746
0.44705883
0.57254905
0.49019608
0.49019608
0.26666668
0.10588235
0.41568628
0.66274512
0.55686277
0.52549022
0.55686277
0.49803922
0.54901963
0.66274512
0.66274512
0.41176471
0.10588235
0.10980392
0.26274511
0.10588235
0.12549020
0.13725491
0.31764707
0.28627452
0.15294118
0.11372549
0.15294118
0.27450982
0.46666667
0.48627451
0.66666669
0.69411767
0.73725492
0.70980394
0.45098040
0.49411765
0.46666667
0.40392157
0.43529412
0.49803922
0.48627451
0.49803922
0.51764709
0.54117650
0.57647061
0.69803923
0.71372551
0.47450981
0.10196079
0.12549020
0.20392157
0.02352941
0.02352941
0.02745098
0.15686275
0.27058825
0.26666668
0.34901962
0.54901963
0.75686276
0.80392158
0.83137256
0.85098040
0.69411767
0.53725493
0.50196081
0.48627451
0.53333336
0.49019608
0.47843137
0.64705884
0.70196080
0.74509805
0.76078433
0.76078433
0.60000002
0.47843137
0.70588237
0.79607844
0.64705884
0.24313726
0.17647059
0.25882354
0.07450981
0.07450981
0.12941177
0.29019609
0.49019608
0.69411767
0.82745099
0.82352942
0.65490198
0.56078434
0.63137257
0.48627451
0.37254903
0.55686277
0.72941178
0.76862746
0.81568629
0.61568630
0.51372552
0.77647060
0.81176472
0.80392158
0.81568629
0.78823531
0.29019609
0.06666667
0.46274510
0.77254903
0.72941178
0.46666667
0.27058825
0.28627452
0.23921569
0.29803923
0.34509805
0.38039216
0.41960785
0.58823532
0.70588237
0.60784316
0.45490196
0.58823532
0.40000001
0.11372549
0.08627451
0.38431373
0.77647060
0.74901962
0.80784315
0.71372551
0.62352943
0.76078433
0.77254903
0.76470590
0.76862746
0.61568630
0.32549021
0.17254902
0.23921569
0.61176473
0.60784316
0.44313726
0.23921569
0.25098041
0.30980393
0.41960785
0.27450982
0.15294118
0.21176471
0.43137255
0.60784316
0.61568630
0.68627453
0.77254903
0.22745098
0.28235295
0.25882354
0.14117648
0.62745100
0.70196080
0.71764708
0.68627453
0.65882355
0.67450982
0.67058825
0.67058825
0.64705884
0.40392157
0.43921569
0.36078432
0.17647059
0.41568628
0.43529412
0.30196080
0.21960784
0.30196080
0.31372550
0.32941177
0.36862746
0.33725491
0.46666667
0.63529414
0.68627453
0.69411767
0.69411767
0.60000002
0.14901961
0.54117650
0.49411765
0.10588235
0.47058824
0.61960787
0.56862748
0.52941179
0.48627451
0.42352942
0.34901962
0.30196080
0.24705882
0.12941177
0.27450982
0.37254903
0.26666668
0.37647060
0.40392157
0.30980393
0.27450982
0.35294119
0.49411765
0.33333334
0.40392157
0.35294119
0.32549021
0.46274510
0.48235294
0.49019608
0.50196081
0.40392157
0.09019608
0.36862746
0.46274510
0.13333334
0.19607843
0.26666668
0.23921569
0.16862746
0.11764706
0.10980392
0.18823530
0.20392157
0.22352941
0.07843138
0.16470589
0.30196080
0.43137255
0.54901963
0.52549022
0.50588238
0.48235294
0.49019608
0.46666667
0.29803923
0.27843139
0.21960784
0.12156863
0.21176471
0.21568628
0.21568628
0.20784314
0.16078432
0.04313726
0.20784314
0.36470589
0.17647059
0.17647059
0.21568628
0.20392157
0.04705882
0.00392157
0.09411765
0.36862746
0.44313726
0.48235294
0.26666668
0.12156863
0.22352941
0.44313726
0.48627451
0.45490196
0.45490196
0.44705883
0.43529412
0.45098040
0.44313726
0.43529412
0.24313726
0.03137255
0.03137255
0.03529412
0.17647059
0.24705882
0.21960784
0.06666667
0.09411765
0.17254902
0.19607843
0.26666668
0.25490198
0.24705882
0.19607843
0.19607843
0.27450982
0.38431373
0.40000001
0.40000001
0.38039216
0.31764707
0.35294119
0.39215687
0.38039216
0.38431373
0.38823530
0.38431373
0.38039216
0.47058824
0.44313726
0.45098040
0.29803923
0.05882353
0.06274510
0.11764706
0.23529412
0.27450982
0.25882354
0.23137255
0.27450982
0.34117648
0.37647060
0.38431373
0.37254903
0.37254903
0.40784314
0.41176471
0.40784314
0.40000001
0.40000001
0.38823530
0.38039216
0.39215687
0.40000001
0.38431373
0.38039216
0.38431373
0.37647060
0.36078432
0.35686275
0.27843139
0.25490198
0.24705882
0.26274511
0.29803923
0.32941177
0.35686275
0.36470589
0.36862746
0.37647060
0.40000001
0.41176471
0.41568628
0.41176471
0.41176471
0.41568628
0.40784314
0.40392157
0.40000001
0.40000001
0.39607844
0.39215687
0.40000001
0.38823530
0.37647060
0.37254903
0.36862746
0.36470589
0.36470589
0.36078432
0.35294119
0.34509805
0.33333334
0.34509805
0.35294119
0.35294119
0.35686275
0.36470589
0.37254903
0.37647060
0.38431373
0.38431373
0.38823530
0.38823530
0.38431373
0.38431373
0.39215687
0.39215687
0.39215687
0.39215687
0.39607844
0.40000001
0.39215687
0.38823530
0.38823530
0.38431373
0.37254903
0.36078432
0.35294119
0.34901962
0.35294119
0.35294119
0.34901962
0.35294119
0.32941177
0.33725491
0.34117648
0.34117648
0.33725491
0.34901962
0.36078432
0.36078432
0.36862746
0.37254903
0.37647060
0.37647060
0.38039216
0.38039216
0.39215687
0.39607844
0.39607844
0.39607844
0.39607844
0.38823530
0.37647060
0.37647060
0.36862746
0.36862746
0.36078432
0.36078432
0.36078432
0.36078432
0.36862746
0.37254903
0.38431373
0.40392157
0.33333334
0.33333334
0.33725491
0.34117648
0.35294119
0.35686275
0.35686275
0.36470589
0.36862746
0.37254903
0.36862746
0.36470589
0.37647060
0.37647060
0.37647060
0.38431373
0.39215687
0.38823530
0.38823530
0.38823530
0.38039216
0.38431373
0.38431373
0.38823530
0.40000001
0.41960785
0.43137255
0.44705883
0.45882353
0.47058824
0.49019608
0.49803922
0.33333334
0.33333334
0.33333334
0.34117648
0.34901962
0.34901962
0.35294119
0.36078432
0.36470589
0.35686275
0.34509805
0.34901962
0.36862746
0.38431373
0.39607844
0.41568628
0.42745098
0.43137255
0.43529412
0.45490196
0.47843137
0.49019608
0.47843137
0.48235294
0.49803922
0.49803922
0.48627451
0.48235294
0.46274510
0.44313726
0.43921569
0.42352942
0.32941177
0.32941177
0.32941177
0.33333334
0.34117648
0.34901962
0.35686275
0.36470589
0.38039216
0.40000001
0.40392157
0.42352942
0.45098040
0.47450981
0.47843137
0.50588238
0.52549022
0.52156866
0.49019608
0.50980395
0.51764709
0.50588238
0.47450981
0.45490196
0.43921569
0.42745098
0.41568628
0.40784314
0.40000001
0.39607844
0.39215687
0.38823530
0.33333334
0.33333334
0.34509805
0.36862746
0.39215687
0.40392157
0.43137255
0.45882353
0.47450981
0.47843137
0.49411765
0.50980395
0.49803922
0.48627451
0.47450981
0.49019608
0.48235294
0.44705883
0.40784314
0.40784314
0.40392157
0.38823530
0.37647060
0.36470589
0.36078432
0.36862746
0.36078432
0.36470589
0.36078432
0.36078432
0.34901962
0.35294119
0.10980392
0.10196079
0.04313726
0.04313726
0.03137255
0.05490196
0.05490196
0.02745098
0.01960784
0.03137255
0.01568628
0.05098039
0.05882353
0.02352941
0.04705882
0.03921569
0.10980392
0.13725491
0.07450981
0.06666667
0.05882353
0.04705882
0.05490196
0.07450981
0.10980392
0.09411765
0.17254902
0.22352941
0.16470589
0.17647059
0.09803922
0.15294118
0.05882353
0.07058824
0.04705882
0.06274510
0.05882353
0.04313726
0.02745098
0.03921569
0.03137255
0.04313726
0.01960784
0.01176471
0.04313726
0.03921569
0.02745098
0.02352941
0.07058824
0.14117648
0.11372549
0.09019608
0.06666667
0.06666667
0.07450981
0.07058824
0.08235294
0.07843138
0.14509805
0.21568628
0.24313726
0.14901961
0.09019608
0.17647059
0.06274510
0.07450981
0.05882353
0.06666667
0.07450981
0.06274510
0.05098039
0.03921569
0.04705882
0.05882353
0.06666667
0.02745098
0.04313726
0.10196079
0.06666667
0.04313726
0.05490196
0.05882353
0.05882353
0.05490196
0.06274510
0.10980392
0.12941177
0.03529412
0.05882353
0.05098039
0.11764706
0.19215687
0.09019608
0.08627451
0.10980392
0.20392157
0.06666667
0.06274510
0.06274510
0.05098039
0.04705882
0.04705882
0.08235294
0.11372549
0.10196079
0.05882353
0.08235294
0.12156863
0.04705882
0.11372549
0.07450981
0.05098039
0.03921569
0.02352941
0.03137255
0.05490196
0.06666667
0.09019608
0.11372549
0.05490196
0.04313726
0.04705882
0.16470589
0.13333334
0.07058824
0.08627451
0.12156863
0.30196080
0.05098039
0.02745098
0.04705882
0.04313726
0.03921569
0.03137255
0.09019608
0.23137255
0.20784314
0.27843139
0.30588236
0.20784314
0.05882353
0.04313726
0.03137255
0.04313726
0.03529412
0.02352941
0.06274510
0.08627451
0.06666667
0.05882353
0.07058824
0.06274510
0.03137255
0.09803922
0.17647059
0.11372549
0.23137255
0.30980393
0.32156864
0.47843137
0.05098039
0.03137255
0.02745098
0.05098039
0.05490196
0.05882353
0.25882354
0.30980393
0.30196080
0.57647061
0.59215689
0.36470589
0.15294118
0.03137255
0.04705882
0.07843138
0.07450981
0.04313726
0.09803922
0.08235294
0.05098039
0.04705882
0.12156863
0.08627451
0.05490196
0.22745098
0.22745098
0.13333334
0.28627452
0.50980395
0.49411765
0.56862748
0.04705882
0.04705882
0.04313726
0.04705882
0.03529412
0.28235295
0.58823532
0.54117650
0.61568630
0.58431375
0.33333334
0.25882354
0.13333334
0.05490196
0.09803922
0.15294118
0.16470589
0.07058824
0.09411765
0.08235294
0.10196079
0.09411765
0.24313726
0.21960784
0.05882353
0.35294119
0.28627452
0.14901961
0.31372550
0.60392159
0.55686277
0.63529414
0.10196079
0.05882353
0.05882353
0.07843138
0.06274510
0.49019608
0.51764709
0.42352942
0.82745099
0.65882355
0.37254903
0.21176471
0.08235294
0.09019608
0.12549020
0.15294118
0.20392157
0.15294118
0.06666667
0.15686275
0.15686275
0.11372549
0.22352941
0.27843139
0.07450981
0.31764707
0.29803923
0.12941177
0.34117648
0.83921570
0.59607846
0.58039218
0.15294118
0.09019608
0.13725491
0.29411766
0.27058825
0.52549022
0.31764707
0.21176471
0.52156866
0.76078433
0.74901962
0.41960785
0.25490198
0.19607843
0.18039216
0.21960784
0.21568628
0.19215687
0.13725491
0.15294118
0.16470589
0.24313726
0.27450982
0.29411766
0.09803922
0.30196080
0.24705882
0.09411765
0.33725491
0.83921570
0.57254905
0.60784316
0.22745098
0.07450981
0.26274511
0.40000001
0.26274511
0.42352942
0.23137255
0.19607843
0.38823530
0.58039218
0.57647061
0.43529412
0.45882353
0.36470589
0.27058825
0.30980393
0.19607843
0.20000000
0.24313726
0.10588235
0.16078432
0.41960785
0.27450982
0.42745098
0.14509805
0.51372552
0.52941179
0.21568628
0.25098041
0.75294119
0.53333336
0.59607846
0.23137255
0.03921569
0.25882354
0.41176471
0.13333334
0.30980393
0.18039216
0.16470589
0.30588236
0.31372550
0.32941177
0.29411766
0.35294119
0.34901962
0.29803923
0.43921569
0.36470589
0.34117648
0.34117648
0.28235295
0.36078432
0.60392159
0.25882354
0.43921569
0.21568628
0.48627451
0.70588237
0.45882353
0.24705882
0.73725492
0.49411765
0.46666667
0.18039216
0.03921569
0.12941177
0.34509805
0.13333334
0.26274511
0.15686275
0.11372549
0.10588235
0.09803922
0.12156863
0.10588235
0.18823530
0.30588236
0.33725491
0.48235294
0.66666669
0.45490196
0.40784314
0.66666669
0.62745100
0.65882355
0.51764709
0.30196080
0.09019608
0.24705882
0.49019608
0.40392157
0.37254903
0.69411767
0.30980393
0.28627452
0.08627451
0.03137255
0.07058824
0.22352941
0.18431373
0.37647060
0.22745098
0.05882353
0.05882353
0.05490196
0.07450981
0.14117648
0.19607843
0.24705882
0.29803923
0.54901963
0.47058824
0.07843138
0.14117648
0.63921571
0.70588237
0.67450982
0.66666669
0.55686277
0.25490198
0.12156863
0.28235295
0.23529412
0.38431373
0.50980395
0.14901961
0.23921569
0.10196079
0.13333334
0.16862746
0.26274511
0.23529412
0.46666667
0.32156864
0.03921569
0.03137255
0.06666667
0.21176471
0.23921569
0.21960784
0.25490198
0.37254903
0.54509807
0.23921569
0.03529412
0.04705882
0.50588238
0.77647060
0.70588237
0.67450982
0.71372551
0.60392159
0.42745098
0.45882353
0.40784314
0.27450982
0.17647059
0.12549020
0.31764707
0.14509805
0.21568628
0.24705882
0.28235295
0.17254902
0.23921569
0.18039216
0.05882353
0.02352941
0.19215687
0.26666668
0.32549021
0.36470589
0.47058824
0.61568630
0.50588238
0.50196081
0.30196080
0.16078432
0.47450981
0.73725492
0.66666669
0.63529414
0.67450982
0.61176473
0.63137257
0.74509805
0.71764708
0.38823530
0.05882353
0.15686275
0.30196080
0.06274510
0.09411765
0.11764706
0.22352941
0.14509805
0.05490196
0.06274510
0.10980392
0.21960784
0.46274510
0.49803922
0.66666669
0.73333335
0.81568629
0.80784315
0.53333336
0.56862748
0.58823532
0.54901963
0.56470591
0.60784316
0.60000002
0.61568630
0.63529414
0.65098041
0.66274512
0.77647060
0.77254903
0.47843137
0.05490196
0.14509805
0.20392157
0.00784314
0.01176471
0.01960784
0.03529412
0.07843138
0.14509805
0.32549021
0.56862748
0.76470590
0.86666667
0.88627452
0.86666667
0.76470590
0.66666669
0.65098041
0.61176473
0.63921571
0.63921571
0.66274512
0.79215688
0.79215688
0.82745099
0.83921570
0.83529413
0.67058825
0.53725493
0.76470590
0.83921570
0.66274512
0.18431373
0.15294118
0.21176471
0.07450981
0.07843138
0.13725491
0.28235295
0.45882353
0.65098041
0.82352942
0.87058824
0.75294119
0.70588237
0.73725492
0.50980395
0.41568628
0.64705884
0.83921570
0.85490197
0.86274511
0.69803923
0.63529414
0.84313726
0.82352942
0.83137256
0.83921570
0.80392158
0.30196080
0.07843138
0.48235294
0.80000001
0.74901962
0.42745098
0.27058825
0.25098041
0.23921569
0.30980393
0.36470589
0.44705883
0.49411765
0.62352943
0.73725492
0.66274512
0.56078434
0.71372551
0.49019608
0.14901961
0.09019608
0.41568628
0.84313726
0.81568629
0.84313726
0.75686276
0.69411767
0.79607844
0.76862746
0.76470590
0.77254903
0.62352943
0.33333334
0.17647059
0.25490198
0.63921571
0.63921571
0.45490196
0.27843139
0.27843139
0.30196080
0.43137255
0.30588236
0.20000000
0.26666668
0.48627451
0.66274512
0.67058825
0.73333335
0.81568629
0.27058825
0.32156864
0.26666668
0.15686275
0.67450982
0.77647060
0.78431374
0.74117649
0.71764708
0.72941178
0.70196080
0.67058825
0.65882355
0.42745098
0.47058824
0.38039216
0.20392157
0.46274510
0.48235294
0.34901962
0.27058825
0.36862746
0.31764707
0.35686275
0.41176471
0.38039216
0.50588238
0.67843139
0.73725492
0.74117649
0.72156864
0.62352943
0.17647059
0.58039218
0.50980395
0.11764706
0.49411765
0.64705884
0.59607846
0.56078434
0.51764709
0.45490196
0.37254903
0.30196080
0.25098041
0.13725491
0.29019609
0.38823530
0.30196080
0.41960785
0.44705883
0.34901962
0.32156864
0.41568628
0.51764709
0.36862746
0.45098040
0.38823530
0.35294119
0.49411765
0.51764709
0.52549022
0.52549022
0.41960785
0.10980392
0.40392157
0.48627451
0.14509805
0.19607843
0.25490198
0.23529412
0.18039216
0.12941177
0.11764706
0.20000000
0.21176471
0.23137255
0.09019608
0.17647059
0.32941177
0.47450981
0.60000002
0.57254905
0.53725493
0.50980395
0.53333336
0.50196081
0.32941177
0.30980393
0.24313726
0.14117648
0.23529412
0.24313726
0.24313726
0.22745098
0.17254902
0.05882353
0.23921569
0.39215687
0.19215687
0.17647059
0.20392157
0.21176471
0.06274510
0.01960784
0.11372549
0.39215687
0.47058824
0.51372552
0.29803923
0.15686275
0.27450982
0.50588238
0.55294120
0.51764709
0.48627451
0.47058824
0.47450981
0.47843137
0.45882353
0.43921569
0.24705882
0.03529412
0.03529412
0.04705882
0.19607843
0.26666668
0.23921569
0.08627451
0.12549020
0.19607843
0.21568628
0.29019609
0.28627452
0.29019609
0.24313726
0.24313726
0.32156864
0.43529412
0.45882353
0.46666667
0.45490196
0.40000001
0.43137255
0.47843137
0.47058824
0.46274510
0.44705883
0.44705883
0.45882353
0.49411765
0.45098040
0.44705883
0.29803923
0.06666667
0.07450981
0.12941177
0.25882354
0.30980393
0.29019609
0.25882354
0.31372550
0.36470589
0.40784314
0.43921569
0.44313726
0.45098040
0.48627451
0.49019608
0.48627451
0.47450981
0.47450981
0.47450981
0.48235294
0.49803922
0.49411765
0.48235294
0.48235294
0.47450981
0.47058824
0.46666667
0.47450981
0.32941177
0.29803923
0.29019609
0.31372550
0.35686275
0.39215687
0.41960785
0.43137255
0.43529412
0.44313726
0.46274510
0.47843137
0.48627451
0.48627451
0.48627451
0.49019608
0.49803922
0.50196081
0.49411765
0.48627451
0.47843137
0.46666667
0.47843137
0.47450981
0.46274510
0.46666667
0.46666667
0.46274510
0.45490196
0.45490196
0.45098040
0.44705883
0.40392157
0.41568628
0.42352942
0.43137255
0.44705883
0.45490196
0.46274510
0.46666667
0.47058824
0.47058824
0.47450981
0.47450981
0.49019608
0.49019608
0.47843137
0.47058824
0.47843137
0.49019608
0.49019608
0.49019608
0.48627451
0.48627451
0.48627451
0.48235294
0.47058824
0.45882353
0.45098040
0.44705883
0.45098040
0.43137255
0.41960785
0.42352942
0.41176471
0.41960785
0.42745098
0.43529412
0.43921569
0.44705883
0.45882353
0.45490196
0.45098040
0.45882353
0.46666667
0.47058824
0.49019608
0.49019608
0.48627451
0.48235294
0.47843137
0.48235294
0.48627451
0.48235294
0.47843137
0.48235294
0.47450981
0.47450981
0.46274510
0.43921569
0.43137255
0.43137255
0.43921569
0.41960785
0.41960785
0.43921569
0.42352942
0.42352942
0.42745098
0.43137255
0.44705883
0.45098040
0.45490196
0.45098040
0.44313726
0.45098040
0.45098040
0.45490196
0.47450981
0.47450981
0.45882353
0.45490196
0.45490196
0.45098040
0.45882353
0.47058824
0.45882353
0.44313726
0.44313726
0.44705883
0.45098040
0.44705883
0.45098040
0.46666667
0.47843137
0.49019608
0.51372552
0.51764709
0.41176471
0.41176471
0.41176471
0.41960785
0.42352942
0.42745098
0.42745098
0.42745098
0.41568628
0.41176471
0.41176471
0.42352942
0.43137255
0.43529412
0.43529412
0.44313726
0.45490196
0.46274510
0.47450981
0.49803922
0.51372552
0.50980395
0.49411765
0.49803922
0.50980395
0.50588238
0.49019608
0.48627451
0.47058824
0.46666667
0.47450981
0.45882353
0.39607844
0.39607844
0.39607844
0.39215687
0.39215687
0.40000001
0.41176471
0.40784314
0.40392157
0.43137255
0.44705883
0.47058824
0.47450981
0.48235294
0.47450981
0.49019608
0.52156866
0.53725493
0.49803922
0.50980395
0.52549022
0.52941179
0.49411765
0.47843137
0.46666667
0.47450981
0.46666667
0.45882353
0.45098040
0.45098040
0.44705883
0.44313726
0.38039216
0.37254903
0.37647060
0.37647060
0.40000001
0.44313726
0.47058824
0.46666667
0.47450981
0.49019608
0.52549022
0.54901963
0.52941179
0.49803922
0.47058824
0.48235294
0.49803922
0.47450981
0.42745098
0.42352942
0.43137255
0.44313726
0.42745098
0.41176471
0.41176471
0.44313726
0.44313726
0.44705883
0.44705883
0.43921569
0.42352942
0.42745098
1 -1 0 0 0 0 0 0 0 0 0
0 -1 1 0 0 0 0 0 0 0 0
0 -1 0 1 0 0 0 0 0 0 0
0 -1 0 0 1 0 0 0 0 0 0
0 -1 0 0 0 1 0 0 0 0 0
0 -1 0 0 0 0 1 0 0 0 0
0 -1 0 0 0 0 0 1 0 0 0
0 -1 0 0 0 0 0 0 1 0 0
0 -1 0 0 0 0 0 0 0 1 0
