0.85490197
0.85098040
0.85098040
0.84705883
0.85098040
0.85882354
0.86274511
0.85882354
0.85490197
0.85882354
0.86274511
0.86274511
0.85490197
0.85490197
0.85882354
0.86274511
0.86274511
0.86274511
0.86274511
0.86274511
0.85882354
0.85490197
0.85490197
0.85490197
0.85882354
0.85490197
0.84705883
0.84313726
0.84705883
0.85098040
0.85098040
0.85098040
0.84313726
0.84313726
0.84313726
0.84313726
0.84705883
0.85490197
0.85882354
0.85490197
0.85098040
0.85098040
0.85882354
0.85882354
0.85098040
0.85098040
0.85098040
0.85882354
0.85882354
0.85882354
0.85882354
0.85882354
0.85098040
0.85098040
0.85098040
0.85098040
0.85098040
0.84313726
0.83529413
0.83137256
0.83921570
0.84313726
0.84313726
0.84705883
0.83921570
0.83921570
0.84313726
0.83921570
0.84313726
0.85098040
0.85490197
0.85490197
0.84705883
0.84705883
0.85490197
0.85490197
0.84705883
0.84705883
0.84705883
0.85490197
0.85882354
0.85490197
0.85882354
0.85490197
0.84705883
0.84705883
0.84705883
0.85098040
0.84313726
0.83529413
0.82745099
0.82745099
0.83137256
0.83921570
0.84313726
0.83921570
0.83137256
0.83529413
0.83921570
0.83529413
0.83921570
0.84705883
0.84705883
0.84705883
0.84705883
0.84705883
0.85098040
0.84705883
0.84705883
0.84705883
0.84705883
0.85490197
0.85490197
0.85098040
0.85490197
0.85490197
0.84705883
0.84313726
0.84705883
0.84705883
0.83921570
0.83137256
0.82352942
0.81960785
0.81568629
0.83137256
0.83529413
0.83137256
0.81568629
0.81960785
0.81960785
0.81568629
0.81960785
0.83529413
0.83921570
0.82745099
0.82745099
0.84313726
0.83921570
0.83137256
0.83137256
0.83137256
0.83529413
0.83921570
0.83921570
0.83921570
0.83921570
0.83529413
0.83137256
0.83137256
0.83529413
0.82745099
0.82745099
0.81960785
0.81960785
0.80392158
0.77647060
0.80784315
0.81176472
0.80784315
0.80000001
0.80000001
0.79607844
0.80000001
0.80000001
0.80784315
0.81568629
0.80784315
0.81568629
0.82352942
0.81176472
0.80784315
0.81176472
0.81176472
0.81568629
0.81568629
0.81568629
0.81568629
0.81960785
0.81960785
0.81568629
0.80784315
0.80784315
0.81176472
0.80784315
0.80392158
0.79215688
0.75686276
0.66274512
0.76862746
0.79215688
0.79215688
0.76862746
0.76862746
0.76862746
0.77254903
0.77647060
0.78431374
0.78431374
0.78039217
0.79215688
0.77647060
0.79215688
0.78823531
0.78431374
0.78039217
0.78431374
0.78431374
0.78431374
0.78431374
0.78823531
0.79215688
0.79607844
0.78823531
0.78039217
0.78039217
0.77647060
0.78039217
0.74901962
0.69411767
0.62745100
0.70588237
0.77647060
0.76078433
0.75686276
0.76470590
0.76470590
0.76078433
0.76078433
0.76078433
0.75294119
0.75294119
0.77647060
0.76470590
0.74509805
0.74509805
0.78039217
0.78039217
0.78431374
0.78823531
0.78431374
0.78431374
0.78431374
0.77254903
0.75686276
0.73725492
0.76078433
0.77254903
0.76862746
0.77254903
0.69803923
0.65490198
0.73725492
0.80392158
0.71764708
0.74901962
0.68627453
0.70588237
0.70588237
0.69803923
0.67843139
0.65490198
0.65098041
0.65490198
0.69019610
0.68627453
0.60392159
0.60392159
0.68235296
0.69803923
0.70980394
0.70196080
0.70980394
0.70588237
0.70588237
0.68235296
0.65490198
0.61568630
0.63529414
0.67450982
0.67843139
0.66666669
0.69019610
0.74117649
0.81568629
0.78039217
0.59607846
0.61568630
0.65098041
0.69803923
0.79607844
0.68235296
0.67058825
0.66274512
0.65098041
0.63529414
0.63529414
0.64705884
0.63921571
0.61568630
0.61960787
0.62745100
0.61960787
0.64313728
0.64313728
0.63137257
0.61960787
0.61960787
0.61568630
0.61568630
0.59215689
0.59607846
0.60392159
0.58823532
0.65098041
0.76470590
0.84705883
0.84313726
0.60392159
0.56470591
0.59607846
0.63137257
0.79215688
0.62745100
0.63921571
0.64705884
0.65882355
0.67058825
0.65882355
0.65490198
0.65490198
0.62352943
0.61960787
0.60392159
0.60392159
0.65098041
0.60392159
0.60784316
0.60784316
0.60000002
0.59607846
0.58431375
0.57647061
0.57647061
0.57254905
0.58823532
0.77647060
0.78823531
0.81960785
0.92941177
0.65098041
0.55294120
0.58039218
0.60392159
0.78431374
0.57647061
0.58039218
0.58823532
0.60000002
0.61960787
0.63137257
0.65098041
0.65882355
0.65490198
0.65882355
0.65882355
0.60784316
0.63921571
0.60784316
0.60000002
0.58823532
0.58823532
0.56862748
0.56470591
0.55686277
0.56470591
0.65098041
0.76862746
0.87058824
0.79215688
0.70196080
0.93725491
0.73725492
0.53333336
0.58039218
0.60784316
0.74901962
0.58039218
0.57647061
0.58039218
0.58431375
0.58431375
0.58039218
0.59607846
0.59215689
0.59607846
0.63137257
0.66274512
0.65098041
0.70196080
0.70196080
0.66274512
0.62745100
0.61568630
0.57647061
0.55686277
0.52941179
0.54901963
0.75294119
0.87450981
0.79215688
0.70980394
0.61176473
0.86274511
0.70588237
0.53725493
0.56862748
0.58039218
0.63137257
0.56862748
0.56862748
0.56862748
0.57254905
0.58823532
0.58431375
0.58039218
0.58431375
0.57647061
0.57647061
0.58823532
0.61960787
0.66666669
0.71372551
0.71764708
0.70196080
0.70196080
0.67058825
0.62745100
0.65098041
0.66666669
0.69803923
0.78431374
0.73333335
0.74901962
0.65098041
0.58431375
0.42352942
0.50980395
0.60784316
0.61568630
0.62352943
0.60784316
0.61960787
0.60784316
0.60784316
0.61568630
0.60784316
0.60000002
0.59215689
0.58823532
0.58431375
0.58039218
0.64705884
0.76470590
0.62352943
0.64313728
0.65490198
0.68235296
0.68627453
0.71372551
0.80000001
0.80000001
0.69803923
0.75686276
0.74117649
0.59607846
0.38823530
0.32549021
0.32549021
0.55294120
0.60784316
0.61568630
0.61568630
0.60000002
0.60000002
0.60000002
0.59607846
0.58823532
0.59215689
0.60392159
0.60392159
0.59215689
0.58039218
0.56470591
0.62745100
0.80000001
0.54509807
0.57254905
0.57254905
0.61960787
0.68235296
0.78039217
0.74509805
0.73725492
0.75686276
0.69411767
0.52941179
0.31372550
0.29411766
0.30196080
0.35294119
0.57647061
0.56470591
0.66274512
0.69019610
0.68627453
0.55686277
0.56470591
0.56862748
0.55686277
0.57254905
0.60392159
0.58823532
0.57647061
0.60000002
0.66274512
0.74509805
0.88235295
0.78431374
0.85490197
0.82745099
0.74117649
0.73725492
0.73725492
0.74117649
0.73725492
0.54901963
0.36470589
0.27058825
0.27843139
0.27843139
0.27843139
0.30980393
0.48627451
0.53333336
0.65882355
0.70196080
0.63921571
0.55686277
0.54509807
0.54509807
0.54901963
0.55686277
0.56078434
0.54509807
0.53725493
0.59607846
0.82352942
0.88627452
0.96862745
0.98431373
0.99607843
0.97647059
0.80784315
0.76470590
0.70588237
0.63921571
0.44313726
0.26666668
0.26666668
0.27843139
0.26666668
0.25490198
0.31764707
0.40392157
0.50588238
0.52549022
0.56862748
0.67450982
0.52549022
0.53725493
0.54509807
0.54901963
0.55686277
0.56470591
0.53725493
0.51764709
0.51372552
0.53725493
0.73333335
0.71764708
0.83921570
0.99607843
0.98823529
0.91372550
0.79607844
0.69803923
0.50196081
0.30196080
0.22352941
0.25490198
0.27450982
0.26666668
0.24705882
0.30196080
0.44705883
0.49019608
0.52549022
0.51372552
0.64705884
0.86274511
0.56862748
0.51372552
0.52549022
0.52941179
0.52941179
0.50196081
0.50588238
0.47058824
0.43137255
0.51764709
0.52941179
0.54509807
0.66274512
0.80784315
0.69019610
0.47843137
0.36470589
0.28235295
0.23137255
0.23137255
0.24705882
0.25882354
0.24705882
0.23921569
0.28627452
0.42745098
0.56470591
0.53333336
0.52941179
0.51764709
0.57647061
0.71764708
0.51372552
0.50588238
0.52156866
0.51764709
0.51372552
0.52156866
0.51764709
0.43529412
0.34117648
0.65490198
0.82745099
0.86666667
0.63921571
0.27450982
0.23921569
0.23921569
0.21568628
0.22745098
0.23529412
0.23921569
0.24313726
0.23921569
0.23921569
0.29019609
0.37254903
0.48235294
0.55686277
0.51372552
0.50980395
0.51372552
0.52156866
0.66274512
0.48235294
0.50196081
0.50980395
0.50588238
0.51764709
0.54509807
0.53333336
0.43137255
0.41960785
0.71372551
0.86274511
0.80784315
0.68235296
0.25098041
0.29411766
0.26274511
0.26274511
0.23921569
0.25490198
0.23921569
0.23529412
0.23921569
0.30196080
0.38823530
0.43921569
0.50196081
0.53725493
0.49803922
0.50588238
0.49803922
0.49019608
0.46274510
0.46274510
0.48627451
0.47843137
0.48235294
0.50588238
0.45490196
0.46666667
0.70980394
0.71372551
0.80000001
0.79607844
0.80392158
0.67450982
0.38431373
0.37254903
0.29019609
0.25098041
0.23921569
0.23921569
0.23529412
0.22745098
0.28627452
0.38039216
0.44313726
0.45882353
0.49803922
0.53333336
0.49019608
0.49411765
0.48627451
0.56470591
0.50588238
0.52156866
0.47843137
0.49411765
0.50980395
0.53725493
0.36862746
0.29411766
0.45882353
0.52549022
0.57647061
0.55686277
0.51372552
0.42745098
0.36470589
0.30588236
0.24313726
0.22745098
0.23137255
0.22352941
0.23921569
0.28235295
0.36078432
0.42352942
0.45490196
0.45882353
0.48235294
0.51764709
0.48235294
0.47058824
0.50980395
0.48627451
0.43529412
0.43921569
0.50196081
0.52941179
0.53725493
0.54509807
0.32941177
0.18823530
0.18039216
0.23921569
0.28235295
0.29411766
0.30196080
0.33333334
0.31764707
0.27058825
0.23921569
0.21960784
0.22352941
0.23921569
0.28627452
0.35294119
0.41176471
0.44313726
0.46666667
0.46274510
0.48235294
0.51372552
0.48627451
0.47058824
0.53333336
0.45490196
0.42745098
0.41960785
0.52941179
0.52941179
0.51372552
0.51372552
0.39215687
0.27058825
0.24313726
0.20784314
0.20000000
0.21960784
0.21568628
0.21176471
0.23137255
0.27058825
0.25882354
0.25098041
0.25490198
0.28235295
0.34509805
0.40000001
0.43137255
0.45490196
0.47058824
0.47058824
0.49411765
0.50588238
0.47843137
0.47058824
0.49411765
0.46274510
0.48235294
0.43921569
0.48627451
0.48627451
0.48235294
0.48627451
0.45490196
0.40784314
0.36862746
0.29411766
0.24705882
0.21176471
0.19607843
0.22352941
0.22745098
0.27450982
0.29019609
0.28627452
0.30196080
0.34117648
0.38823530
0.42745098
0.44705883
0.45882353
0.46666667
0.45882353
0.48627451
0.48627451
0.46274510
0.46274510
0.47058824
0.46666667
0.50980395
0.45098040
0.46666667
0.47843137
0.48627451
0.49803922
0.48235294
0.46274510
0.43137255
0.38823530
0.37647060
0.34509805
0.29803923
0.26274511
0.25882354
0.32156864
0.38039216
0.34117648
0.35686275
0.37647060
0.40784314
0.43137255
0.44313726
0.45098040
0.46274510
0.45490196
0.47450981
0.47450981
0.45882353
0.45490196
0.48235294
0.47450981
0.50588238
0.45098040
0.47450981
0.48627451
0.50588238
0.51764709
0.50588238
0.48627451
0.45490196
0.41960785
0.45882353
0.46274510
0.41960785
0.34901962
0.31764707
0.37647060
0.48235294
0.42352942
0.41176471
0.40392157
0.43529412
0.45490196
0.44705883
0.45882353
0.46274510
0.46274510
0.47450981
0.48235294
0.46274510
0.45098040
0.46666667
0.47450981
0.50196081
0.45098040
0.47450981
0.48627451
0.49803922
0.50980395
0.50980395
0.49803922
0.47450981
0.44705883
0.48627451
0.49019608
0.49803922
0.47058824
0.42352942
0.44313726
0.50980395
0.45098040
0.42352942
0.44705883
0.46666667
0.47843137
0.46666667
0.45490196
0.45882353
0.45098040
0.45882353
0.47450981
0.45882353
0.45098040
0.45490196
0.47058824
0.49803922
0.45882353
0.48627451
0.49803922
0.50980395
0.50980395
0.51372552
0.49803922
0.47450981
0.45098040
0.49019608
0.49411765
0.52156866
0.53725493
0.51764709
0.50588238
0.52549022
0.47450981
0.45490196
0.46274510
0.47450981
0.48627451
0.47843137
0.44313726
0.45098040
0.45098040
0.45490196
0.46666667
0.45490196
0.45098040
0.45882353
0.47450981
0.49411765
0.46274510
0.49019608
0.50196081
0.50588238
0.49803922
0.50588238
0.49411765
0.47843137
0.45882353
0.48627451
0.49019608
0.50980395
0.52549022
0.56078434
0.53725493
0.52549022
0.47058824
0.46666667
0.47058824
0.47450981
0.47843137
0.49019608
0.46666667
0.45490196
0.45882353
0.45882353
0.46666667
0.45098040
0.44705883
0.85490197
0.85098040
0.85098040
0.84705883
0.85098040
0.85882354
0.86274511
0.85882354
0.85490197
0.85882354
0.86274511
0.86274511
0.85490197
0.85490197
0.85882354
0.86274511
0.86274511
0.86274511
0.86274511
0.86274511
0.85882354
0.85490197
0.85490197
0.85490197
0.85882354
0.85490197
0.84705883
0.84313726
0.84705883
0.85098040
0.85098040
0.85098040
0.84313726
0.84313726
0.84313726
0.84313726
0.84705883
0.85490197
0.85882354
0.85490197
0.85098040
0.85098040
0.85882354
0.85882354
0.85098040
0.85098040
0.85098040
0.85882354
0.85882354
0.85882354
0.85882354
0.85882354
0.85098040
0.85098040
0.85098040
0.85098040
0.85098040
0.84313726
0.83529413
0.83137256
0.83921570
0.84313726
0.84313726
0.84705883
0.83921570
0.83921570
0.84313726
0.83921570
0.84313726
0.85098040
0.85490197
0.85490197
0.84705883
0.84705883
0.85490197
0.85490197
0.84705883
0.84705883
0.84705883
0.85490197
0.85882354
0.85490197
0.85882354
0.85490197
0.84705883
0.84705883
0.84705883
0.85098040
0.84313726
0.83529413
0.82745099
0.82745099
0.83137256
0.83921570
0.84313726
0.83921570
0.83137256
0.83529413
0.83921570
0.83529413
0.83921570
0.84705883
0.84705883
0.84705883
0.84705883
0.84705883
0.85098040
0.84705883
0.84705883
0.84705883
0.84705883
0.85490197
0.85490197
0.85098040
0.85490197
0.85490197
0.84705883
0.84313726
0.84705883
0.84705883
0.83921570
0.83137256
0.82352942
0.81960785
0.81568629
0.83137256
0.83529413
0.83137256
0.81568629
0.81960785
0.81960785
0.81568629
0.81960785
0.83529413
0.83921570
0.82745099
0.82745099
0.84313726
0.83921570
0.83137256
0.83137256
0.83137256
0.83529413
0.83921570
0.83921570
0.83921570
0.83921570
0.83529413
0.83137256
0.83137256
0.83529413
0.82745099
0.82745099
0.81960785
0.81960785
0.80392158
0.77647060
0.80784315
0.81176472
0.80784315
0.80000001
0.80000001
0.79607844
0.80000001
0.80000001
0.80784315
0.81568629
0.80784315
0.81568629
0.82352942
0.81176472
0.80784315
0.81176472
0.81176472
0.81568629
0.81568629
0.81568629
0.81568629
0.81960785
0.81960785
0.81568629
0.80784315
0.80784315
0.81176472
0.80784315
0.80392158
0.79215688
0.75686276
0.66274512
0.76862746
0.79215688
0.79215688
0.76862746
0.76862746
0.76862746
0.77254903
0.77647060
0.78431374
0.78431374
0.78039217
0.79215688
0.77647060
0.79215688
0.78823531
0.78431374
0.78039217
0.78431374
0.78431374
0.78431374
0.78431374
0.78823531
0.79215688
0.79607844
0.78823531
0.78039217
0.78039217
0.77647060
0.78039217
0.74901962
0.69411767
0.62745100
0.70588237
0.77647060
0.76078433
0.75686276
0.76470590
0.76470590
0.76078433
0.76078433
0.76078433
0.75294119
0.75294119
0.77647060
0.76470590
0.74509805
0.74509805
0.78039217
0.78039217
0.78431374
0.78823531
0.78431374
0.78431374
0.78431374
0.77254903
0.75686276
0.73725492
0.76078433
0.77254903
0.76862746
0.77254903
0.69803923
0.65490198
0.73725492
0.80392158
0.71764708
0.74901962
0.68627453
0.70588237
0.70588237
0.69803923
0.67843139
0.65490198
0.65098041
0.65490198
0.69019610
0.68627453
0.60392159
0.60392159
0.68235296
0.69803923
0.70980394
0.70196080
0.70980394
0.70588237
0.70588237
0.68235296
0.65490198
0.61568630
0.63529414
0.67450982
0.67843139
0.66666669
0.69019610
0.74117649
0.81568629
0.78039217
0.59607846
0.61568630
0.65098041
0.69803923
0.79607844
0.68235296
0.67058825
0.66274512
0.65098041
0.63529414
0.63529414
0.64705884
0.63921571
0.61568630
0.61960787
0.62745100
0.61960787
0.64313728
0.64313728
0.63137257
0.61960787
0.61960787
0.61568630
0.61568630
0.59215689
0.59607846
0.60392159
0.58823532
0.65098041
0.76470590
0.84705883
0.84313726
0.60392159
0.56470591
0.59607846
0.63137257
0.79215688
0.62745100
0.63921571
0.64705884
0.65882355
0.67058825
0.65882355
0.65490198
0.65490198
0.62352943
0.61960787
0.60392159
0.60392159
0.65098041
0.60392159
0.60784316
0.60784316
0.60000002
0.59607846
0.58431375
0.57647061
0.57647061
0.57254905
0.58823532
0.77647060
0.78823531
0.81960785
0.92941177
0.65098041
0.55294120
0.58039218
0.60392159
0.78431374
0.57647061
0.58039218
0.58823532
0.60000002
0.61960787
0.63137257
0.65098041
0.65882355
0.65490198
0.65882355
0.65882355
0.60784316
0.63921571
0.60784316
0.60000002
0.58823532
0.58823532
0.56862748
0.56470591
0.55686277
0.56470591
0.65098041
0.76862746
0.87058824
0.79215688
0.70196080
0.93725491
0.73725492
0.53333336
0.58039218
0.60784316
0.74901962
0.58039218
0.57647061
0.58039218
0.58431375
0.58431375
0.58039218
0.59607846
0.59215689
0.59607846
0.63137257
0.66274512
0.65098041
0.70196080
0.70196080
0.66274512
0.62745100
0.61568630
0.57647061
0.55686277
0.52941179
0.54901963
0.75294119
0.87450981
0.79215688
0.70980394
0.61176473
0.86274511
0.70588237
0.53725493
0.56862748
0.58039218
0.63137257
0.56862748
0.56862748
0.56862748
0.57254905
0.58823532
0.58431375
0.58039218
0.58431375
0.57647061
0.57647061
0.58823532
0.61960787
0.66666669
0.71372551
0.71764708
0.70196080
0.70196080
0.67058825
0.62745100
0.65098041
0.66666669
0.69803923
0.78431374
0.73333335
0.74901962
0.65098041
0.58431375
0.42352942
0.50980395
0.60784316
0.61568630
0.62352943
0.60784316
0.61960787
0.60784316
0.60784316
0.61568630
0.60784316
0.60000002
0.59215689
0.58823532
0.58431375
0.58039218
0.64705884
0.76470590
0.62352943
0.64313728
0.65490198
0.68235296
0.68627453
0.71372551
0.80000001
0.80000001
0.69803923
0.75686276
0.74117649
0.59607846
0.38823530
0.32549021
0.32549021
0.55294120
0.60784316
0.61568630
0.61568630
0.60000002
0.60000002
0.60000002
0.59607846
0.58823532
0.59215689
0.60392159
0.60392159
0.59215689
0.58039218
0.56470591
0.62745100
0.80000001
0.54509807
0.57254905
0.57254905
0.61960787
0.68235296
0.78039217
0.74509805
0.73725492
0.75686276
0.69411767
0.52941179
0.31372550
0.29411766
0.30196080
0.35294119
0.57647061
0.56470591
0.66274512
0.69019610
0.68627453
0.55686277
0.56470591
0.56862748
0.55686277
0.57254905
0.60392159
0.58823532
0.57647061
0.60000002
0.66274512
0.74509805
0.88235295
0.78431374
0.85490197
0.82745099
0.74117649
0.73725492
0.73725492
0.74117649
0.73725492
0.54901963
0.36470589
0.27058825
0.27843139
0.27843139
0.27843139
0.30980393
0.48627451
0.53333336
0.65882355
0.70196080
0.63921571
0.55686277
0.54509807
0.54509807
0.54901963
0.55686277
0.56078434
0.54509807
0.53725493
0.59607846
0.82352942
0.88627452
0.96862745
0.98431373
0.99607843
0.97647059
0.80784315
0.76470590
0.70588237
0.63921571
0.44313726
0.26666668
0.26666668
0.27843139
0.26666668
0.25490198
0.31764707
0.40392157
0.50588238
0.52549022
0.56862748
0.67450982
0.52549022
0.53725493
0.54509807
0.54901963
0.55686277
0.56470591
0.53725493
0.51764709
0.51372552
0.53725493
0.73333335
0.71764708
0.83921570
0.99607843
0.98823529
0.91372550
0.79607844
0.69803923
0.50196081
0.30196080
0.22352941
0.25490198
0.27450982
0.26666668
0.24705882
0.30196080
0.44705883
0.49019608
0.52549022
0.51372552
0.64705884
0.86274511
0.56862748
0.51372552
0.52549022
0.52941179
0.52941179
0.50196081
0.50588238
0.47058824
0.43137255
0.51764709
0.52941179
0.54509807
0.66274512
0.80784315
0.69019610
0.47843137
0.36470589
0.28235295
0.23137255
0.23137255
0.24705882
0.25882354
0.24705882
0.23921569
0.28627452
0.42745098
0.56470591
0.53333336
0.52941179
0.51764709
0.57647061
0.71764708
0.51372552
0.50588238
0.52156866
0.51764709
0.51372552
0.52156866
0.51764709
0.43529412
0.34117648
0.65490198
0.82745099
0.86666667
0.63921571
0.27450982
0.23921569
0.23921569
0.21568628
0.22745098
0.23529412
0.23921569
0.24313726
0.23921569
0.23921569
0.29019609
0.37254903
0.48235294
0.55686277
0.51372552
0.50980395
0.51372552
0.52156866
0.66274512
0.48235294
0.50196081
0.50980395
0.50588238
0.51764709
0.54509807
0.53333336
0.43137255
0.41960785
0.71372551
0.86274511
0.80784315
0.68235296
0.25098041
0.29411766
0.26274511
0.26274511
0.23921569
0.25490198
0.23921569
0.23529412
0.23921569
0.30196080
0.38823530
0.43921569
0.50196081
0.53725493
0.49803922
0.50588238
0.49803922
0.49019608
0.46274510
0.46274510
0.48627451
0.47843137
0.48235294
0.50588238
0.45490196
0.46666667
0.70980394
0.71372551
0.80000001
0.79607844
0.80392158
0.67450982
0.38431373
0.37254903
0.29019609
0.25098041
0.23921569
0.23921569
0.23529412
0.22745098
0.28627452
0.38039216
0.44313726
0.45882353
0.49803922
0.53333336
0.49019608
0.49411765
0.48627451
0.56470591
0.50588238
0.52156866
0.47843137
0.49411765
0.50980395
0.53725493
0.36862746
0.29411766
0.45882353
0.52549022
0.57647061
0.55686277
0.51372552
0.42745098
0.36470589
0.30588236
0.24313726
0.22745098
0.23137255
0.22352941
0.23921569
0.28235295
0.36078432
0.42352942
0.45490196
0.45882353
0.48235294
0.51764709
0.48235294
0.47058824
0.50980395
0.48627451
0.43529412
0.43921569
0.50196081
0.52941179
0.53725493
0.54509807
0.32941177
0.18823530
0.18039216
0.23921569
0.28235295
0.29411766
0.30196080
0.33333334
0.31764707
0.27058825
0.23921569
0.21960784
0.22352941
0.23921569
0.28627452
0.35294119
0.41176471
0.44313726
0.46666667
0.46274510
0.48235294
0.51372552
0.48627451
0.47058824
0.53333336
0.45490196
0.42745098
0.41960785
0.52941179
0.52941179
0.51372552
0.51372552
0.39215687
0.27058825
0.24313726
0.20784314
0.20000000
0.21960784
0.21568628
0.21176471
0.23137255
0.27058825
0.25882354
0.25098041
0.25490198
0.28235295
0.34509805
0.40000001
0.43137255
0.45490196
0.47058824
0.47058824
0.49411765
0.50588238
0.47843137
0.47058824
0.49411765
0.46274510
0.48235294
0.43921569
0.48627451
0.48627451
0.48235294
0.48627451
0.45490196
0.40784314
0.36862746
0.29411766
0.24705882
0.21176471
0.19607843
0.22352941
0.22745098
0.27450982
0.29019609
0.28627452
0.30196080
0.34117648
0.38823530
0.42745098
0.44705883
0.45882353
0.46666667
0.45882353
0.48627451
0.48627451
0.46274510
0.46274510
0.47058824
0.46666667
0.50980395
0.45098040
0.46666667
0.47843137
0.48627451
0.49803922
0.48235294
0.46274510
0.43137255
0.38823530
0.37647060
0.34509805
0.29803923
0.26274511
0.25882354
0.32156864
0.38039216
0.34117648
0.35686275
0.37647060
0.40784314
0.43137255
0.44313726
0.45098040
0.46274510
0.45490196
0.47450981
0.47450981
0.45882353
0.45490196
0.48235294
0.47450981
0.50588238
0.45098040
0.47450981
0.48627451
0.50588238
0.51764709
0.50588238
0.48627451
0.45490196
0.41960785
0.45882353
0.46274510
0.41960785
0.34901962
0.31764707
0.37647060
0.48235294
0.42352942
0.41176471
0.40392157
0.43529412
0.45490196
0.44705883
0.45882353
0.46274510
0.46274510
0.47450981
0.48235294
0.46274510
0.45098040
0.46666667
0.47450981
0.50196081
0.45098040
0.47450981
0.48627451
0.49803922
0.50980395
0.50980395
0.49803922
0.47450981
0.44705883
0.48627451
0.49019608
0.49803922
0.47058824
0.42352942
0.44313726
0.50980395
0.45098040
0.42352942
0.44705883
0.46666667
0.47843137
0.46666667
0.45490196
0.45882353
0.45098040
0.45882353
0.47450981
0.45882353
0.45098040
0.45490196
0.47058824
0.49803922
0.45882353
0.48627451
0.49803922
0.50980395
0.50980395
0.51372552
0.49803922
0.47450981
0.45098040
0.49019608
0.49411765
0.52156866
0.53725493
0.51764709
0.50588238
0.52549022
0.47450981
0.45490196
0.46274510
0.47450981
0.48627451
0.47843137
0.44313726
0.45098040
0.45098040
0.45490196
0.46666667
0.45490196
0.45098040
0.45882353
0.47450981
0.49411765
0.46274510
0.49019608
0.50196081
0.50588238
0.49803922
0.50588238
0.49411765
0.47843137
0.45882353
0.48627451
0.49019608
0.50980395
0.52549022
0.56078434
0.53725493
0.52549022
0.47058824
0.46666667
0.47058824
0.47450981
0.47843137
0.49019608
0.46666667
0.45490196
0.45882353
0.45882353
0.46666667
0.45098040
0.44705883
0.85490197
0.85098040
0.85098040
0.84705883
0.85098040
0.85882354
0.86274511
0.85882354
0.85490197
0.85882354
0.86274511
0.86274511
0.85490197
0.85490197
0.85882354
0.86274511
0.86274511
0.86274511
0.86274511
0.86274511
0.85882354
0.85490197
0.85490197
0.85490197
0.85882354
0.85490197
0.84705883
0.84313726
0.84705883
0.85098040
0.85098040
0.85098040
0.84313726
0.84313726
0.84313726
0.84313726
0.84705883
0.85490197
0.85882354
0.85490197
0.85098040
0.85098040
0.85882354
0.85882354
0.85098040
0.85098040
0.85098040
0.85882354
0.85882354
0.85882354
0.85882354
0.85882354
0.85098040
0.85098040
0.85098040
0.85098040
0.85098040
0.84313726
0.83529413
0.83137256
0.83921570
0.84313726
0.84313726
0.84705883
0.83921570
0.83921570
0.84313726
0.83921570
0.84313726
0.85098040
0.85490197
0.85490197
0.84705883
0.84705883
0.85490197
0.85490197
0.84705883
0.84705883
0.84705883
0.85490197
0.85882354
0.85490197
0.85882354
0.85490197
0.84705883
0.84705883
0.84705883
0.85098040
0.84313726
0.83529413
0.82745099
0.82745099
0.83137256
0.83921570
0.84313726
0.83921570
0.83137256
0.83529413
0.83921570
0.83529413
0.83921570
0.84705883
0.84705883
0.84705883
0.84705883
0.84705883
0.85098040
0.84705883
0.84705883
0.84705883
0.84705883
0.85490197
0.85490197
0.85098040
0.85490197
0.85490197
0.84705883
0.84313726
0.84705883
0.84705883
0.83921570
0.83137256
0.82352942
0.81960785
0.81568629
0.83137256
0.83529413
0.83137256
0.81568629
0.81960785
0.81960785
0.81568629
0.81960785
0.83529413
0.83921570
0.82745099
0.82745099
0.84313726
0.83921570
0.83137256
0.83137256
0.83137256
0.83529413
0.83921570
0.83921570
0.83921570
0.83921570
0.83529413
0.83137256
0.83137256
0.83529413
0.82745099
0.82745099
0.81960785
0.81960785
0.80392158
0.77647060
0.80784315
0.81176472
0.80784315
0.80000001
0.80000001
0.79607844
0.80000001
0.80000001
0.80784315
0.81568629
0.80784315
0.81568629
0.82352942
0.81176472
0.80784315
0.81176472
0.81176472
0.81568629
0.81568629
0.81568629
0.81568629
0.81960785
0.81960785
0.81568629
0.80784315
0.80784315
0.81176472
0.80784315
0.80392158
0.79215688
0.75686276
0.66274512
0.76862746
0.79215688
0.79215688
0.76862746
0.76862746
0.76862746
0.77254903
0.77647060
0.78431374
0.78431374
0.78039217
0.79215688
0.77647060
0.79215688
0.78823531
0.78431374
0.78039217
0.78431374
0.78431374
0.78431374
0.78431374
0.78823531
0.79215688
0.79607844
0.78823531
0.78039217
0.78039217
0.77647060
0.78039217
0.74901962
0.69411767
0.62745100
0.70588237
0.77647060
0.76078433
0.75686276
0.76470590
0.76470590
0.76078433
0.76078433
0.76078433
0.75294119
0.75294119
0.77647060
0.76470590
0.74509805
0.74509805
0.78039217
0.78039217
0.78431374
0.78823531
0.78431374
0.78431374
0.78431374
0.77254903
0.75686276
0.73725492
0.76078433
0.77254903
0.76862746
0.77254903
0.69803923
0.65490198
0.73725492
0.80392158
0.71764708
0.74901962
0.68627453
0.70588237
0.70588237
0.69803923
0.67843139
0.65490198
0.65098041
0.65490198
0.69019610
0.68627453
0.60392159
0.60392159
0.68235296
0.69803923
0.70980394
0.70196080
0.70980394
0.70588237
0.70588237
0.68235296
0.65490198
0.61568630
0.63529414
0.67450982
0.67843139
0.66666669
0.69019610
0.74117649
0.81568629
0.78039217
0.59607846
0.61568630
0.65098041
0.69803923
0.79607844
0.68235296
0.67058825
0.66274512
0.65098041
0.63529414
0.63529414
0.64705884
0.63921571
0.61568630
0.61960787
0.62745100
0.61960787
0.64313728
0.64313728
0.63137257
0.61960787
0.61960787
0.61568630
0.61568630
0.59215689
0.59607846
0.60392159
0.58823532
0.65098041
0.76470590
0.84705883
0.84313726
0.60392159
0.56470591
0.59607846
0.63137257
0.79215688
0.62745100
0.63921571
0.64705884
0.65882355
0.67058825
0.65882355
0.65490198
0.65490198
0.62352943
0.61960787
0.60392159
0.60392159
0.65098041
0.60392159
0.60784316
0.60784316
0.60000002
0.59607846
0.58431375
0.57647061
0.57647061
0.57254905
0.58823532
0.77647060
0.78823531
0.81960785
0.92941177
0.65098041
0.55294120
0.58039218
0.60392159
0.78431374
0.57647061
0.58039218
0.58823532
0.60000002
0.61960787
0.63137257
0.65098041
0.65882355
0.65490198
0.65882355
0.65882355
0.60784316
0.63921571
0.60784316
0.60000002
0.58823532
0.58823532
0.56862748
0.56470591
0.55686277
0.56470591
0.65098041
0.76862746
0.87058824
0.79215688
0.70196080
0.93725491
0.73725492
0.53333336
0.58039218
0.60784316
0.74901962
0.58039218
0.57647061
0.58039218
0.58431375
0.58431375
0.58039218
0.59607846
0.59215689
0.59607846
0.63137257
0.66274512
0.65098041
0.70196080
0.70196080
0.66274512
0.62745100
0.61568630
0.57647061
0.55686277
0.52941179
0.54901963
0.75294119
0.87450981
0.79215688
0.70980394
0.61176473
0.86274511
0.70588237
0.53725493
0.56862748
0.58039218
0.63137257
0.56862748
0.56862748
0.56862748
0.57254905
0.58823532
0.58431375
0.58039218
0.58431375
0.57647061
0.57647061
0.58823532
0.61960787
0.66666669
0.71372551
0.71764708
0.70196080
0.70196080
0.67058825
0.62745100
0.65098041
0.66666669
0.69803923
0.78431374
0.73333335
0.74901962
0.65098041
0.58431375
0.42352942
0.50980395
0.60784316
0.61568630
0.62352943
0.60784316
0.61960787
0.60784316
0.60784316
0.61568630
0.60784316
0.60000002
0.59215689
0.58823532
0.58431375
0.58039218
0.64705884
0.76470590
0.62352943
0.64313728
0.65490198
0.68235296
0.68627453
0.71372551
0.80000001
0.80000001
0.69803923
0.75686276
0.74117649
0.59607846
0.38823530
0.32549021
0.32549021
0.55294120
0.60784316
0.61568630
0.61568630
0.60000002
0.60000002
0.60000002
0.59607846
0.58823532
0.59215689
0.60392159
0.60392159
0.59215689
0.58039218
0.56470591
0.62745100
0.80000001
0.54509807
0.57254905
0.57254905
0.61960787
0.68235296
0.78039217
0.74509805
0.73725492
0.75686276
0.69411767
0.52941179
0.31372550
0.29411766
0.30196080
0.35294119
0.57647061
0.56470591
0.66274512
0.69019610
0.68627453
0.55686277
0.56470591
0.56862748
0.55686277
0.57254905
0.60392159
0.58823532
0.57647061
0.60000002
0.66274512
0.74509805
0.88235295
0.78431374
0.85490197
0.82745099
0.74117649
0.73725492
0.73725492
0.74117649
0.73725492
0.54901963
0.36470589
0.27058825
0.27843139
0.27843139
0.27843139
0.30980393
0.48627451
0.53333336
0.65882355
0.70196080
0.63921571
0.55686277
0.54509807
0.54509807
0.54901963
0.55686277
0.56078434
0.54509807
0.53725493
0.59607846
0.82352942
0.88627452
0.96862745
0.98431373
0.99607843
0.97647059
0.80784315
0.76470590
0.70588237
0.63921571
0.44313726
0.26666668
0.26666668
0.27843139
0.26666668
0.25490198
0.31764707
0.40392157
0.50588238
0.52549022
0.56862748
0.67450982
0.52549022
0.53725493
0.54509807
0.54901963
0.55686277
0.56470591
0.53725493
0.51764709
0.51372552
0.53725493
0.73333335
0.71764708
0.83921570
0.99607843
0.98823529
0.91372550
0.79607844
0.69803923
0.50196081
0.30196080
0.22352941
0.25490198
0.27450982
0.26666668
0.24705882
0.30196080
0.44705883
0.49019608
0.52549022
0.51372552
0.64705884
0.86274511
0.56862748
0.51372552
0.52549022
0.52941179
0.52941179
0.50196081
0.50588238
0.47058824
0.43137255
0.51764709
0.52941179
0.54509807
0.66274512
0.80784315
0.69019610
0.47843137
0.36470589
0.28235295
0.23137255
0.23137255
0.24705882
0.25882354
0.24705882
0.23921569
0.28627452
0.42745098
0.56470591
0.53333336
0.52941179
0.51764709
0.57647061
0.71764708
0.51372552
0.50588238
0.52156866
0.51764709
0.51372552
0.52156866
0.51764709
0.43529412
0.34117648
0.65490198
0.82745099
0.86666667
0.63921571
0.27450982
0.23921569
0.23921569
0.21568628
0.22745098
0.23529412
0.23921569
0.24313726
0.23921569
0.23921569
0.29019609
0.37254903
0.48235294
0.55686277
0.51372552
0.50980395
0.51372552
0.52156866
0.66274512
0.48235294
0.50196081
0.50980395
0.50588238
0.51764709
0.54509807
0.53333336
0.43137255
0.41960785
0.71372551
0.86274511
0.80784315
0.68235296
0.25098041
0.29411766
0.26274511
0.26274511
0.23921569
0.25490198
0.23921569
0.23529412
0.23921569
0.30196080
0.38823530
0.43921569
0.50196081
0.53725493
0.49803922
0.50588238
0.49803922
0.49019608
0.46274510
0.46274510
0.48627451
0.47843137
0.48235294
0.50588238
0.45490196
0.46666667
0.70980394
0.71372551
0.80000001
0.79607844
0.80392158
0.67450982
0.38431373
0.37254903
0.29019609
0.25098041
0.23921569
0.23921569
0.23529412
0.22745098
0.28627452
0.38039216
0.44313726
0.45882353
0.49803922
0.53333336
0.49019608
0.49411765
0.48627451
0.56470591
0.50588238
0.52156866
0.47843137
0.49411765
0.50980395
0.53725493
0.36862746
0.29411766
0.45882353
0.52549022
0.57647061
0.55686277
0.51372552
0.42745098
0.36470589
0.30588236
0.24313726
0.22745098
0.23137255
0.22352941
0.23921569
0.28235295
0.36078432
0.42352942
0.45490196
0.45882353
0.48235294
0.51764709
0.48235294
0.47058824
0.50980395
0.48627451
0.43529412
0.43921569
0.50196081
0.52941179
0.53725493
0.54509807
0.32941177
0.18823530
0.18039216
0.23921569
0.28235295
0.29411766
0.30196080
0.33333334
0.31764707
0.27058825
0.23921569
0.21960784
0.22352941
0.23921569
0.28627452
0.35294119
0.41176471
0.44313726
0.46666667
0.46274510
0.48235294
0.51372552
0.48627451
0.47058824
0.53333336
0.45490196
0.42745098
0.41960785
0.52941179
0.52941179
0.51372552
0.51372552
0.39215687
0.27058825
0.24313726
0.20784314
0.20000000
0.21960784
0.21568628
0.21176471
0.23137255
0.27058825
0.25882354
0.25098041
0.25490198
0.28235295
0.34509805
0.40000001
0.43137255
0.45490196
0.47058824
0.47058824
0.49411765
0.50588238
0.47843137
0.47058824
0.49411765
0.46274510
0.48235294
0.43921569
0.48627451
0.48627451
0.48235294
0.48627451
0.45490196
0.40784314
0.36862746
0.29411766
0.24705882
0.21176471
0.19607843
0.22352941
0.22745098
0.27450982
0.29019609
0.28627452
0.30196080
0.34117648
0.38823530
0.42745098
0.44705883
0.45882353
0.46666667
0.45882353
0.48627451
0.48627451
0.46274510
0.46274510
0.47058824
0.46666667
0.50980395
0.45098040
0.46666667
0.47843137
0.48627451
0.49803922
0.48235294
0.46274510
0.43137255
0.38823530
0.37647060
0.34509805
0.29803923
0.26274511
0.25882354
0.32156864
0.38039216
0.34117648
0.35686275
0.37647060
0.40784314
0.43137255
0.44313726
0.45098040
0.46274510
0.45490196
0.47450981
0.47450981
0.45882353
0.45490196
0.48235294
0.47450981
0.50588238
0.45098040
0.47450981
0.48627451
0.50588238
0.51764709
0.50588238
0.48627451
0.45490196
0.41960785
0.45882353
0.46274510
0.41960785
0.34901962
0.31764707
0.37647060
0.48235294
0.42352942
0.41176471
0.40392157
0.43529412
0.45490196
0.44705883
0.45882353
0.46274510
0.46274510
0.47450981
0.48235294
0.46274510
0.45098040
0.46666667
0.47450981
0.50196081
0.45098040
0.47450981
0.48627451
0.49803922
0.50980395
0.50980395
0.49803922
0.47450981
0.44705883
0.48627451
0.49019608
0.49803922
0.47058824
0.42352942
0.44313726
0.50980395
0.45098040
0.42352942
0.44705883
0.46666667
0.47843137
0.46666667
0.45490196
0.45882353
0.45098040
0.45882353
0.47450981
0.45882353
0.45098040
0.45490196
0.47058824
0.49803922
0.45882353
0.48627451
0.49803922
0.50980395
0.50980395
0.51372552
0.49803922
0.47450981
0.45098040
0.49019608
0.49411765
0.52156866
0.53725493
0.51764709
0.50588238
0.52549022
0.47450981
0.45490196
0.46274510
0.47450981
0.48627451
0.47843137
0.44313726
0.45098040
0.45098040
0.45490196
0.46666667
0.45490196
0.45098040
0.45882353
0.47450981
0.49411765
0.46274510
0.49019608
0.50196081
0.50588238
0.49803922
0.50588238
0.49411765
0.47843137
0.45882353
0.48627451
0.49019608
0.50980395
0.52549022
0.56078434
0.53725493
0.52549022
0.47058824
0.46666667
0.47058824
0.47450981
0.47843137
0.49019608
0.46666667
0.45490196
0.45882353
0.45882353
0.46666667
0.45098040
0.44705883
1 0 0 0 0 0 0 0 -1 0 0
0 1 0 0 0 0 0 0 -1 0 0
0 0 1 0 0 0 0 0 -1 0 0
0 0 0 1 0 0 0 0 -1 0 0
0 0 0 0 1 0 0 0 -1 0 0
0 0 0 0 0 1 0 0 -1 0 0
0 0 0 0 0 0 1 0 -1 0 0
0 0 0 0 0 0 0 1 -1 0 0
0 0 0 0 0 0 0 0 -1 1 0
