1.00000000
0.98823529
0.99215686
0.98823529
0.98823529
0.89019608
0.85882354
0.96862745
0.98823529
0.73725492
0.61960787
0.92156863
0.99215686
0.98823529
0.98823529
0.99215686
0.98823529
0.98823529
0.98823529
0.98823529
0.98823529
0.99215686
0.99215686
0.99215686
0.99215686
0.99215686
0.99215686
0.99215686
0.99215686
0.99215686
0.98823529
1.00000000
1.00000000
1.00000000
1.00000000
1.00000000
1.00000000
0.94901961
0.77254903
0.85490197
1.00000000
0.73333335
0.46666667
0.79607844
1.00000000
1.00000000
1.00000000
1.00000000
1.00000000
1.00000000
1.00000000
1.00000000
1.00000000
1.00000000
1.00000000
1.00000000
1.00000000
1.00000000
1.00000000
1.00000000
1.00000000
1.00000000
1.00000000
1.00000000
1.00000000
0.99215686
0.99607843
0.99607843
0.99215686
0.99607843
0.89411765
0.75294119
0.82745099
0.71372551
0.43921569
0.61960787
0.95686275
0.99215686
0.99215686
0.99215686
0.98431373
0.98039216
0.98823529
0.99215686
0.99215686
0.99607843
0.99607843
0.99607843
0.99607843
0.99607843
0.99607843
0.99607843
0.99607843
0.99607843
0.99607843
1.00000000
1.00000000
0.99607843
0.99607843
0.99607843
1.00000000
1.00000000
0.99215686
0.90980393
0.69803923
0.59215689
0.45882353
0.51372552
0.88235295
1.00000000
0.99215686
0.99607843
0.96862745
0.87058824
0.92549020
0.99215686
0.99607843
1.00000000
1.00000000
1.00000000
1.00000000
1.00000000
1.00000000
1.00000000
1.00000000
1.00000000
0.99607843
1.00000000
1.00000000
0.99607843
1.00000000
0.99607843
0.99607843
0.99215686
0.98823529
0.98823529
0.88235295
0.52941179
0.43529412
0.46274510
0.74901962
0.99215686
0.99215686
1.00000000
0.90588236
0.69803923
0.76470590
0.92941177
0.99215686
0.99607843
0.99607843
0.99607843
1.00000000
1.00000000
1.00000000
1.00000000
1.00000000
1.00000000
0.99607843
1.00000000
0.93333334
0.96470588
0.98823529
0.99607843
0.99607843
0.99215686
0.98431373
0.98823529
0.88235295
0.46666667
0.40000001
0.50588238
0.65882355
0.87450981
0.94901961
0.98431373
0.81960785
0.64313728
0.67058825
0.79215688
0.96470588
0.99607843
0.99607843
1.00000000
1.00000000
1.00000000
1.00000000
1.00000000
1.00000000
1.00000000
0.99607843
1.00000000
0.59607846
0.65490198
0.76078433
0.84313726
0.90980393
0.96862745
0.99215686
0.95686275
0.62745100
0.42745098
0.50196081
0.58039218
0.63921571
0.69019610
0.75294119
0.81568629
0.76862746
0.70980394
0.70588237
0.70588237
0.85882354
0.98039216
0.98431373
0.98823529
0.99607843
1.00000000
1.00000000
1.00000000
1.00000000
1.00000000
0.99607843
1.00000000
0.69019610
0.46274510
0.46666667
0.52156866
0.63921571
0.70588237
0.82745099
0.85882354
0.51372552
0.45098040
0.50196081
0.52941179
0.57647061
0.61568630
0.63921571
0.65882355
0.66274512
0.69019610
0.71764708
0.73725492
0.75686276
0.93725491
1.00000000
1.00000000
0.99215686
0.99607843
1.00000000
1.00000000
1.00000000
1.00000000
0.99607843
1.00000000
0.99215686
0.80784315
0.58823532
0.50588238
0.47058824
0.49803922
0.52549022
0.57254905
0.53333336
0.45882353
0.42352942
0.40392157
0.41568628
0.44313726
0.47058824
0.49411765
0.49019608
0.51372552
0.51764709
0.54509807
0.60392159
0.73333335
0.85098040
0.88627452
0.94901961
0.99215686
0.99607843
1.00000000
1.00000000
1.00000000
0.99607843
1.00000000
1.00000000
0.98823529
0.94509804
0.81568629
0.57647061
0.46666667
0.45098040
0.47450981
0.49803922
0.50196081
0.45882353
0.40000001
0.42745098
0.42745098
0.37647060
0.37254903
0.35686275
0.34509805
0.33725491
0.34117648
0.35686275
0.38039216
0.41960785
0.45098040
0.78431374
0.99607843
0.99215686
1.00000000
1.00000000
1.00000000
0.99607843
1.00000000
1.00000000
0.98823529
0.99215686
0.98431373
0.90588236
0.69411767
0.54901963
0.49411765
0.45490196
0.47058824
0.46274510
0.41568628
0.42352942
0.42352942
0.36078432
0.34509805
0.36470589
0.34901962
0.32549021
0.32941177
0.32941177
0.32941177
0.36470589
0.40784314
0.61176473
0.95294118
0.99607843
0.99215686
0.99607843
1.00000000
0.99607843
1.00000000
1.00000000
0.99215686
0.99215686
0.99215686
0.99607843
0.96078432
0.85882354
0.72941178
0.52941179
0.43529412
0.44313726
0.43137255
0.40392157
0.36862746
0.34509805
0.33333334
0.33333334
0.35294119
0.34509805
0.33333334
0.33333334
0.32941177
0.43529412
0.62745100
0.57254905
0.86274511
1.00000000
0.99215686
0.99607843
1.00000000
0.99607843
1.00000000
1.00000000
0.99607843
1.00000000
0.99607843
0.99215686
0.99215686
0.99215686
0.96470588
0.83137256
0.64313728
0.51764709
0.42745098
0.40392157
0.36862746
0.33725491
0.33725491
0.37647060
0.35294119
0.33725491
0.32156864
0.32549021
0.32941177
0.40392157
0.60392159
0.60000002
0.79607844
0.98823529
0.99215686
0.99607843
1.00000000
0.99607843
1.00000000
1.00000000
0.99607843
1.00000000
1.00000000
0.99607843
0.99607843
0.99215686
0.98823529
0.98823529
0.93725491
0.83921570
0.63529414
0.43137255
0.37254903
0.34901962
0.36862746
0.54901963
0.36862746
0.35686275
0.35294119
0.32156864
0.33333334
0.35294119
0.42352942
0.53725493
0.69411767
0.86666667
0.99215686
0.99215686
1.00000000
0.99607843
1.00000000
1.00000000
0.99607843
1.00000000
1.00000000
1.00000000
1.00000000
1.00000000
0.99607843
0.99215686
0.99215686
0.99215686
0.93333334
0.74901962
0.49019608
0.38823530
0.36470589
0.44705883
0.34509805
0.42745098
0.47450981
0.41568628
0.34901962
0.34901962
0.36078432
0.39607844
0.42745098
0.63137257
0.96862745
0.99215686
0.99607843
0.99607843
1.00000000
1.00000000
0.99607843
1.00000000
1.00000000
1.00000000
1.00000000
1.00000000
1.00000000
1.00000000
0.99607843
0.98039216
0.97647059
0.96862745
0.73333335
0.50588238
0.43529412
0.31764707
0.30588236
0.41960785
0.49411765
0.49803922
0.38039216
0.34901962
0.36862746
0.35686275
0.35294119
0.52549022
0.86666667
1.00000000
0.99215686
0.99607843
1.00000000
1.00000000
0.99607843
1.00000000
1.00000000
1.00000000
1.00000000
1.00000000
1.00000000
1.00000000
1.00000000
0.98823529
0.97254902
0.95686275
0.74117649
0.58431375
0.78431374
0.63921571
0.40392157
0.39215687
0.38039216
0.45490196
0.39215687
0.34901962
0.37647060
0.38431373
0.35686275
0.38823530
0.62745100
0.98039216
0.99607843
0.99607843
1.00000000
1.00000000
0.99607843
1.00000000
1.00000000
1.00000000
1.00000000
1.00000000
1.00000000
1.00000000
1.00000000
0.98823529
0.98823529
0.89803922
0.67450982
0.66666669
0.95686275
0.97647059
0.83529413
0.67843139
0.47843137
0.38431373
0.38039216
0.37647060
0.36862746
0.36470589
0.34901962
0.33725491
0.43921569
0.86274511
1.00000000
0.99215686
1.00000000
1.00000000
0.99607843
1.00000000
1.00000000
1.00000000
1.00000000
1.00000000
1.00000000
1.00000000
1.00000000
0.99215686
0.98039216
0.78431374
0.64705884
0.73333335
0.98823529
0.99607843
0.98823529
0.96862745
0.82745099
0.57254905
0.43137255
0.38431373
0.37254903
0.37254903
0.35686275
0.34901962
0.35686275
0.69019610
1.00000000
0.99215686
1.00000000
1.00000000
0.99607843
1.00000000
1.00000000
1.00000000
1.00000000
1.00000000
0.99607843
0.99215686
0.99607843
1.00000000
0.91372550
0.68627453
0.65882355
0.78039217
0.99215686
0.98823529
0.98823529
0.98823529
0.98823529
0.91764706
0.71764708
0.56862748
0.43529412
0.38039216
0.36470589
0.36078432
0.34117648
0.47450981
0.90588236
0.99607843
1.00000000
1.00000000
0.99607843
1.00000000
1.00000000
1.00000000
1.00000000
1.00000000
0.99607843
0.98823529
0.99607843
0.94117647
0.72941178
0.58431375
0.65882355
0.81176472
0.98823529
0.99215686
0.99215686
0.98823529
0.98431373
0.98823529
0.98039216
0.91372550
0.73725492
0.54901963
0.42745098
0.37254903
0.35686275
0.34509805
0.70196080
0.98823529
1.00000000
1.00000000
0.99607843
1.00000000
1.00000000
1.00000000
1.00000000
1.00000000
1.00000000
0.99215686
0.96078432
0.83137256
0.65490198
0.53725493
0.63137257
0.74901962
0.87843138
0.99215686
0.99607843
0.98823529
0.98823529
0.98823529
0.99607843
0.99607843
0.97254902
0.86666667
0.73725492
0.56078434
0.39215687
0.32549021
0.45490196
0.84705883
1.00000000
1.00000000
0.99607843
1.00000000
1.00000000
1.00000000
1.00000000
1.00000000
1.00000000
0.99607843
0.94901961
0.79215688
0.72941178
0.56470591
0.59607846
0.68235296
0.67843139
0.90588236
0.99607843
0.98431373
0.99215686
0.99607843
1.00000000
0.99607843
0.98823529
0.98823529
0.96470588
0.89019608
0.67450982
0.41176471
0.33333334
0.56470591
0.97254902
1.00000000
0.99607843
1.00000000
1.00000000
1.00000000
1.00000000
1.00000000
0.99607843
0.98431373
0.98823529
0.82745099
0.74509805
0.62745100
0.59607846
0.63529414
0.60000002
0.68627453
0.92156863
0.99215686
0.98823529
0.99607843
0.99607843
0.99607843
0.99607843
0.98823529
0.98823529
0.99607843
0.95294118
0.76470590
0.60000002
0.47058824
0.77647060
1.00000000
0.99607843
1.00000000
1.00000000
1.00000000
1.00000000
1.00000000
0.99607843
0.98431373
1.00000000
0.89019608
0.74117649
0.62352943
0.63529414
0.62352943
0.58039218
0.59607846
0.74117649
0.96470588
0.98823529
0.98431373
1.00000000
1.00000000
0.99607843
1.00000000
1.00000000
0.99215686
0.99607843
0.99215686
0.98039216
0.83921570
0.72156864
1.00000000
0.99607843
1.00000000
1.00000000
1.00000000
1.00000000
1.00000000
0.99607843
0.99215686
1.00000000
0.92941177
0.78039217
0.63529414
0.61568630
0.63137257
0.58039218
0.61960787
0.64313728
0.80392158
0.96862745
0.98431373
0.99607843
0.99607843
1.00000000
1.00000000
1.00000000
1.00000000
0.99607843
0.98823529
0.99215686
0.99607843
0.96862745
1.00000000
0.99607843
1.00000000
1.00000000
1.00000000
1.00000000
1.00000000
1.00000000
1.00000000
0.99607843
0.96862745
0.84705883
0.71372551
0.60784316
0.58823532
0.59607846
0.58431375
0.62745100
0.67450982
0.81176472
0.97254902
0.99607843
0.99607843
1.00000000
1.00000000
1.00000000
1.00000000
1.00000000
0.99607843
0.99215686
0.98823529
1.00000000
1.00000000
0.99607843
1.00000000
1.00000000
1.00000000
1.00000000
1.00000000
1.00000000
1.00000000
0.99215686
0.98039216
0.90588236
0.75686276
0.64705884
0.58039218
0.56470591
0.57254905
0.61568630
0.66274512
0.69019610
0.86274511
0.99215686
0.99607843
1.00000000
1.00000000
1.00000000
1.00000000
1.00000000
1.00000000
0.99607843
0.99215686
1.00000000
1.00000000
0.99607843
1.00000000
1.00000000
1.00000000
1.00000000
1.00000000
1.00000000
1.00000000
0.99607843
0.99607843
0.94117647
0.77647060
0.67058825
0.61176473
0.54901963
0.56470591
0.62352943
0.65882355
0.68627453
0.80392158
0.98431373
0.99607843
1.00000000
1.00000000
1.00000000
1.00000000
1.00000000
1.00000000
1.00000000
0.99607843
1.00000000
1.00000000
0.99607843
1.00000000
1.00000000
1.00000000
1.00000000
1.00000000
1.00000000
1.00000000
1.00000000
0.99607843
0.97254902
0.80784315
0.66274512
0.60784316
0.55686277
0.56470591
0.63921571
0.74117649
0.81176472
0.91764706
0.99215686
0.99607843
1.00000000
1.00000000
1.00000000
1.00000000
1.00000000
1.00000000
1.00000000
0.99607843
1.00000000
1.00000000
0.99607843
1.00000000
1.00000000
1.00000000
1.00000000
1.00000000
1.00000000
1.00000000
1.00000000
0.99607843
0.99607843
0.86666667
0.67450982
0.60392159
0.53725493
0.61960787
0.78823531
0.92549020
0.94901961
0.97647059
0.99607843
0.99607843
1.00000000
1.00000000
1.00000000
1.00000000
1.00000000
1.00000000
1.00000000
0.99607843
1.00000000
1.00000000
0.99607843
1.00000000
1.00000000
1.00000000
1.00000000
1.00000000
1.00000000
1.00000000
1.00000000
0.99607843
1.00000000
0.92156863
0.71372551
0.68627453
0.67058825
0.83921570
0.96862745
0.99215686
0.97647059
0.97647059
1.00000000
1.00000000
1.00000000
1.00000000
1.00000000
1.00000000
1.00000000
1.00000000
1.00000000
0.99607843
1.00000000
1.00000000
0.98823529
0.99215686
0.98823529
0.98823529
0.89019608
0.85882354
0.96862745
0.98823529
0.73725492
0.61568630
0.91764706
0.99215686
0.98823529
0.98823529
0.99215686
0.98823529
0.98823529
0.98823529
0.98823529
0.98823529
0.99215686
0.99215686
0.99215686
0.99215686
0.99215686
0.99215686
0.99215686
0.99215686
0.99215686
0.98823529
1.00000000
1.00000000
1.00000000
1.00000000
1.00000000
1.00000000
0.94901961
0.77254903
0.85490197
1.00000000
0.73333335
0.46666667
0.79215688
1.00000000
1.00000000
1.00000000
1.00000000
1.00000000
1.00000000
1.00000000
1.00000000
1.00000000
1.00000000
1.00000000
1.00000000
1.00000000
1.00000000
1.00000000
1.00000000
1.00000000
1.00000000
1.00000000
1.00000000
1.00000000
0.99215686
0.99607843
0.99607843
0.99215686
0.99607843
0.89411765
0.75294119
0.82745099
0.71372551
0.43921569
0.61960787
0.95686275
0.99215686
0.99215686
0.99215686
0.98431373
0.98039216
0.98823529
0.99215686
0.99607843
0.99607843
0.99607843
0.99607843
0.99607843
0.99607843
0.99607843
0.99607843
0.99607843
0.99607843
0.99607843
1.00000000
1.00000000
0.99607843
0.99607843
0.99607843
1.00000000
1.00000000
0.99215686
0.90980393
0.69803923
0.59215689
0.45882353
0.50980395
0.88235295
1.00000000
0.99215686
0.99607843
0.96862745
0.87058824
0.92549020
0.99215686
0.99607843
1.00000000
1.00000000
1.00000000
1.00000000
1.00000000
1.00000000
1.00000000
1.00000000
1.00000000
0.99607843
1.00000000
1.00000000
0.99607843
1.00000000
0.99607843
0.99607843
0.99215686
0.98823529
0.98823529
0.88235295
0.52941179
0.43137255
0.45882353
0.74509805
0.99215686
0.99215686
1.00000000
0.90588236
0.69411767
0.76078433
0.92941177
0.99215686
0.99607843
0.99607843
0.99607843
1.00000000
1.00000000
1.00000000
1.00000000
1.00000000
1.00000000
0.99607843
1.00000000
0.93333334
0.96470588
0.98823529
0.99607843
0.99607843
0.99215686
0.98431373
0.98823529
0.88235295
0.46666667
0.39607844
0.50196081
0.65882355
0.87450981
0.94901961
0.98431373
0.81568629
0.63921571
0.67058825
0.78823531
0.96470588
0.99607843
0.99607843
1.00000000
1.00000000
1.00000000
1.00000000
1.00000000
1.00000000
1.00000000
0.99607843
1.00000000
0.59607846
0.65490198
0.76078433
0.84313726
0.90980393
0.96470588
0.99215686
0.95686275
0.62745100
0.42745098
0.49803922
0.57647061
0.63529414
0.68627453
0.74901962
0.81176472
0.76470590
0.70588237
0.70196080
0.70196080
0.85882354
0.98039216
0.98431373
0.98823529
0.99607843
1.00000000
1.00000000
1.00000000
1.00000000
1.00000000
0.99607843
1.00000000
0.69019610
0.46274510
0.46666667
0.52156866
0.63529414
0.70196080
0.82352942
0.85490197
0.51372552
0.45098040
0.49803922
0.52549022
0.57254905
0.61176473
0.63529414
0.65490198
0.65882355
0.68627453
0.71372551
0.73333335
0.75294119
0.93725491
1.00000000
1.00000000
0.99215686
0.99607843
1.00000000
1.00000000
1.00000000
1.00000000
0.99607843
1.00000000
0.99215686
0.80784315
0.58823532
0.50196081
0.47058824
0.49411765
0.52156866
0.56862748
0.52941179
0.45490196
0.41960785
0.40000001
0.41176471
0.43921569
0.46666667
0.49019608
0.48627451
0.50980395
0.51372552
0.54117650
0.60392159
0.73333335
0.85098040
0.88235295
0.94901961
0.99215686
0.99607843
1.00000000
1.00000000
1.00000000
0.99607843
1.00000000
1.00000000
0.98823529
0.94509804
0.81568629
0.57254905
0.46666667
0.45098040
0.47450981
0.49411765
0.49803922
0.45490196
0.39215687
0.42352942
0.42352942
0.37254903
0.36862746
0.35294119
0.34117648
0.33333334
0.34117648
0.35686275
0.38039216
0.41960785
0.44705883
0.78431374
0.99607843
0.99215686
1.00000000
1.00000000
1.00000000
0.99607843
1.00000000
1.00000000
0.98823529
0.99215686
0.98431373
0.90588236
0.69411767
0.54901963
0.49411765
0.45098040
0.46666667
0.45882353
0.41176471
0.41960785
0.41960785
0.35686275
0.34117648
0.36078432
0.34509805
0.32549021
0.32941177
0.32941177
0.32941177
0.36078432
0.40392157
0.60784316
0.95294118
0.99607843
0.99215686
0.99607843
1.00000000
0.99607843
1.00000000
1.00000000
0.99215686
0.99215686
0.99215686
0.99607843
0.96078432
0.85882354
0.72941178
0.52549022
0.43529412
0.43921569
0.42745098
0.40000001
0.36470589
0.34117648
0.32941177
0.32941177
0.34901962
0.34509805
0.33333334
0.33333334
0.32941177
0.43137255
0.62352943
0.56862748
0.86274511
1.00000000
0.99215686
0.99607843
1.00000000
0.99607843
1.00000000
1.00000000
0.99607843
1.00000000
0.99607843
0.99215686
0.99215686
0.99215686
0.96470588
0.83137256
0.64313728
0.51764709
0.42352942
0.40000001
0.36470589
0.33333334
0.33333334
0.37647060
0.34901962
0.33725491
0.32156864
0.32549021
0.32941177
0.40000001
0.60000002
0.59215689
0.79215688
0.98823529
0.99215686
0.99607843
1.00000000
0.99607843
1.00000000
1.00000000
0.99607843
1.00000000
1.00000000
0.99607843
0.99607843
0.99215686
0.99215686
0.99215686
0.94117647
0.83921570
0.63529414
0.42745098
0.37647060
0.34509805
0.36078432
0.54901963
0.36862746
0.35686275
0.35294119
0.31764707
0.33333334
0.34901962
0.41960785
0.53333336
0.69019610
0.86666667
0.98823529
0.99215686
1.00000000
0.99607843
1.00000000
1.00000000
0.99607843
1.00000000
1.00000000
1.00000000
1.00000000
1.00000000
1.00000000
0.99607843
0.99607843
0.99607843
0.94117647
0.74901962
0.48627451
0.36470589
0.34901962
0.44705883
0.34509805
0.42352942
0.47058824
0.41568628
0.34901962
0.34901962
0.36078432
0.39607844
0.42352942
0.62745100
0.96862745
0.99215686
0.99607843
0.99607843
1.00000000
1.00000000
0.99607843
1.00000000
1.00000000
1.00000000
1.00000000
1.00000000
0.99607843
1.00000000
0.99607843
0.98823529
0.99215686
0.97254902
0.69019610
0.43529412
0.41176471
0.32549021
0.30588236
0.41568628
0.49019608
0.49411765
0.38039216
0.34901962
0.36862746
0.35686275
0.34901962
0.52156866
0.86274511
1.00000000
0.99215686
0.99607843
1.00000000
1.00000000
0.99607843
1.00000000
1.00000000
1.00000000
1.00000000
1.00000000
1.00000000
0.99607843
0.99607843
0.99607843
0.98823529
0.95686275
0.64705884
0.47058824
0.75294119
0.64313728
0.40392157
0.39215687
0.37647060
0.45098040
0.39215687
0.34901962
0.37647060
0.38431373
0.35294119
0.38039216
0.62352943
0.98039216
0.99607843
0.99607843
1.00000000
1.00000000
0.99607843
1.00000000
1.00000000
1.00000000
1.00000000
1.00000000
1.00000000
0.99607843
0.99607843
0.99215686
1.00000000
0.87058824
0.53333336
0.53725493
0.93333334
0.98039216
0.83529413
0.67843139
0.47450981
0.38039216
0.38039216
0.37647060
0.37254903
0.36470589
0.34509805
0.33333334
0.43529412
0.86274511
1.00000000
0.99215686
1.00000000
1.00000000
0.99607843
1.00000000
1.00000000
1.00000000
1.00000000
1.00000000
1.00000000
0.99607843
0.99607843
0.99215686
0.97647059
0.71764708
0.47450981
0.61568630
0.98039216
0.99607843
0.98823529
0.96862745
0.82745099
0.57254905
0.43137255
0.38431373
0.37254903
0.37254903
0.35294119
0.34509805
0.35294119
0.69019610
1.00000000
0.99215686
1.00000000
1.00000000
0.99607843
1.00000000
1.00000000
1.00000000
1.00000000
1.00000000
1.00000000
1.00000000
0.99607843
0.98823529
0.88627452
0.57254905
0.47058824
0.69019610
1.00000000
0.98823529
0.98823529
0.98823529
0.98823529
0.91764706
0.71764708
0.56862748
0.43529412
0.38039216
0.36078432
0.35686275
0.34117648
0.47450981
0.90588236
0.99607843
1.00000000
1.00000000
0.99607843
1.00000000
1.00000000
1.00000000
1.00000000
1.00000000
0.99607843
0.99607843
0.99215686
0.88627452
0.64313728
0.44313726
0.47450981
0.70588237
0.97647059
0.98431373
0.98823529
0.98823529
0.99215686
0.99607843
0.98039216
0.91372550
0.73725492
0.54901963
0.42352942
0.37254903
0.35294119
0.34509805
0.70196080
0.98823529
1.00000000
1.00000000
0.99607843
1.00000000
1.00000000
1.00000000
1.00000000
1.00000000
0.99607843
0.99607843
0.95294118
0.71764708
0.49803922
0.38431373
0.45490196
0.59607846
0.80784315
0.97254902
0.98823529
0.99607843
0.99607843
0.99607843
0.99607843
0.99607843
0.97254902
0.86666667
0.73333335
0.56078434
0.39215687
0.32549021
0.45490196
0.84705883
1.00000000
1.00000000
0.99607843
1.00000000
1.00000000
1.00000000
1.00000000
1.00000000
0.99607843
1.00000000
0.93725491
0.66274512
0.53725493
0.39215687
0.41568628
0.51372552
0.56862748
0.85882354
0.99215686
0.99215686
0.99215686
0.98823529
0.99607843
0.99607843
0.98823529
0.98823529
0.96470588
0.89019608
0.67450982
0.41176471
0.33333334
0.56470591
0.97254902
1.00000000
0.99607843
1.00000000
1.00000000
1.00000000
1.00000000
1.00000000
1.00000000
1.00000000
0.98431373
0.70980394
0.54117650
0.44313726
0.41176471
0.45098040
0.45098040
0.57647061
0.87450981
0.99607843
0.98823529
0.98823529
0.99607843
0.99607843
0.99607843
0.98823529
0.98823529
0.99607843
0.95294118
0.76470590
0.60000002
0.47058824
0.77647060
1.00000000
0.99607843
1.00000000
1.00000000
1.00000000
1.00000000
1.00000000
1.00000000
1.00000000
1.00000000
0.80392158
0.54117650
0.42352942
0.44705883
0.43137255
0.40784314
0.41568628
0.61176473
0.93333334
0.99607843
0.99215686
1.00000000
1.00000000
0.99607843
1.00000000
1.00000000
0.99215686
0.99607843
0.99215686
0.98039216
0.83921570
0.72156864
1.00000000
0.99607843
1.00000000
1.00000000
1.00000000
1.00000000
1.00000000
1.00000000
1.00000000
1.00000000
0.88235295
0.61176473
0.43529412
0.42745098
0.44705883
0.40000001
0.41568628
0.45490196
0.70588237
0.94901961
0.99607843
0.99607843
0.99607843
1.00000000
1.00000000
1.00000000
1.00000000
0.99607843
0.98823529
0.99215686
0.99607843
0.96862745
1.00000000
0.99607843
1.00000000
1.00000000
1.00000000
1.00000000
1.00000000
1.00000000
0.99607843
1.00000000
0.95686275
0.72156864
0.50980395
0.41568628
0.41960785
0.41960785
0.41176471
0.44313726
0.50196081
0.71764708
0.95686275
0.99607843
0.99607843
1.00000000
1.00000000
1.00000000
1.00000000
1.00000000
0.99607843
0.99215686
0.98823529
1.00000000
1.00000000
0.99607843
1.00000000
1.00000000
1.00000000
1.00000000
1.00000000
1.00000000
0.99607843
0.99607843
0.99215686
0.82352942
0.56470591
0.45098040
0.41960785
0.40784314
0.43137255
0.44313726
0.45490196
0.52156866
0.78823531
0.98823529
0.99607843
1.00000000
1.00000000
1.00000000
1.00000000
1.00000000
1.00000000
0.99607843
0.99215686
1.00000000
1.00000000
0.99607843
1.00000000
1.00000000
1.00000000
1.00000000
1.00000000
1.00000000
1.00000000
0.99607843
1.00000000
0.90980393
0.60784316
0.45882353
0.44705883
0.41568628
0.41176471
0.44705883
0.46666667
0.50980395
0.70980394
0.98039216
0.99607843
1.00000000
1.00000000
1.00000000
1.00000000
1.00000000
1.00000000
1.00000000
0.99607843
1.00000000
1.00000000
0.99607843
1.00000000
1.00000000
1.00000000
1.00000000
1.00000000
1.00000000
1.00000000
1.00000000
1.00000000
0.96078432
0.67843139
0.45098040
0.42352942
0.43137255
0.41176471
0.47058824
0.60000002
0.71372551
0.87450981
0.99215686
0.99607843
1.00000000
1.00000000
1.00000000
1.00000000
1.00000000
1.00000000
1.00000000
0.99607843
1.00000000
1.00000000
0.99607843
1.00000000
1.00000000
1.00000000
1.00000000
1.00000000
1.00000000
1.00000000
1.00000000
0.99607843
0.99215686
0.78039217
0.48235294
0.41568628
0.42745098
0.50196081
0.67843139
0.86274511
0.93725491
0.98823529
0.99607843
0.99607843
1.00000000
1.00000000
1.00000000
1.00000000
1.00000000
1.00000000
1.00000000
0.99607843
1.00000000
1.00000000
0.99607843
1.00000000
1.00000000
1.00000000
1.00000000
1.00000000
1.00000000
1.00000000
1.00000000
0.99607843
1.00000000
0.87843138
0.56078434
0.52156866
0.58431375
0.78823531
0.93725491
0.98823529
0.99215686
0.99607843
1.00000000
1.00000000
1.00000000
1.00000000
1.00000000
1.00000000
1.00000000
1.00000000
1.00000000
0.99607843
1.00000000
1.00000000
0.98823529
0.99215686
0.98823529
0.98823529
0.89019608
0.85882354
0.96862745
0.98823529
0.74117649
0.63137257
0.92941177
0.98823529
0.98039216
0.98039216
0.98431373
0.98823529
0.99215686
0.98823529
0.98823529
0.98431373
0.99215686
0.99215686
0.99215686
0.99215686
0.99215686
0.99215686
0.99215686
0.99215686
0.99215686
0.98823529
1.00000000
1.00000000
1.00000000
1.00000000
1.00000000
1.00000000
0.94901961
0.77254903
0.85490197
1.00000000
0.74117649
0.48235294
0.80784315
1.00000000
0.99607843
0.99607843
0.99607843
1.00000000
1.00000000
1.00000000
0.99215686
0.99607843
1.00000000
1.00000000
1.00000000
1.00000000
1.00000000
1.00000000
1.00000000
1.00000000
1.00000000
1.00000000
1.00000000
1.00000000
0.99215686
0.99607843
0.99607843
0.99215686
0.99607843
0.89411765
0.75294119
0.82745099
0.71764708
0.45490196
0.63529414
0.95686275
0.99215686
0.99215686
0.99215686
0.98823529
0.98039216
0.98431373
0.98039216
0.98431373
0.99607843
0.99607843
0.99607843
0.99607843
0.99607843
0.99607843
0.99607843
0.99607843
0.99607843
0.99607843
1.00000000
1.00000000
0.99607843
0.99607843
0.99607843
1.00000000
1.00000000
0.99607843
0.90980393
0.69803923
0.59607846
0.47450981
0.52549022
0.88627452
1.00000000
0.99215686
0.99607843
0.97254902
0.87450981
0.92549020
0.98431373
0.98823529
1.00000000
1.00000000
1.00000000
1.00000000
1.00000000
1.00000000
1.00000000
1.00000000
1.00000000
0.99607843
1.00000000
1.00000000
0.99607843
1.00000000
0.99607843
0.99607843
0.99215686
0.98823529
0.98823529
0.88235295
0.53333336
0.44705883
0.47843137
0.75686276
0.99607843
0.99607843
1.00000000
0.91764706
0.71372551
0.77647060
0.93333334
0.99215686
0.99607843
0.99607843
0.99607843
1.00000000
1.00000000
1.00000000
1.00000000
1.00000000
1.00000000
0.99607843
1.00000000
0.93333334
0.96470588
0.98823529
0.99607843
0.99607843
0.99607843
0.98431373
0.98823529
0.88235295
0.47058824
0.41176471
0.51764709
0.67058825
0.88235295
0.95686275
0.99215686
0.83921570
0.67058825
0.69411767
0.80784315
0.97254902
0.99607843
0.99607843
1.00000000
1.00000000
1.00000000
1.00000000
1.00000000
1.00000000
1.00000000
0.99607843
1.00000000
0.59607846
0.65490198
0.76078433
0.84705883
0.92156863
0.97647059
1.00000000
0.96470588
0.62745100
0.43529412
0.51764709
0.59607846
0.65882355
0.70980394
0.76862746
0.83529413
0.79607844
0.74117649
0.72549021
0.72549021
0.87450981
0.98431373
0.98823529
0.98823529
0.99607843
1.00000000
1.00000000
1.00000000
1.00000000
1.00000000
0.99607843
1.00000000
0.69019610
0.46274510
0.46666667
0.53333336
0.65490198
0.71764708
0.84313726
0.87058824
0.52156866
0.46274510
0.52156866
0.54901963
0.60000002
0.64313728
0.66666669
0.68627453
0.69019610
0.71372551
0.73725492
0.75294119
0.76862746
0.94509804
1.00000000
1.00000000
0.99215686
0.99607843
1.00000000
1.00000000
1.00000000
1.00000000
0.99607843
1.00000000
0.99215686
0.80784315
0.58823532
0.51372552
0.48627451
0.51372552
0.53725493
0.58823532
0.54509807
0.47450981
0.44705883
0.43137255
0.43921569
0.46274510
0.49019608
0.51372552
0.51372552
0.53333336
0.53333336
0.55686277
0.61568630
0.74117649
0.85882354
0.89019608
0.95294118
0.99215686
0.99607843
1.00000000
1.00000000
1.00000000
0.99607843
1.00000000
1.00000000
0.98823529
0.94509804
0.82352942
0.58431375
0.47843137
0.45882353
0.48627451
0.51372552
0.52156866
0.48627451
0.42745098
0.45098040
0.44705883
0.39607844
0.39215687
0.37647060
0.36470589
0.35294119
0.35294119
0.36470589
0.38823530
0.43137255
0.46666667
0.79607844
0.99607843
0.99215686
1.00000000
1.00000000
1.00000000
0.99607843
1.00000000
1.00000000
0.98823529
0.99215686
0.98823529
0.91372550
0.69803923
0.55294120
0.50196081
0.46666667
0.48627451
0.48627451
0.44313726
0.43921569
0.43921569
0.37647060
0.36078432
0.38431373
0.36862746
0.33725491
0.33333334
0.33333334
0.33333334
0.37647060
0.42745098
0.63137257
0.95686275
0.99607843
0.99215686
0.99607843
1.00000000
0.99607843
1.00000000
1.00000000
0.99215686
0.99215686
0.99607843
0.99607843
0.96470588
0.85882354
0.72941178
0.52941179
0.44313726
0.45490196
0.44705883
0.41960785
0.38431373
0.36078432
0.34509805
0.34901962
0.36862746
0.35294119
0.33333334
0.33333334
0.33333334
0.44705883
0.65098041
0.60000002
0.87058824
1.00000000
0.99215686
0.99607843
1.00000000
0.99607843
1.00000000
1.00000000
0.99607843
1.00000000
0.99607843
0.99215686
0.99215686
0.99215686
0.96470588
0.82352942
0.63921571
0.52156866
0.43529412
0.41568628
0.38039216
0.34509805
0.34901962
0.39215687
0.36470589
0.34509805
0.32156864
0.32549021
0.33333334
0.41568628
0.63137257
0.63137257
0.80392158
0.98823529
0.99215686
0.99607843
1.00000000
0.99607843
1.00000000
1.00000000
0.99607843
1.00000000
1.00000000
0.99607843
0.99607843
0.99215686
0.98823529
0.98039216
0.93725491
0.84705883
0.64705884
0.44313726
0.38823530
0.33725491
0.36078432
0.56470591
0.38039216
0.36862746
0.36470589
0.32941177
0.33725491
0.36470589
0.44313726
0.56078434
0.70588237
0.87450981
0.99607843
0.99607843
1.00000000
0.99607843
1.00000000
1.00000000
0.99607843
1.00000000
1.00000000
1.00000000
1.00000000
1.00000000
0.99607843
0.99215686
0.99607843
1.00000000
0.94901961
0.76470590
0.48627451
0.34117648
0.33725491
0.45882353
0.35294119
0.43921569
0.49411765
0.43137255
0.35686275
0.35686275
0.36862746
0.40784314
0.44313726
0.64705884
0.97647059
0.99607843
0.99607843
0.99607843
1.00000000
1.00000000
0.99607843
1.00000000
1.00000000
1.00000000
1.00000000
1.00000000
0.99607843
1.00000000
0.99607843
0.98823529
0.99215686
0.96862745
0.67058825
0.40784314
0.39607844
0.32549021
0.31372550
0.43137255
0.51372552
0.51372552
0.38823530
0.35686275
0.37647060
0.36862746
0.36862746
0.54117650
0.87450981
1.00000000
0.99607843
0.99607843
1.00000000
1.00000000
0.99607843
1.00000000
1.00000000
1.00000000
1.00000000
1.00000000
1.00000000
1.00000000
1.00000000
0.99607843
0.98823529
0.92941177
0.60000002
0.43921569
0.74117649
0.63921571
0.40784314
0.40000001
0.39607844
0.47058824
0.40000001
0.35686275
0.38431373
0.39607844
0.37254903
0.40392157
0.63921571
0.98431373
0.99607843
0.99607843
1.00000000
1.00000000
0.99607843
1.00000000
1.00000000
1.00000000
1.00000000
1.00000000
1.00000000
1.00000000
0.99607843
0.98823529
0.99215686
0.83137256
0.45882353
0.49411765
0.92156863
0.96862745
0.83529413
0.68235296
0.49019608
0.39607844
0.38823530
0.38431373
0.37647060
0.37647060
0.36862746
0.35294119
0.45098040
0.87058824
1.00000000
0.99215686
1.00000000
1.00000000
0.99607843
1.00000000
1.00000000
1.00000000
1.00000000
1.00000000
1.00000000
1.00000000
0.99607843
0.98431373
0.96470588
0.67450982
0.38039216
0.56862748
0.98039216
0.98431373
0.98431373
0.96862745
0.83529413
0.58039218
0.43921569
0.39215687
0.38039216
0.38039216
0.37647060
0.36862746
0.36862746
0.69803923
1.00000000
0.99215686
1.00000000
1.00000000
0.99607843
1.00000000
1.00000000
1.00000000
1.00000000
1.00000000
1.00000000
1.00000000
0.99215686
0.97647059
0.87450981
0.53725493
0.36470589
0.63529414
1.00000000
0.98039216
0.98039216
0.98431373
0.99215686
0.92156863
0.72549021
0.57647061
0.44313726
0.39215687
0.38431373
0.37647060
0.35686275
0.48235294
0.90980393
0.99607843
1.00000000
1.00000000
0.99607843
1.00000000
1.00000000
1.00000000
1.00000000
1.00000000
0.99607843
0.99607843
0.98823529
0.85098040
0.61176473
0.40392157
0.37647060
0.64313728
0.97254902
0.98039216
0.98431373
0.98823529
0.99215686
0.99215686
0.98039216
0.91764706
0.74117649
0.55294120
0.43921569
0.38823530
0.36862746
0.35294119
0.70588237
0.98823529
1.00000000
1.00000000
0.99607843
1.00000000
1.00000000
1.00000000
1.00000000
1.00000000
0.98823529
0.99607843
0.94901961
0.65490198
0.43137255
0.33333334
0.37254903
0.52549022
0.78431374
0.96862745
0.98823529
0.99607843
0.99215686
0.98823529
0.99607843
0.99607843
0.97254902
0.87058824
0.74117649
0.56862748
0.40000001
0.33333334
0.45490196
0.84705883
1.00000000
1.00000000
0.99607843
1.00000000
1.00000000
1.00000000
1.00000000
1.00000000
0.99215686
1.00000000
0.92549020
0.59215689
0.45882353
0.33725491
0.34509805
0.44313726
0.53333336
0.83921570
0.97647059
0.99215686
0.99607843
0.99215686
0.99607843
0.99607843
0.98823529
0.98823529
0.96862745
0.89411765
0.68235296
0.41960785
0.33725491
0.56470591
0.97254902
1.00000000
0.99607843
1.00000000
1.00000000
1.00000000
1.00000000
1.00000000
0.99607843
0.99607843
0.96862745
0.64705884
0.45490196
0.38039216
0.34509805
0.38039216
0.40392157
0.54509807
0.84705883
0.98039216
0.99607843
0.99607843
0.99607843
0.99607843
0.99607843
0.98823529
0.98823529
0.99607843
0.95686275
0.76862746
0.60392159
0.47058824
0.77647060
1.00000000
0.99607843
1.00000000
1.00000000
1.00000000
1.00000000
1.00000000
1.00000000
0.99607843
0.99215686
0.75686276
0.45490196
0.34901962
0.38039216
0.36470589
0.34901962
0.38039216
0.57647061
0.90196079
0.98823529
0.99607843
1.00000000
1.00000000
0.99607843
1.00000000
1.00000000
0.99215686
0.99215686
0.99215686
0.98039216
0.83921570
0.72156864
1.00000000
0.99607843
1.00000000
1.00000000
1.00000000
1.00000000
1.00000000
1.00000000
0.99215686
0.99215686
0.85490197
0.52941179
0.33725491
0.34509805
0.38431373
0.33725491
0.36078432
0.40784314
0.65882355
0.92156863
0.98823529
0.99607843
0.99607843
1.00000000
1.00000000
0.99215686
0.99607843
0.99215686
0.98431373
0.99215686
0.99607843
0.96862745
1.00000000
0.99607843
1.00000000
1.00000000
1.00000000
1.00000000
1.00000000
1.00000000
0.99215686
0.99215686
0.95294118
0.64705884
0.39215687
0.32156864
0.35294119
0.35686275
0.33725491
0.36862746
0.45098040
0.68235296
0.94117647
0.99607843
0.99607843
1.00000000
1.00000000
0.99215686
0.99215686
0.99215686
0.98823529
0.98823529
0.98823529
1.00000000
1.00000000
0.99607843
1.00000000
1.00000000
1.00000000
1.00000000
1.00000000
1.00000000
0.99215686
0.98823529
0.98823529
0.76862746
0.45098040
0.34509805
0.34509805
0.33725491
0.33725491
0.34901962
0.38431373
0.48235294
0.77254903
0.98823529
0.99607843
1.00000000
1.00000000
0.99607843
0.99215686
0.99215686
0.99215686
0.99607843
0.99215686
1.00000000
1.00000000
0.99607843
1.00000000
1.00000000
1.00000000
1.00000000
1.00000000
1.00000000
0.99607843
0.99215686
0.99215686
0.88235295
0.52549022
0.35294119
0.36078432
0.33725491
0.32549021
0.36078432
0.38823530
0.45490196
0.68235296
0.98039216
0.99607843
1.00000000
1.00000000
1.00000000
1.00000000
1.00000000
1.00000000
1.00000000
0.99607843
1.00000000
1.00000000
0.99607843
1.00000000
1.00000000
1.00000000
1.00000000
1.00000000
1.00000000
1.00000000
0.99215686
0.98823529
0.93725491
0.60392159
0.35294119
0.34901962
0.36078432
0.35294119
0.41960785
0.54117650
0.66274512
0.84705883
0.99215686
0.99607843
1.00000000
1.00000000
1.00000000
1.00000000
1.00000000
1.00000000
1.00000000
0.99607843
1.00000000
1.00000000
0.99607843
1.00000000
1.00000000
1.00000000
1.00000000
1.00000000
1.00000000
1.00000000
0.99607843
0.98431373
0.96862745
0.71372551
0.39607844
0.35686275
0.37254903
0.47058824
0.66666669
0.83921570
0.90980393
0.96862745
0.99607843
0.99607843
1.00000000
1.00000000
1.00000000
1.00000000
1.00000000
1.00000000
1.00000000
0.99607843
1.00000000
1.00000000
0.99607843
1.00000000
1.00000000
1.00000000
1.00000000
1.00000000
1.00000000
1.00000000
0.99607843
0.98431373
0.98431373
0.81960785
0.48235294
0.47058824
0.54901963
0.77254903
0.94117647
0.98431373
0.98823529
0.99215686
1.00000000
1.00000000
1.00000000
1.00000000
1.00000000
1.00000000
1.00000000
1.00000000
1.00000000
0.99607843
1.00000000
-1 1 0 0 0 0 0 0 0 0 0
-1 0 1 0 0 0 0 0 0 0 0
-1 0 0 1 0 0 0 0 0 0 0
-1 0 0 0 1 0 0 0 0 0 0
-1 0 0 0 0 1 0 0 0 0 0
-1 0 0 0 0 0 1 0 0 0 0
-1 0 0 0 0 0 0 1 0 0 0
-1 0 0 0 0 0 0 0 1 0 0
-1 0 0 0 0 0 0 0 0 1 0
