0.22352941
0.30588236
0.38039216
0.35686275
0.27843139
0.32549021
0.43137255
0.42745098
0.37254903
0.35686275
0.39607844
0.44313726
0.46274510
0.46666667
0.51372552
0.54901963
0.52941179
0.49019608
0.53333336
0.53725493
0.49803922
0.45098040
0.46666667
0.47843137
0.44705883
0.42352942
0.45882353
0.49411765
0.51372552
0.41960785
0.26666668
0.26274511
0.28235295
0.40392157
0.37254903
0.37647060
0.32549021
0.34509805
0.43529412
0.41568628
0.41960785
0.43921569
0.49019608
0.49411765
0.49019608
0.50588238
0.57647061
0.57647061
0.60392159
0.53725493
0.56078434
0.58039218
0.54509807
0.50196081
0.51372552
0.49411765
0.45490196
0.46274510
0.49019608
0.53333336
0.53333336
0.37647060
0.19215687
0.12941177
0.32549021
0.40000001
0.46274510
0.41568628
0.30980393
0.35686275
0.40000001
0.46274510
0.47058824
0.47450981
0.45882353
0.48627451
0.46274510
0.46274510
0.49803922
0.49019608
0.53333336
0.53725493
0.54901963
0.52941179
0.54509807
0.58431375
0.54901963
0.50980395
0.52549022
0.56470591
0.59215689
0.56078434
0.45882353
0.31764707
0.25490198
0.06666667
0.45490196
0.45098040
0.45882353
0.41568628
0.40392157
0.40784314
0.40392157
0.40392157
0.39607844
0.33333334
0.28235295
0.36470589
0.34901962
0.45098040
0.47450981
0.45490196
0.43137255
0.43137255
0.44313726
0.43921569
0.46666667
0.52549022
0.49019608
0.45882353
0.45882353
0.52549022
0.51764709
0.41176471
0.22745098
0.18431373
0.18039216
0.05490196
0.61568630
0.60392159
0.55686277
0.52941179
0.54901963
0.47058824
0.32941177
0.29019609
0.28235295
0.20392157
0.22745098
0.23529412
0.25098041
0.51372552
0.60392159
0.58039218
0.52941179
0.49411765
0.46274510
0.43137255
0.43137255
0.44705883
0.47843137
0.48627451
0.47450981
0.45098040
0.36470589
0.26274511
0.12549020
0.12156863
0.09411765
0.12549020
0.59215689
0.64705884
0.64705884
0.63529414
0.60392159
0.36470589
0.16078432
0.16470589
0.18039216
0.23137255
0.23137255
0.16078432
0.16470589
0.27450982
0.41960785
0.54901963
0.61176473
0.65882355
0.64313728
0.60000002
0.59215689
0.50588238
0.46666667
0.47450981
0.45098040
0.37254903
0.25490198
0.18039216
0.10196079
0.05490196
0.09019608
0.14509805
0.45882353
0.56470591
0.68627453
0.69803923
0.62352943
0.29019609
0.16862746
0.20784314
0.14901961
0.16862746
0.21960784
0.25098041
0.16862746
0.13333334
0.18431373
0.32941177
0.57254905
0.70980394
0.69411767
0.67843139
0.62352943
0.53725493
0.46274510
0.42352942
0.37254903
0.29411766
0.21176471
0.15294118
0.13333334
0.18823530
0.20392157
0.16078432
0.44313726
0.36470589
0.56470591
0.71764708
0.61568630
0.25490198
0.11372549
0.18823530
0.18039216
0.13725491
0.16078432
0.19607843
0.22745098
0.18431373
0.15686275
0.18039216
0.36470589
0.58823532
0.59607846
0.58823532
0.56862748
0.52941179
0.50196081
0.45098040
0.38039216
0.27450982
0.19607843
0.18823530
0.18431373
0.31764707
0.33333334
0.24705882
0.50196081
0.40000001
0.39215687
0.65882355
0.64705884
0.30980393
0.17647059
0.16862746
0.23529412
0.15294118
0.13725491
0.12549020
0.19215687
0.25098041
0.18823530
0.15686275
0.17254902
0.34117648
0.52156866
0.56078434
0.56078434
0.54509807
0.51764709
0.46666667
0.38039216
0.26666668
0.21176471
0.16470589
0.14901961
0.29019609
0.34509805
0.27843139
0.49803922
0.50588238
0.36862746
0.42745098
0.62352943
0.37647060
0.24313726
0.18039216
0.23137255
0.21568628
0.17254902
0.16470589
0.19215687
0.18431373
0.23921569
0.21568628
0.12941177
0.14117648
0.27058825
0.41176471
0.50196081
0.50588238
0.47450981
0.41960785
0.33333334
0.23921569
0.20392157
0.18431373
0.22352941
0.25098041
0.26666668
0.26274511
0.36078432
0.42352942
0.36862746
0.30588236
0.40392157
0.32549021
0.18823530
0.24705882
0.21960784
0.27843139
0.26274511
0.20392157
0.23529412
0.18431373
0.13725491
0.21960784
0.21176471
0.14901961
0.13333334
0.21176471
0.32156864
0.41176471
0.41960785
0.38823530
0.31764707
0.27058825
0.27450982
0.30196080
0.30980393
0.25098041
0.21960784
0.24313726
0.60392159
0.38823530
0.45882353
0.49411765
0.26274511
0.18039216
0.18431373
0.24313726
0.18039216
0.19607843
0.25098041
0.21176471
0.24705882
0.20000000
0.10980392
0.11372549
0.15686275
0.23529412
0.20000000
0.13725491
0.15686275
0.23921569
0.36078432
0.35294119
0.31372550
0.45490196
0.55294120
0.46666667
0.36470589
0.26666668
0.24705882
0.25098041
0.70196080
0.46274510
0.44705883
0.60000002
0.43529412
0.16470589
0.20784314
0.19607843
0.13725491
0.14117648
0.18431373
0.20392157
0.21176471
0.17254902
0.14509805
0.13725491
0.12156863
0.14117648
0.23529412
0.21568628
0.14509805
0.16862746
0.28627452
0.33333334
0.40784314
0.52941179
0.68235296
0.68235296
0.52549022
0.27843139
0.22745098
0.24313726
0.65098041
0.52156866
0.43137255
0.58039218
0.58823532
0.31372550
0.18823530
0.21568628
0.14509805
0.15294118
0.17647059
0.23529412
0.18823530
0.16862746
0.18039216
0.20000000
0.19215687
0.15686275
0.14901961
0.24705882
0.28235295
0.14509805
0.17647059
0.28235295
0.45098040
0.51764709
0.61960787
0.68627453
0.62745100
0.38431373
0.23921569
0.28627452
0.51764709
0.56078434
0.45882353
0.50980395
0.53725493
0.31372550
0.08235294
0.16470589
0.21568628
0.18039216
0.19215687
0.21960784
0.23529412
0.21568628
0.23921569
0.21176471
0.20784314
0.23137255
0.16078432
0.12549020
0.24313726
0.19215687
0.10588235
0.16862746
0.32549021
0.47843137
0.45882353
0.48235294
0.61176473
0.45882353
0.27058825
0.30980393
0.32941177
0.38431373
0.34117648
0.32156864
0.28627452
0.23921569
0.11764706
0.08235294
0.16470589
0.21960784
0.24313726
0.22745098
0.24313726
0.23137255
0.24313726
0.24705882
0.25490198
0.28235295
0.22745098
0.14117648
0.11764706
0.23529412
0.18431373
0.11372549
0.20392157
0.39607844
0.40392157
0.38039216
0.48627451
0.34509805
0.18431373
0.22745098
0.32941177
0.35686275
0.24705882
0.16862746
0.29411766
0.38039216
0.24705882
0.07058824
0.15294118
0.25490198
0.28235295
0.20784314
0.25490198
0.23921569
0.18823530
0.24313726
0.24313726
0.25098041
0.28235295
0.21568628
0.11764706
0.14901961
0.25490198
0.13333334
0.10980392
0.17647059
0.21176471
0.25490198
0.26274511
0.21568628
0.21176471
0.38823530
0.33333334
0.36078432
0.27843139
0.20784314
0.44705883
0.48235294
0.39215687
0.17647059
0.18823530
0.25882354
0.30588236
0.21960784
0.24313726
0.24705882
0.16470589
0.15294118
0.14901961
0.15686275
0.22352941
0.25490198
0.17254902
0.11372549
0.16470589
0.18823530
0.11372549
0.14509805
0.18823530
0.15686275
0.15294118
0.14901961
0.24705882
0.38039216
0.38823530
0.33725491
0.36470589
0.27450982
0.44313726
0.49803922
0.46274510
0.41568628
0.25882354
0.24313726
0.28235295
0.22745098
0.21960784
0.19215687
0.18431373
0.15686275
0.13333334
0.15686275
0.18039216
0.18431373
0.18431373
0.15294118
0.10588235
0.18039216
0.16862746
0.11764706
0.16470589
0.13725491
0.14509805
0.21176471
0.27450982
0.27450982
0.31764707
0.29411766
0.30588236
0.25882354
0.40392157
0.46666667
0.45882353
0.48235294
0.32549021
0.22745098
0.23529412
0.23921569
0.18823530
0.17254902
0.16862746
0.12549020
0.12156863
0.15294118
0.18431373
0.16078432
0.15294118
0.14901961
0.12941177
0.13333334
0.17647059
0.14901961
0.13333334
0.13725491
0.10588235
0.16078432
0.32156864
0.31372550
0.27058825
0.26274511
0.30196080
0.29803923
0.45490196
0.54117650
0.49803922
0.53333336
0.41960785
0.26666668
0.27058825
0.26274511
0.20784314
0.18039216
0.15294118
0.13333334
0.12941177
0.13333334
0.16078432
0.13725491
0.14901961
0.14117648
0.15686275
0.12549020
0.14117648
0.20784314
0.12941177
0.11764706
0.16470589
0.19215687
0.32941177
0.47058824
0.30196080
0.21568628
0.26666668
0.32941177
0.37254903
0.57254905
0.59215689
0.66274512
0.53725493
0.30588236
0.27450982
0.24705882
0.21176471
0.21960784
0.18431373
0.17647059
0.14509805
0.14117648
0.14117648
0.15294118
0.12156863
0.11764706
0.14117648
0.12941177
0.11764706
0.16078432
0.16470589
0.11372549
0.17254902
0.19607843
0.30196080
0.50588238
0.31372550
0.30588236
0.27843139
0.35294119
0.30588236
0.45490196
0.61960787
0.72156864
0.56862748
0.29803923
0.26666668
0.27058825
0.21960784
0.21176471
0.20784314
0.17647059
0.18039216
0.22352941
0.21568628
0.20392157
0.18431373
0.16862746
0.14117648
0.15686275
0.12156863
0.12549020
0.21176471
0.19607843
0.11764706
0.18823530
0.26666668
0.50196081
0.32156864
0.41960785
0.44313726
0.38431373
0.34509805
0.38431373
0.61960787
0.72549021
0.47450981
0.26666668
0.27843139
0.23529412
0.20784314
0.18823530
0.18039216
0.19607843
0.24313726
0.20784314
0.20784314
0.25882354
0.21176471
0.16470589
0.14117648
0.15686275
0.12549020
0.11372549
0.17254902
0.22352941
0.22745098
0.32941177
0.30588236
0.52156866
0.43137255
0.44313726
0.50980395
0.46666667
0.43529412
0.38039216
0.54117650
0.73725492
0.41568628
0.25490198
0.29019609
0.29411766
0.27058825
0.26666668
0.22352941
0.27843139
0.30196080
0.20392157
0.26666668
0.29019609
0.20000000
0.17647059
0.17254902
0.21568628
0.17254902
0.10588235
0.14117648
0.17647059
0.20392157
0.23137255
0.23137255
0.50588238
0.51372552
0.50980395
0.51372552
0.49411765
0.48627451
0.38039216
0.34509805
0.56078434
0.34901962
0.28627452
0.32156864
0.27450982
0.28627452
0.28235295
0.26666668
0.28627452
0.30196080
0.29019609
0.25882354
0.22352941
0.13725491
0.13725491
0.15686275
0.20000000
0.12941177
0.10196079
0.12156863
0.17254902
0.20392157
0.22745098
0.31372550
0.56470591
0.52941179
0.56470591
0.59607846
0.55294120
0.50196081
0.39607844
0.25098041
0.41176471
0.30980393
0.32941177
0.36078432
0.24313726
0.19215687
0.24313726
0.30196080
0.28235295
0.22352941
0.20392157
0.22352941
0.23921569
0.15686275
0.18431373
0.18431373
0.15294118
0.10588235
0.12941177
0.13725491
0.14117648
0.30588236
0.49803922
0.55294120
0.60000002
0.44705883
0.51764709
0.58039218
0.51764709
0.43137255
0.32156864
0.33725491
0.49803922
0.32156864
0.37647060
0.37647060
0.23137255
0.10588235
0.10588235
0.18431373
0.27058825
0.24313726
0.17647059
0.19607843
0.22352941
0.19215687
0.21960784
0.23921569
0.21176471
0.12941177
0.18431373
0.18039216
0.14901961
0.36470589
0.63921571
0.61568630
0.61176473
0.40392157
0.48235294
0.48627451
0.42745098
0.43137255
0.29411766
0.44313726
0.58823532
0.35294119
0.39607844
0.32941177
0.21176471
0.20000000
0.20392157
0.16078432
0.15294118
0.21960784
0.21960784
0.20392157
0.19607843
0.16862746
0.17647059
0.20784314
0.18823530
0.17647059
0.22745098
0.19215687
0.21568628
0.40784314
0.47058824
0.50980395
0.62745100
0.50196081
0.50588238
0.45490196
0.34117648
0.32941177
0.30588236
0.38431373
0.39215687
0.28235295
0.31764707
0.26274511
0.27450982
0.32156864
0.29803923
0.22352941
0.20392157
0.25882354
0.23529412
0.23921569
0.20784314
0.15294118
0.18039216
0.18039216
0.17647059
0.22352941
0.23529412
0.32156864
0.47843137
0.44705883
0.30588236
0.34117648
0.53333336
0.43137255
0.37254903
0.35294119
0.33333334
0.25490198
0.25882354
0.30196080
0.29803923
0.30980393
0.28235295
0.29019609
0.34509805
0.38039216
0.40000001
0.38039216
0.33333334
0.34901962
0.32549021
0.29411766
0.27450982
0.19607843
0.21960784
0.24705882
0.21176471
0.21176471
0.25098041
0.48235294
0.54117650
0.41176471
0.32549021
0.32549021
0.41960785
0.47058824
0.42352942
0.38823530
0.41568628
0.32941177
0.45098040
0.51764709
0.50588238
0.50588238
0.52156866
0.53725493
0.57647061
0.57647061
0.56470591
0.58431375
0.56862748
0.56862748
0.53725493
0.41960785
0.34117648
0.27058825
0.26666668
0.24705882
0.20784314
0.23921569
0.41960785
0.60392159
0.53725493
0.47843137
0.48627451
0.42352942
0.45098040
0.11764706
0.22745098
0.30196080
0.25098041
0.14117648
0.17254902
0.25882354
0.24313726
0.19607843
0.18823530
0.21960784
0.25490198
0.26666668
0.28235295
0.33725491
0.38823530
0.38039216
0.34509805
0.38823530
0.39607844
0.36078432
0.32156864
0.33725491
0.34509805
0.31764707
0.29019609
0.32549021
0.36470589
0.38039216
0.29803923
0.16862746
0.18431373
0.14509805
0.29803923
0.27843139
0.26666668
0.19607843
0.21176471
0.29019609
0.27058825
0.26666668
0.29019609
0.34117648
0.32549021
0.30196080
0.32549021
0.41568628
0.43529412
0.48627451
0.42745098
0.45098040
0.46274510
0.42352942
0.38039216
0.39215687
0.38039216
0.34117648
0.34901962
0.37254903
0.40784314
0.41568628
0.28627452
0.12941177
0.07450981
0.15686275
0.25098041
0.30980393
0.25882354
0.16078432
0.20784314
0.25490198
0.32156864
0.31372550
0.32549021
0.34117648
0.36862746
0.32156864
0.30980393
0.35294119
0.34901962
0.40000001
0.40784314
0.42352942
0.40784314
0.42745098
0.47450981
0.43529412
0.39215687
0.40392157
0.44313726
0.47058824
0.43137255
0.35294119
0.25490198
0.21960784
0.03921569
0.25882354
0.26274511
0.25882354
0.19607843
0.16862746
0.18431373
0.20000000
0.21568628
0.22745098
0.20000000
0.20000000
0.29803923
0.25490198
0.30980393
0.30980393
0.29019609
0.26666668
0.27450982
0.29803923
0.30196080
0.33725491
0.41568628
0.36862746
0.32549021
0.32549021
0.39215687
0.38431373
0.28235295
0.13333334
0.14117648
0.15686275
0.02352941
0.42745098
0.38431373
0.33725491
0.30196080
0.28627452
0.25098041
0.16470589
0.16862746
0.17647059
0.13333334
0.19215687
0.19607843
0.16862746
0.36078432
0.41176471
0.38823530
0.35294119
0.34509805
0.32549021
0.29411766
0.29411766
0.31372550
0.34117648
0.34509805
0.34117648
0.32549021
0.23921569
0.14509805
0.05490196
0.09019608
0.05098039
0.06666667
0.43529412
0.44705883
0.41568628
0.40392157
0.40784314
0.22745098
0.08627451
0.12549020
0.13333334
0.18431373
0.21176471
0.13725491
0.10980392
0.16470589
0.28627452
0.39607844
0.43921569
0.48627451
0.49803922
0.45882353
0.45490196
0.37254903
0.33333334
0.34509805
0.33333334
0.26274511
0.14901961
0.08235294
0.03137255
0.00784314
0.03921569
0.07450981
0.33725491
0.40000001
0.46274510
0.45490196
0.42352942
0.16470589
0.10588235
0.16862746
0.10588235
0.13333334
0.19607843
0.22352941
0.12941177
0.07450981
0.11764706
0.23529412
0.43137255
0.53725493
0.53725493
0.52549022
0.47843137
0.39607844
0.32549021
0.29411766
0.25490198
0.19607843
0.12156863
0.07450981
0.06666667
0.12549020
0.13333334
0.08235294
0.32941177
0.21960784
0.36862746
0.48627451
0.40392157
0.13333334
0.05882353
0.14117648
0.12941177
0.09803922
0.12156863
0.15686275
0.18823530
0.16078432
0.13333334
0.13333334
0.26666668
0.44313726
0.42745098
0.42352942
0.40000001
0.36078432
0.33725491
0.29803923
0.25098041
0.16470589
0.09803922
0.11764706
0.12156863
0.24705882
0.25490198
0.16470589
0.38431373
0.28235295
0.23529412
0.43921569
0.43137255
0.19607843
0.13333334
0.13725491
0.18823530
0.10588235
0.08627451
0.07450981
0.14509805
0.21960784
0.16078432
0.12156863
0.11764706
0.24705882
0.37254903
0.38823530
0.38431373
0.37647060
0.35686275
0.31764707
0.25490198
0.16470589
0.12549020
0.10588235
0.09411765
0.21568628
0.25490198
0.18823530
0.36470589
0.41176471
0.25882354
0.23921569
0.41568628
0.25882354
0.18823530
0.13333334
0.18039216
0.16862746
0.12156863
0.11372549
0.14117648
0.14509805
0.20000000
0.17647059
0.09019608
0.09411765
0.17647059
0.28235295
0.34901962
0.35686275
0.33725491
0.29019609
0.21960784
0.14901961
0.13333334
0.12941177
0.16470589
0.17647059
0.18039216
0.16862746
0.21568628
0.33333334
0.29803923
0.18039216
0.25098041
0.23137255
0.13333334
0.18431373
0.16078432
0.23529412
0.21960784
0.15686275
0.19215687
0.14901961
0.10588235
0.19215687
0.18039216
0.11764706
0.09411765
0.14509805
0.22352941
0.29019609
0.29803923
0.26666668
0.21176471
0.17647059
0.19215687
0.23921569
0.24705882
0.18039216
0.13725491
0.16078432
0.43921569
0.28235295
0.39607844
0.40392157
0.15686275
0.10588235
0.13333334
0.18823530
0.12549020
0.14901961
0.20784314
0.16862746
0.20392157
0.17254902
0.09019608
0.09019608
0.13333334
0.21568628
0.18431373
0.11764706
0.10980392
0.16078432
0.25882354
0.23921569
0.21176471
0.36078432
0.46274510
0.39607844
0.29803923
0.19607843
0.17647059
0.18039216
0.52941179
0.32941177
0.36078432
0.50588238
0.34117648
0.09803922
0.16470589
0.16862746
0.09803922
0.09411765
0.14117648
0.15686275
0.16862746
0.14509805
0.12941177
0.11764706
0.10588235
0.12156863
0.21568628
0.20392157
0.12549020
0.11764706
0.20392157
0.23529412
0.30588236
0.43137255
0.58823532
0.60000002
0.45098040
0.20784314
0.16078432
0.17647059
0.52156866
0.39215687
0.32156864
0.47450981
0.48235294
0.23529412
0.14117648
0.19607843
0.12549020
0.11764706
0.14117648
0.19215687
0.14117648
0.13333334
0.15294118
0.17647059
0.17254902
0.14117648
0.12941177
0.23137255
0.27058825
0.12156863
0.13333334
0.21960784
0.36862746
0.42745098
0.53333336
0.60784316
0.55294120
0.30588236
0.16078432
0.20392157
0.43137255
0.45882353
0.36078432
0.42352942
0.45490196
0.24313726
0.02745098
0.12941177
0.19215687
0.15294118
0.16078432
0.17647059
0.18823530
0.17647059
0.20784314
0.18039216
0.18431373
0.21568628
0.14509805
0.10980392
0.22745098
0.17647059
0.08627451
0.12549020
0.25882354
0.40000001
0.38823530
0.41176471
0.54117650
0.38431373
0.18823530
0.21960784
0.27843139
0.31372550
0.26666668
0.25882354
0.23529412
0.18039216
0.05098039
0.02745098
0.13333334
0.19607843
0.21176471
0.18823530
0.20000000
0.19215687
0.21176471
0.21960784
0.23529412
0.26666668
0.21176471
0.12549020
0.10196079
0.21960784
0.16862746
0.07843138
0.14509805
0.32941177
0.34509805
0.32156864
0.42352942
0.27450982
0.10196079
0.14117648
0.29803923
0.29803923
0.17647059
0.10196079
0.23921569
0.29803923
0.15294118
0.00392157
0.12156863
0.23137255
0.25490198
0.16862746
0.21176471
0.20392157
0.15686275
0.21568628
0.22352941
0.23529412
0.26666668
0.20000000
0.10196079
0.12941177
0.24313726
0.11372549
0.06274510
0.11372549
0.16470589
0.20392157
0.20392157
0.14509805
0.13725491
0.30980393
0.29411766
0.30196080
0.19607843
0.11764706
0.35686275
0.37254903
0.27450982
0.09411765
0.14901961
0.23529412
0.28235295
0.18823530
0.19607843
0.20784314
0.13333334
0.12156863
0.12156863
0.13725491
0.20392157
0.23921569
0.15686275
0.09803922
0.16078432
0.18039216
0.07843138
0.09803922
0.14901961
0.10980392
0.09411765
0.08627451
0.18039216
0.31372550
0.31372550
0.27450982
0.28627452
0.17647059
0.32941177
0.36470589
0.32941177
0.29803923
0.18431373
0.21568628
0.27843139
0.20784314
0.16078432
0.14509805
0.14901961
0.11764706
0.09411765
0.12156863
0.15294118
0.16470589
0.16862746
0.14117648
0.10196079
0.18039216
0.14901961
0.08627451
0.12549020
0.09411765
0.10588235
0.17254902
0.21960784
0.20392157
0.22352941
0.23137255
0.24313726
0.18039216
0.30196080
0.34117648
0.32156864
0.34901962
0.22745098
0.18823530
0.23137255
0.22745098
0.14509805
0.12941177
0.13333334
0.08627451
0.08235294
0.11372549
0.14901961
0.13333334
0.13333334
0.13725491
0.11764706
0.12156863
0.16078432
0.12156863
0.09803922
0.09803922
0.06666667
0.11764706
0.23921569
0.20000000
0.17647059
0.19607843
0.24313726
0.23529412
0.37647060
0.42352942
0.35686275
0.38039216
0.29803923
0.20784314
0.25882354
0.26274511
0.18431373
0.14509805
0.11764706
0.09411765
0.09019608
0.09411765
0.12156863
0.10196079
0.11764706
0.12156863
0.13333334
0.10196079
0.12156863
0.18823530
0.10980392
0.08627451
0.13333334
0.15294118
0.23529412
0.32156864
0.21960784
0.14901961
0.19607843
0.25882354
0.30196080
0.45882353
0.44313726
0.49019608
0.39607844
0.23137255
0.25882354
0.25490198
0.21176471
0.19215687
0.14509805
0.13725491
0.10588235
0.10196079
0.09411765
0.10980392
0.08627451
0.09019608
0.10588235
0.09411765
0.09019608
0.14901961
0.15686275
0.08235294
0.15686275
0.18823530
0.23137255
0.36862746
0.23921569
0.24313726
0.20784314
0.28235295
0.24313726
0.36078432
0.46274510
0.53333336
0.42745098
0.22352941
0.23921569
0.27058825
0.21960784
0.19215687
0.18039216
0.14117648
0.13725491
0.17254902
0.16862746
0.15294118
0.13725491
0.13725491
0.11372549
0.11764706
0.09019608
0.10196079
0.19607843
0.17647059
0.09803922
0.17647059
0.20784314
0.35294119
0.23921569
0.34901962
0.38039216
0.31764707
0.28235295
0.31372550
0.47058824
0.53725493
0.35686275
0.20784314
0.24705882
0.22352941
0.20392157
0.18039216
0.16470589
0.16470589
0.19607843
0.15686275
0.18039216
0.21960784
0.16862746
0.13725491
0.11764706
0.12549020
0.09019608
0.07843138
0.13725491
0.20392157
0.21176471
0.31764707
0.24313726
0.34509805
0.34117648
0.36470589
0.43529412
0.38823530
0.36078432
0.31764707
0.41960785
0.58039218
0.31372550
0.19607843
0.25882354
0.28235295
0.26274511
0.25490198
0.20000000
0.24313726
0.25882354
0.17254902
0.26666668
0.27843139
0.17647059
0.14901961
0.14117648
0.18039216
0.13725491
0.07058824
0.10588235
0.13725491
0.18039216
0.23529412
0.16862746
0.30980393
0.41176471
0.41568628
0.42352942
0.39215687
0.39607844
0.32549021
0.25098041
0.43137255
0.25882354
0.23529412
0.29803923
0.25882354
0.26274511
0.26666668
0.23529412
0.23529412
0.26274511
0.27058825
0.25098041
0.21568628
0.12549020
0.10588235
0.12156863
0.16862746
0.09803922
0.07058824
0.09019608
0.14509805
0.14509805
0.15294118
0.20000000
0.37254903
0.41568628
0.45490196
0.49019608
0.43921569
0.40000001
0.34901962
0.17647059
0.29803923
0.23137255
0.29019609
0.34117648
0.21960784
0.15686275
0.21960784
0.26274511
0.22352941
0.19215687
0.19215687
0.18431373
0.21176471
0.13725491
0.15294118
0.14901961
0.12156863
0.07450981
0.09411765
0.10588235
0.13333334
0.20392157
0.30980393
0.36862746
0.42745098
0.33725491
0.40784314
0.46666667
0.41568628
0.36470589
0.26274511
0.27058825
0.41568628
0.25490198
0.33725491
0.34509805
0.20000000
0.07450981
0.07843138
0.14901961
0.23137255
0.21568628
0.15686275
0.15686275
0.17254902
0.14509805
0.19215687
0.21568628
0.18039216
0.10588235
0.15294118
0.13725491
0.11372549
0.24705882
0.42352942
0.39607844
0.42745098
0.30588236
0.38823530
0.38823530
0.33725491
0.35294119
0.19607843
0.35686275
0.49803922
0.27450982
0.34509805
0.29019609
0.19215687
0.18823530
0.18431373
0.12549020
0.10980392
0.16470589
0.16078432
0.15686275
0.13725491
0.10588235
0.14509805
0.18431373
0.16470589
0.16470589
0.20000000
0.12941177
0.10588235
0.27450982
0.32156864
0.33725491
0.43137255
0.40000001
0.41176471
0.36862746
0.26666668
0.25882354
0.22352941
0.30980393
0.31764707
0.21960784
0.27843139
0.23921569
0.27450982
0.33725491
0.30980393
0.21568628
0.16862746
0.19607843
0.16078432
0.16862746
0.14117648
0.09019608
0.12156863
0.14509805
0.15686275
0.19607843
0.18039216
0.22745098
0.30980393
0.30588236
0.22352941
0.23529412
0.36470589
0.30980393
0.26666668
0.26274511
0.25882354
0.20784314
0.20392157
0.22745098
0.21568628
0.23137255
0.21568628
0.22745098
0.28627452
0.32549021
0.35294119
0.32941177
0.26274511
0.25882354
0.22352941
0.20392157
0.20784314
0.13725491
0.15294118
0.19215687
0.17647059
0.15686275
0.15294118
0.33333334
0.36078432
0.27450982
0.25098041
0.25098041
0.30588236
0.32941177
0.29803923
0.27843139
0.32549021
0.25882354
0.36470589
0.39607844
0.35294119
0.34117648
0.36078432
0.36862746
0.38823530
0.38039216
0.38039216
0.40392157
0.38039216
0.37647060
0.35686275
0.29019609
0.24705882
0.18823530
0.17254902
0.15686275
0.12549020
0.13333334
0.26666668
0.41176471
0.36862746
0.34901962
0.38431373
0.34901962
0.39215687
0.02352941
0.13333334
0.20784314
0.16470589
0.03921569
0.06666667
0.15294118
0.13333334
0.06666667
0.04705882
0.08235294
0.12156863
0.13333334
0.14901961
0.20392157
0.24705882
0.23529412
0.20784314
0.27058825
0.27843139
0.23921569
0.19607843
0.20000000
0.20392157
0.17254902
0.14509805
0.18431373
0.21176471
0.21568628
0.14117648
0.06274510
0.11764706
0.04313726
0.18823530
0.17647059
0.16078432
0.07843138
0.08627451
0.16078432
0.13725491
0.11764706
0.14117648
0.20392157
0.19215687
0.16078432
0.18823530
0.28235295
0.30196080
0.35294119
0.30588236
0.35294119
0.36078432
0.30980393
0.25490198
0.26666668
0.25882354
0.21568628
0.22745098
0.25098041
0.27058825
0.27058825
0.16470589
0.06666667
0.04705882
0.01960784
0.11764706
0.18431373
0.14117648
0.03137255
0.07450981
0.11372549
0.16862746
0.15686275
0.18823530
0.22352941
0.24705882
0.17254902
0.14509805
0.19215687
0.20392157
0.27058825
0.28627452
0.30588236
0.28627452
0.30196080
0.34509805
0.30588236
0.26274511
0.27843139
0.31764707
0.34509805
0.29411766
0.22745098
0.17647059
0.18431373
0.03529412
0.09803922
0.10588235
0.11372549
0.05882353
0.03529412
0.05882353
0.07843138
0.09019608
0.09803922
0.09411765
0.11372549
0.20000000
0.12549020
0.14901961
0.14901961
0.14509805
0.13725491
0.14509805
0.15294118
0.15686275
0.20392157
0.28235295
0.24313726
0.20000000
0.19607843
0.25882354
0.25098041
0.15686275
0.05098039
0.10588235
0.13725491
0.01568628
0.27450982
0.23529412
0.18039216
0.12941177
0.10980392
0.12156863
0.08235294
0.08235294
0.09803922
0.06666667
0.13725491
0.13725491
0.10196079
0.27058825
0.30588236
0.27450982
0.23529412
0.22745098
0.20784314
0.17254902
0.17647059
0.19607843
0.23921569
0.24705882
0.22352941
0.19607843
0.12156863
0.06666667
0.01960784
0.07843138
0.03529412
0.03137255
0.28235295
0.29803923
0.25882354
0.22745098
0.22745098
0.11372549
0.02352941
0.05098039
0.06666667
0.14117648
0.16862746
0.09411765
0.06666667
0.13333334
0.20784314
0.27450982
0.34509805
0.44313726
0.44705883
0.39607844
0.37254903
0.27450982
0.23529412
0.24313726
0.21568628
0.14901961
0.05882353
0.01960784
0.00784314
0.00000000
0.01176471
0.03529412
0.18431373
0.25098041
0.29411766
0.26666668
0.26274511
0.07843138
0.07058824
0.11372549
0.05882353
0.10196079
0.15294118
0.18431373
0.10196079
0.06666667
0.05882353
0.12941177
0.35686275
0.51372552
0.49803922
0.46666667
0.39607844
0.29411766
0.21176471
0.16862746
0.12549020
0.08235294
0.03921569
0.01176471
0.01568628
0.07450981
0.07058824
0.01960784
0.18039216
0.09019608
0.19607843
0.27058825
0.24313726
0.05882353
0.04313726
0.09803922
0.08627451
0.06274510
0.06666667
0.10588235
0.15686275
0.12156863
0.09019608
0.08235294
0.20000000
0.34901962
0.30588236
0.29411766
0.27058825
0.22745098
0.19215687
0.13725491
0.09411765
0.03921569
0.01568628
0.03529412
0.03137255
0.14117648
0.14117648
0.05490196
0.24705882
0.16078432
0.09803922
0.23921569
0.24705882
0.09411765
0.09019608
0.07843138
0.12549020
0.05882353
0.04705882
0.04313726
0.11372549
0.17254902
0.12156863
0.08627451
0.06274510
0.15686275
0.23921569
0.23529412
0.21568628
0.20392157
0.18431373
0.14509805
0.09803922
0.03921569
0.03137255
0.03137255
0.01960784
0.10980392
0.13725491
0.07058824
0.23921569
0.29803923
0.16470589
0.10980392
0.24313726
0.14509805
0.12156863
0.06274510
0.10588235
0.10980392
0.09019608
0.09019608
0.10588235
0.10196079
0.16078432
0.13725491
0.05490196
0.05490196
0.09803922
0.16470589
0.18823530
0.18039216
0.16078432
0.12156863
0.07450981
0.03137255
0.03921569
0.05882353
0.09411765
0.09019608
0.07843138
0.05882353
0.09019608
0.22352941
0.21176471
0.08235294
0.13725491
0.14117648
0.06666667
0.10588235
0.07843138
0.16470589
0.15686275
0.10196079
0.13333334
0.09803922
0.06274510
0.14901961
0.13725491
0.07843138
0.04705882
0.07450981
0.11372549
0.14901961
0.13333334
0.10588235
0.06666667
0.05490196
0.09019608
0.14901961
0.15686275
0.08627451
0.03529412
0.05490196
0.27843139
0.17254902
0.30980393
0.29803923
0.08235294
0.05098039
0.07450981
0.11764706
0.06274510
0.09019608
0.13333334
0.09019608
0.13725491
0.11764706
0.04705882
0.04705882
0.09411765
0.17254902
0.14901961
0.07058824
0.04705882
0.06274510
0.12549020
0.08627451
0.07058824
0.23137255
0.34901962
0.29019609
0.19215687
0.09411765
0.06666667
0.07843138
0.35294119
0.20392157
0.25098041
0.38431373
0.25490198
0.05098039
0.11764706
0.10980392
0.05490196
0.05490196
0.07450981
0.08627451
0.10588235
0.09411765
0.08235294
0.07058824
0.06274510
0.07450981
0.16470589
0.15686275
0.07843138
0.05882353
0.09411765
0.09019608
0.16862746
0.30588236
0.47058824
0.48627451
0.33725491
0.09803922
0.05098039
0.07450981
0.34901962
0.23921569
0.18431373
0.34117648
0.36078432
0.16078432
0.10980392
0.13333334
0.06274510
0.08235294
0.09019608
0.13725491
0.08627451
0.07450981
0.09803922
0.12549020
0.12941177
0.09411765
0.08235294
0.18823530
0.22745098
0.07843138
0.07058824
0.11764706
0.25098041
0.30980393
0.42745098
0.52156866
0.45098040
0.18431373
0.03529412
0.08627451
0.30196080
0.31764707
0.21960784
0.29803923
0.33725491
0.16470589
0.01568628
0.09803922
0.13333334
0.10980392
0.11372549
0.12549020
0.13333334
0.11764706
0.14901961
0.12941177
0.13725491
0.17254902
0.10196079
0.07058824
0.18431373
0.13333334
0.04705882
0.07058824
0.17254902
0.29019609
0.27843139
0.32156864
0.44313726
0.26666668
0.07843138
0.11372549
0.19607843
0.18823530
0.14117648
0.15686275
0.14509805
0.09411765
0.03137255
0.02745098
0.09411765
0.14509805
0.15686275
0.12549020
0.13333334
0.13333334
0.15294118
0.16470589
0.18431373
0.22352941
0.16862746
0.08235294
0.05882353
0.17647059
0.13333334
0.05098039
0.09019608
0.24313726
0.23137255
0.21176471
0.32156864
0.18039216
0.02745098
0.06274510
0.22352941
0.17647059
0.07450981
0.03529412
0.14117648
0.17254902
0.09411765
0.00000000
0.07843138
0.16862746
0.18823530
0.09803922
0.14117648
0.13725491
0.09803922
0.16078432
0.17254902
0.19215687
0.22352941
0.15686275
0.05882353
0.09019608
0.20392157
0.08627451
0.03529412
0.06666667
0.07450981
0.10980392
0.12941177
0.08627451
0.07058824
0.21568628
0.21176471
0.17647059
0.09803922
0.05882353
0.23529412
0.21176471
0.15686275
0.04313726
0.09803922
0.16862746
0.21176471
0.11372549
0.12549020
0.14509805
0.07450981
0.07058824
0.07450981
0.09411765
0.16078432
0.19215687
0.11372549
0.05882353
0.11764706
0.14117648
0.06274510
0.06666667
0.09019608
0.04705882
0.04705882
0.03921569
0.10196079
0.20392157
0.21960784
0.17254902
0.18823530
0.08235294
0.18823530
0.20784314
0.17254902
0.15294118
0.09019608
0.14509805
0.19607843
0.13333334
0.10980392
0.09019608
0.09019608
0.07058824
0.05882353
0.08235294
0.10196079
0.11372549
0.12156863
0.10196079
0.05882353
0.13333334
0.11372549
0.05098039
0.09019608
0.05882353
0.05490196
0.09803922
0.11764706
0.09019608
0.12156863
0.14117648
0.15686275
0.08235294
0.15686275
0.17647059
0.14509805
0.17254902
0.10588235
0.10588235
0.14901961
0.15686275
0.09019608
0.07450981
0.07843138
0.04313726
0.04705882
0.07450981
0.10196079
0.08235294
0.09019608
0.09803922
0.08235294
0.07843138
0.11764706
0.08627451
0.06274510
0.07450981
0.03529412
0.05098039
0.13333334
0.07450981
0.05490196
0.10196079
0.15294118
0.13333334
0.24705882
0.26666668
0.17647059
0.19607843
0.15686275
0.10980392
0.18039216
0.19607843
0.11764706
0.08235294
0.06666667
0.05490196
0.05098039
0.05882353
0.07843138
0.05882353
0.07843138
0.08235294
0.09803922
0.06274510
0.07843138
0.14901961
0.07058824
0.05882353
0.10196079
0.09411765
0.13333334
0.18823530
0.09803922
0.06666667
0.09411765
0.13725491
0.20784314
0.33725491
0.28235295
0.31372550
0.24313726
0.12156863
0.18431373
0.18823530
0.13333334
0.12156863
0.09019608
0.09411765
0.06666667
0.06666667
0.05098039
0.07058824
0.05098039
0.05490196
0.07450981
0.05882353
0.05098039
0.10196079
0.11372549
0.03921569
0.10588235
0.12549020
0.13725491
0.23921569
0.14901961
0.15686275
0.10588235
0.16862746
0.14901961
0.24313726
0.31764707
0.37647060
0.27058825
0.10196079
0.16862746
0.21568628
0.15294118
0.12941177
0.12549020
0.09019608
0.08235294
0.11372549
0.11372549
0.09803922
0.08627451
0.10196079
0.08627451
0.08627451
0.05882353
0.06666667
0.15686275
0.12156863
0.04313726
0.12549020
0.12549020
0.21568628
0.14901961
0.25490198
0.27843139
0.21960784
0.16862746
0.17254902
0.32549021
0.37647060
0.20000000
0.09411765
0.18431373
0.17647059
0.14117648
0.12549020
0.11372549
0.10196079
0.11764706
0.07450981
0.11372549
0.15294118
0.10196079
0.09411765
0.09019608
0.09411765
0.05882353
0.05098039
0.10980392
0.15686275
0.15686275
0.27058825
0.16470589
0.19215687
0.22352941
0.24705882
0.32156864
0.28235295
0.24705882
0.18823530
0.27450982
0.40392157
0.16862746
0.12156863
0.20000000
0.21960784
0.18431373
0.19215687
0.14117648
0.16862746
0.18039216
0.10588235
0.22352941
0.23529412
0.12941177
0.10588235
0.10196079
0.14509805
0.10196079
0.03921569
0.07450981
0.10980392
0.12549020
0.16078432
0.08235294
0.17647059
0.28627452
0.29803923
0.32156864
0.29411766
0.27843139
0.21176471
0.14117648
0.29019609
0.14509805
0.17254902
0.23921569
0.19607843
0.19607843
0.20784314
0.16470589
0.15294118
0.18823530
0.21176471
0.20000000
0.17254902
0.08627451
0.06274510
0.07843138
0.12156863
0.05882353
0.02745098
0.05098039
0.10980392
0.07450981
0.06274510
0.10196079
0.23137255
0.29411766
0.35294119
0.40784314
0.35294119
0.27843139
0.25490198
0.11372549
0.21960784
0.15294118
0.22352941
0.27058825
0.16470589
0.12156863
0.17647059
0.18823530
0.13333334
0.11372549
0.13333334
0.10980392
0.15294118
0.09803922
0.10980392
0.10196079
0.07058824
0.02745098
0.04313726
0.05882353
0.07843138
0.10980392
0.20000000
0.24313726
0.26666668
0.22352941
0.30980393
0.38431373
0.30980393
0.24313726
0.21960784
0.18039216
0.29019609
0.16470589
0.25490198
0.27450982
0.14901961
0.04313726
0.05098039
0.10588235
0.16078432
0.12941177
0.07058824
0.07450981
0.10588235
0.09411765
0.13725491
0.15686275
0.12156863
0.04705882
0.09411765
0.09019608
0.04705882
0.14509805
0.29411766
0.25490198
0.26666668
0.20784314
0.28627452
0.28627452
0.20784314
0.22745098
0.15686275
0.23921569
0.34509805
0.17647059
0.25098041
0.20784314
0.12156863
0.12941177
0.15294118
0.10196079
0.06666667
0.09803922
0.08627451
0.09019608
0.08235294
0.05882353
0.09411765
0.12941177
0.10196079
0.08627451
0.12549020
0.06666667
0.03921569
0.16862746
0.18431373
0.20000000
0.30588236
0.30196080
0.30980393
0.25490198
0.14509805
0.16862746
0.18431373
0.23529412
0.21960784
0.14901961
0.20784314
0.16862746
0.20784314
0.27058825
0.25098041
0.16078432
0.10588235
0.12941177
0.09411765
0.10588235
0.08235294
0.03921569
0.07843138
0.09019608
0.09411765
0.12941177
0.10196079
0.13333334
0.20392157
0.17647059
0.08627451
0.12156863
0.26666668
0.18431373
0.14901961
0.14509805
0.16470589
0.15294118
0.14901961
0.16470589
0.13333334
0.14509805
0.13333334
0.14117648
0.20392157
0.23921569
0.25490198
0.22745098
0.16078432
0.15294118
0.12549020
0.12549020
0.12941177
0.06666667
0.09019608
0.12941177
0.11764706
0.10588235
0.07843138
0.21176471
0.23529412
0.15686275
0.14117648
0.15294118
0.22352941
0.13333334
0.12549020
0.13333334
0.20784314
0.16470589
0.23137255
0.25882354
0.19607843
0.16078432
0.18823530
0.20784314
0.23529412
0.22745098
0.24313726
0.27450982
0.25098041
0.24313726
0.22745098
0.17647059
0.13333334
0.07843138
0.07843138
0.08627451
0.07843138
0.09019608
0.19215687
0.27843139
0.22745098
0.23921569
0.28235295
0.23921569
0.27058825
1 0 0 0 0 0 -1 0 0 0 0
0 1 0 0 0 0 -1 0 0 0 0
0 0 1 0 0 0 -1 0 0 0 0
0 0 0 1 0 0 -1 0 0 0 0
0 0 0 0 1 0 -1 0 0 0 0
0 0 0 0 0 1 -1 0 0 0 0
0 0 0 0 0 0 -1 1 0 0 0
0 0 0 0 0 0 -1 0 1 0 0
0 0 0 0 0 0 -1 0 0 1 0
