0.29803923
0.24705882
0.15294118
0.34117648
0.21176471
0.23529412
0.21176471
0.21568628
0.28627452
0.21568628
0.20392157
0.27058825
0.22352941
0.14509805
0.16862746
0.26666668
0.15686275
0.19607843
0.36862746
0.64705884
0.53725493
0.09019608
0.04705882
0.26666668
0.39607844
0.73333335
0.36862746
0.15294118
0.13725491
0.55686277
0.29019609
0.00784314
0.21176471
0.15294118
0.12549020
0.29019609
0.21568628
0.20784314
0.23921569
0.16862746
0.17647059
0.16862746
0.23921569
0.30196080
0.29803923
0.27843139
0.28235295
0.21960784
0.15686275
0.05490196
0.36470589
0.78823531
0.60784316
0.40392157
0.50980395
0.82745099
0.63137257
0.35686275
0.09411765
0.11372549
0.12941177
0.19607843
0.15686275
0.11764706
0.15686275
0.21176471
0.17254902
0.17254902
0.18039216
0.12941177
0.14117648
0.10980392
0.13333334
0.26666668
0.25882354
0.31372550
0.28235295
0.34509805
0.27450982
0.15294118
0.06274510
0.03137255
0.49803922
0.85490197
0.60392159
0.69411767
0.75294119
0.67058825
0.30588236
0.11764706
0.14901961
0.13725491
0.13333334
0.12156863
0.12941177
0.13333334
0.18431373
0.16078432
0.26274511
0.16078432
0.15294118
0.23137255
0.24705882
0.17647059
0.18823530
0.18039216
0.23137255
0.24705882
0.15686275
0.23921569
0.15294118
0.05098039
0.03137255
0.03529412
0.33725491
0.79215688
0.56470591
0.50980395
0.45490196
0.13725491
0.12549020
0.16470589
0.16078432
0.15686275
0.14509805
0.14901961
0.16862746
0.15686275
0.14901961
0.18431373
0.32156864
0.18823530
0.31372550
0.44313726
0.47843137
0.49803922
0.59215689
0.19215687
0.16862746
0.16862746
0.20000000
0.14509805
0.03921569
0.03529412
0.04705882
0.03921569
0.14509805
0.65490198
0.81176472
0.42745098
0.15294118
0.14117648
0.17254902
0.17647059
0.18039216
0.17254902
0.15686275
0.14901961
0.15294118
0.14117648
0.10588235
0.24705882
0.33333334
0.36078432
0.39215687
0.52156866
0.67450982
0.69019610
0.80392158
0.32156864
0.11764706
0.13725491
0.14117648
0.04705882
0.03921569
0.05882353
0.11764706
0.18823530
0.30588236
0.72156864
0.95686275
0.82352942
0.24705882
0.17647059
0.14509805
0.13725491
0.12549020
0.11764706
0.10980392
0.09803922
0.09019608
0.08235294
0.28235295
0.27450982
0.30196080
0.36862746
0.38431373
0.69019610
0.80000001
0.67843139
0.75294119
0.73725492
0.40000001
0.12549020
0.12156863
0.10588235
0.16470589
0.32156864
0.41568628
0.60000002
0.81176472
0.90588236
0.90588236
0.92156863
0.58431375
0.41176471
0.07843138
0.07058824
0.05882353
0.07058824
0.07843138
0.06666667
0.06274510
0.05098039
0.27450982
0.30980393
0.27450982
0.40392157
0.52156866
0.70196080
0.76470590
0.74901962
0.76862746
0.83921570
0.80392158
0.42352942
0.11764706
0.18431373
0.36470589
0.74117649
0.70980394
0.44313726
0.86666667
0.90588236
0.89019608
0.91764706
0.54117650
0.41568628
0.11764706
0.02745098
0.02352941
0.02352941
0.01568628
0.00784314
0.00392157
0.02745098
0.25490198
0.39607844
0.27450982
0.32549021
0.43921569
0.69803923
0.87450981
0.65098041
0.73333335
0.85490197
0.84705883
0.86274511
0.46274510
0.11764706
0.52156866
0.77254903
0.69019610
0.66666669
0.82745099
0.92156863
0.88235295
0.88627452
0.50588238
0.34117648
0.17647059
0.03921569
0.00784314
0.00000000
0.00392157
0.00392157
0.00392157
0.01960784
0.34901962
0.32549021
0.26274511
0.37254903
0.58431375
0.97254902
0.97254902
0.68235296
0.69803923
0.84705883
0.79607844
0.87450981
0.85490197
0.38039216
0.51372552
0.70588237
0.79607844
0.63137257
0.72941178
0.82352942
0.74509805
0.78039217
0.38431373
0.33725491
0.15294118
0.01960784
0.02745098
0.09803922
0.02745098
0.00392157
0.00000000
0.00392157
0.40392157
0.20392157
0.22352941
0.42745098
0.76470590
0.74509805
0.79607844
0.45098040
0.59215689
0.88235295
0.69019610
0.81960785
0.87058824
0.80000001
0.69411767
0.57647061
0.79215688
0.47843137
0.75686276
0.87058824
0.78823531
0.77254903
0.23921569
0.32941177
0.20000000
0.01568628
0.05098039
0.16862746
0.04313726
0.00784314
0.00392157
0.00392157
0.43921569
0.35294119
0.39607844
0.55686277
0.86666667
0.61568630
0.59215689
0.32156864
0.65098041
0.91764706
0.73333335
0.76862746
0.81568629
0.86666667
0.85098040
0.70588237
0.85882354
0.66274512
0.76078433
0.85882354
0.82745099
0.71764708
0.16470589
0.33333334
0.16470589
0.03921569
0.04313726
0.11372549
0.03137255
0.01568628
0.00392157
0.00392157
0.42352942
0.48627451
0.46666667
0.54901963
0.92941177
0.94509804
0.69803923
0.40000001
0.76470590
0.91372550
0.79607844
0.74509805
0.77254903
0.84705883
0.86274511
0.89803922
0.80784315
0.81176472
0.58823532
0.81568629
0.65490198
0.49803922
0.16078432
0.34509805
0.17647059
0.04313726
0.04705882
0.07450981
0.03137255
0.01960784
0.00392157
0.00392157
0.29803923
0.28235295
0.25490198
0.50980395
0.98431373
0.94117647
0.58039218
0.55294120
0.80392158
0.87843138
0.77254903
0.76078433
0.74117649
0.75686276
0.84705883
0.84313726
0.79607844
0.80784315
0.69803923
0.60000002
0.22745098
0.17647059
0.15686275
0.34117648
0.24705882
0.11764706
0.04313726
0.01960784
0.01960784
0.01568628
0.01176471
0.00784314
0.77647060
0.77647060
0.78039217
0.54901963
0.74117649
0.85098040
0.40392157
0.76470590
0.78823531
0.86666667
0.81568629
0.69019610
0.80000001
0.77254903
0.78039217
0.85098040
0.80000001
0.85490197
0.63529414
0.12549020
0.10980392
0.11764706
0.18039216
0.34117648
0.32941177
0.21960784
0.10196079
0.04705882
0.02352941
0.01568628
0.01176471
0.00784314
0.84705883
0.85490197
0.87058824
0.92549020
0.62352943
0.42745098
0.41568628
0.90196079
0.66274512
0.84705883
0.89019608
0.62352943
0.75686276
0.78823531
0.75686276
0.76862746
0.75686276
0.69803923
0.16470589
0.13333334
0.16078432
0.12941177
0.15686275
0.36862746
0.39215687
0.40392157
0.21176471
0.02352941
0.01960784
0.02352941
0.01176471
0.00392157
0.45882353
0.49803922
0.60000002
0.98039216
0.85882354
0.36078432
0.57647061
0.58431375
0.49803922
0.88627452
0.97254902
0.71372551
0.64313728
0.77254903
0.71372551
0.60000002
0.38431373
0.29411766
0.12156863
0.14117648
0.15294118
0.16862746
0.48235294
0.75294119
0.80784315
0.81176472
0.77254903
0.48627451
0.13725491
0.02352941
0.01568628
0.01176471
0.84313726
0.83921570
0.89411765
0.91764706
0.61568630
0.49803922
0.36078432
0.49411765
0.55294120
0.69803923
0.76862746
0.54901963
0.30196080
0.61176473
0.68627453
0.67058825
0.60784316
0.51372552
0.26274511
0.18039216
0.15294118
0.22745098
0.80784315
0.86666667
0.84313726
0.81568629
0.80000001
0.81568629
0.65098041
0.07450981
0.01960784
0.01176471
0.52549022
0.54509807
0.68235296
0.66274512
0.60000002
0.55294120
0.41960785
0.61568630
0.34117648
0.54901963
0.50196081
0.45882353
0.46274510
0.52156866
0.71764708
0.75686276
0.68235296
0.31764707
0.23921569
0.19607843
0.16078432
0.16078432
0.41568628
0.85098040
0.84313726
0.82745099
0.79215688
0.77647060
0.73333335
0.18431373
0.02352941
0.01568628
0.40392157
0.42352942
0.55686277
0.77647060
0.79607844
0.56078434
0.27450982
0.36470589
0.35294119
0.45098040
0.59607846
0.85490197
0.87843138
0.77254903
0.79607844
0.71372551
0.68235296
0.33725491
0.11764706
0.14117648
0.14117648
0.17647059
0.20784314
0.70588237
0.85098040
0.85490197
0.83529413
0.79215688
0.76862746
0.30588236
0.04705882
0.02745098
0.56862748
0.60392159
0.60784316
0.58431375
0.65098041
0.62745100
0.52156866
0.54509807
0.57647061
0.55686277
0.84313726
0.90588236
0.83137256
0.80392158
0.82352942
0.78431374
0.67450982
0.42352942
0.13725491
0.15294118
0.13725491
0.18431373
0.19215687
0.52549022
0.86274511
0.86666667
0.86274511
0.81176472
0.77254903
0.44313726
0.07843138
0.03921569
0.55294120
0.56078434
0.50196081
0.44313726
0.54901963
0.58431375
0.58431375
0.56470591
0.54509807
0.53725493
0.80784315
0.88235295
0.85882354
0.80784315
0.74509805
0.77647060
0.71764708
0.46666667
0.17254902
0.13725491
0.19215687
0.19215687
0.18431373
0.39215687
0.86274511
0.83921570
0.85882354
0.82352942
0.77647060
0.52549022
0.12156863
0.05882353
0.62745100
0.63921571
0.66666669
0.66666669
0.66274512
0.63529414
0.63921571
0.60784316
0.64313728
0.55294120
0.71764708
0.89411765
0.87450981
0.76862746
0.79607844
0.74509805
0.70588237
0.42745098
0.27058825
0.18039216
0.27058825
0.19607843
0.18039216
0.32549021
0.85098040
0.81568629
0.86274511
0.84705883
0.80000001
0.55294120
0.31764707
0.13725491
0.60784316
0.63529414
0.64313728
0.67450982
0.68235296
0.68235296
0.67843139
0.62745100
0.64313728
0.50980395
0.61960787
0.82352942
0.69803923
0.87843138
0.87450981
0.70196080
0.70588237
0.50980395
0.30980393
0.14901961
0.25490198
0.19215687
0.17254902
0.29411766
0.85098040
0.81176472
0.85098040
0.85490197
0.79215688
0.56078434
0.56078434
0.49803922
0.63921571
0.64313728
0.67058825
0.68627453
0.62745100
0.63137257
0.63137257
0.59607846
0.61176473
0.54509807
0.61960787
0.60000002
0.85098040
0.91764706
0.88235295
0.77254903
0.68627453
0.57647061
0.30588236
0.11764706
0.17647059
0.16078432
0.18431373
0.51372552
0.87450981
0.81960785
0.85490197
0.85882354
0.78039217
0.56862748
0.64705884
0.64313728
0.63137257
0.63529414
0.65490198
0.67843139
0.65490198
0.63137257
0.61176473
0.58039218
0.60784316
0.52549022
0.34509805
0.71764708
0.90588236
0.89411765
0.87843138
0.84313726
0.70588237
0.56862748
0.25882354
0.11372549
0.13725491
0.44313726
0.74509805
0.89019608
0.87058824
0.84313726
0.87058824
0.86274511
0.75686276
0.58039218
0.71764708
0.69019610
0.59607846
0.63529414
0.65098041
0.67450982
0.65882355
0.61568630
0.61176473
0.61176473
0.60392159
0.50588238
0.49019608
0.76862746
0.86666667
0.86666667
0.87058824
0.87843138
0.72941178
0.62352943
0.33333334
0.19215687
0.13333334
0.68627453
0.91764706
0.88235295
0.83137256
0.54117650
0.66666669
0.77647060
0.74509805
0.52549022
0.58823532
0.60000002
0.67450982
0.67058825
0.65098041
0.67843139
0.67058825
0.66274512
0.63529414
0.64313728
0.65882355
0.61960787
0.58039218
0.72941178
0.80000001
0.82745099
0.85882354
0.89019608
0.79607844
0.63921571
0.56862748
0.36078432
0.14117648
0.65490198
0.89411765
0.87450981
0.54901963
0.25098041
0.58823532
0.78823531
0.70588237
0.49411765
0.47058824
0.53725493
0.67058825
0.65882355
0.65098041
0.67843139
0.65098041
0.65882355
0.63921571
0.63529414
0.63921571
0.64705884
0.56470591
0.63137257
0.73725492
0.80784315
0.79215688
0.87058824
0.83137256
0.49411765
0.49019608
0.41176471
0.16470589
0.65098041
0.91764706
0.69411767
0.20784314
0.32549021
0.49019608
0.79607844
0.62745100
0.46666667
0.45882353
0.46274510
0.62352943
0.64313728
0.63529414
0.68627453
0.66274512
0.65098041
0.62352943
0.64313728
0.62352943
0.62352943
0.54901963
0.38823530
0.65098041
0.76470590
0.83529413
0.80392158
0.66274512
0.18431373
0.54509807
0.45882353
0.16862746
0.58039218
0.72941178
0.52156866
0.22352941
0.30588236
0.48235294
0.81960785
0.61176473
0.40000001
0.42745098
0.42352942
0.61568630
0.65490198
0.69019610
0.67843139
0.65882355
0.58039218
0.62745100
0.64705884
0.64313728
0.60000002
0.51764709
0.24705882
0.41568628
0.57647061
0.87058824
0.85490197
0.57647061
0.21960784
0.51764709
0.38431373
0.21960784
0.42352942
0.53333336
0.54509807
0.48235294
0.24705882
0.43529412
0.76470590
0.58431375
0.36470589
0.40000001
0.39215687
0.62352943
0.67843139
0.69411767
0.63137257
0.29411766
0.20784314
0.28627452
0.35686275
0.43137255
0.56862748
0.41568628
0.31372550
0.28235295
0.32941177
0.76862746
0.90196079
0.59607846
0.27058825
0.30196080
0.33333334
0.23137255
0.41176471
0.47058824
0.45490196
0.60784316
0.40392157
0.35294119
0.65882355
0.65882355
0.40392157
0.40392157
0.40784314
0.35294119
0.29019609
0.19215687
0.41176471
0.27058825
0.29411766
0.27058825
0.27450982
0.36078432
0.27843139
0.27450982
0.33333334
0.26666668
0.20392157
0.21960784
0.30588236
0.21568628
0.30588236
0.27843139
0.40392157
0.38039216
0.11764706
0.09803922
0.21960784
0.39215687
0.78823531
0.37254903
0.35294119
0.36862746
0.59607846
0.36470589
0.10588235
0.26666668
0.19607843
0.18039216
0.36862746
0.27450982
0.26274511
0.29411766
0.20784314
0.23137255
0.22352941
0.30588236
0.34901962
0.33725491
0.34117648
0.32156864
0.28235295
0.29411766
0.12549020
0.24313726
0.49411765
0.41176471
0.41960785
0.55294120
0.83137256
0.64313728
0.50980395
0.34509805
0.37647060
0.37647060
0.34509805
0.36470589
0.32941177
0.21568628
0.26666668
0.24705882
0.23921569
0.23137255
0.18039216
0.18039216
0.12156863
0.16862746
0.32549021
0.32156864
0.34117648
0.29803923
0.38431373
0.36470589
0.29803923
0.12156863
0.04705882
0.34901962
0.54509807
0.37647060
0.70980394
0.79215688
0.72549021
0.45098040
0.36470589
0.40392157
0.39215687
0.38431373
0.38823530
0.40392157
0.41176471
0.25490198
0.21568628
0.34117648
0.22352941
0.20392157
0.28235295
0.28235295
0.20000000
0.23137255
0.23137255
0.28235295
0.26666668
0.18431373
0.33725491
0.30196080
0.10980392
0.06666667
0.09019608
0.20392157
0.41176471
0.38823530
0.53333336
0.53333336
0.32941177
0.37254903
0.41176471
0.41960785
0.41176471
0.40784314
0.41568628
0.43529412
0.41176471
0.19607843
0.25882354
0.40000001
0.24313726
0.36470589
0.48627451
0.49803922
0.53333336
0.61960787
0.20784314
0.19607843
0.18823530
0.30980393
0.27843139
0.09019608
0.07058824
0.09803922
0.10588235
0.18823530
0.38039216
0.68235296
0.44705883
0.33725491
0.38431373
0.41960785
0.42352942
0.43529412
0.43137255
0.40784314
0.38823530
0.38431373
0.36470589
0.15294118
0.32549021
0.40000001
0.40392157
0.43137255
0.54509807
0.67058825
0.69019610
0.80784315
0.34509805
0.10980392
0.20000000
0.24313726
0.06274510
0.07450981
0.11764706
0.20392157
0.29019609
0.43137255
0.65490198
0.95294118
0.85098040
0.40000001
0.33333334
0.31764707
0.30980393
0.29019609
0.27058825
0.25490198
0.24313726
0.22745098
0.21568628
0.35686275
0.34509805
0.35686275
0.40392157
0.40000001
0.69803923
0.78431374
0.67058825
0.73333335
0.73333335
0.39607844
0.15686275
0.11764706
0.11764706
0.19215687
0.39215687
0.49803922
0.67058825
0.84313726
0.92941177
0.92156863
0.94901961
0.63529414
0.50980395
0.19215687
0.18823530
0.17647059
0.17647059
0.17647059
0.16470589
0.14901961
0.14509805
0.33725491
0.35294119
0.31372550
0.42745098
0.52549022
0.69019610
0.74901962
0.75294119
0.77254903
0.82745099
0.80784315
0.42745098
0.11372549
0.19607843
0.40000001
0.77254903
0.73725492
0.48627451
0.89411765
0.92549020
0.92156863
0.93725491
0.61176473
0.54509807
0.23529412
0.05882353
0.03921569
0.02745098
0.01960784
0.00392157
0.00000000
0.02745098
0.32549021
0.45882353
0.30196080
0.34901962
0.45098040
0.69019610
0.87058824
0.64705884
0.73333335
0.84705883
0.83529413
0.86666667
0.46666667
0.12549020
0.54117650
0.81568629
0.69803923
0.70588237
0.86274511
0.93333334
0.86666667
0.88235295
0.58431375
0.48235294
0.33333334
0.03137255
0.00784314
0.00000000
0.00000000
0.00392157
0.00784314
0.01960784
0.38823530
0.38039216
0.28235295
0.38431373
0.60000002
0.98039216
0.97647059
0.67058825
0.68627453
0.83529413
0.77254903
0.85882354
0.85490197
0.38039216
0.52941179
0.73333335
0.81960785
0.56862748
0.75294119
0.82745099
0.58823532
0.56078434
0.45882353
0.47450981
0.33725491
0.02352941
0.03137255
0.10196079
0.02745098
0.00392157
0.00000000
0.00000000
0.42745098
0.25490198
0.24705882
0.43137255
0.77647060
0.76078433
0.80392158
0.43921569
0.58431375
0.88235295
0.64705884
0.79607844
0.86274511
0.80000001
0.71764708
0.61960787
0.74117649
0.31372550
0.76470590
0.86666667
0.55294120
0.57647061
0.36470589
0.48627451
0.34509805
0.02745098
0.05490196
0.18039216
0.04313726
0.00784314
0.00392157
0.00392157
0.44705883
0.38431373
0.41960785
0.55686277
0.87058824
0.62352943
0.59607846
0.32156864
0.64705884
0.90980393
0.69803923
0.72941178
0.80000001
0.86666667
0.86274511
0.74509805
0.69019610
0.48627451
0.77254903
0.77254903
0.55686277
0.65490198
0.29803923
0.47843137
0.34901962
0.04313726
0.05490196
0.14117648
0.03921569
0.01176471
0.00392157
0.00000000
0.41960785
0.48235294
0.47058824
0.55686277
0.94509804
0.94901961
0.69411767
0.39607844
0.76078433
0.90196079
0.76470590
0.69803923
0.74117649
0.82352942
0.85882354
0.87058824
0.57254905
0.70588237
0.54509807
0.53725493
0.45490196
0.53725493
0.27450982
0.49803922
0.38823530
0.05098039
0.05098039
0.08627451
0.03529412
0.01568628
0.00000000
0.00000000
0.27450982
0.25882354
0.24705882
0.51372552
0.99607843
0.94901961
0.57647061
0.54901963
0.80000001
0.87058824
0.74509805
0.71372551
0.69019610
0.70980394
0.82352942
0.83137256
0.68627453
0.82352942
0.48235294
0.37254903
0.19215687
0.22745098
0.29019609
0.49411765
0.42352942
0.11764706
0.05098039
0.02745098
0.02745098
0.01960784
0.00784314
0.00784314
0.69019610
0.69803923
0.69019610
0.52156866
0.73725492
0.85490197
0.40784314
0.76470590
0.78431374
0.86274511
0.80784315
0.64705884
0.75294119
0.72549021
0.74509805
0.81960785
0.78039217
0.70588237
0.45882353
0.10196079
0.12941177
0.16862746
0.29803923
0.48627451
0.43921569
0.16862746
0.12941177
0.07450981
0.05490196
0.01960784
0.00784314
0.01176471
0.84705883
0.85098040
0.86274511
0.93333334
0.62745100
0.42745098
0.42352942
0.89411765
0.64705884
0.85490197
0.89019608
0.58039218
0.70588237
0.74117649
0.71372551
0.72549021
0.67450982
0.48235294
0.14117648
0.13725491
0.16470589
0.14901961
0.26666668
0.50196081
0.47450981
0.35686275
0.23137255
0.05490196
0.04705882
0.02745098
0.01568628
0.00784314
0.44705883
0.48627451
0.60000002
0.98823529
0.87450981
0.36470589
0.57254905
0.56470591
0.47058824
0.87843138
0.96862745
0.66666669
0.58431375
0.71764708
0.64705884
0.53725493
0.34901962
0.25098041
0.10980392
0.14901961
0.16862746
0.17647059
0.53725493
0.77254903
0.83137256
0.85098040
0.78823531
0.50588238
0.15294118
0.02352941
0.01960784
0.01176471
0.84705883
0.84313726
0.88627452
0.89803922
0.60784316
0.48627451
0.35294119
0.49019608
0.54901963
0.69411767
0.76078433
0.49803922
0.24705882
0.55294120
0.62352943
0.60000002
0.55686277
0.45882353
0.24705882
0.19215687
0.17254902
0.22745098
0.81176472
0.87843138
0.84313726
0.81960785
0.80392158
0.82745099
0.66666669
0.07843138
0.02352941
0.01568628
0.50980395
0.54509807
0.65490198
0.61568630
0.54117650
0.50588238
0.42745098
0.60784316
0.34901962
0.54901963
0.49019608
0.42745098
0.41568628
0.43137255
0.64313728
0.69019610
0.64705884
0.30588236
0.23529412
0.20392157
0.16862746
0.17647059
0.42352942
0.85882354
0.84705883
0.83137256
0.80784315
0.78431374
0.75686276
0.19607843
0.02352941
0.01568628
0.35294119
0.36470589
0.47058824
0.67058825
0.72549021
0.49019608
0.24705882
0.35294119
0.36470589
0.44705883
0.58823532
0.83921570
0.82745099
0.69803923
0.73333335
0.64705884
0.62352943
0.31764707
0.11372549
0.14117648
0.14509805
0.18823530
0.22352941
0.71372551
0.85882354
0.87450981
0.84705883
0.80392158
0.78431374
0.32156864
0.05882353
0.03137255
0.50980395
0.54509807
0.58039218
0.54901963
0.61960787
0.58431375
0.48627451
0.51372552
0.56078434
0.54509807
0.83921570
0.89411765
0.79607844
0.75294119
0.77254903
0.72941178
0.61568630
0.40392157
0.13725491
0.14901961
0.13333334
0.18431373
0.20000000
0.53333336
0.87058824
0.87450981
0.87058824
0.82352942
0.78431374
0.44313726
0.07843138
0.03529412
0.53725493
0.55294120
0.52549022
0.47843137
0.53333336
0.54509807
0.54117650
0.50588238
0.49411765
0.50980395
0.81176472
0.87843138
0.84705883
0.77254903
0.69803923
0.73725492
0.66274512
0.43529412
0.16078432
0.14117648
0.19215687
0.19215687
0.18823530
0.39215687
0.86666667
0.85098040
0.87058824
0.83529413
0.78823531
0.51764709
0.12156863
0.06666667
0.56862748
0.56862748
0.59607846
0.62352943
0.59607846
0.56078434
0.56078434
0.52549022
0.55686277
0.49411765
0.72549021
0.89803922
0.86666667
0.75294119
0.76470590
0.70196080
0.65098041
0.39607844
0.24313726
0.19607843
0.29411766
0.20000000
0.18823530
0.33333334
0.85490197
0.82745099
0.87058824
0.85882354
0.80784315
0.50980395
0.28627452
0.13333334
0.54509807
0.56470591
0.56470591
0.60784316
0.60392159
0.59215689
0.58823532
0.54117650
0.54901963
0.45098040
0.63137257
0.82352942
0.69803923
0.87843138
0.85882354
0.65490198
0.63921571
0.46666667
0.26274511
0.15686275
0.29803923
0.20000000
0.18039216
0.29803923
0.85882354
0.81960785
0.85882354
0.86274511
0.80000001
0.48235294
0.49019608
0.44313726
0.56078434
0.56470591
0.59215689
0.60392159
0.54117650
0.54901963
0.55294120
0.52156866
0.52941179
0.49803922
0.62352943
0.60000002
0.85882354
0.92156863
0.87450981
0.73725492
0.60392159
0.49803922
0.24313726
0.10588235
0.21176471
0.16862746
0.18823530
0.51372552
0.88235295
0.82745099
0.86274511
0.86666667
0.78431374
0.47450981
0.57647061
0.57647061
0.55686277
0.55294120
0.57647061
0.59215689
0.56862748
0.54901963
0.52941179
0.50196081
0.52156866
0.45882353
0.34509805
0.72156864
0.91372550
0.90588236
0.87843138
0.82352942
0.63137257
0.47450981
0.20392157
0.09411765
0.15686275
0.45490196
0.74901962
0.89411765
0.87843138
0.85098040
0.87843138
0.87450981
0.74901962
0.47058824
0.65490198
0.64313728
0.53333336
0.54901963
0.56470591
0.59215689
0.59215689
0.54901963
0.54509807
0.53725493
0.52941179
0.44705883
0.49019608
0.77647060
0.87058824
0.87450981
0.87450981
0.87450981
0.67450982
0.54509807
0.29411766
0.18039216
0.15294118
0.69411767
0.91764706
0.88627452
0.83921570
0.54509807
0.66274512
0.77254903
0.72156864
0.40000001
0.51372552
0.55294120
0.62745100
0.60784316
0.58823532
0.61568630
0.61568630
0.60784316
0.57647061
0.59215689
0.60392159
0.56078434
0.56862748
0.74117649
0.80392158
0.83921570
0.86274511
0.89411765
0.77647060
0.58039218
0.53333336
0.35294119
0.16078432
0.66274512
0.89411765
0.89019608
0.55294120
0.23529412
0.57647061
0.77647060
0.65098041
0.36470589
0.40392157
0.45882353
0.63137257
0.60392159
0.59215689
0.61568630
0.59215689
0.60000002
0.56470591
0.58431375
0.58823532
0.58823532
0.53333336
0.63529414
0.74117649
0.81960785
0.80000001
0.87450981
0.83529413
0.45490196
0.45882353
0.41176471
0.17647059
0.65882355
0.92156863
0.70196080
0.21176471
0.30196080
0.46274510
0.78823531
0.57647061
0.37254903
0.38431373
0.36470589
0.57647061
0.58431375
0.56862748
0.62745100
0.61568630
0.61176473
0.56862748
0.58431375
0.57647061
0.57647061
0.50588238
0.38039216
0.65490198
0.77254903
0.84313726
0.80784315
0.66666669
0.16862746
0.52156866
0.45882353
0.17254902
0.58431375
0.72941178
0.49803922
0.23137255
0.29411766
0.44313726
0.80784315
0.58431375
0.34509805
0.34117648
0.34509805
0.56862748
0.60392159
0.64313728
0.63137257
0.61176473
0.54509807
0.57254905
0.58823532
0.58823532
0.54509807
0.47450981
0.24313726
0.42352942
0.58039218
0.87843138
0.85882354
0.57254905
0.20784314
0.49019608
0.38039216
0.22745098
0.40784314
0.49803922
0.50588238
0.47058824
0.25490198
0.40392157
0.75294119
0.55686277
0.30980393
0.33333334
0.32941177
0.59215689
0.63529414
0.65490198
0.59607846
0.30588236
0.23529412
0.30588236
0.34901962
0.41176471
0.53333336
0.39607844
0.31372550
0.28235295
0.32941177
0.77647060
0.90588236
0.60000002
0.28627452
0.30588236
0.32549021
0.23137255
0.37647060
0.40784314
0.41176471
0.58039218
0.41568628
0.32549021
0.63529414
0.63529414
0.36078432
0.36078432
0.35686275
0.23529412
0.20000000
0.13725491
0.27843139
0.19607843
0.19215687
0.17647059
0.19607843
0.23137255
0.16078432
0.16862746
0.20784314
0.16078432
0.14117648
0.16470589
0.23529412
0.17647059
0.27450982
0.20392157
0.28235295
0.27450982
0.10980392
0.10588235
0.20784314
0.36078432
0.77647060
0.36470589
0.31764707
0.34117648
0.55294120
0.34117648
0.10588235
0.16862746
0.12549020
0.11764706
0.22745098
0.18431373
0.20000000
0.20392157
0.14901961
0.17254902
0.14901961
0.19215687
0.20784314
0.21568628
0.21568628
0.20000000
0.19607843
0.25490198
0.12549020
0.19215687
0.38039216
0.29803923
0.40784314
0.54901963
0.81176472
0.63921571
0.49411765
0.31372550
0.35294119
0.34509805
0.30196080
0.33333334
0.30980393
0.12549020
0.18039216
0.15294118
0.16078432
0.14901961
0.12549020
0.11764706
0.09411765
0.12156863
0.20000000
0.18823530
0.21568628
0.20784314
0.23529412
0.25098041
0.25098041
0.11372549
0.04705882
0.30196080
0.43137255
0.29803923
0.70588237
0.77254903
0.71372551
0.43921569
0.33333334
0.37254903
0.36862746
0.36862746
0.35686275
0.37647060
0.37647060
0.16078432
0.14117648
0.21568628
0.15294118
0.13333334
0.20000000
0.19607843
0.15686275
0.16470589
0.14901961
0.16862746
0.17647059
0.10980392
0.22745098
0.25490198
0.10588235
0.06666667
0.08627451
0.16078432
0.31764707
0.31764707
0.52549022
0.50980395
0.30980393
0.33725491
0.38039216
0.39215687
0.38431373
0.37254903
0.38823530
0.40784314
0.38823530
0.13333334
0.15686275
0.25490198
0.14901961
0.23529412
0.38823530
0.42352942
0.49019608
0.58823532
0.19215687
0.11764706
0.12156863
0.24313726
0.22352941
0.09019608
0.07450981
0.09803922
0.10588235
0.16470589
0.28627452
0.63137257
0.44313726
0.29803923
0.35686275
0.39607844
0.39607844
0.40784314
0.40392157
0.37647060
0.36078432
0.35686275
0.34117648
0.10196079
0.21568628
0.26274511
0.29411766
0.28627452
0.45882353
0.61960787
0.65098041
0.76862746
0.30196080
0.08235294
0.15294118
0.20784314
0.07058824
0.07058824
0.11372549
0.18823530
0.27058825
0.43921569
0.62352943
0.96862745
0.85490197
0.37254903
0.31372550
0.29019609
0.28235295
0.26666668
0.24705882
0.23137255
0.22352941
0.21176471
0.20000000
0.23529412
0.22745098
0.24705882
0.27843139
0.30588236
0.63529414
0.72549021
0.61568630
0.67843139
0.66666669
0.36078432
0.11764706
0.09019608
0.09411765
0.16078432
0.37647060
0.47058824
0.65490198
0.85098040
0.93333334
0.93725491
0.95686275
0.62745100
0.48627451
0.17647059
0.16862746
0.16078432
0.16078432
0.15686275
0.14509805
0.13333334
0.12941177
0.20392157
0.25490198
0.23921569
0.32549021
0.46274510
0.61960787
0.67843139
0.71764708
0.75294119
0.75686276
0.74509805
0.38431373
0.09019608
0.14509805
0.34901962
0.75686276
0.70588237
0.48627451
0.89803922
0.92156863
0.92941177
0.94509804
0.58431375
0.52156866
0.27450982
0.05490196
0.04705882
0.03921569
0.02745098
0.00784314
0.00392157
0.02352941
0.19607843
0.28627452
0.22352941
0.26666668
0.39607844
0.64705884
0.83137256
0.60784316
0.72156864
0.78823531
0.76470590
0.82352942
0.42745098
0.08627451
0.51372552
0.78823531
0.68235296
0.68627453
0.85490197
0.92941177
0.83921570
0.85098040
0.56470591
0.47450981
0.39215687
0.03921569
0.01568628
0.00392157
0.00784314
0.00392157
0.00392157
0.01960784
0.25882354
0.21568628
0.20392157
0.30980393
0.55686277
0.96078432
0.96470588
0.63137257
0.65882355
0.78431374
0.69411767
0.80784315
0.80000001
0.34509805
0.50588238
0.72549021
0.81176472
0.55686277
0.74901962
0.83529413
0.51372552
0.46666667
0.41960785
0.47450981
0.40000001
0.03529412
0.04313726
0.10980392
0.03529412
0.00392157
0.00000000
0.00392157
0.31764707
0.16470589
0.18823530
0.35294119
0.73725492
0.72549021
0.78039217
0.39607844
0.54509807
0.83921570
0.56862748
0.71372551
0.80784315
0.74509805
0.67843139
0.61176473
0.69803923
0.26274511
0.74901962
0.85098040
0.43137255
0.47843137
0.32941177
0.47058824
0.41568628
0.03529412
0.06274510
0.18431373
0.05098039
0.00784314
0.00392157
0.00392157
0.34901962
0.29019609
0.31372550
0.45882353
0.83921570
0.59215689
0.57254905
0.28627452
0.60784316
0.85882354
0.62352943
0.64313728
0.73333335
0.80000001
0.81176472
0.72941178
0.60784316
0.38431373
0.75686276
0.71764708
0.40784314
0.60784316
0.26274511
0.47058824
0.42745098
0.05882353
0.06666667
0.14509805
0.04313726
0.00784314
0.00392157
0.00392157
0.29803923
0.35686275
0.33725491
0.45490196
0.92941177
0.93333334
0.67450982
0.37647060
0.72549021
0.84313726
0.69803923
0.60000002
0.64705884
0.74117649
0.79607844
0.82745099
0.43529412
0.63921571
0.51764709
0.41568628
0.35294119
0.50980395
0.21960784
0.49019608
0.49411765
0.07450981
0.06666667
0.09803922
0.04313726
0.01568628
0.00784314
0.00784314
0.21176471
0.18823530
0.17647059
0.47450981
0.98823529
0.93725491
0.55294120
0.53725493
0.76470590
0.81568629
0.68627453
0.61568630
0.58823532
0.60784316
0.74117649
0.75686276
0.61568630
0.78431374
0.36862746
0.26666668
0.16470589
0.20000000
0.23921569
0.49803922
0.50980395
0.10196079
0.06274510
0.05490196
0.04705882
0.02745098
0.02352941
0.01960784
0.58823532
0.59215689
0.56862748
0.47450981
0.72941178
0.83529413
0.37647060
0.74117649
0.74117649
0.80784315
0.75294119
0.56078434
0.65882355
0.62745100
0.64705884
0.74117649
0.71372551
0.60000002
0.35686275
0.09019608
0.10588235
0.14117648
0.25882354
0.49411765
0.50588238
0.12549020
0.14509805
0.11764706
0.08235294
0.03529412
0.03137255
0.02352941
0.80784315
0.81960785
0.83529413
0.91764706
0.58823532
0.39607844
0.38823530
0.85490197
0.58823532
0.80000001
0.84705883
0.50196081
0.62352943
0.64705884
0.60784316
0.63137257
0.58039218
0.38039216
0.11764706
0.11764706
0.15294118
0.14117648
0.23137255
0.49803922
0.52941179
0.32549021
0.23529412
0.10196079
0.09411765
0.03921569
0.02745098
0.02745098
0.28235295
0.30196080
0.45490196
0.97647059
0.86274511
0.32941177
0.52549022
0.50196081
0.35294119
0.82352942
0.95294118
0.58431375
0.47058824
0.60392159
0.55294120
0.44313726
0.27058825
0.20784314
0.09411765
0.14509805
0.17254902
0.16862746
0.49803922
0.75686276
0.79607844
0.83529413
0.76862746
0.51372552
0.16862746
0.03529412
0.03137255
0.03529412
0.81568629
0.81568629
0.85882354
0.87843138
0.56862748
0.42352942
0.29411766
0.45098040
0.52156866
0.66666669
0.72549021
0.43137255
0.18431373
0.47450981
0.52156866
0.51372552
0.47058824
0.37647060
0.20000000
0.16470589
0.16862746
0.21960784
0.77254903
0.85882354
0.81176472
0.78823531
0.76470590
0.79607844
0.64313728
0.07843138
0.03921569
0.02745098
0.40784314
0.42745098
0.58039218
0.56470591
0.47058824
0.41960785
0.36078432
0.55686277
0.25098041
0.49803922
0.45098040
0.36078432
0.35294119
0.33725491
0.53333336
0.58039218
0.54901963
0.25490198
0.20000000
0.18431373
0.16470589
0.16470589
0.40392157
0.82352942
0.81960785
0.80000001
0.78823531
0.75686276
0.72156864
0.18039216
0.03137255
0.01960784
0.26666668
0.28235295
0.38431373
0.61176473
0.66666669
0.41960785
0.20000000
0.29803923
0.24705882
0.38823530
0.54509807
0.78823531
0.72549021
0.57647061
0.63921571
0.55686277
0.52549022
0.28627452
0.09411765
0.13333334
0.14901961
0.17254902
0.20392157
0.68235296
0.82352942
0.84313726
0.82352942
0.78039217
0.75294119
0.29411766
0.05098039
0.01960784
0.41568628
0.45882353
0.46274510
0.40392157
0.48235294
0.45490196
0.36078432
0.36470589
0.38039216
0.41176471
0.78823531
0.85882354
0.70588237
0.64313728
0.67450982
0.63137257
0.50980395
0.35686275
0.12156863
0.14509805
0.13333334
0.16470589
0.17647059
0.50588238
0.83529413
0.85098040
0.84705883
0.79607844
0.74901962
0.39607844
0.05882353
0.01960784
0.41568628
0.41568628
0.35686275
0.29019609
0.36862746
0.38823530
0.37254903
0.35686275
0.34117648
0.40000001
0.76078433
0.85098040
0.78431374
0.69019610
0.60392159
0.63529414
0.56078434
0.37254903
0.14117648
0.13725491
0.18431373
0.17254902
0.17254902
0.37254903
0.83921570
0.82352942
0.84705883
0.80784315
0.74901962
0.45882353
0.09019608
0.05490196
0.47058824
0.47058824
0.50588238
0.51372552
0.48235294
0.44705883
0.43529412
0.39607844
0.42352942
0.39607844
0.67843139
0.87843138
0.83529413
0.69019610
0.69019610
0.60000002
0.54901963
0.32941177
0.20392157
0.17647059
0.27450982
0.18039216
0.16470589
0.30980393
0.83137256
0.80000001
0.84705883
0.83137256
0.76862746
0.43529412
0.21568628
0.10588235
0.43137255
0.44705883
0.47058824
0.51372552
0.49803922
0.50588238
0.49019608
0.44705883
0.45098040
0.37647060
0.58823532
0.79607844
0.67058825
0.84313726
0.80392158
0.55686277
0.53725493
0.38823530
0.20784314
0.13333334
0.28627452
0.18431373
0.15686275
0.27450982
0.82745099
0.79215688
0.83921570
0.83921570
0.76470590
0.38823530
0.39215687
0.36470589
0.45490196
0.45490196
0.48627451
0.50588238
0.43137255
0.43137255
0.43137255
0.41568628
0.43137255
0.41960785
0.58823532
0.57647061
0.83529413
0.90588236
0.84313726
0.65098041
0.49803922
0.40784314
0.19215687
0.08627451
0.20392157
0.14901961
0.16078432
0.48627451
0.85098040
0.79607844
0.84313726
0.84705883
0.74901962
0.37254903
0.48235294
0.49019608
0.46274510
0.45882353
0.46274510
0.46666667
0.47450981
0.47058824
0.45098040
0.39607844
0.42352942
0.38431373
0.32156864
0.70196080
0.89411765
0.88235295
0.85882354
0.76078433
0.51764709
0.36862746
0.15294118
0.07843138
0.14509805
0.42745098
0.71764708
0.86666667
0.84313726
0.81176472
0.83921570
0.83529413
0.70196080
0.35294119
0.56470591
0.57254905
0.45098040
0.46666667
0.47058824
0.49411765
0.49411765
0.46274510
0.46666667
0.45098040
0.44705883
0.35686275
0.45490196
0.74901962
0.85098040
0.84705883
0.85098040
0.83921570
0.57254905
0.43921569
0.24705882
0.15686275
0.13333334
0.67450982
0.89411765
0.86274511
0.80392158
0.50196081
0.60392159
0.71372551
0.66274512
0.27843139
0.42745098
0.48235294
0.57647061
0.52941179
0.49019608
0.51764709
0.52941179
0.54901963
0.50980395
0.50980395
0.53333336
0.49019608
0.52156866
0.70980394
0.77647060
0.80000001
0.83137256
0.87843138
0.70980394
0.47450981
0.48235294
0.32941177
0.14117648
0.64705884
0.87843138
0.86274511
0.52549022
0.18823530
0.50980395
0.71764708
0.57647061
0.25490198
0.32549021
0.36862746
0.59215689
0.52941179
0.49019608
0.52941179
0.52549022
0.53333336
0.49803922
0.50980395
0.53333336
0.53725493
0.49019608
0.60784316
0.70980394
0.77254903
0.75686276
0.84705883
0.78823531
0.37254903
0.40392157
0.37254903
0.15294118
0.64313728
0.89803922
0.66274512
0.18431373
0.25490198
0.40000001
0.73725492
0.50980395
0.27843139
0.29411766
0.26666668
0.53333336
0.50980395
0.48627451
0.56078434
0.55294120
0.52549022
0.48627451
0.52941179
0.52941179
0.52941179
0.46666667
0.35686275
0.62352943
0.73333335
0.80000001
0.76862746
0.61960787
0.12549020
0.45882353
0.41568628
0.14901961
0.55686277
0.68235296
0.45490196
0.19607843
0.25882354
0.38431373
0.76078433
0.53333336
0.26666668
0.24313726
0.23529412
0.51372552
0.53725493
0.57254905
0.54901963
0.51372552
0.45490196
0.46666667
0.50980395
0.52156866
0.49019608
0.42745098
0.21960784
0.39215687
0.54901963
0.85882354
0.83137256
0.52941179
0.16862746
0.43529412
0.34901962
0.20000000
0.36862746
0.44705883
0.46666667
0.43529412
0.22745098
0.34901962
0.70588237
0.50588238
0.23921569
0.25098041
0.23529412
0.54117650
0.56470591
0.57254905
0.51764709
0.26666668
0.21960784
0.28235295
0.30980393
0.36470589
0.48627451
0.34901962
0.28627452
0.25098041
0.30588236
0.76470590
0.87843138
0.57254905
0.27450982
0.28235295
0.29411766
0.20784314
0.33333334
0.35686275
0.36078432
0.53725493
0.39215687
0.27450982
0.58823532
0.58823532
0.30196080
0.29803923
0.29019609
1 0 0 0 0 0 0 -1 0 0 0
0 1 0 0 0 0 0 -1 0 0 0
0 0 1 0 0 0 0 -1 0 0 0
0 0 0 1 0 0 0 -1 0 0 0
0 0 0 0 1 0 0 -1 0 0 0
0 0 0 0 0 1 0 -1 0 0 0
0 0 0 0 0 0 1 -1 0 0 0
0 0 0 0 0 0 0 -1 1 0 0
0 0 0 0 0 0 0 -1 0 1 0
