0.55686277
0.55686277
0.56078434
0.56078434
0.55686277
0.55686277
0.58823532
0.73333335
0.92549020
0.97647059
0.89411765
0.85490197
0.85490197
0.88235295
0.91372550
0.89803922
0.84313726
0.83529413
0.89019608
0.93725491
0.94509804
0.92549020
0.91372550
0.93333334
0.94901961
0.96078432
0.96862745
0.97647059
0.98431373
1.00000000
1.00000000
0.95686275
0.54117650
0.53725493
0.53725493
0.53725493
0.53725493
0.54117650
0.64313728
0.80000001
0.87058824
0.90980393
0.80784315
0.73333335
0.72156864
0.77647060
0.78823531
0.75294119
0.74117649
0.73725492
0.79607844
0.85882354
0.86666667
0.87058824
0.88627452
0.90588236
0.91764706
0.93333334
0.94509804
0.94901961
0.96862745
0.98431373
0.96470588
0.92549020
0.48627451
0.47843137
0.47843137
0.47450981
0.47450981
0.48627451
0.56862748
0.71764708
0.76862746
0.76862746
0.76470590
0.74117649
0.71372551
0.71764708
0.69803923
0.69803923
0.71764708
0.72156864
0.73333335
0.76470590
0.79607844
0.83137256
0.86274511
0.88627452
0.89803922
0.91372550
0.92156863
0.92941177
0.94901961
0.96078432
0.92941177
0.90588236
0.45098040
0.44313726
0.45098040
0.45490196
0.45882353
0.48627451
0.68627453
0.82745099
0.83137256
0.77254903
0.72941178
0.72549021
0.72941178
0.71372551
0.67058825
0.67058825
0.70196080
0.72156864
0.73333335
0.75686276
0.77254903
0.79215688
0.81176472
0.83921570
0.87058824
0.89803922
0.90588236
0.91372550
0.92156863
0.93725491
0.91372550
0.92549020
0.46666667
0.46666667
0.48235294
0.48235294
0.52156866
0.61568630
0.77647060
0.88627452
0.87450981
0.84313726
0.81568629
0.78431374
0.77254903
0.75294119
0.70588237
0.69019610
0.70196080
0.71372551
0.72941178
0.75294119
0.75686276
0.76470590
0.78823531
0.81568629
0.84705883
0.88235295
0.90588236
0.89803922
0.91372550
0.97254902
0.95686275
0.95686275
0.52549022
0.52549022
0.54509807
0.56470591
0.65490198
0.82352942
0.88235295
0.89411765
0.87058824
0.84313726
0.82745099
0.79215688
0.75294119
0.72941178
0.69803923
0.69019610
0.68235296
0.68235296
0.69803923
0.72156864
0.72941178
0.73725492
0.76078433
0.79215688
0.82745099
0.87058824
0.90980393
0.89411765
0.93725491
0.98039216
0.96470588
0.96470588
0.60784316
0.65882355
0.72156864
0.74509805
0.80000001
0.88627452
0.89803922
0.89019608
0.84313726
0.81568629
0.80000001
0.76470590
0.72941178
0.70196080
0.68235296
0.67450982
0.66274512
0.66274512
0.67058825
0.69019610
0.70980394
0.72156864
0.73333335
0.75686276
0.78823531
0.83137256
0.87058824
0.88627452
0.90196079
0.92156863
0.93725491
0.93333334
0.70588237
0.80784315
0.82745099
0.80392158
0.84705883
0.86666667
0.87843138
0.85490197
0.85098040
0.84705883
0.81176472
0.75686276
0.71764708
0.69803923
0.68235296
0.67450982
0.65490198
0.64705884
0.65490198
0.66274512
0.67450982
0.69411767
0.70980394
0.72941178
0.74901962
0.77254903
0.81176472
0.85882354
0.87058824
0.89019608
0.89019608
0.88235295
0.85098040
0.83529413
0.77647060
0.78039217
0.82352942
0.84705883
0.86666667
0.84705883
0.84705883
0.85882354
0.81568629
0.73725492
0.70196080
0.69411767
0.69019610
0.68235296
0.65882355
0.63921571
0.63921571
0.65490198
0.61568630
0.60000002
0.67450982
0.68627453
0.70196080
0.70980394
0.74509805
0.80392158
0.84313726
0.82745099
0.76078433
0.78823531
0.88627452
0.85098040
0.78431374
0.77254903
0.80000001
0.79215688
0.78823531
0.77254903
0.76078433
0.75686276
0.74117649
0.72156864
0.72156864
0.70588237
0.68627453
0.67450982
0.65490198
0.63921571
0.63529414
0.65490198
0.59215689
0.58431375
0.67843139
0.67450982
0.64313728
0.63921571
0.68235296
0.72156864
0.74117649
0.70588237
0.66666669
0.69803923
0.83137256
0.82352942
0.80784315
0.78039217
0.78039217
0.75294119
0.72941178
0.71372551
0.69019610
0.67450982
0.68627453
0.70196080
0.70588237
0.70588237
0.69019610
0.66666669
0.65098041
0.62745100
0.60392159
0.60000002
0.56078434
0.61960787
0.78039217
0.79215688
0.69803923
0.69019610
0.68627453
0.64705884
0.65882355
0.65098041
0.63529414
0.65098041
0.79215688
0.79215688
0.82352942
0.80392158
0.78431374
0.73725492
0.69803923
0.69019610
0.67450982
0.65490198
0.67843139
0.68235296
0.67843139
0.69019610
0.68235296
0.65882355
0.63921571
0.61568630
0.59215689
0.60392159
0.54509807
0.56470591
0.78431374
0.83137256
0.76862746
0.77647060
0.83529413
0.77254903
0.69019610
0.64705884
0.62745100
0.69019610
0.81176472
0.86274511
0.82352942
0.78431374
0.78431374
0.75294119
0.72156864
0.70980394
0.74117649
0.73725492
0.70980394
0.70980394
0.72941178
0.69803923
0.64313728
0.62745100
0.61176473
0.60392159
0.63137257
0.66274512
0.62352943
0.63137257
0.71372551
0.75294119
0.72156864
0.73333335
0.88235295
0.91764706
0.88627452
0.81568629
0.81176472
0.89411765
0.73725492
0.73333335
0.73333335
0.73725492
0.76862746
0.77254903
0.72941178
0.70196080
0.75294119
0.80392158
0.80392158
0.81568629
0.80784315
0.74509805
0.67450982
0.64705884
0.64313728
0.61960787
0.61176473
0.61960787
0.58431375
0.56862748
0.62352943
0.66274512
0.63921571
0.64313728
0.78823531
0.89803922
0.89803922
0.90196079
0.92941177
0.94117647
0.69411767
0.63137257
0.64313728
0.66274512
0.69411767
0.72156864
0.72156864
0.71764708
0.73725492
0.75294119
0.76078433
0.78039217
0.75686276
0.70588237
0.66274512
0.65098041
0.65098041
0.61568630
0.59215689
0.58823532
0.53333336
0.45490196
0.57254905
0.61960787
0.59607846
0.64705884
0.75294119
0.79607844
0.81176472
0.80784315
0.80784315
0.80784315
0.66666669
0.63137257
0.63529414
0.63529414
0.65490198
0.69019610
0.72941178
0.72941178
0.70588237
0.68235296
0.68235296
0.67450982
0.63137257
0.60000002
0.63529414
0.63529414
0.62352943
0.64705884
0.62745100
0.60000002
0.50980395
0.44313726
0.51764709
0.55294120
0.46666667
0.42352942
0.63137257
0.65882355
0.66274512
0.65882355
0.65098041
0.63529414
0.68627453
0.66274512
0.65882355
0.63921571
0.60784316
0.59215689
0.63529414
0.66666669
0.63529414
0.59607846
0.58039218
0.57254905
0.54509807
0.51764709
0.54117650
0.57647061
0.59607846
0.61568630
0.60784316
0.59215689
0.47058824
0.40392157
0.42352942
0.43921569
0.40784314
0.33333334
0.45490196
0.47058824
0.47058824
0.48235294
0.48627451
0.49019608
0.70196080
0.67450982
0.63137257
0.63137257
0.61568630
0.58039218
0.58039218
0.58431375
0.57647061
0.55294120
0.54117650
0.52941179
0.51764709
0.49411765
0.47450981
0.46666667
0.43921569
0.40784314
0.40392157
0.39607844
0.34117648
0.29019609
0.30588236
0.35686275
0.37647060
0.34117648
0.40392157
0.39607844
0.39215687
0.39607844
0.39215687
0.39607844
0.63529414
0.62352943
0.61568630
0.61176473
0.63137257
0.63137257
0.60784316
0.58823532
0.58039218
0.57254905
0.56078434
0.55686277
0.55686277
0.55686277
0.56078434
0.54509807
0.49019608
0.45098040
0.43529412
0.44313726
0.34509805
0.29803923
0.42352942
0.44313726
0.40784314
0.34509805
0.44313726
0.47450981
0.47843137
0.48627451
0.47450981
0.47843137
0.58823532
0.59607846
0.62352943
0.63137257
0.67450982
0.68627453
0.63137257
0.56862748
0.54509807
0.55294120
0.56078434
0.55686277
0.54509807
0.54117650
0.54117650
0.51764709
0.51764709
0.53725493
0.52549022
0.51372552
0.43921569
0.36862746
0.49803922
0.52156866
0.43529412
0.38431373
0.53725493
0.56470591
0.57647061
0.62745100
0.61960787
0.59607846
0.56862748
0.55686277
0.56078434
0.56862748
0.57647061
0.58431375
0.57254905
0.51764709
0.50588238
0.52549022
0.52156866
0.52549022
0.52156866
0.50980395
0.50196081
0.47843137
0.48627451
0.50588238
0.51764709
0.50196081
0.41568628
0.30588236
0.39607844
0.46274510
0.41176471
0.33725491
0.53725493
0.61960787
0.65490198
0.67058825
0.63529414
0.59607846
0.52941179
0.51764709
0.52156866
0.52549022
0.51372552
0.50196081
0.49411765
0.48627451
0.48235294
0.49019608
0.50196081
0.50588238
0.50588238
0.50588238
0.50196081
0.50588238
0.51764709
0.52156866
0.51372552
0.50196081
0.42745098
0.35294119
0.40784314
0.44313726
0.41568628
0.32941177
0.46274510
0.49803922
0.52549022
0.51764709
0.48627451
0.46666667
0.53333336
0.53333336
0.54117650
0.53333336
0.52156866
0.52941179
0.53333336
0.53333336
0.52941179
0.54117650
0.53725493
0.54509807
0.54509807
0.52941179
0.52156866
0.51372552
0.51372552
0.52156866
0.50196081
0.49019608
0.47450981
0.44705883
0.45882353
0.45490196
0.43529412
0.32941177
0.42352942
0.41176471
0.45098040
0.45490196
0.44705883
0.45098040
0.52549022
0.52549022
0.52941179
0.52941179
0.52156866
0.52941179
0.52549022
0.51764709
0.51372552
0.51764709
0.50980395
0.49803922
0.48627451
0.48235294
0.46274510
0.45882353
0.46274510
0.46274510
0.45098040
0.45490196
0.44313726
0.42352942
0.45882353
0.44313726
0.41176471
0.33725491
0.43921569
0.41960785
0.45882353
0.47450981
0.46274510
0.46666667
0.39607844
0.40392157
0.40392157
0.40392157
0.40392157
0.40784314
0.40000001
0.38823530
0.38431373
0.40000001
0.38823530
0.36862746
0.37254903
0.37647060
0.36470589
0.40784314
0.40392157
0.39215687
0.36470589
0.37254903
0.37647060
0.36470589
0.37254903
0.36078432
0.34509805
0.30196080
0.38039216
0.34117648
0.34117648
0.35294119
0.33725491
0.33333334
0.28235295
0.28235295
0.28235295
0.28235295
0.28235295
0.29411766
0.30588236
0.30980393
0.30980393
0.30196080
0.29411766
0.29019609
0.30196080
0.31764707
0.30196080
0.29803923
0.32549021
0.31764707
0.28627452
0.30588236
0.34117648
0.31764707
0.32156864
0.32941177
0.30588236
0.28627452
0.34509805
0.31764707
0.30980393
0.28235295
0.25882354
0.25490198
0.27058825
0.27450982
0.28627452
0.30196080
0.29803923
0.28235295
0.26666668
0.27450982
0.28235295
0.26274511
0.26274511
0.28235295
0.30196080
0.31764707
0.26274511
0.20784314
0.22745098
0.21960784
0.16862746
0.20784314
0.22352941
0.21568628
0.22745098
0.28235295
0.32549021
0.23529412
0.27450982
0.24313726
0.24705882
0.25882354
0.29019609
0.31372550
0.30980393
0.30980393
0.31372550
0.32156864
0.32156864
0.32549021
0.32156864
0.32549021
0.33333334
0.32941177
0.32941177
0.33725491
0.34509805
0.36078432
0.36078432
0.27058825
0.23137255
0.23921569
0.17647059
0.13725491
0.16078432
0.16862746
0.16862746
0.19215687
0.19215687
0.16078432
0.15686275
0.13333334
0.17254902
0.25098041
0.36470589
0.42352942
0.31764707
0.31372550
0.32549021
0.32549021
0.33333334
0.35294119
0.35686275
0.35294119
0.35686275
0.36470589
0.36078432
0.35294119
0.35686275
0.35294119
0.35294119
0.33333334
0.27843139
0.24705882
0.21960784
0.27450982
0.29803923
0.28235295
0.26274511
0.27450982
0.31764707
0.34901962
0.33725491
0.30196080
0.25490198
0.29411766
0.38039216
0.40392157
0.29803923
0.29803923
0.30196080
0.30196080
0.31372550
0.31764707
0.32941177
0.32941177
0.32549021
0.32549021
0.33333334
0.34901962
0.35294119
0.33725491
0.32941177
0.34901962
0.30196080
0.25098041
0.26666668
0.28627452
0.27843139
0.26274511
0.25882354
0.27450982
0.30588236
0.33333334
0.33333334
0.30588236
0.18039216
0.17254902
0.37254903
0.42352942
0.30588236
0.30980393
0.29803923
0.29803923
0.30588236
0.31372550
0.31764707
0.32156864
0.32156864
0.31372550
0.32549021
0.35686275
0.35294119
0.34509805
0.33725491
0.29803923
0.27450982
0.23921569
0.23529412
0.23921569
0.23137255
0.22352941
0.23529412
0.25098041
0.25490198
0.26274511
0.27058825
0.29019609
0.29411766
0.32549021
0.43529412
0.46666667
0.34901962
0.35686275
0.35686275
0.36078432
0.36862746
0.36862746
0.36862746
0.36862746
0.37647060
0.38431373
0.38431373
0.38823530
0.38039216
0.37647060
0.37254903
0.35294119
0.34901962
0.36078432
0.36078432
0.35294119
0.34509805
0.33725491
0.35294119
0.37254903
0.36862746
0.35686275
0.37647060
0.39215687
0.41960785
0.44313726
0.45098040
0.44313726
0.69803923
0.69803923
0.70196080
0.70196080
0.70588237
0.70980394
0.71764708
0.81568629
0.96470588
0.98039216
0.88627452
0.85098040
0.85490197
0.88235295
0.91372550
0.89803922
0.85098040
0.84313726
0.89411765
0.93333334
0.93725491
0.90980393
0.90980393
0.93725491
0.94901961
0.96078432
0.96862745
0.97647059
0.98431373
1.00000000
1.00000000
0.95686275
0.69411767
0.69019610
0.69411767
0.69411767
0.69411767
0.69411767
0.75686276
0.85882354
0.88235295
0.90588236
0.81176472
0.75294119
0.74509805
0.79607844
0.80784315
0.77647060
0.76470590
0.76078433
0.81176472
0.86274511
0.86666667
0.86666667
0.88235295
0.90588236
0.91764706
0.93333334
0.94509804
0.94901961
0.96862745
0.98431373
0.96470588
0.92549020
0.67843139
0.67058825
0.67058825
0.67058825
0.67058825
0.67450982
0.70196080
0.78431374
0.79607844
0.78823531
0.79607844
0.77647060
0.75294119
0.75294119
0.73725492
0.73333335
0.75294119
0.74901962
0.76078433
0.78039217
0.80392158
0.83529413
0.85882354
0.88627452
0.89803922
0.91372550
0.92156863
0.92941177
0.94901961
0.96078432
0.92941177
0.90588236
0.65882355
0.65490198
0.65882355
0.66274512
0.66666669
0.67843139
0.81176472
0.88235295
0.84705883
0.79215688
0.75686276
0.75686276
0.76470590
0.75294119
0.71372551
0.72156864
0.74509805
0.75294119
0.76470590
0.77647060
0.78823531
0.80000001
0.81960785
0.85098040
0.87843138
0.89803922
0.90588236
0.90980393
0.92156863
0.93725491
0.91372550
0.92549020
0.67450982
0.66666669
0.67450982
0.67843139
0.69803923
0.73333335
0.83529413
0.89411765
0.87058824
0.85098040
0.83921570
0.80392158
0.79607844
0.78431374
0.74901962
0.73725492
0.74509805
0.74901962
0.76078433
0.78039217
0.77254903
0.78039217
0.80392158
0.83529413
0.86274511
0.88627452
0.90588236
0.89019608
0.91372550
0.97254902
0.95686275
0.95686275
0.70588237
0.69411767
0.69803923
0.70588237
0.76470590
0.85098040
0.87058824
0.87843138
0.86274511
0.85490197
0.84705883
0.81568629
0.78039217
0.76078433
0.74117649
0.73725492
0.73333335
0.72941178
0.74117649
0.75294119
0.75686276
0.75686276
0.77647060
0.81176472
0.84313726
0.87450981
0.90588236
0.89019608
0.93333334
0.98039216
0.96470588
0.96470588
0.72941178
0.76078433
0.80000001
0.80000001
0.83529413
0.87843138
0.88235295
0.88235295
0.84705883
0.82745099
0.81568629
0.78823531
0.75294119
0.73333335
0.72549021
0.72549021
0.71764708
0.71764708
0.72156864
0.73333335
0.74509805
0.75294119
0.75686276
0.77647060
0.80392158
0.83529413
0.87058824
0.87843138
0.89803922
0.91764706
0.93725491
0.93333334
0.76862746
0.85490197
0.85882354
0.81960785
0.85098040
0.86274511
0.87450981
0.85882354
0.85490197
0.84705883
0.82352942
0.78431374
0.74509805
0.72941178
0.71764708
0.71372551
0.70980394
0.70980394
0.70980394
0.70980394
0.71372551
0.72549021
0.73725492
0.75294119
0.76470590
0.77647060
0.81176472
0.85098040
0.87058824
0.89411765
0.90196079
0.89019608
0.87058824
0.85490197
0.79607844
0.80000001
0.83921570
0.85882354
0.87058824
0.85490197
0.85490197
0.85882354
0.82745099
0.77254903
0.73725492
0.72156864
0.71764708
0.70980394
0.70588237
0.70196080
0.69411767
0.70196080
0.65098041
0.62745100
0.70980394
0.72156864
0.72941178
0.73333335
0.75686276
0.81176472
0.85098040
0.84313726
0.78823531
0.80392158
0.90588236
0.87058824
0.80392158
0.79215688
0.81960785
0.81568629
0.81176472
0.79607844
0.78039217
0.77647060
0.76470590
0.75686276
0.75294119
0.73333335
0.71372551
0.70196080
0.69411767
0.69019610
0.67843139
0.69019610
0.61960787
0.60784316
0.70980394
0.70980394
0.67843139
0.67450982
0.71372551
0.74901962
0.75686276
0.72941178
0.69803923
0.71764708
0.85098040
0.84313726
0.82745099
0.80000001
0.80784315
0.79607844
0.77647060
0.75686276
0.73333335
0.71764708
0.72549021
0.73725492
0.73725492
0.73725492
0.71764708
0.69411767
0.67843139
0.66274512
0.63529414
0.62745100
0.58039218
0.63529414
0.78431374
0.80000001
0.70588237
0.70588237
0.70980394
0.67450982
0.67843139
0.67843139
0.67450982
0.68235296
0.81176472
0.81176472
0.84313726
0.82352942
0.81176472
0.78431374
0.75294119
0.74509805
0.72549021
0.70588237
0.72156864
0.71764708
0.70980394
0.72156864
0.71372551
0.69019610
0.67058825
0.65098041
0.62352943
0.62745100
0.56470591
0.58039218
0.77254903
0.80784315
0.75294119
0.77254903
0.83529413
0.77647060
0.70980394
0.67843139
0.67058825
0.72549021
0.83529413
0.89411765
0.85098040
0.80784315
0.80784315
0.78039217
0.75294119
0.74117649
0.76862746
0.76862746
0.73725492
0.73333335
0.75686276
0.72941178
0.68235296
0.67450982
0.65882355
0.65490198
0.67450982
0.69803923
0.65490198
0.65490198
0.73333335
0.76470590
0.72549021
0.72941178
0.87843138
0.91372550
0.89019608
0.82352942
0.82352942
0.90588236
0.76862746
0.76470590
0.76862746
0.77254903
0.80392158
0.80000001
0.75686276
0.72941178
0.77647060
0.83137256
0.82352942
0.81568629
0.81176472
0.75686276
0.69019610
0.67058825
0.67843139
0.66274512
0.65098041
0.65098041
0.61176473
0.58823532
0.64705884
0.68627453
0.65882355
0.65490198
0.79215688
0.89411765
0.89019608
0.89019608
0.92156863
0.93333334
0.74117649
0.67450982
0.68235296
0.70588237
0.73333335
0.75294119
0.74509805
0.74509805
0.76470590
0.78039217
0.77647060
0.78039217
0.76078433
0.71764708
0.68235296
0.67843139
0.68235296
0.65098041
0.61960787
0.61176473
0.54901963
0.46666667
0.60000002
0.65490198
0.62745100
0.66666669
0.76470590
0.80392158
0.81568629
0.80784315
0.80784315
0.80392158
0.71764708
0.67843139
0.68235296
0.68627453
0.70588237
0.72549021
0.75686276
0.75686276
0.73333335
0.71372551
0.70980394
0.70196080
0.65882355
0.63921571
0.67843139
0.68235296
0.66274512
0.67450982
0.65098041
0.61568630
0.52156866
0.44705883
0.55294120
0.60000002
0.50588238
0.45490196
0.65882355
0.68235296
0.69803923
0.69411767
0.68235296
0.66666669
0.71764708
0.69803923
0.70196080
0.69411767
0.66666669
0.65490198
0.68627453
0.69803923
0.67058825
0.64313728
0.64313728
0.63921571
0.61176473
0.58039218
0.60784316
0.64313728
0.65490198
0.65882355
0.64705884
0.63529414
0.51372552
0.45098040
0.50196081
0.52156866
0.47450981
0.39607844
0.52941179
0.55294120
0.55686277
0.56862748
0.57254905
0.57647061
0.73333335
0.70980394
0.67450982
0.68235296
0.67450982
0.64313728
0.63137257
0.62745100
0.62352943
0.61176473
0.61176473
0.60000002
0.58823532
0.56078434
0.54117650
0.52941179
0.52549022
0.51372552
0.50196081
0.48235294
0.41568628
0.36078432
0.39607844
0.45490196
0.45490196
0.41960785
0.49411765
0.50196081
0.49019608
0.49019608
0.49019608
0.49411765
0.69019610
0.67058825
0.66666669
0.66274512
0.67843139
0.67058825
0.65098041
0.64705884
0.64705884
0.63921571
0.63137257
0.63529414
0.63529414
0.63137257
0.63529414
0.61568630
0.58823532
0.57254905
0.54509807
0.53725493
0.41960785
0.36078432
0.50196081
0.52156866
0.46666667
0.40000001
0.50980395
0.55686277
0.56078434
0.56078434
0.54901963
0.55686277
0.66274512
0.65882355
0.67450982
0.67843139
0.70588237
0.70196080
0.66666669
0.63529414
0.62352943
0.62352943
0.63529414
0.63921571
0.62745100
0.61960787
0.61568630
0.59215689
0.57647061
0.58431375
0.57254905
0.55686277
0.48235294
0.40784314
0.54117650
0.55294120
0.45098040
0.39607844
0.56078434
0.60000002
0.61176473
0.66274512
0.65490198
0.63137257
0.65098041
0.63137257
0.63529414
0.63921571
0.64313728
0.65490198
0.65098041
0.61176473
0.60784316
0.62352943
0.61568630
0.61568630
0.60392159
0.59607846
0.58823532
0.56078434
0.55294120
0.54901963
0.55294120
0.53333336
0.45098040
0.34117648
0.45882353
0.52549022
0.44313726
0.34901962
0.54901963
0.63529414
0.65882355
0.67450982
0.64705884
0.61568630
0.61568630
0.60392159
0.61176473
0.61176473
0.60392159
0.59215689
0.58431375
0.57647061
0.57254905
0.58431375
0.59215689
0.58823532
0.58431375
0.58431375
0.58039218
0.58431375
0.59607846
0.58823532
0.57254905
0.54901963
0.46666667
0.40000001
0.47450981
0.50980395
0.46274510
0.36470589
0.50196081
0.54509807
0.58431375
0.58823532
0.57254905
0.56862748
0.63137257
0.62745100
0.63529414
0.63137257
0.61568630
0.60784316
0.60784316
0.60784316
0.60784316
0.61568630
0.61568630
0.62352943
0.62352943
0.60784316
0.60000002
0.59215689
0.59607846
0.61176473
0.58431375
0.56078434
0.53725493
0.50980395
0.51764709
0.50196081
0.47843137
0.38431373
0.50196081
0.50588238
0.54117650
0.54901963
0.55294120
0.56470591
0.62745100
0.62352943
0.63137257
0.63137257
0.62352943
0.62745100
0.61960787
0.61176473
0.61176473
0.61176473
0.60784316
0.60000002
0.59215689
0.58431375
0.56470591
0.56470591
0.56862748
0.57254905
0.55294120
0.54901963
0.53333336
0.50980395
0.53333336
0.50588238
0.47450981
0.40392157
0.52549022
0.52156866
0.56078434
0.57254905
0.55686277
0.56078434
0.52941179
0.53725493
0.54117650
0.53725493
0.53333336
0.52549022
0.51764709
0.50588238
0.50196081
0.51372552
0.51372552
0.50980395
0.50588238
0.49803922
0.47843137
0.51372552
0.51764709
0.51372552
0.48235294
0.47843137
0.47058824
0.44705883
0.46274510
0.44705883
0.41568628
0.36470589
0.44705883
0.42352942
0.43921569
0.46666667
0.46274510
0.45882353
0.43921569
0.43921569
0.44313726
0.44313726
0.43529412
0.43137255
0.43529412
0.43921569
0.43921569
0.43137255
0.43529412
0.43921569
0.43921569
0.42745098
0.39215687
0.37254903
0.40784314
0.41176471
0.38431373
0.39607844
0.40784314
0.36078432
0.37647060
0.38823530
0.34901962
0.32549021
0.39607844
0.37647060
0.35686275
0.34901962
0.36078432
0.37647060
0.38823530
0.39607844
0.40784314
0.42352942
0.41568628
0.40000001
0.38431373
0.39215687
0.40000001
0.38039216
0.38039216
0.39215687
0.40000001
0.40000001
0.32941177
0.26274511
0.26666668
0.25098041
0.20784314
0.24705882
0.24313726
0.21176471
0.22745098
0.28627452
0.31764707
0.23137255
0.29019609
0.27450982
0.26274511
0.28627452
0.35686275
0.40000001
0.41568628
0.41568628
0.41960785
0.42745098
0.42745098
0.42352942
0.41960785
0.42352942
0.42745098
0.42352942
0.42745098
0.43137255
0.43137255
0.43921569
0.43137255
0.34117648
0.28235295
0.28627452
0.24313726
0.20784314
0.21568628
0.20392157
0.21176471
0.22745098
0.20392157
0.15294118
0.15686275
0.14117648
0.17647059
0.26666668
0.41960785
0.49803922
0.43137255
0.42745098
0.43529412
0.43529412
0.43921569
0.43137255
0.43137255
0.42745098
0.43137255
0.43921569
0.44313726
0.45098040
0.45490196
0.44705883
0.44705883
0.42745098
0.37254903
0.35686275
0.34117648
0.40392157
0.42745098
0.39215687
0.38431373
0.38431373
0.38431373
0.38039216
0.35294119
0.31764707
0.27058825
0.32941177
0.44313726
0.48235294
0.44313726
0.43921569
0.43137255
0.42745098
0.43529412
0.43529412
0.44313726
0.44313726
0.43921569
0.43921569
0.44313726
0.44705883
0.44705883
0.43529412
0.42745098
0.44705883
0.41176471
0.37254903
0.38823530
0.40784314
0.40392157
0.38039216
0.37254903
0.38039216
0.39607844
0.40784314
0.39607844
0.36078432
0.24313726
0.23921569
0.43921569
0.49019608
0.50196081
0.49803922
0.47843137
0.47058824
0.47058824
0.47843137
0.47843137
0.48235294
0.48235294
0.47843137
0.47450981
0.47843137
0.47058824
0.46274510
0.45882353
0.41960785
0.39607844
0.36862746
0.36470589
0.36862746
0.36078432
0.35294119
0.35294119
0.36078432
0.36078432
0.36078432
0.36470589
0.38039216
0.38823530
0.42352942
0.52941179
0.56078434
0.52941179
0.52941179
0.52156866
0.51372552
0.51764709
0.51764709
0.51372552
0.51764709
0.52156866
0.52941179
0.52941179
0.53333336
0.52549022
0.52156866
0.52156866
0.50196081
0.49803922
0.50588238
0.50196081
0.49803922
0.48627451
0.47843137
0.47843137
0.49411765
0.49411765
0.48627451
0.50980395
0.52941179
0.55686277
0.57647061
0.58431375
0.57647061
0.86274511
0.86274511
0.86666667
0.87058824
0.86666667
0.85098040
0.83137256
0.89019608
0.99607843
0.98823529
0.89803922
0.87450981
0.87843138
0.90980393
0.94117647
0.92156863
0.88235295
0.87843138
0.92549020
0.96078432
0.95686275
0.92549020
0.91764706
0.94509804
0.95686275
0.96862745
0.98039216
0.98431373
0.99215686
1.00000000
1.00000000
0.96470588
0.85490197
0.85098040
0.85490197
0.85490197
0.85490197
0.83921570
0.86274511
0.91372550
0.90588236
0.91764706
0.83137256
0.79215688
0.78823531
0.83921570
0.85098040
0.81568629
0.80784315
0.80392158
0.85098040
0.89411765
0.89019608
0.89019608
0.89411765
0.91372550
0.92549020
0.94117647
0.95294118
0.95686275
0.97647059
0.99215686
0.97254902
0.93333334
0.85882354
0.85098040
0.85098040
0.85098040
0.85098040
0.83921570
0.81960785
0.84313726
0.82352942
0.81568629
0.83921570
0.83137256
0.80784315
0.81176472
0.79215688
0.78823531
0.80392158
0.80000001
0.80392158
0.81960785
0.83921570
0.86274511
0.87450981
0.89411765
0.90588236
0.92156863
0.92941177
0.93725491
0.95686275
0.96862745
0.93725491
0.91372550
0.85882354
0.85098040
0.85490197
0.85490197
0.85490197
0.83921570
0.92156863
0.93333334
0.86666667
0.81568629
0.80000001
0.80784315
0.81568629
0.80784315
0.77254903
0.78039217
0.80000001
0.80392158
0.81176472
0.81960785
0.82352942
0.82745099
0.84705883
0.87450981
0.89411765
0.91372550
0.91764706
0.91764706
0.92549020
0.94117647
0.91372550
0.92549020
0.86274511
0.85490197
0.85882354
0.85490197
0.85882354
0.83529413
0.89411765
0.91764706
0.87843138
0.87058824
0.87450981
0.84705883
0.84313726
0.83921570
0.80392158
0.80000001
0.80784315
0.80392158
0.81176472
0.82352942
0.81568629
0.81568629
0.83921570
0.86666667
0.88627452
0.90588236
0.92156863
0.90196079
0.91372550
0.97254902
0.95686275
0.95686275
0.85882354
0.83921570
0.83137256
0.83137256
0.86666667
0.88235295
0.87843138
0.87843138
0.87058824
0.87843138
0.88627452
0.85490197
0.82352942
0.81568629
0.80000001
0.79607844
0.79607844
0.79215688
0.79607844
0.80392158
0.80392158
0.80000001
0.81568629
0.84313726
0.86274511
0.89411765
0.92156863
0.90196079
0.93725491
0.98039216
0.96470588
0.96470588
0.82745099
0.84313726
0.86274511
0.85098040
0.86666667
0.88235295
0.88235295
0.89019608
0.86274511
0.84705883
0.84705883
0.82745099
0.80000001
0.78823531
0.78431374
0.78431374
0.78823531
0.78823531
0.78823531
0.79215688
0.80000001
0.80000001
0.79607844
0.80784315
0.82352942
0.85098040
0.88627452
0.89019608
0.90196079
0.92156863
0.93725491
0.93333334
0.81176472
0.88627452
0.87843138
0.82745099
0.85490197
0.86666667
0.88627452
0.87843138
0.87843138
0.87058824
0.85098040
0.81960785
0.78823531
0.78431374
0.78039217
0.78039217
0.77254903
0.77254903
0.77647060
0.77254903
0.77647060
0.78823531
0.78823531
0.79215688
0.79607844
0.80000001
0.83137256
0.86274511
0.86666667
0.88627452
0.90196079
0.89019608
0.88627452
0.87058824
0.81176472
0.81568629
0.85490197
0.86274511
0.88235295
0.87058824
0.87843138
0.89019608
0.86274511
0.80784315
0.77647060
0.77647060
0.78039217
0.78039217
0.76470590
0.75686276
0.75294119
0.76470590
0.71372551
0.69803923
0.77254903
0.77647060
0.78039217
0.77254903
0.79215688
0.83529413
0.85098040
0.84705883
0.80784315
0.82745099
0.92156863
0.88627452
0.81960785
0.80784315
0.83529413
0.82352942
0.82352942
0.81568629
0.80784315
0.81176472
0.80392158
0.79215688
0.79607844
0.78823531
0.78039217
0.77254903
0.76078433
0.75294119
0.73333335
0.74509805
0.67058825
0.65882355
0.76470590
0.76470590
0.72941178
0.72549021
0.76078433
0.79607844
0.80392158
0.78039217
0.76078433
0.78039217
0.86666667
0.85882354
0.84313726
0.81568629
0.81960785
0.80784315
0.78823531
0.78039217
0.76862746
0.75686276
0.76470590
0.77254903
0.78039217
0.79215688
0.78039217
0.76470590
0.75294119
0.72941178
0.69411767
0.67058825
0.61568630
0.65882355
0.81176472
0.82745099
0.74117649
0.74509805
0.75294119
0.72549021
0.74509805
0.75686276
0.75686276
0.74901962
0.82745099
0.82745099
0.85490197
0.83921570
0.83137256
0.80000001
0.76862746
0.76862746
0.75686276
0.74509805
0.76078433
0.75686276
0.75686276
0.77647060
0.77647060
0.76078433
0.74509805
0.72156864
0.68235296
0.67058825
0.58823532
0.59607846
0.78039217
0.81568629
0.76470590
0.78823531
0.85882354
0.80784315
0.76470590
0.74117649
0.72941178
0.76470590
0.85490197
0.89019608
0.85098040
0.82745099
0.84313726
0.80784315
0.77254903
0.76470590
0.79607844
0.79215688
0.76862746
0.77254903
0.80392158
0.78431374
0.74117649
0.73333335
0.71764708
0.70980394
0.72549021
0.74117649
0.69019610
0.69019610
0.76078433
0.78823531
0.74509805
0.74901962
0.89019608
0.92156863
0.90588236
0.83529413
0.82352942
0.89411765
0.79607844
0.78039217
0.78431374
0.79607844
0.83529413
0.82745099
0.78039217
0.75294119
0.80000001
0.85490197
0.84705883
0.84313726
0.83921570
0.79215688
0.73333335
0.71764708
0.72549021
0.70980394
0.69411767
0.69019610
0.64313728
0.61960787
0.68235296
0.72156864
0.68235296
0.67450982
0.80784315
0.90588236
0.89411765
0.88627452
0.90980393
0.91764706
0.77647060
0.72156864
0.72941178
0.74117649
0.76078433
0.77647060
0.76862746
0.76862746
0.78823531
0.80392158
0.80000001
0.80392158
0.79215688
0.75294119
0.72156864
0.72156864
0.72549021
0.69019610
0.65882355
0.63921571
0.57254905
0.48627451
0.63137257
0.69411767
0.65882355
0.69411767
0.78823531
0.81960785
0.81960785
0.80784315
0.81176472
0.81960785
0.75294119
0.73333335
0.74117649
0.72941178
0.72549021
0.75294119
0.78431374
0.78039217
0.75686276
0.74117649
0.74117649
0.74117649
0.70588237
0.68627453
0.73333335
0.74509805
0.71372551
0.70980394
0.68235296
0.64313728
0.54117650
0.47058824
0.59215689
0.65098041
0.54901963
0.49411765
0.69411767
0.71372551
0.71764708
0.71764708
0.71372551
0.71372551
0.73725492
0.72941178
0.74117649
0.73333335
0.70980394
0.71764708
0.73725492
0.73725492
0.70588237
0.69019610
0.69803923
0.69411767
0.67450982
0.65098041
0.69019610
0.72941178
0.72549021
0.71764708
0.70196080
0.68235296
0.55686277
0.49019608
0.57647061
0.61176473
0.55294120
0.47058824
0.60784316
0.64313728
0.63921571
0.64705884
0.65098041
0.65882355
0.76078433
0.73725492
0.70980394
0.71764708
0.71764708
0.70588237
0.68627453
0.67450982
0.67058825
0.67450982
0.68627453
0.68627453
0.68627453
0.66666669
0.65490198
0.65490198
0.64705884
0.62745100
0.60000002
0.56078434
0.47450981
0.41176471
0.49019608
0.56078434
0.54901963
0.50588238
0.59215689
0.61960787
0.63529414
0.64705884
0.64313728
0.64705884
0.73333335
0.70980394
0.70588237
0.69803923
0.71372551
0.70588237
0.69411767
0.70196080
0.70980394
0.70588237
0.69019610
0.67843139
0.68235296
0.68235296
0.69803923
0.69019610
0.69019610
0.69803923
0.65490198
0.61960787
0.47843137
0.41176471
0.57647061
0.60784316
0.53725493
0.46666667
0.59215689
0.65098041
0.66274512
0.66666669
0.65490198
0.66274512
0.71764708
0.70980394
0.71764708
0.71372551
0.73725492
0.72156864
0.70588237
0.69803923
0.70196080
0.69803923
0.68627453
0.67058825
0.66274512
0.66274512
0.67058825
0.65490198
0.64705884
0.65490198
0.63137257
0.60784316
0.51764709
0.43529412
0.58431375
0.60000002
0.48627451
0.42352942
0.60392159
0.65882355
0.66274512
0.70588237
0.69803923
0.67450982
0.71764708
0.69411767
0.69019610
0.69411767
0.69411767
0.70196080
0.70980394
0.68235296
0.68627453
0.69803923
0.69019610
0.69803923
0.69411767
0.68627453
0.67843139
0.65490198
0.61176473
0.56862748
0.58823532
0.57254905
0.47450981
0.35294119
0.50980395
0.58431375
0.46666667
0.35686275
0.56470591
0.66666669
0.68235296
0.69803923
0.68627453
0.67843139
0.68235296
0.67450982
0.67843139
0.68235296
0.67843139
0.69411767
0.69411767
0.68627453
0.67843139
0.69019610
0.69019610
0.67058825
0.66666669
0.66274512
0.65882355
0.66274512
0.66666669
0.66666669
0.66666669
0.65098041
0.54901963
0.45882353
0.57647061
0.62352943
0.53333336
0.41960785
0.58039218
0.64705884
0.67058825
0.66666669
0.66274512
0.67450982
0.70588237
0.70196080
0.71372551
0.70588237
0.69019610
0.68235296
0.68235296
0.68235296
0.68235296
0.69019610
0.68627453
0.69411767
0.69803923
0.67843139
0.67058825
0.66666669
0.66666669
0.68235296
0.67058825
0.65098041
0.61176473
0.56078434
0.58823532
0.57254905
0.52156866
0.42745098
0.58431375
0.62745100
0.66666669
0.67058825
0.66666669
0.66666669
0.70980394
0.70980394
0.71372551
0.71764708
0.70588237
0.69411767
0.68235296
0.67450982
0.67450982
0.67450982
0.67843139
0.68627453
0.68235296
0.67450982
0.65882355
0.65882355
0.64705884
0.63529414
0.63137257
0.63137257
0.60000002
0.55686277
0.60000002
0.56862748
0.50588238
0.43529412
0.59215689
0.62352943
0.66666669
0.67450982
0.65490198
0.65882355
0.65098041
0.65490198
0.65882355
0.65882355
0.65490198
0.65882355
0.65490198
0.64313728
0.63921571
0.65098041
0.64705884
0.63529414
0.63137257
0.61568630
0.58431375
0.60392159
0.61568630
0.64313728
0.62745100
0.62352943
0.58431375
0.52549022
0.57647061
0.56078434
0.49411765
0.43529412
0.54901963
0.55294120
0.55294120
0.57647061
0.58431375
0.59607846
0.59215689
0.58823532
0.59215689
0.59215689
0.58823532
0.57647061
0.58431375
0.58823532
0.58823532
0.58039218
0.57647061
0.57647061
0.57254905
0.54901963
0.48235294
0.41960785
0.46274510
0.51764709
0.50588238
0.51372552
0.47843137
0.38823530
0.44705883
0.47450981
0.39607844
0.36470589
0.46274510
0.47450981
0.44313726
0.44313726
0.48235294
0.51372552
0.50980395
0.51372552
0.52941179
0.54509807
0.53725493
0.51372552
0.49803922
0.50196081
0.50980395
0.49411765
0.48627451
0.49411765
0.50980395
0.50196081
0.40000001
0.29411766
0.27450982
0.26274511
0.23137255
0.27058825
0.24313726
0.19215687
0.24313726
0.31764707
0.32941177
0.23137255
0.30588236
0.30588236
0.29803923
0.34117648
0.43529412
0.49803922
0.52941179
0.52941179
0.53333336
0.54117650
0.54117650
0.52941179
0.52156866
0.52549022
0.52941179
0.52549022
0.52549022
0.52156866
0.52941179
0.53725493
0.50588238
0.38039216
0.28235295
0.25882354
0.21568628
0.18823530
0.20392157
0.20392157
0.21568628
0.23921569
0.21568628
0.16862746
0.17647059
0.16078432
0.18823530
0.29803923
0.47843137
0.57647061
0.54901963
0.54509807
0.55294120
0.55294120
0.55686277
0.55294120
0.55294120
0.54901963
0.55294120
0.56078434
0.55686277
0.54901963
0.55686277
0.55294120
0.53333336
0.48627451
0.40000001
0.35686275
0.33725491
0.41176471
0.45098040
0.43529412
0.40784314
0.40000001
0.42352942
0.43137255
0.40784314
0.36078432
0.29803923
0.36862746
0.50196081
0.55686277
0.54117650
0.53725493
0.53725493
0.53333336
0.54117650
0.53333336
0.54117650
0.54117650
0.53725493
0.53725493
0.54509807
0.55294120
0.54901963
0.52941179
0.51372552
0.52549022
0.46666667
0.40784314
0.42352942
0.44313726
0.43921569
0.42352942
0.41176471
0.42352942
0.44313726
0.46274510
0.45490196
0.41960785
0.29411766
0.29411766
0.50196081
0.56078434
0.56470591
0.56470591
0.54509807
0.54117650
0.54117650
0.54509807
0.54509807
0.54901963
0.54901963
0.54117650
0.54509807
0.56078434
0.54901963
0.53333336
0.51764709
0.47450981
0.43921569
0.39607844
0.39215687
0.39607844
0.38823530
0.38039216
0.38431373
0.39215687
0.39607844
0.40000001
0.40392157
0.41960785
0.42352942
0.45882353
0.57254905
0.61176473
0.57647061
0.58039218
0.57647061
0.57254905
0.57254905
0.56470591
0.56078434
0.56470591
0.56862748
0.57647061
0.58039218
0.58431375
0.57254905
0.56078434
0.54901963
0.52156866
0.50980395
0.51764709
0.51372552
0.50980395
0.49803922
0.49019608
0.49803922
0.51372552
0.50980395
0.50196081
0.52549022
0.54117650
0.56470591
0.58823532
0.60784316
0.60784316
1 0 0 0 0 0 0 0 -1 0 0
0 1 0 0 0 0 0 0 -1 0 0
0 0 1 0 0 0 0 0 -1 0 0
0 0 0 1 0 0 0 0 -1 0 0
0 0 0 0 1 0 0 0 -1 0 0
0 0 0 0 0 1 0 0 -1 0 0
0 0 0 0 0 0 1 0 -1 0 0
0 0 0 0 0 0 0 1 -1 0 0
0 0 0 0 0 0 0 0 -1 1 0
