1.00000000
1.00000000
1.00000000
1.00000000
1.00000000
1.00000000
1.00000000
0.98823529
0.67843139
0.74901962
1.00000000
1.00000000
1.00000000
1.00000000
1.00000000
1.00000000
1.00000000
1.00000000
1.00000000
1.00000000
1.00000000
1.00000000
1.00000000
1.00000000
1.00000000
1.00000000
1.00000000
1.00000000
1.00000000
1.00000000
1.00000000
1.00000000
1.00000000
0.99607843
0.99607843
0.99607843
0.99607843
0.99215686
1.00000000
0.92549020
0.29019609
0.37647060
0.95294118
1.00000000
1.00000000
1.00000000
0.99215686
0.99607843
0.99607843
0.99607843
0.99607843
0.99607843
0.99607843
0.99607843
0.99607843
0.99607843
0.99607843
0.99607843
0.99607843
0.99607843
0.99607843
0.99607843
0.99607843
0.99607843
1.00000000
0.99607843
1.00000000
1.00000000
1.00000000
0.99215686
1.00000000
0.81568629
0.18039216
0.20000000
0.86666667
0.92549020
0.77647060
0.65882355
0.84705883
1.00000000
1.00000000
1.00000000
1.00000000
1.00000000
1.00000000
1.00000000
1.00000000
1.00000000
1.00000000
1.00000000
1.00000000
1.00000000
1.00000000
1.00000000
1.00000000
1.00000000
1.00000000
0.99607843
1.00000000
1.00000000
1.00000000
0.99607843
1.00000000
0.65098041
0.12941177
0.10588235
0.44705883
0.37647060
0.22745098
0.24705882
0.74509805
1.00000000
0.99607843
1.00000000
1.00000000
1.00000000
1.00000000
1.00000000
1.00000000
1.00000000
1.00000000
1.00000000
1.00000000
1.00000000
1.00000000
1.00000000
1.00000000
1.00000000
1.00000000
0.99607843
1.00000000
0.99607843
0.98823529
0.98431373
1.00000000
0.77254903
0.18431373
0.09019608
0.13725491
0.18823530
0.21176471
0.47450981
0.92941177
0.99607843
0.99215686
0.99607843
1.00000000
1.00000000
1.00000000
1.00000000
1.00000000
1.00000000
1.00000000
0.99215686
0.98039216
0.99607843
1.00000000
1.00000000
0.99607843
1.00000000
1.00000000
0.99607843
1.00000000
0.99215686
0.97254902
1.00000000
0.85882354
0.39607844
0.14509805
0.18431373
0.21176471
0.22352941
0.41960785
0.89411765
0.98039216
0.98823529
0.99215686
0.99607843
1.00000000
1.00000000
1.00000000
1.00000000
1.00000000
0.96078432
0.95294118
0.99215686
1.00000000
1.00000000
1.00000000
0.98431373
0.96470588
0.99607843
1.00000000
0.99607843
1.00000000
0.99607843
0.98823529
0.75686276
0.30980393
0.15686275
0.23921569
0.30196080
0.24705882
0.20392157
0.47450981
0.90196079
0.97254902
0.97647059
1.00000000
1.00000000
1.00000000
1.00000000
1.00000000
0.99215686
0.98431373
0.99215686
0.96862745
0.85882354
0.71372551
0.63529414
0.81960785
0.97647059
0.97254902
0.99607843
1.00000000
0.99607843
0.99607843
1.00000000
0.85098040
0.29019609
0.23137255
0.36862746
0.48235294
0.63921571
0.34117648
0.12941177
0.23137255
0.54901963
0.92549020
1.00000000
0.98431373
0.99607843
1.00000000
0.99607843
0.98823529
0.98039216
1.00000000
0.92941177
0.61568630
0.36470589
0.31372550
0.16862746
0.40784314
0.92549020
1.00000000
1.00000000
1.00000000
0.99607843
1.00000000
1.00000000
0.88627452
0.65490198
0.72941178
0.82352942
0.90980393
0.98039216
0.78823531
0.24313726
0.21960784
0.45490196
0.46666667
0.76470590
0.90588236
0.99215686
1.00000000
0.99607843
1.00000000
0.90980393
0.63921571
0.34509805
0.30588236
0.62352943
0.63529414
0.22352941
0.40000001
0.90196079
0.96862745
1.00000000
1.00000000
0.99607843
1.00000000
0.99215686
0.99607843
1.00000000
1.00000000
1.00000000
0.99607843
0.98431373
1.00000000
0.70196080
0.27450982
0.29411766
0.27058825
0.39607844
0.72156864
0.97647059
1.00000000
1.00000000
0.77647060
0.34117648
0.15294118
0.17647059
0.27450982
0.55686277
0.61960787
0.27450982
0.69019610
0.97254902
0.96862745
1.00000000
1.00000000
0.99607843
1.00000000
1.00000000
0.99607843
0.99607843
0.99215686
0.99607843
1.00000000
1.00000000
0.99607843
0.98431373
0.62352943
0.34117648
0.34117648
0.40392157
0.60784316
0.75294119
0.81176472
0.59607846
0.33725491
0.17254902
0.21568628
0.22352941
0.21568628
0.25098041
0.28627452
0.61960787
0.95686275
0.96862745
0.99215686
1.00000000
1.00000000
0.99607843
1.00000000
1.00000000
1.00000000
1.00000000
1.00000000
1.00000000
1.00000000
1.00000000
0.99607843
1.00000000
0.94117647
0.53333336
0.22745098
0.19215687
0.39607844
0.51764709
0.65882355
0.38039216
0.22745098
0.23137255
0.21176471
0.22745098
0.22745098
0.18039216
0.50980395
0.96470588
0.99607843
0.99215686
0.99607843
1.00000000
1.00000000
0.99607843
1.00000000
1.00000000
1.00000000
1.00000000
1.00000000
1.00000000
1.00000000
1.00000000
0.99607843
0.99607843
0.99607843
0.84313726
0.22745098
0.08627451
0.19607843
0.32941177
0.57647061
0.51372552
0.27058825
0.21568628
0.21568628
0.22352941
0.20784314
0.49803922
0.94117647
1.00000000
0.99215686
1.00000000
1.00000000
1.00000000
1.00000000
0.99607843
1.00000000
1.00000000
1.00000000
1.00000000
1.00000000
1.00000000
1.00000000
1.00000000
1.00000000
1.00000000
0.98823529
0.96078432
0.39607844
0.09019608
0.10980392
0.18431373
0.36078432
0.44705883
0.32549021
0.21960784
0.22745098
0.17254902
0.45490196
0.92549020
1.00000000
0.99607843
1.00000000
1.00000000
1.00000000
1.00000000
1.00000000
0.99607843
1.00000000
1.00000000
1.00000000
1.00000000
1.00000000
1.00000000
1.00000000
1.00000000
1.00000000
1.00000000
0.99215686
0.69803923
0.31372550
0.23921569
0.12941177
0.10196079
0.19607843
0.27450982
0.27450982
0.21568628
0.16862746
0.40392157
0.87450981
0.99215686
0.98823529
1.00000000
1.00000000
1.00000000
1.00000000
1.00000000
1.00000000
0.99607843
1.00000000
1.00000000
1.00000000
1.00000000
1.00000000
1.00000000
0.99607843
0.99607843
0.99607843
1.00000000
0.74117649
0.29019609
0.24313726
0.31764707
0.32941177
0.20784314
0.10588235
0.19215687
0.25098041
0.16078432
0.20392157
0.79607844
1.00000000
0.98039216
0.97647059
0.96470588
0.99607843
1.00000000
1.00000000
1.00000000
1.00000000
0.99607843
1.00000000
1.00000000
1.00000000
1.00000000
1.00000000
1.00000000
0.99215686
0.99215686
0.99215686
0.68235296
0.30980393
0.21960784
0.25882354
0.29411766
0.43137255
0.44313726
0.17254902
0.13333334
0.18823530
0.18823530
0.32156864
0.58039218
0.93725491
0.99607843
0.90980393
0.92549020
0.99607843
1.00000000
1.00000000
1.00000000
1.00000000
0.99607843
1.00000000
1.00000000
1.00000000
1.00000000
1.00000000
1.00000000
0.99607843
1.00000000
0.67058825
0.14117648
0.17647059
0.28235295
0.29411766
0.31372550
0.35686275
0.40784314
0.27843139
0.09411765
0.10196079
0.29411766
0.34901962
0.24313726
0.68627453
0.97254902
0.92156863
0.97254902
0.99215686
1.00000000
1.00000000
1.00000000
1.00000000
0.99607843
1.00000000
1.00000000
1.00000000
1.00000000
0.99607843
0.99607843
1.00000000
0.68627453
0.11372549
0.13333334
0.29411766
0.32549021
0.35294119
0.34509805
0.28235295
0.22745098
0.18823530
0.36862746
0.35294119
0.19607843
0.25490198
0.14117648
0.50196081
0.89803922
0.98431373
0.99607843
0.99607843
1.00000000
1.00000000
1.00000000
1.00000000
0.99607843
1.00000000
1.00000000
1.00000000
1.00000000
0.99215686
1.00000000
0.73333335
0.12156863
0.12156863
0.30588236
0.37254903
0.40392157
0.38823530
0.30588236
0.18431373
0.19607843
0.54901963
0.91372550
0.90196079
0.48235294
0.15294118
0.16470589
0.43921569
0.82745099
1.00000000
1.00000000
1.00000000
1.00000000
1.00000000
1.00000000
1.00000000
0.99607843
1.00000000
1.00000000
0.99607843
0.99215686
1.00000000
0.73333335
0.17647059
0.12156863
0.32549021
0.39215687
0.45490196
0.43529412
0.32549021
0.18431373
0.23921569
0.66666669
0.99607843
0.99607843
0.98823529
0.94901961
0.71372551
0.57647061
0.48627451
0.68627453
1.00000000
1.00000000
1.00000000
1.00000000
1.00000000
1.00000000
1.00000000
0.99607843
1.00000000
0.99607843
0.98431373
1.00000000
0.76862746
0.25098041
0.20000000
0.40000001
0.43137255
0.47450981
0.46666667
0.32156864
0.18431373
0.38823530
0.78823531
1.00000000
1.00000000
0.99607843
0.99607843
1.00000000
0.92549020
0.77254903
0.87843138
0.90980393
1.00000000
1.00000000
1.00000000
1.00000000
1.00000000
1.00000000
1.00000000
0.99607843
1.00000000
0.99607843
1.00000000
0.84313726
0.28627452
0.42745098
0.75686276
0.68235296
0.54509807
0.52549022
0.31372550
0.18823530
0.49411765
0.90588236
1.00000000
0.98823529
1.00000000
1.00000000
1.00000000
1.00000000
0.81568629
0.88235295
1.00000000
1.00000000
0.99607843
1.00000000
1.00000000
1.00000000
1.00000000
1.00000000
1.00000000
0.99607843
0.99607843
1.00000000
0.95294118
0.44705883
0.32549021
0.74117649
0.92549020
0.80784315
0.49411765
0.29019609
0.28235295
0.65098041
0.96078432
1.00000000
0.99607843
1.00000000
1.00000000
1.00000000
1.00000000
0.99607843
0.93333334
0.98431373
0.99607843
0.98823529
0.99607843
1.00000000
1.00000000
1.00000000
1.00000000
1.00000000
1.00000000
0.99607843
0.99607843
1.00000000
0.72941178
0.30588236
0.44705883
0.72941178
0.84705883
0.69803923
0.25882354
0.36078432
0.76862746
1.00000000
0.99215686
0.99607843
1.00000000
1.00000000
1.00000000
1.00000000
1.00000000
1.00000000
1.00000000
1.00000000
1.00000000
1.00000000
1.00000000
1.00000000
1.00000000
1.00000000
1.00000000
1.00000000
1.00000000
0.99607843
1.00000000
0.96862745
0.50980395
0.32549021
0.46666667
0.54901963
0.47843137
0.36078432
0.52549022
0.88235295
0.99215686
0.98823529
0.98823529
0.99607843
0.99607843
0.99607843
1.00000000
1.00000000
1.00000000
1.00000000
1.00000000
1.00000000
1.00000000
1.00000000
1.00000000
1.00000000
1.00000000
1.00000000
1.00000000
1.00000000
1.00000000
0.99607843
1.00000000
0.97647059
0.56078434
0.31372550
0.39215687
0.32156864
0.35686275
0.69803923
0.98039216
1.00000000
0.99607843
1.00000000
0.99215686
0.99607843
0.99607843
0.99607843
1.00000000
1.00000000
1.00000000
1.00000000
1.00000000
1.00000000
1.00000000
1.00000000
1.00000000
1.00000000
1.00000000
1.00000000
1.00000000
1.00000000
1.00000000
0.99607843
1.00000000
0.99607843
0.85882354
0.58431375
0.55294120
0.63529414
0.86666667
1.00000000
1.00000000
1.00000000
1.00000000
1.00000000
1.00000000
1.00000000
1.00000000
1.00000000
1.00000000
1.00000000
1.00000000
1.00000000
1.00000000
1.00000000
1.00000000
1.00000000
1.00000000
1.00000000
1.00000000
1.00000000
1.00000000
1.00000000
1.00000000
0.99607843
1.00000000
0.99607843
0.99607843
0.98431373
0.98039216
1.00000000
0.99607843
0.98431373
0.99607843
1.00000000
1.00000000
1.00000000
1.00000000
1.00000000
1.00000000
1.00000000
1.00000000
1.00000000
1.00000000
1.00000000
1.00000000
1.00000000
1.00000000
1.00000000
1.00000000
1.00000000
1.00000000
1.00000000
1.00000000
1.00000000
1.00000000
0.99607843
1.00000000
1.00000000
0.99607843
1.00000000
1.00000000
0.99607843
0.99607843
1.00000000
1.00000000
1.00000000
1.00000000
1.00000000
1.00000000
1.00000000
1.00000000
1.00000000
1.00000000
1.00000000
1.00000000
1.00000000
1.00000000
1.00000000
1.00000000
1.00000000
1.00000000
1.00000000
1.00000000
1.00000000
1.00000000
1.00000000
1.00000000
0.99607843
1.00000000
1.00000000
1.00000000
1.00000000
0.99607843
1.00000000
1.00000000
1.00000000
1.00000000
1.00000000
1.00000000
1.00000000
1.00000000
1.00000000
1.00000000
1.00000000
1.00000000
1.00000000
1.00000000
1.00000000
1.00000000
1.00000000
1.00000000
1.00000000
1.00000000
1.00000000
1.00000000
1.00000000
1.00000000
1.00000000
1.00000000
0.99607843
1.00000000
1.00000000
0.99215686
0.99607843
0.99607843
0.99607843
1.00000000
1.00000000
1.00000000
1.00000000
1.00000000
1.00000000
1.00000000
1.00000000
1.00000000
1.00000000
1.00000000
1.00000000
1.00000000
1.00000000
1.00000000
1.00000000
1.00000000
1.00000000
1.00000000
1.00000000
1.00000000
1.00000000
1.00000000
1.00000000
1.00000000
1.00000000
1.00000000
1.00000000
1.00000000
1.00000000
1.00000000
0.99215686
0.69411767
0.76078433
1.00000000
0.99607843
0.99215686
0.99607843
1.00000000
1.00000000
1.00000000
1.00000000
1.00000000
1.00000000
1.00000000
1.00000000
1.00000000
1.00000000
1.00000000
1.00000000
1.00000000
1.00000000
1.00000000
1.00000000
1.00000000
1.00000000
1.00000000
0.99607843
0.99607843
0.99607843
0.99607843
0.99215686
1.00000000
0.92941177
0.32156864
0.40392157
0.95686275
0.98823529
1.00000000
1.00000000
1.00000000
0.99607843
0.99607843
0.99607843
0.99607843
0.99607843
0.99607843
0.99607843
0.99607843
0.99607843
0.99607843
0.99607843
0.99607843
0.99607843
0.99607843
0.99607843
0.99607843
0.99607843
1.00000000
0.99607843
1.00000000
1.00000000
1.00000000
0.99215686
1.00000000
0.81568629
0.20784314
0.22745098
0.87843138
0.93333334
0.80000001
0.69803923
0.87058824
1.00000000
1.00000000
1.00000000
1.00000000
1.00000000
1.00000000
1.00000000
1.00000000
1.00000000
1.00000000
1.00000000
1.00000000
1.00000000
1.00000000
1.00000000
1.00000000
1.00000000
1.00000000
0.99607843
1.00000000
1.00000000
1.00000000
0.99607843
1.00000000
0.65098041
0.13333334
0.11764706
0.47058824
0.42352942
0.30196080
0.32549021
0.78431374
1.00000000
0.99607843
1.00000000
1.00000000
1.00000000
1.00000000
1.00000000
1.00000000
1.00000000
1.00000000
1.00000000
1.00000000
1.00000000
1.00000000
1.00000000
1.00000000
1.00000000
1.00000000
0.99607843
1.00000000
1.00000000
0.99215686
0.98431373
1.00000000
0.76862746
0.18431373
0.10980392
0.19215687
0.27450982
0.29803923
0.52549022
0.95294118
1.00000000
0.99607843
1.00000000
1.00000000
1.00000000
1.00000000
1.00000000
0.99607843
0.99607843
0.99215686
0.99607843
0.99607843
0.99607843
0.99215686
0.99215686
0.99607843
1.00000000
1.00000000
0.99607843
1.00000000
0.99607843
0.98039216
1.00000000
0.86666667
0.41176471
0.18823530
0.25098041
0.29803923
0.32549021
0.49411765
0.90588236
0.98431373
0.99215686
1.00000000
1.00000000
1.00000000
1.00000000
1.00000000
0.99607843
0.99215686
0.99607843
0.98823529
1.00000000
1.00000000
0.99607843
1.00000000
0.99607843
1.00000000
1.00000000
1.00000000
0.99607843
1.00000000
0.99607843
0.99215686
0.78431374
0.36470589
0.23137255
0.32549021
0.39215687
0.34509805
0.30980393
0.55686277
0.93725491
0.98823529
0.97647059
0.99215686
1.00000000
1.00000000
1.00000000
1.00000000
0.99607843
0.99215686
1.00000000
0.98823529
0.84705883
0.70980394
0.71372551
0.85882354
0.98431373
0.99215686
1.00000000
1.00000000
0.99607843
0.99607843
1.00000000
0.85882354
0.32941177
0.30980393
0.46666667
0.55686277
0.69803923
0.41960785
0.21960784
0.31764707
0.60392159
0.94901961
0.99607843
0.96470588
0.98823529
1.00000000
0.99607843
0.98823529
0.99607843
1.00000000
0.90196079
0.59215689
0.30196080
0.26666668
0.35294119
0.49019608
0.90980393
0.98823529
0.99607843
1.00000000
0.99607843
1.00000000
1.00000000
0.89019608
0.67843139
0.76862746
0.87058824
0.92941177
0.98823529
0.81568629
0.29019609
0.27843139
0.50980395
0.50588238
0.77254903
0.89803922
0.98823529
1.00000000
0.99215686
0.99607843
0.90980393
0.63529414
0.35294119
0.20392157
0.10588235
0.14901961
0.28627452
0.45098040
0.93333334
1.00000000
0.99607843
1.00000000
0.99607843
1.00000000
0.99607843
1.00000000
1.00000000
1.00000000
1.00000000
0.98823529
0.98039216
1.00000000
0.71372551
0.29019609
0.27843139
0.26666668
0.42352942
0.73725492
0.98823529
1.00000000
1.00000000
0.78823531
0.36470589
0.20392157
0.28235295
0.32156864
0.20000000
0.14509805
0.28627452
0.70980394
0.98431373
0.98431373
0.99607843
1.00000000
0.99607843
1.00000000
1.00000000
0.99607843
0.99607843
0.99215686
0.99215686
0.99607843
0.99607843
0.99607843
0.98823529
0.59607846
0.07843138
0.16862746
0.43137255
0.63137257
0.79607844
0.83529413
0.64705884
0.41176471
0.26666668
0.32549021
0.35294119
0.34901962
0.30588236
0.23137255
0.63137257
0.96078432
0.96078432
0.98431373
1.00000000
1.00000000
0.99607843
1.00000000
1.00000000
1.00000000
1.00000000
1.00000000
1.00000000
1.00000000
1.00000000
0.99607843
1.00000000
0.92941177
0.30980393
0.08235294
0.22745098
0.40392157
0.56862748
0.69411767
0.44313726
0.32156864
0.35686275
0.34901962
0.34509805
0.31764707
0.24705882
0.53725493
0.96470588
0.99607843
0.99215686
0.99607843
1.00000000
1.00000000
0.99607843
1.00000000
1.00000000
1.00000000
1.00000000
1.00000000
1.00000000
1.00000000
1.00000000
0.99607843
0.99215686
1.00000000
0.78039217
0.19607843
0.13333334
0.20000000
0.36862746
0.61176473
0.56470591
0.36078432
0.34509805
0.36078432
0.32941177
0.27058825
0.52156866
0.94509804
1.00000000
0.99215686
1.00000000
0.99607843
1.00000000
1.00000000
0.99607843
1.00000000
1.00000000
1.00000000
1.00000000
1.00000000
1.00000000
1.00000000
1.00000000
1.00000000
1.00000000
1.00000000
0.97647059
0.43921569
0.13725491
0.13725491
0.22745098
0.40000001
0.50196081
0.41568628
0.33725491
0.34509805
0.25098041
0.49019608
0.93333334
1.00000000
0.99607843
1.00000000
1.00000000
1.00000000
1.00000000
1.00000000
0.99607843
1.00000000
1.00000000
1.00000000
1.00000000
1.00000000
1.00000000
1.00000000
1.00000000
1.00000000
1.00000000
0.99215686
0.74901962
0.40000001
0.30588236
0.21176471
0.15686275
0.24313726
0.34509805
0.37254903
0.31372550
0.23529412
0.44705883
0.89411765
1.00000000
0.98823529
1.00000000
0.99607843
1.00000000
1.00000000
1.00000000
1.00000000
0.99607843
1.00000000
1.00000000
1.00000000
1.00000000
1.00000000
1.00000000
0.99607843
0.99607843
0.99607843
1.00000000
0.76470590
0.37647060
0.35294119
0.41176471
0.43921569
0.27843139
0.15294118
0.25098041
0.33725491
0.24705882
0.23529412
0.80784315
1.00000000
0.98823529
0.97647059
0.96078432
0.99215686
1.00000000
1.00000000
1.00000000
1.00000000
0.99607843
1.00000000
1.00000000
1.00000000
1.00000000
1.00000000
1.00000000
0.99215686
0.98823529
0.99607843
0.70588237
0.36862746
0.33333334
0.37647060
0.40784314
0.54901963
0.54117650
0.23529412
0.17647059
0.23921569
0.24313726
0.33333334
0.58431375
0.94117647
1.00000000
0.90980393
0.92549020
0.99607843
1.00000000
1.00000000
1.00000000
1.00000000
0.99607843
1.00000000
1.00000000
1.00000000
1.00000000
1.00000000
1.00000000
0.99215686
1.00000000
0.68235296
0.17254902
0.24705882
0.39607844
0.40784314
0.42745098
0.47058824
0.52549022
0.36078432
0.13333334
0.12549020
0.31372550
0.36078432
0.25098041
0.69411767
0.98039216
0.92549020
0.97254902
0.99215686
1.00000000
1.00000000
1.00000000
1.00000000
0.99607843
1.00000000
1.00000000
1.00000000
1.00000000
0.99607843
0.99607843
1.00000000
0.68627453
0.13725491
0.18823530
0.38431373
0.43921569
0.46666667
0.45882353
0.39607844
0.34117648
0.27058825
0.39215687
0.35294119
0.20000000
0.26274511
0.14901961
0.50980395
0.90588236
0.98431373
0.99607843
0.99607843
1.00000000
1.00000000
1.00000000
1.00000000
0.99607843
1.00000000
1.00000000
1.00000000
1.00000000
0.99607843
1.00000000
0.72549021
0.12549020
0.16078432
0.39215687
0.48235294
0.52156866
0.50196081
0.41568628
0.29411766
0.27843139
0.58823532
0.92156863
0.90588236
0.49803922
0.16470589
0.17254902
0.44705883
0.83529413
1.00000000
1.00000000
1.00000000
1.00000000
1.00000000
1.00000000
1.00000000
0.99607843
1.00000000
1.00000000
1.00000000
0.99215686
1.00000000
0.74117649
0.18039216
0.13725491
0.40784314
0.51764709
0.56470591
0.55294120
0.43529412
0.27843139
0.32156864
0.70196080
1.00000000
0.99607843
1.00000000
0.96862745
0.72156864
0.58431375
0.49019608
0.69019610
1.00000000
1.00000000
1.00000000
1.00000000
1.00000000
1.00000000
1.00000000
0.99607843
1.00000000
0.99607843
0.98823529
1.00000000
0.74901962
0.18431373
0.11372549
0.40784314
0.55686277
0.60784316
0.58039218
0.42352942
0.25882354
0.43137255
0.80784315
1.00000000
1.00000000
0.99607843
0.99607843
1.00000000
0.92549020
0.77254903
0.87843138
0.90980393
1.00000000
1.00000000
1.00000000
1.00000000
1.00000000
1.00000000
1.00000000
0.99607843
1.00000000
0.99607843
0.99607843
0.87058824
0.24705882
0.01176471
0.10196079
0.31372550
0.61176473
0.58039218
0.40392157
0.25490198
0.52549022
0.91372550
1.00000000
0.98823529
1.00000000
1.00000000
1.00000000
1.00000000
0.81568629
0.88235295
1.00000000
1.00000000
0.99607843
1.00000000
1.00000000
1.00000000
1.00000000
1.00000000
1.00000000
0.99607843
1.00000000
1.00000000
0.93725491
0.50980395
0.28235295
0.09803922
0.00000000
0.16470589
0.54509807
0.38431373
0.34509805
0.67450982
0.96470588
1.00000000
0.98823529
0.99607843
1.00000000
1.00000000
1.00000000
0.99607843
0.93333334
0.98431373
0.99607843
0.98823529
0.99607843
1.00000000
1.00000000
1.00000000
1.00000000
1.00000000
1.00000000
0.99607843
0.99607843
1.00000000
0.73725492
0.40000001
0.46666667
0.25098041
0.12941177
0.27843139
0.32941177
0.41176471
0.81960785
1.00000000
0.98431373
0.99215686
1.00000000
1.00000000
1.00000000
1.00000000
1.00000000
1.00000000
1.00000000
1.00000000
1.00000000
1.00000000
1.00000000
1.00000000
1.00000000
1.00000000
1.00000000
1.00000000
1.00000000
0.99607843
1.00000000
0.98039216
0.57254905
0.43921569
0.56470591
0.53333336
0.41568628
0.35686275
0.56470591
0.87843138
1.00000000
0.98823529
0.98823529
1.00000000
1.00000000
1.00000000
1.00000000
1.00000000
1.00000000
1.00000000
1.00000000
1.00000000
1.00000000
1.00000000
1.00000000
1.00000000
1.00000000
1.00000000
1.00000000
1.00000000
1.00000000
0.99607843
1.00000000
0.99215686
0.62352943
0.40000001
0.49019608
0.44705883
0.45098040
0.72549021
0.98431373
1.00000000
0.98039216
1.00000000
0.99607843
1.00000000
1.00000000
1.00000000
1.00000000
1.00000000
1.00000000
1.00000000
1.00000000
1.00000000
1.00000000
1.00000000
1.00000000
1.00000000
1.00000000
1.00000000
1.00000000
1.00000000
1.00000000
0.99607843
1.00000000
1.00000000
0.88235295
0.62352943
0.59607846
0.66666669
0.87058824
1.00000000
1.00000000
1.00000000
1.00000000
1.00000000
1.00000000
1.00000000
1.00000000
1.00000000
1.00000000
1.00000000
1.00000000
1.00000000
1.00000000
1.00000000
1.00000000
1.00000000
1.00000000
1.00000000
1.00000000
1.00000000
1.00000000
1.00000000
1.00000000
0.99607843
1.00000000
0.99215686
0.98823529
0.98431373
0.98039216
1.00000000
0.99607843
0.98431373
0.99607843
1.00000000
1.00000000
1.00000000
1.00000000
1.00000000
1.00000000
1.00000000
1.00000000
1.00000000
1.00000000
1.00000000
1.00000000
1.00000000
1.00000000
1.00000000
1.00000000
1.00000000
1.00000000
1.00000000
1.00000000
1.00000000
1.00000000
0.99607843
1.00000000
0.99607843
0.99215686
1.00000000
1.00000000
0.99607843
0.99607843
1.00000000
1.00000000
1.00000000
1.00000000
1.00000000
1.00000000
1.00000000
1.00000000
1.00000000
1.00000000
1.00000000
1.00000000
1.00000000
1.00000000
1.00000000
1.00000000
1.00000000
1.00000000
1.00000000
1.00000000
1.00000000
1.00000000
1.00000000
1.00000000
0.99607843
1.00000000
1.00000000
1.00000000
1.00000000
1.00000000
1.00000000
1.00000000
1.00000000
1.00000000
1.00000000
1.00000000
1.00000000
1.00000000
1.00000000
1.00000000
1.00000000
1.00000000
1.00000000
1.00000000
1.00000000
1.00000000
1.00000000
1.00000000
1.00000000
1.00000000
1.00000000
1.00000000
1.00000000
1.00000000
1.00000000
1.00000000
0.99607843
1.00000000
1.00000000
1.00000000
1.00000000
1.00000000
1.00000000
1.00000000
1.00000000
1.00000000
1.00000000
1.00000000
1.00000000
1.00000000
1.00000000
1.00000000
1.00000000
1.00000000
1.00000000
1.00000000
1.00000000
1.00000000
1.00000000
1.00000000
1.00000000
1.00000000
1.00000000
1.00000000
1.00000000
1.00000000
1.00000000
1.00000000
1.00000000
1.00000000
1.00000000
1.00000000
1.00000000
1.00000000
0.98823529
0.66274512
0.74117649
1.00000000
1.00000000
0.99215686
1.00000000
1.00000000
1.00000000
1.00000000
1.00000000
1.00000000
1.00000000
1.00000000
1.00000000
1.00000000
1.00000000
1.00000000
1.00000000
1.00000000
1.00000000
1.00000000
1.00000000
1.00000000
1.00000000
1.00000000
0.99607843
0.99607843
0.99607843
0.99607843
0.99215686
1.00000000
0.92156863
0.27450982
0.37254903
0.96078432
1.00000000
1.00000000
1.00000000
1.00000000
0.99607843
0.99215686
0.99215686
0.99607843
0.99607843
0.99607843
0.99607843
0.99607843
0.99607843
0.99607843
0.99607843
0.99607843
0.99607843
0.99607843
0.99607843
0.99607843
0.99607843
1.00000000
0.99607843
1.00000000
1.00000000
1.00000000
0.99215686
1.00000000
0.81176472
0.16078432
0.18431373
0.86666667
0.91372550
0.74901962
0.63921571
0.85490197
1.00000000
0.99215686
0.99215686
1.00000000
1.00000000
1.00000000
1.00000000
1.00000000
1.00000000
1.00000000
1.00000000
1.00000000
1.00000000
1.00000000
1.00000000
1.00000000
1.00000000
1.00000000
0.99607843
1.00000000
1.00000000
1.00000000
0.99607843
1.00000000
0.64705884
0.09803922
0.07058824
0.42745098
0.34901962
0.15686275
0.16470589
0.72941178
1.00000000
0.99215686
0.99607843
1.00000000
1.00000000
1.00000000
1.00000000
1.00000000
1.00000000
1.00000000
1.00000000
1.00000000
1.00000000
1.00000000
1.00000000
1.00000000
1.00000000
1.00000000
0.99607843
1.00000000
0.99215686
0.98431373
0.98823529
1.00000000
0.77254903
0.17647059
0.05882353
0.08627451
0.10588235
0.11764706
0.40000001
0.91764706
1.00000000
0.98431373
0.99215686
1.00000000
1.00000000
1.00000000
1.00000000
1.00000000
1.00000000
0.99215686
0.97647059
0.98431373
0.99607843
0.98431373
0.98039216
0.98823529
1.00000000
1.00000000
0.99607843
1.00000000
0.98431373
0.96078432
1.00000000
0.86274511
0.39215687
0.10980392
0.10588235
0.10196079
0.10980392
0.34509805
0.87843138
0.98823529
0.99215686
0.98039216
0.98823529
1.00000000
1.00000000
1.00000000
0.99215686
0.98039216
0.99215686
0.98431373
0.99215686
1.00000000
0.99607843
0.98823529
0.98039216
0.98823529
1.00000000
1.00000000
0.99607843
1.00000000
0.98823529
0.97254902
0.74117649
0.27450982
0.08627451
0.11372549
0.16078432
0.12549020
0.11764706
0.42745098
0.89803922
0.97647059
0.98039216
0.99607843
1.00000000
1.00000000
1.00000000
1.00000000
0.98823529
0.96470588
1.00000000
0.99607843
0.85098040
0.66274512
0.62745100
0.82352942
0.98823529
1.00000000
1.00000000
1.00000000
0.99607843
0.99607843
1.00000000
0.83529413
0.24705882
0.15686275
0.27450982
0.40784314
0.57647061
0.28627452
0.06274510
0.17254902
0.51764709
0.90196079
0.98823529
0.98431373
0.99607843
1.00000000
0.99607843
0.98823529
0.99215686
1.00000000
0.91372550
0.55686277
0.21176471
0.09019608
0.12156863
0.38039216
0.89803922
1.00000000
0.99607843
1.00000000
0.99607843
0.99607843
1.00000000
0.88235295
0.61960787
0.67843139
0.78431374
0.90980393
0.99215686
0.78431374
0.19607843
0.14117648
0.37254903
0.39215687
0.72156864
0.90196079
0.99607843
1.00000000
0.99607843
1.00000000
0.91372550
0.63921571
0.30588236
0.09803922
0.03921569
0.03529412
0.06666667
0.34117648
0.90588236
0.98823529
0.99607843
1.00000000
0.99607843
1.00000000
0.99607843
1.00000000
0.99607843
1.00000000
1.00000000
0.98823529
0.98039216
1.00000000
0.69019610
0.20392157
0.12941177
0.12941177
0.34901962
0.72549021
0.98823529
1.00000000
0.99215686
0.76470590
0.32549021
0.09411765
0.10980392
0.10980392
0.06666667
0.06666667
0.14117648
0.66274512
0.99215686
0.98823529
1.00000000
1.00000000
0.99607843
1.00000000
1.00000000
0.99607843
0.99215686
0.99607843
0.99607843
0.99215686
0.99607843
0.99607843
0.98823529
0.56470591
0.02745098
0.09019608
0.36470589
0.60392159
0.77647060
0.79607844
0.53333336
0.25490198
0.09019608
0.12156863
0.11764706
0.11372549
0.11372549
0.13725491
0.57254905
0.94117647
0.97254902
0.99607843
1.00000000
1.00000000
0.99607843
1.00000000
1.00000000
1.00000000
1.00000000
1.00000000
1.00000000
1.00000000
1.00000000
0.99607843
1.00000000
0.90980393
0.27843139
0.00392157
0.14117648
0.34117648
0.50588238
0.65098041
0.34901962
0.14117648
0.10980392
0.10196079
0.10588235
0.11764706
0.10196079
0.46666667
0.94117647
0.98431373
0.99215686
1.00000000
1.00000000
1.00000000
0.99607843
1.00000000
1.00000000
1.00000000
1.00000000
1.00000000
1.00000000
1.00000000
1.00000000
0.99607843
0.99215686
1.00000000
0.76470590
0.11372549
0.04705882
0.12941177
0.27843139
0.56862748
0.52156866
0.20784314
0.08235294
0.09411765
0.11372549
0.12549020
0.43529412
0.90980393
0.98431373
0.98823529
1.00000000
1.00000000
1.00000000
1.00000000
0.99607843
1.00000000
1.00000000
1.00000000
1.00000000
1.00000000
1.00000000
1.00000000
1.00000000
1.00000000
1.00000000
1.00000000
0.96862745
0.34117648
0.05098039
0.07450981
0.13333334
0.33333334
0.43137255
0.25490198
0.09411765
0.12156863
0.09803922
0.41176471
0.90196079
0.99607843
0.99607843
1.00000000
1.00000000
1.00000000
1.00000000
1.00000000
0.99607843
1.00000000
1.00000000
1.00000000
1.00000000
1.00000000
1.00000000
1.00000000
1.00000000
1.00000000
1.00000000
0.99215686
0.67058825
0.20784314
0.14509805
0.07843138
0.05490196
0.13725491
0.19215687
0.17647059
0.11372549
0.09019608
0.37254903
0.87450981
0.99607843
0.99215686
1.00000000
1.00000000
1.00000000
1.00000000
1.00000000
1.00000000
0.99607843
1.00000000
1.00000000
1.00000000
1.00000000
1.00000000
1.00000000
0.98823529
0.99607843
0.99607843
0.98039216
0.67843139
0.19607843
0.11372549
0.18431373
0.23137255
0.14117648
0.04313726
0.10980392
0.17254902
0.10196079
0.16862746
0.78039217
1.00000000
0.98823529
0.98039216
0.96470588
0.99607843
1.00000000
1.00000000
1.00000000
1.00000000
0.99607843
1.00000000
1.00000000
1.00000000
1.00000000
1.00000000
1.00000000
0.98431373
0.99607843
0.99607843
0.64705884
0.21568628
0.10980392
0.14901961
0.17647059
0.31372550
0.34901962
0.10588235
0.07843138
0.14117648
0.15686275
0.30588236
0.56862748
0.93333334
1.00000000
0.90980393
0.92549020
0.99607843
1.00000000
1.00000000
1.00000000
1.00000000
0.99607843
1.00000000
1.00000000
1.00000000
1.00000000
1.00000000
1.00000000
0.99607843
1.00000000
0.67450982
0.12549020
0.09803922
0.16862746
0.18039216
0.20784314
0.25098041
0.30196080
0.18431373
0.03921569
0.07450981
0.27450982
0.33333334
0.23137255
0.68235296
0.98039216
0.92549020
0.97254902
0.99215686
1.00000000
1.00000000
1.00000000
1.00000000
0.99607843
1.00000000
1.00000000
1.00000000
1.00000000
0.99607843
0.99607843
1.00000000
0.69019610
0.10588235
0.09019608
0.20392157
0.20784314
0.24313726
0.25098041
0.19607843
0.12941177
0.10588235
0.32156864
0.34117648
0.19215687
0.23921569
0.12941177
0.50196081
0.90588236
0.98823529
0.99607843
0.99607843
1.00000000
1.00000000
1.00000000
1.00000000
0.99607843
1.00000000
1.00000000
1.00000000
1.00000000
0.99215686
1.00000000
0.72941178
0.11372549
0.07450981
0.21960784
0.26274511
0.28627452
0.28627452
0.21960784
0.11372549
0.13725491
0.50588238
0.89803922
0.89803922
0.48235294
0.13725491
0.15294118
0.43529412
0.83529413
1.00000000
1.00000000
1.00000000
1.00000000
1.00000000
1.00000000
1.00000000
0.99607843
1.00000000
0.99607843
0.99215686
0.99215686
1.00000000
0.74509805
0.16862746
0.07450981
0.24313726
0.29019609
0.32941177
0.31764707
0.22745098
0.11372549
0.19215687
0.64705884
0.99215686
0.99607843
0.99215686
0.94509804
0.70196080
0.56862748
0.48235294
0.69019610
1.00000000
1.00000000
1.00000000
1.00000000
1.00000000
1.00000000
1.00000000
0.99607843
1.00000000
0.99607843
0.97254902
1.00000000
0.77254903
0.19607843
0.06274510
0.25882354
0.32156864
0.36470589
0.35686275
0.22352941
0.10980392
0.35294119
0.78039217
1.00000000
1.00000000
0.99607843
0.99607843
1.00000000
0.92156863
0.77254903
0.87843138
0.90980393
1.00000000
1.00000000
1.00000000
1.00000000
1.00000000
1.00000000
1.00000000
0.99607843
1.00000000
0.99607843
0.98823529
0.82352942
0.21960784
0.01960784
0.09803922
0.20000000
0.36862746
0.38039216
0.23529412
0.13333334
0.44705883
0.87843138
1.00000000
0.98823529
1.00000000
1.00000000
1.00000000
1.00000000
0.81568629
0.88235295
1.00000000
1.00000000
0.99607843
1.00000000
1.00000000
1.00000000
1.00000000
1.00000000
1.00000000
0.99607843
0.99607843
1.00000000
0.92549020
0.38823530
0.14117648
0.05882353
0.00000000
0.09803922
0.31764707
0.21960784
0.25098041
0.64313728
0.94509804
0.99215686
0.98431373
0.99607843
1.00000000
1.00000000
1.00000000
0.99607843
0.93333334
0.98431373
0.99607843
0.98823529
0.99607843
1.00000000
1.00000000
1.00000000
1.00000000
1.00000000
1.00000000
0.99607843
0.99607843
1.00000000
0.67843139
0.20392157
0.25490198
0.13725491
0.07450981
0.18039216
0.16078432
0.32941177
0.78823531
1.00000000
0.99215686
0.99607843
0.99607843
0.99607843
1.00000000
1.00000000
1.00000000
1.00000000
1.00000000
1.00000000
1.00000000
1.00000000
1.00000000
1.00000000
1.00000000
1.00000000
1.00000000
1.00000000
1.00000000
0.99607843
1.00000000
0.95686275
0.43529412
0.20784314
0.34901962
0.33725491
0.22745098
0.21960784
0.49803922
0.87450981
1.00000000
0.98823529
0.98823529
1.00000000
1.00000000
1.00000000
1.00000000
1.00000000
1.00000000
1.00000000
1.00000000
1.00000000
1.00000000
1.00000000
1.00000000
1.00000000
1.00000000
1.00000000
1.00000000
1.00000000
1.00000000
0.99607843
1.00000000
0.96862745
0.50588238
0.20000000
0.29019609
0.26274511
0.33725491
0.68235296
0.97647059
1.00000000
0.99215686
0.99607843
0.99215686
1.00000000
1.00000000
1.00000000
1.00000000
1.00000000
1.00000000
1.00000000
1.00000000
1.00000000
1.00000000
1.00000000
1.00000000
1.00000000
1.00000000
1.00000000
1.00000000
1.00000000
1.00000000
0.99607843
1.00000000
1.00000000
0.85882354
0.53333336
0.48627451
0.60000002
0.85882354
1.00000000
1.00000000
1.00000000
1.00000000
1.00000000
1.00000000
1.00000000
1.00000000
1.00000000
1.00000000
1.00000000
1.00000000
1.00000000
1.00000000
1.00000000
1.00000000
1.00000000
1.00000000
1.00000000
1.00000000
1.00000000
1.00000000
1.00000000
1.00000000
0.99607843
1.00000000
1.00000000
1.00000000
0.98431373
0.97254902
1.00000000
1.00000000
0.98431373
0.99607843
1.00000000
1.00000000
1.00000000
1.00000000
1.00000000
1.00000000
1.00000000
1.00000000
1.00000000
1.00000000
1.00000000
1.00000000
1.00000000
1.00000000
1.00000000
1.00000000
1.00000000
1.00000000
1.00000000
1.00000000
1.00000000
1.00000000
0.99607843
1.00000000
1.00000000
0.99607843
0.99607843
0.99607843
0.99607843
0.99607843
1.00000000
1.00000000
1.00000000
1.00000000
1.00000000
1.00000000
1.00000000
1.00000000
1.00000000
1.00000000
1.00000000
1.00000000
1.00000000
1.00000000
1.00000000
1.00000000
1.00000000
1.00000000
1.00000000
1.00000000
1.00000000
1.00000000
1.00000000
1.00000000
0.99607843
1.00000000
0.99607843
0.99215686
0.99215686
0.99215686
0.99607843
1.00000000
1.00000000
1.00000000
1.00000000
1.00000000
1.00000000
1.00000000
1.00000000
1.00000000
1.00000000
1.00000000
1.00000000
1.00000000
1.00000000
1.00000000
1.00000000
1.00000000
1.00000000
1.00000000
1.00000000
1.00000000
1.00000000
1.00000000
1.00000000
1.00000000
0.99607843
1.00000000
1.00000000
1.00000000
1.00000000
1.00000000
1.00000000
1.00000000
1.00000000
1.00000000
1.00000000
1.00000000
1.00000000
1.00000000
1.00000000
1.00000000
1.00000000
1.00000000
1.00000000
1.00000000
1.00000000
1.00000000
1.00000000
1.00000000
1.00000000
1.00000000
1.00000000
1.00000000
1.00000000
1.00000000
1.00000000
-1 1 0 0 0 0 0 0 0 0 0
-1 0 1 0 0 0 0 0 0 0 0
-1 0 0 1 0 0 0 0 0 0 0
-1 0 0 0 1 0 0 0 0 0 0
-1 0 0 0 0 1 0 0 0 0 0
-1 0 0 0 0 0 1 0 0 0 0
-1 0 0 0 0 0 0 1 0 0 0
-1 0 0 0 0 0 0 0 1 0 0
-1 0 0 0 0 0 0 0 0 1 0
