0.61960787
0.61568630
0.61568630
0.61568630
0.61960787
0.62352943
0.61960787
0.62352943
0.61960787
0.62352943
0.59215689
0.52941179
0.59607846
0.60784316
0.60392159
0.61176473
0.61568630
0.61960787
0.61568630
0.61960787
0.61568630
0.61176473
0.61176473
0.60784316
0.60784316
0.60392159
0.59607846
0.59215689
0.59215689
0.58823532
0.58039218
0.58039218
0.63137257
0.62745100
0.63137257
0.63137257
0.63137257
0.63137257
0.63137257
0.63137257
0.63137257
0.62745100
0.62352943
0.54117650
0.60000002
0.62352943
0.61960787
0.62352943
0.62745100
0.62745100
0.62745100
0.62745100
0.62352943
0.61960787
0.61960787
0.61568630
0.61568630
0.61176473
0.60392159
0.60000002
0.60000002
0.59607846
0.59215689
0.58823532
0.63137257
0.62745100
0.63137257
0.63137257
0.62745100
0.62745100
0.62745100
0.62745100
0.62745100
0.61568630
0.65098041
0.54901963
0.58039218
0.62745100
0.62352943
0.62352943
0.62352943
0.62352943
0.62352943
0.62352943
0.62352943
0.61568630
0.61568630
0.61568630
0.61176473
0.61176473
0.60000002
0.59607846
0.59607846
0.59215689
0.58823532
0.58431375
0.63529414
0.63137257
0.63529414
0.63529414
0.63137257
0.63137257
0.63137257
0.63137257
0.63137257
0.62352943
0.67843139
0.56862748
0.57647061
0.63529414
0.63529414
0.63529414
0.62745100
0.62745100
0.62745100
0.62745100
0.62745100
0.62352943
0.62352943
0.61960787
0.61568630
0.61568630
0.60392159
0.60000002
0.60000002
0.59607846
0.59607846
0.59215689
0.63529414
0.63137257
0.63529414
0.63529414
0.63137257
0.63137257
0.63137257
0.63137257
0.63137257
0.63137257
0.69019610
0.59607846
0.56862748
0.63529414
0.63921571
0.63921571
0.63137257
0.63137257
0.62745100
0.62745100
0.62745100
0.62352943
0.62352943
0.61960787
0.61568630
0.61568630
0.60392159
0.60000002
0.60000002
0.59607846
0.59607846
0.59215689
0.63529414
0.63137257
0.63529414
0.63529414
0.63529414
0.63137257
0.63137257
0.63137257
0.63137257
0.63921571
0.69803923
0.61960787
0.57647061
0.63921571
0.63921571
0.63921571
0.63529414
0.63529414
0.63137257
0.62745100
0.62745100
0.62352943
0.62352943
0.61960787
0.61568630
0.61568630
0.60392159
0.60000002
0.60000002
0.59607846
0.59607846
0.59607846
0.63529414
0.63137257
0.63529414
0.63529414
0.63529414
0.63529414
0.63529414
0.63529414
0.63137257
0.64705884
0.70196080
0.63137257
0.58431375
0.63529414
0.63137257
0.63529414
0.63529414
0.63529414
0.63137257
0.63137257
0.62745100
0.62352943
0.62352943
0.62352943
0.61960787
0.61960787
0.61176473
0.60784316
0.60392159
0.60392159
0.60000002
0.59607846
0.63529414
0.63137257
0.63529414
0.63529414
0.63529414
0.63529414
0.63529414
0.63529414
0.63137257
0.65490198
0.70588237
0.63137257
0.58823532
0.62352943
0.62352943
0.63137257
0.63529414
0.63529414
0.63137257
0.63137257
0.63137257
0.62352943
0.62352943
0.62352943
0.62352943
0.62352943
0.61960787
0.61176473
0.60784316
0.60784316
0.60392159
0.60000002
0.63529414
0.63137257
0.63529414
0.63529414
0.63529414
0.63529414
0.63529414
0.63529414
0.62745100
0.67450982
0.68235296
0.60784316
0.57647061
0.61568630
0.62745100
0.63137257
0.63529414
0.63529414
0.63137257
0.63137257
0.63137257
0.62352943
0.62352943
0.62352943
0.62352943
0.62352943
0.61960787
0.61176473
0.60784316
0.60784316
0.60392159
0.60000002
0.63529414
0.63137257
0.63529414
0.63529414
0.63529414
0.63529414
0.63529414
0.63921571
0.62745100
0.69411767
0.65490198
0.58431375
0.58823532
0.59215689
0.62745100
0.62745100
0.63529414
0.63529414
0.63137257
0.63137257
0.63137257
0.62352943
0.62352943
0.62352943
0.62352943
0.62352943
0.61568630
0.61176473
0.60784316
0.60784316
0.60392159
0.60000002
0.63529414
0.63137257
0.63529414
0.63529414
0.63529414
0.63529414
0.63529414
0.63921571
0.62745100
0.70588237
0.64705884
0.54901963
0.58431375
0.56862748
0.62352943
0.62352943
0.63921571
0.63529414
0.63137257
0.63137257
0.62745100
0.62352943
0.62352943
0.61960787
0.61568630
0.61568630
0.61568630
0.61176473
0.61176473
0.61176473
0.60392159
0.60000002
0.63529414
0.63137257
0.63529414
0.63529414
0.63529414
0.63529414
0.63529414
0.63921571
0.62745100
0.70980394
0.66274512
0.50588238
0.56078434
0.54117650
0.61568630
0.62745100
0.63529414
0.63137257
0.62745100
0.62745100
0.62745100
0.62352943
0.62352943
0.61960787
0.61568630
0.61568630
0.61176473
0.61176473
0.61176473
0.61176473
0.60392159
0.60000002
0.63529414
0.63137257
0.63529414
0.63529414
0.63529414
0.63529414
0.63529414
0.64313728
0.63137257
0.70196080
0.70588237
0.48235294
0.54901963
0.52549022
0.60000002
0.62745100
0.63137257
0.62745100
0.62352943
0.62352943
0.62352943
0.62352943
0.62352943
0.61960787
0.61568630
0.61568630
0.61176473
0.61176473
0.61176473
0.61176473
0.60392159
0.60000002
0.63529414
0.63137257
0.63137257
0.63137257
0.63137257
0.63137257
0.63137257
0.63529414
0.62745100
0.69803923
0.73725492
0.46274510
0.52941179
0.51764709
0.58431375
0.62745100
0.61960787
0.62352943
0.61960787
0.61568630
0.61960787
0.61960787
0.62352943
0.61960787
0.61568630
0.61568630
0.61176473
0.60784316
0.60784316
0.60784316
0.60392159
0.59607846
0.63137257
0.62745100
0.62745100
0.62745100
0.62745100
0.62745100
0.62745100
0.63137257
0.62352943
0.69803923
0.74901962
0.45490196
0.49803922
0.49803922
0.55686277
0.61960787
0.61568630
0.61568630
0.61568630
0.61568630
0.61568630
0.61960787
0.61960787
0.61568630
0.61176473
0.61176473
0.60784316
0.60392159
0.60392159
0.60392159
0.59607846
0.59607846
0.62745100
0.62352943
0.62352943
0.62352943
0.62352943
0.62352943
0.62352943
0.62352943
0.61568630
0.69411767
0.75686276
0.50588238
0.46274510
0.49019608
0.52156866
0.59607846
0.61960787
0.61176473
0.61568630
0.61568630
0.61568630
0.61568630
0.61568630
0.61176473
0.60784316
0.60784316
0.60392159
0.60000002
0.60000002
0.60000002
0.59607846
0.59215689
0.62352943
0.61960787
0.61960787
0.61960787
0.61960787
0.61960787
0.62352943
0.62352943
0.61568630
0.69019610
0.76470590
0.56470591
0.42352942
0.46666667
0.48627451
0.54117650
0.60784316
0.61176473
0.61176473
0.61568630
0.61176473
0.61176473
0.60784316
0.60392159
0.60392159
0.60000002
0.59607846
0.59215689
0.59215689
0.59215689
0.58823532
0.58431375
0.61568630
0.61176473
0.61960787
0.61568630
0.61568630
0.61960787
0.61568630
0.61960787
0.60784316
0.68235296
0.75294119
0.60784316
0.42352942
0.41176471
0.45490196
0.49019608
0.56862748
0.60784316
0.60784316
0.60784316
0.60784316
0.60784316
0.61176473
0.61176473
0.61176473
0.60784316
0.60000002
0.60000002
0.59215689
0.58431375
0.58431375
0.56862748
0.61176473
0.61176473
0.58823532
0.58431375
0.61960787
0.61960787
0.60784316
0.60000002
0.60392159
0.67843139
0.74117649
0.63529414
0.46274510
0.35294119
0.41176471
0.45882353
0.52156866
0.56470591
0.56078434
0.58039218
0.58431375
0.59215689
0.55294120
0.54117650
0.56862748
0.53333336
0.50588238
0.54117650
0.48627451
0.42352942
0.43529412
0.40784314
0.56862748
0.53725493
0.43137255
0.44705883
0.54117650
0.55686277
0.49019608
0.45098040
0.50196081
0.60000002
0.71764708
0.64705884
0.53333336
0.29411766
0.30980393
0.38431373
0.39607844
0.37254903
0.36078432
0.41568628
0.42352942
0.46274510
0.38431373
0.33333334
0.38431373
0.35294119
0.33333334
0.38823530
0.33333334
0.29411766
0.30588236
0.29411766
0.40784314
0.35686275
0.30980393
0.32156864
0.37647060
0.40392157
0.34509805
0.31764707
0.35686275
0.43137255
0.61960787
0.57254905
0.44313726
0.23921569
0.24313726
0.32156864
0.23529412
0.20392157
0.21960784
0.29411766
0.31372550
0.34901962
0.32941177
0.30196080
0.31372550
0.32549021
0.32941177
0.33725491
0.34509805
0.34901962
0.34117648
0.33725491
0.34901962
0.33725491
0.34509805
0.33725491
0.32941177
0.33333334
0.40000001
0.40784314
0.36862746
0.36078432
0.37254903
0.30196080
0.27450982
0.25490198
0.26274511
0.29803923
0.21568628
0.16470589
0.18431373
0.23921569
0.29019609
0.33725491
0.34509805
0.34117648
0.33725491
0.34117648
0.33333334
0.32941177
0.34117648
0.33333334
0.31764707
0.30980393
0.34509805
0.35686275
0.36862746
0.36470589
0.36078432
0.36078432
0.38431373
0.38823530
0.37647060
0.35294119
0.21960784
0.10196079
0.12941177
0.13333334
0.11372549
0.11764706
0.10980392
0.09411765
0.09411765
0.10980392
0.17254902
0.30196080
0.33333334
0.32549021
0.32156864
0.32156864
0.32549021
0.33725491
0.34901962
0.32941177
0.30588236
0.30196080
0.34117648
0.33725491
0.34901962
0.34509805
0.35686275
0.35686275
0.34117648
0.34509805
0.34901962
0.33725491
0.27843139
0.09803922
0.03529412
0.02745098
0.03921569
0.05490196
0.05098039
0.06274510
0.06666667
0.06666667
0.13725491
0.29019609
0.33333334
0.34117648
0.32549021
0.30196080
0.30980393
0.34117648
0.34509805
0.30588236
0.27450982
0.28235295
0.32156864
0.32941177
0.33333334
0.32941177
0.32941177
0.32549021
0.33725491
0.32941177
0.32941177
0.30980393
0.38431373
0.36078432
0.16078432
0.16078432
0.16078432
0.16862746
0.18431373
0.18039216
0.18823530
0.21960784
0.26274511
0.29803923
0.30588236
0.31372550
0.30588236
0.29411766
0.29411766
0.29019609
0.27843139
0.27843139
0.27843139
0.27843139
0.29803923
0.28235295
0.30588236
0.31372550
0.30588236
0.31372550
0.30980393
0.31764707
0.31764707
0.32941177
0.36078432
0.36470589
0.30196080
0.27450982
0.26274511
0.27450982
0.29411766
0.30980393
0.30980393
0.30980393
0.31764707
0.31372550
0.30588236
0.28627452
0.29411766
0.30196080
0.29411766
0.27843139
0.28627452
0.29803923
0.29019609
0.27843139
0.25882354
0.25882354
0.28235295
0.29411766
0.29411766
0.32156864
0.31372550
0.30980393
0.30588236
0.32549021
0.32941177
0.30980393
0.30196080
0.29803923
0.28627452
0.29803923
0.30196080
0.29803923
0.29803923
0.31372550
0.32549021
0.31764707
0.30196080
0.30980393
0.33333334
0.31372550
0.29411766
0.29411766
0.30588236
0.27058825
0.26666668
0.27450982
0.28235295
0.29411766
0.31764707
0.32156864
0.30980393
0.32549021
0.32156864
0.30588236
0.30980393
0.31764707
0.32549021
0.30588236
0.28627452
0.30196080
0.30588236
0.30980393
0.27843139
0.27450982
0.30588236
0.31764707
0.30196080
0.27843139
0.28627452
0.30980393
0.32549021
0.31372550
0.30196080
0.29803923
0.29019609
0.27450982
0.28235295
0.28235295
0.31764707
0.32549021
0.32549021
0.31764707
0.32156864
0.32156864
0.30588236
0.28235295
0.29803923
0.31764707
0.29803923
0.28235295
0.30196080
0.29803923
0.29411766
0.29411766
0.28627452
0.29019609
0.30588236
0.32156864
0.31764707
0.29411766
0.29019609
0.30196080
0.30588236
0.29019609
0.27843139
0.27843139
0.26274511
0.27058825
0.30196080
0.30196080
0.29411766
0.31764707
0.30980393
0.30196080
0.31372550
0.31372550
0.29803923
0.28235295
0.30196080
0.32156864
0.27450982
0.28235295
0.32549021
0.31372550
0.29803923
0.27843139
0.27450982
0.27450982
0.27058825
0.28627452
0.30196080
0.30196080
0.29803923
0.29803923
0.29019609
0.27450982
0.25882354
0.30588236
0.30588236
0.29019609
0.30196080
0.29019609
0.28235295
0.30196080
0.30980393
0.29019609
0.29019609
0.29411766
0.30196080
0.29803923
0.27843139
0.28627452
0.28627452
0.29803923
0.32549021
0.30980393
0.29019609
0.27058825
0.27843139
0.27843139
0.27450982
0.28235295
0.28235295
0.28235295
0.28627452
0.28627452
0.29019609
0.27058825
0.29019609
0.36470589
0.32156864
0.25490198
0.25098041
0.26274511
0.27058825
0.26666668
0.27843139
0.26274511
0.26274511
0.27843139
0.29411766
0.28627452
0.25882354
0.26666668
0.28235295
0.28627452
0.26666668
0.25882354
0.26666668
0.28235295
0.28235295
0.27450982
0.27058825
0.28627452
0.27843139
0.27058825
0.28235295
0.27058825
0.26666668
0.26274511
0.27450982
0.26666668
0.25490198
0.25882354
0.27450982
0.29411766
0.61176473
0.60784316
0.61176473
0.60784316
0.61568630
0.62352943
0.61960787
0.62352943
0.61960787
0.62745100
0.60784316
0.54901963
0.61568630
0.62745100
0.62745100
0.62352943
0.61568630
0.61568630
0.61568630
0.61960787
0.61568630
0.61176473
0.61176473
0.60784316
0.60392159
0.60784316
0.60784316
0.60784316
0.61176473
0.60784316
0.60000002
0.60000002
0.62745100
0.62352943
0.62745100
0.62745100
0.62745100
0.63137257
0.63137257
0.63137257
0.63137257
0.63137257
0.63921571
0.56078434
0.61568630
0.64313728
0.63921571
0.63529414
0.62745100
0.62745100
0.62745100
0.62745100
0.62745100
0.61960787
0.61960787
0.61960787
0.61568630
0.61568630
0.61568630
0.61960787
0.61960787
0.61568630
0.61176473
0.60784316
0.62745100
0.62352943
0.62745100
0.62745100
0.62745100
0.63137257
0.63137257
0.63137257
0.63137257
0.61960787
0.66274512
0.56078434
0.59607846
0.63921571
0.63529414
0.63137257
0.62745100
0.62745100
0.62745100
0.62745100
0.62352943
0.61960787
0.61960787
0.61568630
0.61568630
0.61568630
0.61176473
0.61568630
0.61568630
0.61176473
0.60784316
0.60392159
0.63137257
0.62745100
0.63137257
0.63137257
0.63137257
0.63529414
0.63529414
0.63529414
0.63529414
0.62745100
0.68235296
0.57254905
0.58039218
0.63921571
0.63921571
0.63921571
0.63137257
0.63137257
0.63137257
0.63137257
0.63137257
0.62745100
0.62745100
0.62352943
0.61960787
0.61960787
0.61960787
0.61960787
0.61960787
0.61568630
0.61568630
0.61176473
0.63137257
0.62745100
0.63137257
0.63137257
0.63529414
0.63529414
0.63529414
0.63529414
0.63529414
0.63529414
0.69019610
0.59607846
0.57254905
0.63921571
0.63921571
0.63921571
0.63529414
0.63529414
0.63137257
0.63137257
0.63137257
0.62745100
0.62745100
0.62352943
0.61960787
0.61960787
0.61960787
0.61960787
0.61960787
0.61568630
0.61568630
0.61176473
0.63529414
0.63137257
0.63529414
0.63529414
0.63529414
0.63529414
0.63529414
0.63529414
0.63529414
0.64313728
0.69411767
0.61960787
0.57647061
0.63921571
0.63921571
0.64313728
0.63921571
0.63921571
0.63529414
0.63137257
0.63137257
0.62745100
0.62745100
0.62352943
0.61960787
0.61960787
0.61960787
0.61960787
0.61960787
0.61568630
0.61568630
0.61176473
0.63529414
0.63137257
0.63529414
0.63529414
0.63529414
0.63529414
0.63529414
0.63529414
0.63137257
0.64705884
0.69411767
0.62352943
0.58431375
0.63529414
0.63921571
0.63921571
0.63921571
0.63921571
0.63137257
0.63137257
0.63137257
0.63137257
0.63137257
0.62745100
0.62745100
0.62745100
0.62352943
0.61960787
0.61568630
0.61568630
0.61176473
0.60784316
0.63529414
0.63137257
0.63529414
0.63529414
0.63529414
0.63529414
0.63529414
0.63529414
0.63137257
0.65490198
0.69411767
0.61960787
0.58431375
0.62745100
0.63529414
0.63921571
0.63529414
0.63529414
0.63137257
0.63137257
0.63137257
0.63137257
0.63137257
0.63137257
0.63137257
0.63137257
0.62352943
0.61568630
0.61176473
0.61176473
0.60784316
0.60392159
0.63529414
0.63137257
0.63529414
0.63529414
0.63529414
0.63529414
0.63529414
0.63529414
0.62745100
0.67058825
0.67058825
0.60000002
0.57647061
0.61960787
0.64313728
0.63921571
0.63529414
0.63529414
0.63137257
0.63137257
0.63137257
0.63137257
0.63137257
0.63137257
0.63137257
0.63137257
0.62352943
0.61568630
0.61176473
0.61176473
0.60784316
0.60392159
0.63529414
0.63137257
0.63529414
0.63529414
0.63529414
0.63529414
0.63529414
0.63921571
0.62745100
0.69019610
0.64313728
0.57254905
0.58823532
0.59607846
0.63921571
0.63529414
0.63529414
0.63529414
0.63137257
0.63137257
0.63137257
0.63137257
0.63137257
0.63137257
0.63137257
0.63137257
0.62352943
0.61568630
0.61176473
0.61176473
0.60784316
0.60392159
0.63529414
0.63137257
0.63529414
0.63529414
0.63529414
0.63529414
0.63529414
0.63921571
0.62745100
0.70588237
0.63529414
0.54117650
0.58039218
0.57254905
0.63921571
0.63137257
0.63921571
0.63529414
0.63137257
0.63137257
0.63137257
0.63137257
0.63137257
0.62745100
0.62352943
0.62352943
0.61960787
0.61568630
0.61568630
0.61568630
0.60784316
0.60392159
0.63529414
0.63137257
0.63529414
0.63529414
0.63529414
0.63529414
0.63529414
0.63921571
0.62745100
0.70980394
0.65098041
0.49803922
0.56078434
0.54901963
0.63137257
0.63137257
0.63529414
0.63137257
0.62745100
0.62745100
0.62745100
0.63137257
0.63137257
0.62745100
0.62352943
0.62352943
0.61960787
0.61568630
0.61568630
0.61568630
0.60784316
0.60392159
0.63529414
0.63137257
0.63529414
0.63529414
0.63529414
0.63529414
0.63529414
0.64313728
0.63137257
0.70196080
0.69411767
0.47450981
0.54901963
0.53333336
0.61568630
0.63137257
0.63137257
0.62745100
0.62352943
0.62352943
0.62352943
0.63137257
0.63137257
0.62745100
0.62352943
0.62352943
0.61960787
0.61568630
0.61568630
0.61568630
0.60784316
0.60392159
0.63529414
0.63137257
0.63137257
0.63137257
0.63137257
0.63137257
0.63137257
0.63529414
0.62745100
0.69803923
0.72549021
0.45882353
0.53725493
0.52941179
0.59215689
0.63137257
0.62352943
0.62745100
0.62352943
0.61960787
0.61960787
0.62745100
0.62745100
0.62352943
0.61960787
0.61960787
0.61568630
0.61176473
0.61176473
0.61176473
0.60784316
0.60000002
0.63137257
0.62745100
0.62745100
0.62745100
0.62745100
0.62745100
0.62745100
0.63137257
0.62352943
0.69411767
0.73333335
0.45490196
0.51372552
0.51372552
0.56078434
0.61960787
0.62352943
0.62352943
0.62352943
0.61960787
0.61960787
0.61960787
0.61960787
0.61568630
0.61568630
0.61568630
0.61176473
0.60784316
0.60784316
0.60784316
0.60392159
0.60000002
0.62745100
0.62352943
0.62352943
0.62352943
0.62352943
0.62352943
0.62352943
0.62352943
0.61568630
0.69019610
0.74117649
0.49803922
0.47450981
0.50980395
0.52941179
0.60000002
0.62745100
0.61960787
0.62352943
0.62352943
0.61960787
0.61568630
0.61568630
0.61176473
0.60784316
0.60784316
0.60784316
0.60784316
0.60784316
0.60784316
0.60392159
0.59607846
0.62352943
0.61960787
0.61960787
0.61960787
0.61960787
0.61960787
0.62352943
0.62352943
0.61568630
0.68627453
0.73725492
0.54901963
0.43921569
0.49019608
0.50196081
0.54901963
0.61176473
0.61568630
0.61960787
0.62352943
0.61960787
0.61176473
0.60784316
0.60392159
0.60000002
0.60000002
0.60000002
0.60000002
0.60000002
0.60000002
0.59607846
0.59215689
0.61568630
0.61568630
0.62352943
0.61960787
0.61960787
0.61960787
0.61568630
0.61568630
0.60784316
0.67450982
0.71764708
0.58431375
0.43529412
0.43921569
0.47843137
0.49803922
0.57254905
0.61176473
0.61568630
0.61960787
0.61568630
0.60784316
0.60784316
0.61176473
0.61176473
0.60784316
0.60784316
0.60784316
0.60392159
0.59215689
0.59215689
0.58039218
0.61568630
0.61568630
0.59215689
0.58823532
0.62352943
0.62352943
0.60784316
0.60000002
0.60392159
0.67058825
0.69803923
0.60392159
0.47058824
0.38431373
0.44705883
0.47450981
0.52549022
0.56862748
0.56862748
0.59215689
0.59215689
0.59607846
0.55686277
0.54509807
0.56862748
0.53725493
0.51372552
0.55294120
0.49803922
0.43529412
0.44705883
0.42352942
0.57254905
0.54117650
0.43529412
0.45098040
0.54509807
0.55686277
0.49019608
0.45098040
0.50196081
0.59215689
0.67058825
0.61568630
0.54117650
0.32549021
0.34509805
0.40000001
0.39607844
0.38039216
0.36862746
0.42745098
0.43529412
0.47058824
0.39215687
0.34117648
0.39215687
0.36078432
0.34509805
0.40392157
0.34901962
0.30980393
0.31764707
0.31372550
0.40784314
0.35686275
0.30980393
0.31764707
0.37647060
0.40784314
0.34901962
0.32156864
0.36078432
0.43137255
0.60000002
0.56470591
0.45882353
0.26666668
0.28235295
0.34509805
0.24705882
0.21568628
0.23137255
0.30980393
0.33725491
0.38039216
0.36078432
0.33725491
0.34901962
0.35686275
0.36470589
0.37254903
0.38039216
0.38431373
0.37647060
0.37647060
0.34901962
0.33725491
0.34117648
0.33333334
0.33333334
0.34509805
0.41176471
0.41960785
0.38039216
0.37254903
0.39215687
0.32549021
0.29411766
0.27843139
0.29411766
0.33333334
0.24313726
0.18431373
0.20392157
0.26274511
0.33333334
0.39607844
0.40784314
0.40784314
0.40392157
0.40392157
0.40000001
0.39607844
0.40392157
0.40000001
0.38431373
0.37647060
0.36078432
0.37647060
0.38431373
0.38039216
0.38039216
0.38431373
0.41176471
0.41568628
0.40392157
0.38039216
0.25490198
0.13333334
0.15686275
0.16078432
0.15294118
0.16078432
0.14901961
0.12549020
0.12156863
0.14117648
0.21960784
0.36470589
0.40392157
0.39607844
0.39215687
0.39215687
0.39215687
0.40784314
0.41960785
0.40000001
0.37647060
0.37254903
0.38431373
0.38431373
0.39215687
0.39215687
0.40392157
0.40784314
0.38823530
0.39607844
0.40000001
0.38823530
0.32549021
0.13725491
0.06666667
0.06274510
0.08627451
0.09803922
0.09411765
0.09803922
0.10588235
0.10588235
0.18823530
0.35686275
0.40392157
0.41176471
0.39607844
0.37254903
0.38039216
0.41176471
0.41568628
0.37647060
0.34509805
0.35294119
0.38823530
0.39607844
0.40000001
0.40000001
0.40000001
0.40000001
0.41176471
0.40392157
0.40392157
0.38039216
0.43921569
0.40784314
0.20392157
0.20000000
0.20784314
0.21960784
0.23137255
0.22352941
0.23137255
0.26274511
0.31372550
0.36470589
0.37647060
0.38431373
0.37647060
0.36470589
0.36470589
0.36078432
0.34901962
0.34901962
0.34901962
0.34901962
0.38039216
0.36470589
0.38431373
0.39607844
0.38823530
0.39607844
0.39215687
0.40000001
0.40392157
0.41176471
0.42745098
0.42352942
0.35686275
0.32941177
0.32156864
0.32941177
0.34901962
0.36470589
0.36078432
0.36078432
0.37254903
0.38039216
0.37647060
0.35686275
0.36470589
0.37254903
0.36470589
0.34901962
0.35686275
0.36862746
0.36078432
0.34901962
0.34509805
0.34117648
0.36862746
0.37647060
0.37254903
0.39215687
0.38823530
0.38039216
0.37647060
0.39607844
0.39607844
0.37647060
0.36470589
0.36470589
0.34901962
0.36078432
0.36078432
0.35686275
0.36078432
0.37254903
0.38431373
0.38823530
0.37254903
0.38039216
0.40392157
0.38431373
0.36470589
0.36470589
0.37647060
0.34117648
0.33725491
0.34509805
0.36470589
0.37647060
0.40000001
0.40000001
0.38431373
0.38823530
0.38431373
0.37254903
0.37254903
0.38431373
0.39215687
0.37254903
0.35686275
0.37254903
0.37647060
0.37254903
0.34509805
0.34117648
0.37254903
0.38431373
0.36862746
0.34901962
0.35686275
0.38039216
0.39607844
0.38823530
0.37254903
0.37254903
0.36078432
0.34901962
0.35686275
0.35686275
0.39607844
0.40000001
0.40000001
0.39215687
0.39607844
0.39607844
0.37647060
0.35294119
0.36862746
0.38823530
0.36862746
0.35686275
0.37647060
0.37254903
0.36470589
0.36862746
0.36470589
0.36470589
0.38039216
0.39215687
0.38823530
0.36470589
0.36470589
0.37647060
0.38039216
0.36470589
0.35294119
0.35294119
0.33725491
0.34509805
0.37647060
0.37647060
0.36862746
0.38823530
0.38431373
0.37647060
0.38431373
0.38823530
0.37254903
0.35686275
0.37647060
0.39215687
0.34901962
0.35686275
0.40000001
0.38823530
0.37254903
0.35686275
0.35294119
0.34901962
0.34509805
0.36078432
0.37647060
0.37647060
0.37254903
0.37254903
0.36470589
0.34901962
0.32941177
0.38039216
0.38039216
0.36470589
0.37647060
0.36470589
0.35686275
0.37647060
0.38431373
0.36470589
0.36470589
0.36862746
0.37647060
0.37254903
0.35294119
0.36078432
0.36078432
0.37254903
0.40000001
0.38431373
0.36470589
0.34901962
0.35686275
0.35294119
0.34901962
0.35686275
0.35686275
0.35686275
0.36078432
0.36078432
0.36470589
0.34901962
0.36470589
0.43921569
0.39607844
0.32941177
0.32941177
0.33725491
0.34509805
0.34117648
0.35294119
0.33725491
0.33725491
0.35294119
0.36862746
0.36078432
0.33333334
0.34117648
0.35686275
0.36078432
0.34117648
0.33333334
0.33725491
0.35686275
0.35686275
0.34901962
0.34509805
0.36078432
0.35294119
0.34509805
0.35294119
0.34509805
0.34117648
0.33725491
0.34901962
0.34117648
0.32941177
0.32941177
0.34509805
0.36470589
0.65490198
0.65098041
0.65098041
0.65098041
0.65490198
0.65882355
0.65882355
0.65882355
0.65882355
0.66274512
0.63137257
0.56470591
0.63529414
0.64313728
0.64313728
0.65098041
0.65490198
0.65490198
0.65490198
0.65490198
0.65490198
0.64705884
0.64705884
0.64705884
0.64313728
0.64313728
0.63137257
0.62352943
0.62745100
0.62352943
0.61568630
0.61568630
0.65882355
0.65490198
0.65882355
0.65882355
0.65882355
0.66274512
0.66274512
0.66274512
0.66274512
0.65882355
0.65490198
0.57647061
0.63137257
0.65882355
0.65490198
0.65490198
0.65882355
0.65882355
0.65882355
0.65882355
0.65490198
0.65098041
0.65098041
0.64705884
0.64705884
0.64705884
0.63921571
0.63529414
0.63529414
0.63137257
0.62745100
0.62352943
0.65098041
0.64705884
0.65098041
0.65098041
0.65098041
0.65098041
0.65098041
0.65098041
0.65098041
0.64313728
0.67843139
0.57254905
0.60784316
0.65098041
0.64705884
0.64705884
0.64705884
0.64705884
0.64705884
0.64705884
0.64705884
0.64313728
0.63921571
0.63921571
0.63529414
0.63529414
0.63137257
0.63137257
0.63137257
0.62745100
0.62352943
0.61960787
0.65098041
0.64705884
0.65098041
0.65490198
0.65098041
0.65490198
0.65490198
0.65098041
0.65490198
0.64313728
0.69019610
0.57647061
0.58431375
0.64313728
0.64313728
0.65098041
0.65098041
0.65098041
0.65098041
0.65098041
0.64705884
0.64705884
0.64313728
0.64313728
0.63529414
0.63921571
0.63529414
0.63529414
0.63529414
0.63137257
0.63137257
0.62745100
0.64705884
0.64313728
0.64705884
0.64705884
0.64705884
0.64705884
0.64705884
0.64705884
0.64705884
0.64705884
0.69411767
0.59607846
0.57254905
0.63921571
0.63921571
0.64705884
0.65098041
0.64705884
0.64313728
0.64313728
0.64313728
0.63921571
0.63921571
0.63529414
0.63137257
0.63137257
0.63529414
0.63529414
0.63529414
0.63137257
0.63137257
0.62745100
0.64313728
0.63921571
0.64313728
0.64313728
0.64313728
0.64313728
0.64313728
0.64313728
0.64313728
0.64705884
0.69411767
0.61568630
0.57254905
0.63529414
0.63529414
0.64313728
0.65098041
0.64705884
0.64313728
0.63921571
0.63921571
0.63529414
0.63529414
0.63137257
0.62745100
0.62745100
0.63137257
0.63529414
0.63529414
0.63137257
0.63137257
0.62745100
0.63529414
0.63529414
0.63921571
0.63921571
0.63921571
0.63921571
0.63921571
0.63921571
0.63529414
0.65098041
0.69411767
0.62352943
0.58039218
0.63137257
0.63529414
0.63921571
0.63921571
0.63921571
0.63529414
0.63529414
0.63529414
0.63137257
0.63137257
0.62745100
0.62745100
0.62745100
0.63137257
0.63529414
0.63137257
0.63137257
0.62745100
0.62352943
0.63529414
0.63137257
0.63529414
0.63529414
0.63529414
0.63529414
0.63529414
0.63529414
0.63137257
0.65490198
0.69411767
0.62352943
0.58431375
0.62745100
0.63137257
0.63921571
0.63529414
0.63529414
0.63137257
0.63137257
0.63137257
0.62745100
0.62745100
0.62745100
0.62745100
0.62745100
0.63137257
0.63137257
0.62745100
0.62745100
0.62352943
0.61960787
0.63529414
0.63137257
0.63529414
0.63529414
0.63529414
0.63529414
0.63529414
0.63529414
0.62745100
0.67058825
0.67450982
0.60392159
0.57647061
0.61568630
0.63921571
0.63529414
0.63529414
0.63529414
0.63137257
0.63137257
0.63137257
0.62745100
0.62745100
0.62745100
0.62745100
0.62745100
0.63137257
0.63137257
0.62745100
0.62745100
0.62352943
0.61960787
0.63529414
0.63137257
0.63529414
0.63529414
0.63529414
0.63529414
0.63529414
0.63921571
0.62745100
0.69019610
0.64705884
0.57647061
0.58823532
0.59607846
0.63529414
0.63137257
0.63529414
0.63529414
0.63137257
0.63137257
0.63137257
0.62745100
0.62745100
0.62745100
0.62745100
0.62745100
0.63137257
0.63137257
0.62745100
0.62745100
0.62352943
0.61960787
0.63529414
0.63137257
0.63529414
0.63529414
0.63529414
0.63529414
0.63529414
0.63921571
0.62745100
0.70588237
0.63921571
0.54117650
0.58039218
0.57254905
0.63529414
0.62745100
0.63921571
0.63529414
0.63137257
0.63137257
0.63137257
0.62745100
0.62745100
0.62352943
0.61960787
0.61960787
0.62745100
0.63137257
0.63137257
0.63137257
0.62352943
0.61960787
0.63529414
0.63137257
0.63529414
0.63529414
0.63529414
0.63529414
0.63529414
0.63921571
0.62745100
0.70980394
0.65098041
0.50196081
0.56078434
0.54509807
0.62745100
0.63137257
0.63529414
0.63137257
0.62745100
0.62745100
0.62745100
0.62745100
0.62745100
0.62352943
0.61960787
0.61960787
0.62745100
0.63137257
0.63137257
0.63137257
0.62352943
0.61960787
0.63529414
0.63137257
0.63529414
0.63529414
0.63529414
0.63529414
0.63529414
0.64313728
0.63137257
0.70196080
0.69411767
0.47843137
0.54901963
0.52941179
0.60784316
0.63137257
0.63137257
0.62745100
0.62352943
0.62352943
0.62352943
0.62745100
0.62745100
0.62352943
0.61960787
0.61960787
0.62745100
0.63137257
0.63137257
0.63137257
0.62352943
0.61960787
0.63921571
0.63529414
0.63529414
0.63529414
0.63529414
0.62745100
0.62745100
0.63137257
0.62352943
0.69019610
0.71372551
0.45098040
0.53725493
0.52549022
0.58039218
0.62352943
0.61960787
0.62352943
0.62352943
0.62352943
0.62352943
0.61568630
0.61568630
0.61176473
0.60784316
0.61176473
0.61960787
0.62352943
0.62352943
0.62352943
0.61960787
0.61176473
0.63529414
0.63137257
0.63137257
0.63137257
0.62745100
0.61960787
0.61960787
0.62352943
0.61568630
0.68235296
0.70588237
0.43921569
0.51372552
0.51372552
0.54901963
0.60392159
0.61568630
0.61568630
0.61960787
0.62352943
0.62352943
0.61176473
0.60784316
0.60784316
0.60392159
0.60392159
0.60784316
0.61176473
0.61176473
0.60784316
0.60392159
0.60000002
0.62745100
0.62352943
0.62352943
0.62352943
0.61960787
0.61568630
0.61568630
0.61568630
0.61176473
0.67843139
0.70980394
0.47843137
0.47843137
0.51372552
0.51764709
0.59215689
0.62352943
0.61568630
0.61960787
0.61960787
0.61960787
0.61568630
0.61960787
0.61568630
0.61176473
0.61176473
0.60784316
0.60392159
0.60392159
0.60392159
0.60000002
0.59215689
0.61568630
0.61176473
0.61176473
0.61176473
0.61176473
0.61176473
0.61568630
0.61568630
0.60784316
0.67450982
0.70196080
0.52549022
0.43921569
0.50196081
0.50196081
0.54901963
0.61960787
0.61960787
0.61568630
0.61176473
0.61176473
0.62352943
0.62352943
0.61960787
0.61568630
0.61568630
0.60000002
0.59215689
0.58823532
0.58823532
0.58431375
0.58039218
0.60000002
0.59607846
0.60784316
0.60392159
0.60392159
0.61176473
0.60784316
0.60784316
0.60392159
0.66274512
0.67450982
0.55686277
0.43529412
0.45098040
0.48235294
0.51372552
0.59215689
0.61960787
0.60784316
0.59607846
0.59607846
0.60784316
0.61568630
0.61568630
0.61568630
0.61176473
0.59607846
0.58823532
0.58431375
0.57254905
0.57254905
0.56078434
0.59215689
0.59215689
0.56862748
0.56470591
0.60392159
0.61568630
0.60000002
0.59215689
0.60000002
0.65490198
0.65098041
0.56862748
0.47058824
0.39607844
0.45490196
0.49411765
0.55294120
0.58039218
0.56078434
0.56470591
0.56078434
0.57647061
0.54117650
0.52941179
0.55294120
0.51764709
0.49019608
0.52549022
0.47450981
0.41176471
0.42352942
0.39607844
0.54509807
0.51372552
0.40784314
0.42352942
0.52549022
0.54901963
0.47843137
0.44313726
0.49411765
0.57647061
0.61960787
0.57647061
0.54117650
0.34509805
0.36078432
0.42745098
0.42745098
0.39215687
0.36078432
0.39607844
0.39215687
0.43137255
0.34901962
0.29803923
0.35294119
0.32156864
0.31372550
0.37254903
0.31764707
0.27843139
0.29019609
0.28627452
0.34901962
0.29803923
0.25098041
0.25882354
0.32549021
0.36862746
0.30980393
0.28235295
0.32156864
0.39215687
0.55686277
0.54901963
0.48235294
0.29803923
0.29019609
0.35294119
0.26666668
0.24313726
0.25098041
0.29803923
0.29803923
0.34509805
0.32941177
0.30588236
0.31372550
0.32549021
0.33725491
0.35294119
0.35686275
0.36078432
0.35294119
0.35686275
0.26666668
0.25490198
0.26274511
0.25098041
0.26274511
0.29019609
0.35686275
0.36078432
0.32549021
0.31764707
0.36078432
0.34117648
0.35686275
0.32941177
0.29803923
0.30588236
0.24313726
0.23137255
0.25882354
0.27450982
0.30588236
0.38431373
0.40392157
0.40000001
0.39607844
0.40000001
0.39607844
0.39215687
0.40000001
0.39215687
0.37647060
0.37254903
0.30980393
0.32156864
0.32941177
0.32549021
0.34509805
0.37647060
0.40000001
0.40392157
0.39607844
0.36862746
0.23921569
0.14901961
0.21176471
0.20392157
0.14509805
0.12941177
0.14117648
0.16470589
0.17647059
0.15686275
0.19607843
0.36078432
0.40784314
0.39607844
0.39215687
0.39215687
0.39215687
0.40784314
0.41960785
0.40000001
0.37254903
0.37647060
0.37254903
0.37254903
0.38039216
0.38039216
0.40392157
0.42352942
0.40784314
0.41176471
0.41568628
0.40000001
0.30980393
0.14509805
0.10196079
0.09019608
0.07450981
0.07058824
0.09019608
0.12941177
0.14509805
0.11764706
0.17254902
0.35294119
0.40392157
0.41176471
0.39607844
0.37254903
0.38039216
0.41176471
0.41568628
0.37647060
0.34509805
0.35294119
0.40000001
0.40784314
0.41176471
0.41176471
0.40392157
0.38431373
0.39607844
0.38823530
0.39215687
0.36470589
0.41960785
0.40392157
0.21568628
0.20784314
0.19607843
0.20000000
0.23137255
0.24313726
0.25882354
0.27450982
0.30588236
0.36470589
0.37647060
0.38431373
0.37647060
0.36470589
0.36470589
0.36078432
0.34901962
0.34901962
0.34901962
0.34901962
0.38823530
0.37254903
0.39215687
0.40392157
0.37647060
0.36078432
0.35686275
0.36470589
0.36470589
0.37647060
0.40000001
0.40392157
0.34509805
0.31764707
0.30196080
0.32156864
0.35294119
0.36862746
0.36862746
0.36470589
0.37647060
0.38039216
0.37647060
0.35686275
0.36470589
0.37254903
0.36470589
0.34901962
0.35686275
0.36862746
0.36078432
0.34509805
0.33333334
0.33333334
0.35686275
0.36862746
0.36470589
0.38431373
0.38039216
0.37254903
0.36862746
0.38823530
0.37647060
0.34901962
0.33725491
0.33725491
0.32549021
0.35294119
0.36470589
0.35686275
0.35686275
0.37254903
0.39215687
0.38823530
0.37254903
0.38039216
0.40392157
0.38431373
0.36470589
0.36470589
0.37647060
0.34117648
0.33725491
0.34117648
0.34509805
0.35686275
0.38039216
0.38431373
0.38039216
0.40392157
0.40000001
0.38431373
0.38823530
0.39607844
0.38039216
0.35294119
0.32941177
0.34509805
0.35686275
0.36470589
0.33725491
0.32549021
0.36470589
0.38431373
0.37254903
0.34509805
0.34901962
0.37254903
0.39215687
0.38039216
0.36862746
0.36862746
0.36078432
0.34509805
0.35294119
0.34901962
0.38431373
0.38823530
0.38823530
0.38039216
0.38823530
0.39215687
0.37647060
0.35294119
0.36862746
0.38823530
0.36470589
0.34509805
0.36470589
0.36078432
0.35686275
0.34509805
0.32549021
0.33333334
0.36470589
0.38823530
0.38823530
0.35294119
0.34509805
0.35686275
0.36078432
0.34509805
0.34117648
0.34509805
0.32941177
0.34117648
0.36862746
0.36470589
0.36078432
0.38431373
0.37647060
0.36862746
0.37647060
0.38039216
0.36470589
0.34901962
0.36862746
0.38431373
0.33725491
0.34509805
0.38823530
0.37647060
0.36078432
0.32549021
0.30588236
0.31764707
0.32156864
0.35294119
0.36862746
0.35686275
0.34901962
0.34901962
0.34117648
0.32549021
0.31764707
0.37254903
0.37254903
0.35686275
0.36862746
0.35294119
0.34901962
0.36862746
0.37647060
0.35686275
0.35686275
0.36078432
0.36862746
0.36470589
0.34509805
0.35294119
0.34117648
0.35294119
0.38039216
0.36470589
0.34509805
0.31764707
0.32156864
0.32549021
0.32549021
0.34117648
0.34509805
0.33333334
0.33725491
0.33725491
0.34117648
0.32549021
0.35294119
0.43137255
0.38823530
0.32156864
0.32156864
0.32941177
0.33725491
0.33333334
0.34509805
0.32941177
0.32941177
0.34509805
0.36078432
0.35294119
0.32549021
0.33333334
0.33725491
0.33725491
0.31764707
0.30980393
0.31764707
0.33333334
0.33333334
0.32549021
0.32156864
0.33725491
0.32941177
0.32156864
0.32941177
0.32156864
0.31764707
0.31372550
0.33333334
0.33333334
0.32156864
0.32156864
0.33725491
0.35686275
1 0 0 0 0 0 0 0 -1 0 0
0 1 0 0 0 0 0 0 -1 0 0
0 0 1 0 0 0 0 0 -1 0 0
0 0 0 1 0 0 0 0 -1 0 0
0 0 0 0 1 0 0 0 -1 0 0
0 0 0 0 0 1 0 0 -1 0 0
0 0 0 0 0 0 1 0 -1 0 0
0 0 0 0 0 0 0 1 -1 0 0
0 0 0 0 0 0 0 0 -1 1 0
