0.37254903
0.36078432
0.34901962
0.33725491
0.34901962
0.35686275
0.36862746
0.39215687
0.39215687
0.40392157
0.55294120
0.72549021
0.72549021
0.72549021
0.74117649
0.63529414
0.49411765
0.47450981
0.44705883
0.43921569
0.41960785
0.17647059
0.03921569
0.07450981
0.16470589
0.19607843
0.13725491
0.09411765
0.04313726
0.11764706
0.68627453
0.88235295
0.35294119
0.33725491
0.32549021
0.31764707
0.32549021
0.34117648
0.35294119
0.36470589
0.47843137
0.68235296
0.83137256
0.85882354
0.70196080
0.64705884
0.78823531
0.90588236
0.70196080
0.60392159
0.63921571
0.67843139
0.64705884
0.33725491
0.12156863
0.06274510
0.09803922
0.10980392
0.09019608
0.06666667
0.03529412
0.00000000
0.23529412
0.64705884
0.34509805
0.32941177
0.32156864
0.31764707
0.32549021
0.33725491
0.32156864
0.47058824
0.74117649
0.76470590
0.67843139
0.65882355
0.73333335
0.75686276
0.78431374
0.88627452
0.85882354
0.66666669
0.61568630
0.63921571
0.63137257
0.54901963
0.45098040
0.25098041
0.10588235
0.09803922
0.09019608
0.06666667
0.04313726
0.01960784
0.09411765
0.49803922
0.33725491
0.32941177
0.33333334
0.33725491
0.32549021
0.29019609
0.41960785
0.74901962
0.79215688
0.72549021
0.69019610
0.66274512
0.66666669
0.83137256
0.85882354
0.85098040
0.88627452
0.70588237
0.52941179
0.50980395
0.41176471
0.43137255
0.44313726
0.41568628
0.31372550
0.14509805
0.08627451
0.06274510
0.03529412
0.02352941
0.03921569
0.37647060
0.36078432
0.33333334
0.34901962
0.37254903
0.43137255
0.53725493
0.72156864
0.78431374
0.78823531
0.76470590
0.68627453
0.64705884
0.66274512
0.82352942
0.87843138
0.83529413
0.86274511
0.78823531
0.59607846
0.51764709
0.40000001
0.33333334
0.40392157
0.38039216
0.38431373
0.34509805
0.14901961
0.05490196
0.02745098
0.01176471
0.00392157
0.11372549
0.42352942
0.38431373
0.38823530
0.52549022
0.72549021
0.80784315
0.76470590
0.70588237
0.73725492
0.69019610
0.63137257
0.62745100
0.73725492
0.89019608
0.88627452
0.83529413
0.83921570
0.79607844
0.64705884
0.54901963
0.48235294
0.31372550
0.34901962
0.37254903
0.32549021
0.38823530
0.31372550
0.10980392
0.02352941
0.00392157
0.00000000
0.01960784
0.44313726
0.41176471
0.50196081
0.72941178
0.77254903
0.71372551
0.69019610
0.65490198
0.58431375
0.56078434
0.61960787
0.64313728
0.83137256
0.92156863
0.89019608
0.83529413
0.79215688
0.76862746
0.67058825
0.54509807
0.52549022
0.38039216
0.29803923
0.38039216
0.34117648
0.34509805
0.37647060
0.20392157
0.02352941
0.00000000
0.01568628
0.00784314
0.48235294
0.50588238
0.71764708
0.74901962
0.67843139
0.60392159
0.56078434
0.62352943
0.44705883
0.46666667
0.60000002
0.71372551
0.89803922
0.90588236
0.87450981
0.80392158
0.74509805
0.73725492
0.61960787
0.43529412
0.36862746
0.36078432
0.28627452
0.36470589
0.33725491
0.31764707
0.34509805
0.23921569
0.03921569
0.00392157
0.01568628
0.01568628
0.54117650
0.66666669
0.74117649
0.61568630
0.56470591
0.57647061
0.56078434
0.61176473
0.37647060
0.45882353
0.65490198
0.84705883
0.86666667
0.79215688
0.77647060
0.74509805
0.71372551
0.70588237
0.55686277
0.33333334
0.24313726
0.34509805
0.25882354
0.33725491
0.35686275
0.29803923
0.30980393
0.22352941
0.03921569
0.00392157
0.01176471
0.02745098
0.65098041
0.75294119
0.64705884
0.51764709
0.51372552
0.55686277
0.54117650
0.63137257
0.36470589
0.49411765
0.70196080
0.70588237
0.65490198
0.49803922
0.54901963
0.69411767
0.71372551
0.74117649
0.63529414
0.35294119
0.31372550
0.41568628
0.23921569
0.26666668
0.37254903
0.28235295
0.28627452
0.16862746
0.02352941
0.00784314
0.01960784
0.02745098
0.77254903
0.76862746
0.61568630
0.49019608
0.49803922
0.52156866
0.52941179
0.64705884
0.38039216
0.44705883
0.59215689
0.53725493
0.36078432
0.27450982
0.47843137
0.73333335
0.78039217
0.80000001
0.78431374
0.53725493
0.36078432
0.43529412
0.23921569
0.19607843
0.35686275
0.28627452
0.34117648
0.14901961
0.00784314
0.02745098
0.03137255
0.02352941
0.78431374
0.78431374
0.61568630
0.50196081
0.49411765
0.49019608
0.52549022
0.62745100
0.38039216
0.39215687
0.67058825
0.82745099
0.66666669
0.59215689
0.65882355
0.78431374
0.84313726
0.85882354
0.85490197
0.80784315
0.56862748
0.49803922
0.33725491
0.17254902
0.34117648
0.32549021
0.33725491
0.10196079
0.01176471
0.03529412
0.03921569
0.03529412
0.73725492
0.78039217
0.63137257
0.50588238
0.49019608
0.48235294
0.50588238
0.60392159
0.44705883
0.49411765
0.76862746
0.83137256
0.78823531
0.78431374
0.82745099
0.89803922
0.92156863
0.92156863
0.88235295
0.84705883
0.74901962
0.62352943
0.38039216
0.18039216
0.34509805
0.32549021
0.18431373
0.05098039
0.01960784
0.01568628
0.03529412
0.04705882
0.73333335
0.72549021
0.64705884
0.51372552
0.49411765
0.49019608
0.49803922
0.58823532
0.58039218
0.61960787
0.73725492
0.83137256
0.84313726
0.85882354
0.89411765
0.94509804
0.95294118
0.94509804
0.90588236
0.84705883
0.78823531
0.70980394
0.35686275
0.15686275
0.32941177
0.25882354
0.09019608
0.05490196
0.03137255
0.01960784
0.03529412
0.05098039
0.76470590
0.67450982
0.65490198
0.54901963
0.50980395
0.49411765
0.50196081
0.56078434
0.61568630
0.62352943
0.68627453
0.82352942
0.87450981
0.87843138
0.88235295
0.94509804
0.94901961
0.93725491
0.92549020
0.85490197
0.78431374
0.77254903
0.45882353
0.16078432
0.29411766
0.18039216
0.05490196
0.05882353
0.05098039
0.03137255
0.03529412
0.05490196
0.80392158
0.68627453
0.66666669
0.59215689
0.52941179
0.50588238
0.49803922
0.51764709
0.61960787
0.65882355
0.65882355
0.78823531
0.85098040
0.84705883
0.88627452
0.95294118
0.95686275
0.93333334
0.89019608
0.77254903
0.68627453
0.61960787
0.56862748
0.32941177
0.18431373
0.09411765
0.04705882
0.05882353
0.06274510
0.04313726
0.03921569
0.05882353
0.80784315
0.77647060
0.69411767
0.63921571
0.58431375
0.52941179
0.51764709
0.48235294
0.63137257
0.78039217
0.73333335
0.80000001
0.85098040
0.88235295
0.92156863
0.95294118
0.94509804
0.89411765
0.74117649
0.68627453
0.58823532
0.44705883
0.50588238
0.51372552
0.20784314
0.06666667
0.04313726
0.04705882
0.05098039
0.04705882
0.04313726
0.06274510
0.77647060
0.66666669
0.70980394
0.70588237
0.63921571
0.56470591
0.56470591
0.52156866
0.71372551
0.87843138
0.80784315
0.84705883
0.88627452
0.90980393
0.92549020
0.92156863
0.89803922
0.85882354
0.69411767
0.50196081
0.35294119
0.31764707
0.46666667
0.60000002
0.34117648
0.11764706
0.03529412
0.02352941
0.02745098
0.03137255
0.01960784
0.05490196
0.80000001
0.52941179
0.47843137
0.73333335
0.64705884
0.59607846
0.59215689
0.56862748
0.81960785
0.90588236
0.79215688
0.76470590
0.85098040
0.81568629
0.85098040
0.89019608
0.85882354
0.83137256
0.70980394
0.43529412
0.29411766
0.33333334
0.49803922
0.59215689
0.46666667
0.21960784
0.04313726
0.21176471
0.39215687
0.40392157
0.23137255
0.07843138
0.83529413
0.49411765
0.50196081
0.85098040
0.69803923
0.60784316
0.58431375
0.66666669
0.87843138
0.88235295
0.85490197
0.82745099
0.85490197
0.78431374
0.74901962
0.81568629
0.81176472
0.74117649
0.59607846
0.45098040
0.40392157
0.41568628
0.45882353
0.60000002
0.66274512
0.43137255
0.30196080
0.66666669
0.80784315
0.82745099
0.75294119
0.36862746
0.77254903
0.42352942
0.76470590
0.98431373
0.94117647
0.80784315
0.75294119
0.87843138
0.90980393
0.89019608
0.90196079
0.89803922
0.88627452
0.84313726
0.74901962
0.65882355
0.64313728
0.58431375
0.49803922
0.47843137
0.47058824
0.47450981
0.55294120
0.67058825
0.70980394
0.69803923
0.64705884
0.73725492
0.78823531
0.80392158
0.76862746
0.67450982
0.65490198
0.50196081
0.92941177
0.99607843
1.00000000
0.99215686
0.97254902
0.94901961
0.92941177
0.91764706
0.90980393
0.88235295
0.86666667
0.83137256
0.81568629
0.76470590
0.67450982
0.63529414
0.58823532
0.57647061
0.53333336
0.55686277
0.66274512
0.74509805
0.76078433
0.73725492
0.66666669
0.76078433
0.81176472
0.81568629
0.77647060
0.70980394
0.51372552
0.64313728
0.97254902
0.99215686
0.99607843
0.98431373
0.96862745
0.95294118
0.93333334
0.92549020
0.90196079
0.88235295
0.85098040
0.81176472
0.78823531
0.74117649
0.68235296
0.65882355
0.62745100
0.61176473
0.57254905
0.61568630
0.76862746
0.83137256
0.82352942
0.76078433
0.66666669
0.78823531
0.83529413
0.81960785
0.78823531
0.72549021
0.44705883
0.81960785
0.99215686
0.98431373
0.98823529
0.96470588
0.94901961
0.92549020
0.90588236
0.88235295
0.85882354
0.84313726
0.81960785
0.76470590
0.68627453
0.61568630
0.60784316
0.58431375
0.52549022
0.50196081
0.46666667
0.65098041
0.86666667
0.89019608
0.84705883
0.76470590
0.69411767
0.79607844
0.84313726
0.80784315
0.77647060
0.75294119
0.46274510
0.93333334
0.98431373
0.98039216
0.97254902
0.94901961
0.92156863
0.89411765
0.87843138
0.85098040
0.83529413
0.81176472
0.74117649
0.65098041
0.59607846
0.58431375
0.54509807
0.42745098
0.31764707
0.32941177
0.50588238
0.78823531
0.87450981
0.86666667
0.80000001
0.70588237
0.65882355
0.80392158
0.85098040
0.82352942
0.77254903
0.75294119
0.57647061
0.97254902
0.97254902
0.98823529
0.96470588
0.91764706
0.89803922
0.87450981
0.86274511
0.84313726
0.80000001
0.72549021
0.65098041
0.62745100
0.58823532
0.50196081
0.35294119
0.23921569
0.34901962
0.68627453
0.81960785
0.76862746
0.77647060
0.78039217
0.72549021
0.65490198
0.65490198
0.81960785
0.85882354
0.83137256
0.77647060
0.75294119
0.69411767
0.94901961
0.96862745
0.98431373
0.94901961
0.90588236
0.89411765
0.88235295
0.83137256
0.77254903
0.70196080
0.64705884
0.63137257
0.54509807
0.40392157
0.29411766
0.24313726
0.29019609
0.65490198
0.87450981
0.72941178
0.69019610
0.66666669
0.60392159
0.60392159
0.57254905
0.65098041
0.80392158
0.84313726
0.85490197
0.80000001
0.74117649
0.80000001
0.89411765
0.93725491
0.98039216
0.94901961
0.88627452
0.84313726
0.78039217
0.71372551
0.67058825
0.62352943
0.54117650
0.38823530
0.26666668
0.23921569
0.22745098
0.20392157
0.23529412
0.47450981
0.56862748
0.59607846
0.64313728
0.56470591
0.48235294
0.44705883
0.40392157
0.69803923
0.81568629
0.83921570
0.83921570
0.76470590
0.70980394
0.85882354
0.84313726
0.84705883
0.93333334
0.90588236
0.82352942
0.74117649
0.68235296
0.61960787
0.52549022
0.43529412
0.39215687
0.29411766
0.20784314
0.15686275
0.09803922
0.06666667
0.05490196
0.05882353
0.06274510
0.11764706
0.23921569
0.31372550
0.21568628
0.15294118
0.16470589
0.47450981
0.68235296
0.82352942
0.82352942
0.67843139
0.44705883
0.79607844
0.83529413
0.79215688
0.82745099
0.87450981
0.82745099
0.72549021
0.58823532
0.50588238
0.54117650
0.60000002
0.62745100
0.40000001
0.12549020
0.06274510
0.04705882
0.03529412
0.03137255
0.03921569
0.03921569
0.03137255
0.02352941
0.02745098
0.01960784
0.03137255
0.04313726
0.22352941
0.67843139
0.85098040
0.71372551
0.46274510
0.14509805
0.48235294
0.82352942
0.82745099
0.78039217
0.83529413
0.89019608
0.83921570
0.75686276
0.69803923
0.72941178
0.76862746
0.54509807
0.14509805
0.04705882
0.04313726
0.03529412
0.02745098
0.02745098
0.03137255
0.02745098
0.03137255
0.03529412
0.04313726
0.04313726
0.04313726
0.03529412
0.07450981
0.25882354
0.44313726
0.45490196
0.17254902
0.04313726
0.40000001
0.81568629
0.84313726
0.78431374
0.78431374
0.84705883
0.86274511
0.85490197
0.83529413
0.83137256
0.72941178
0.26666668
0.05490196
0.04313726
0.03921569
0.02745098
0.01960784
0.02352941
0.02352941
0.02352941
0.02745098
0.03921569
0.04313726
0.04313726
0.03921569
0.04313726
0.05490196
0.02745098
0.07450981
0.14509805
0.06666667
0.08627451
0.29803923
0.30196080
0.30196080
0.29411766
0.30980393
0.31764707
0.32941177
0.34509805
0.34117648
0.36862746
0.53333336
0.69411767
0.65490198
0.62352943
0.69019610
0.63529414
0.43137255
0.39607844
0.38039216
0.38823530
0.38039216
0.14117648
0.00000000
0.01960784
0.06666667
0.06274510
0.02352941
0.01176471
0.00000000
0.10980392
0.71764708
0.91764706
0.27843139
0.28235295
0.27843139
0.27450982
0.28627452
0.29803923
0.31372550
0.32156864
0.41176471
0.60000002
0.74509805
0.76862746
0.57647061
0.49019608
0.71372551
0.92156863
0.66666669
0.50196081
0.50980395
0.55294120
0.55294120
0.27058825
0.07058824
0.01176471
0.02352941
0.01176471
0.00392157
0.00784314
0.00392157
0.00000000
0.24705882
0.67058825
0.27058825
0.27450982
0.27450982
0.27450982
0.28627452
0.29411766
0.28235295
0.42352942
0.62745100
0.59215689
0.47450981
0.45490196
0.58823532
0.65882355
0.75294119
0.92941177
0.83529413
0.56078434
0.45098040
0.44705883
0.45490196
0.38431373
0.30196080
0.14509805
0.02745098
0.01568628
0.00784314
0.00392157
0.00000000
0.00000000
0.10196079
0.54509807
0.27843139
0.28235295
0.27058825
0.26274511
0.27058825
0.26666668
0.36470589
0.62745100
0.60392159
0.49411765
0.43921569
0.40392157
0.50196081
0.77647060
0.86666667
0.88627452
0.87843138
0.64313728
0.39215687
0.32156864
0.24313726
0.24313726
0.24313726
0.25490198
0.19215687
0.04705882
0.00000000
0.00392157
0.00392157
0.00000000
0.07058824
0.50980395
0.31372550
0.30588236
0.30196080
0.30980393
0.36470589
0.45098040
0.57647061
0.59607846
0.56862748
0.51372552
0.42745098
0.39607844
0.50196081
0.77647060
0.89019608
0.85882354
0.87058824
0.76862746
0.48235294
0.32549021
0.20784314
0.16470589
0.23137255
0.20392157
0.22352941
0.20784314
0.05098039
0.00000000
0.00392157
0.00000000
0.03137255
0.27843139
0.38039216
0.35686275
0.35294119
0.46666667
0.60784316
0.60392159
0.53333336
0.49019608
0.51764709
0.43137255
0.37647060
0.41960785
0.62745100
0.86666667
0.89803922
0.85098040
0.85882354
0.81568629
0.56470591
0.36470589
0.27058825
0.15686275
0.20392157
0.19607843
0.14509805
0.21960784
0.18431373
0.03921569
0.00392157
0.00000000
0.00784314
0.10196079
0.40000001
0.35686275
0.42352942
0.59607846
0.56470591
0.47450981
0.44705883
0.43137255
0.36862746
0.30980393
0.39215687
0.50588238
0.78431374
0.92156863
0.89411765
0.84705883
0.82352942
0.79607844
0.59607846
0.37647060
0.33333334
0.23137255
0.14901961
0.20000000
0.16470589
0.17647059
0.21176471
0.10588235
0.00000000
0.00392157
0.00392157
0.01176471
0.44313726
0.42745098
0.58039218
0.54509807
0.43921569
0.38039216
0.34117648
0.40784314
0.24705882
0.24313726
0.40000001
0.61960787
0.88627452
0.91372550
0.87058824
0.80784315
0.76862746
0.74901962
0.52941179
0.26274511
0.20784314
0.21176471
0.13333334
0.19607843
0.16470589
0.16078432
0.17647059
0.12941177
0.00784314
0.00784314
0.00392157
0.00784314
0.50196081
0.57254905
0.56470591
0.40000001
0.34901962
0.36078432
0.34509805
0.41568628
0.22352941
0.29411766
0.49803922
0.76862746
0.84313726
0.76862746
0.73725492
0.71764708
0.71372551
0.70588237
0.45882353
0.16470589
0.08627451
0.19607843
0.12941177
0.18823530
0.17647059
0.13725491
0.14509805
0.11764706
0.00784314
0.00784314
0.00000000
0.00000000
0.57254905
0.61960787
0.45098040
0.30196080
0.30588236
0.34901962
0.33725491
0.44313726
0.22352941
0.34117648
0.54509807
0.60000002
0.58431375
0.43137255
0.47843137
0.64705884
0.69803923
0.72156864
0.55294120
0.21568628
0.16078432
0.26666668
0.12549020
0.14117648
0.19215687
0.10588235
0.11764706
0.07843138
0.00000000
0.00392157
0.00000000
0.00392157
0.65098041
0.59215689
0.39607844
0.27450982
0.30196080
0.32549021
0.34117648
0.46666667
0.20784314
0.26666668
0.42745098
0.41176471
0.26274511
0.18823530
0.40000001
0.69019610
0.77647060
0.80000001
0.75686276
0.46666667
0.23921569
0.29019609
0.14509805
0.09803922
0.18039216
0.09411765
0.17254902
0.07843138
0.00000000
0.00392157
0.00000000
0.00000000
0.63529414
0.57647061
0.38823530
0.28627452
0.29411766
0.29803923
0.34117648
0.45098040
0.22745098
0.27450982
0.60000002
0.79607844
0.62745100
0.52941179
0.60784316
0.76862746
0.85882354
0.87843138
0.87450981
0.80000001
0.50196081
0.38823530
0.26666668
0.08627451
0.17254902
0.12941177
0.18431373
0.04313726
0.00000000
0.00392157
0.00000000
0.00000000
0.55686277
0.55294120
0.40392157
0.29411766
0.28235295
0.28235295
0.32156864
0.43137255
0.30196080
0.41960785
0.76470590
0.84313726
0.79215688
0.78039217
0.82745099
0.90196079
0.92941177
0.92156863
0.89411765
0.86666667
0.76470590
0.60392159
0.34509805
0.09411765
0.17254902
0.15686275
0.07843138
0.00392157
0.00392157
0.00784314
0.00392157
0.00392157
0.54509807
0.50196081
0.43137255
0.30980393
0.27843139
0.28235295
0.30588236
0.40784314
0.43137255
0.54117650
0.73333335
0.84313726
0.84705883
0.86274511
0.89803922
0.94901961
0.95686275
0.93725491
0.89411765
0.84705883
0.80784315
0.71372551
0.34509805
0.08235294
0.16078432
0.10980392
0.00784314
0.00000000
0.00392157
0.00784314
0.00392157
0.00392157
0.62352943
0.47450981
0.44705883
0.33725491
0.28235295
0.27450982
0.29411766
0.36862746
0.46666667
0.54901963
0.68627453
0.83921570
0.87843138
0.88235295
0.88627452
0.94901961
0.95294118
0.92941177
0.88235295
0.79215688
0.74117649
0.74117649
0.44313726
0.09803922
0.16470589
0.07843138
0.00000000
0.00000000
0.00000000
0.00784314
0.00392157
0.00392157
0.73333335
0.52156866
0.45882353
0.37647060
0.30196080
0.28235295
0.28235295
0.31764707
0.47058824
0.59215689
0.66274512
0.80392158
0.85490197
0.85098040
0.89019608
0.96078432
0.96470588
0.92941177
0.81568629
0.63921571
0.54901963
0.52156866
0.52156866
0.27843139
0.10980392
0.04705882
0.00392157
0.00000000
0.00392157
0.00784314
0.00392157
0.00784314
0.79607844
0.67843139
0.52941179
0.45098040
0.37647060
0.30588236
0.30588236
0.29411766
0.49803922
0.73333335
0.75686276
0.81960785
0.85490197
0.89411765
0.93725491
0.96470588
0.95686275
0.87058824
0.64313728
0.51764709
0.40000001
0.28235295
0.41568628
0.49803922
0.18823530
0.02352941
0.00392157
0.00392157
0.00392157
0.00392157
0.00392157
0.01176471
0.78431374
0.67843139
0.68627453
0.59215689
0.42745098
0.32156864
0.32941177
0.32156864
0.58823532
0.83137256
0.81176472
0.84313726
0.87843138
0.91764706
0.93333334
0.92941177
0.90196079
0.82745099
0.59215689
0.33725491
0.18039216
0.15686275
0.37254903
0.59215689
0.34117648
0.08235294
0.00000000
0.00000000
0.00000000
0.00000000
0.00000000
0.00000000
0.81960785
0.64705884
0.57647061
0.67058825
0.46274510
0.35686275
0.35294119
0.38431373
0.73725492
0.87058824
0.76862746
0.73725492
0.83529413
0.81568629
0.85098040
0.89019608
0.85882354
0.80392158
0.61568630
0.29411766
0.15294118
0.21176471
0.41960785
0.57647061
0.47058824
0.20784314
0.01960784
0.19215687
0.38823530
0.40784314
0.23529412
0.04705882
0.85882354
0.64705884
0.58823532
0.78823531
0.58823532
0.42352942
0.39215687
0.54901963
0.85882354
0.87843138
0.83921570
0.80784315
0.83921570
0.77254903
0.73725492
0.80392158
0.80392158
0.72156864
0.51372552
0.32941177
0.29803923
0.32156864
0.38823530
0.57647061
0.67058825
0.43529412
0.27843139
0.65882355
0.82745099
0.86666667
0.80392158
0.38823530
0.82352942
0.58431375
0.76862746
0.94117647
0.91372550
0.74117649
0.68235296
0.83529413
0.90980393
0.89411765
0.89803922
0.89411765
0.89019608
0.84313726
0.74117649
0.63921571
0.61568630
0.54901963
0.43921569
0.40000001
0.39607844
0.41568628
0.51372552
0.65882355
0.71372551
0.69803923
0.65098041
0.74901962
0.81960785
0.84705883
0.83921570
0.72941178
0.74117649
0.61960787
0.90196079
0.98039216
1.00000000
0.99215686
0.97254902
0.94509804
0.92549020
0.91764706
0.90980393
0.88235295
0.87843138
0.84313726
0.81568629
0.74509805
0.63921571
0.59215689
0.54509807
0.51764709
0.46666667
0.50980395
0.64705884
0.74901962
0.76078433
0.72941178
0.67843139
0.78431374
0.84313726
0.85490197
0.83529413
0.76862746
0.62745100
0.67843139
0.94901961
0.99215686
0.99607843
0.98431373
0.97254902
0.95294118
0.94117647
0.93725491
0.90980393
0.89019608
0.86666667
0.82352942
0.78823531
0.71764708
0.64705884
0.61568630
0.58039218
0.55294120
0.50588238
0.56470591
0.75294119
0.83529413
0.82352942
0.75294119
0.66666669
0.80000001
0.85490197
0.85098040
0.83137256
0.76862746
0.59607846
0.78431374
0.95294118
0.99607843
0.99607843
0.97647059
0.95686275
0.93725491
0.92156863
0.90196079
0.87450981
0.86274511
0.84313726
0.78039217
0.68627453
0.59607846
0.57254905
0.53725493
0.47450981
0.43921569
0.39607844
0.60000002
0.84705883
0.89411765
0.85098040
0.75686276
0.69019610
0.80000001
0.85490197
0.83137256
0.80784315
0.78431374
0.60392159
0.84313726
0.94901961
0.99215686
0.97647059
0.96078432
0.94117647
0.91764706
0.89411765
0.87058824
0.85098040
0.82745099
0.74901962
0.64313728
0.58039218
0.56078434
0.50980395
0.38039216
0.26666668
0.27058825
0.45098040
0.74509805
0.85098040
0.86666667
0.80000001
0.69019610
0.64705884
0.80000001
0.85490197
0.83921570
0.80392158
0.78431374
0.65490198
0.83921570
0.94509804
0.98823529
0.94901961
0.92156863
0.92156863
0.90980393
0.88627452
0.85882354
0.80784315
0.72941178
0.63529414
0.59215689
0.54901963
0.46666667
0.31764707
0.19607843
0.30196080
0.63137257
0.76470590
0.71372551
0.73725492
0.76862746
0.71372551
0.63137257
0.64705884
0.81960785
0.87058824
0.85098040
0.81176472
0.79215688
0.69019610
0.81568629
0.91764706
0.96862745
0.93725491
0.90588236
0.90196079
0.90196079
0.85098040
0.78431374
0.69803923
0.63137257
0.59607846
0.49803922
0.35686275
0.24705882
0.19607843
0.24705882
0.59607846
0.79607844
0.63921571
0.61176473
0.61960787
0.58431375
0.58039218
0.54509807
0.65098041
0.81568629
0.86274511
0.88627452
0.82745099
0.76862746
0.69411767
0.76078433
0.85882354
0.95686275
0.94117647
0.88235295
0.83921570
0.78039217
0.70980394
0.64705884
0.57254905
0.45882353
0.31372550
0.21176471
0.17647059
0.16078432
0.14117648
0.18431373
0.41568628
0.49411765
0.50980395
0.56078434
0.50588238
0.44705883
0.40784314
0.36470589
0.68235296
0.80392158
0.83921570
0.85098040
0.78431374
0.72941178
0.70980394
0.71372551
0.73725492
0.89803922
0.90980393
0.81176472
0.71764708
0.64313728
0.54509807
0.42745098
0.31372550
0.24705882
0.18823530
0.14117648
0.09019608
0.03137255
0.00392157
0.00000000
0.00784314
0.01568628
0.07450981
0.18039216
0.25490198
0.17254902
0.10588235
0.11372549
0.43137255
0.64313728
0.80000001
0.81568629
0.69019610
0.45490196
0.69019610
0.68627453
0.64705884
0.74901962
0.83137256
0.74901962
0.60784316
0.43529412
0.30980393
0.33333334
0.40784314
0.46274510
0.29411766
0.06274510
0.00784314
0.00000000
0.00000000
0.00000000
0.00000000
0.00000000
0.00000000
0.00000000
0.00000000
0.00000000
0.00000000
0.00784314
0.17254902
0.63921571
0.83529413
0.71764708
0.47058824
0.12549020
0.36862746
0.66666669
0.67058825
0.63137257
0.67843139
0.72156864
0.65882355
0.56862748
0.49803922
0.52941179
0.59215689
0.41568628
0.06666667
0.00000000
0.00392157
0.00000000
0.00000000
0.00000000
0.00000000
0.00000000
0.00000000
0.00784314
0.00784314
0.00784314
0.01176471
0.00000000
0.03137255
0.22352941
0.42745098
0.45490196
0.17647059
0.01176471
0.33333334
0.71764708
0.72941178
0.65490198
0.63921571
0.69803923
0.71764708
0.70588237
0.65882355
0.65490198
0.58431375
0.17254902
0.00392157
0.00392157
0.00392157
0.00392157
0.00392157
0.00000000
0.00000000
0.00000000
0.00000000
0.00392157
0.00784314
0.00392157
0.00392157
0.00784314
0.01568628
0.00000000
0.05098039
0.12941177
0.05098039
0.04313726
0.30588236
0.30588236
0.30196080
0.29411766
0.30588236
0.30588236
0.32941177
0.37254903
0.37254903
0.37254903
0.50980395
0.65098041
0.58823532
0.57647061
0.68627453
0.62745100
0.41960785
0.38039216
0.36078432
0.36862746
0.36470589
0.16862746
0.06274510
0.09411765
0.13333334
0.11764706
0.07843138
0.06274510
0.04705882
0.14901961
0.74901962
0.94117647
0.28627452
0.28235295
0.27843139
0.27450982
0.29019609
0.30588236
0.31764707
0.31764707
0.39607844
0.56470591
0.67450982
0.67058825
0.44313726
0.38823530
0.67843139
0.91372550
0.65882355
0.42352942
0.40784314
0.46274510
0.48627451
0.25098041
0.09803922
0.08235294
0.12549020
0.11764706
0.09803922
0.08627451
0.07058824
0.05098039
0.30980393
0.74117649
0.27843139
0.27450982
0.27450982
0.27058825
0.29803923
0.32156864
0.29019609
0.38823530
0.52941179
0.48627451
0.36470589
0.33333334
0.46666667
0.59215689
0.73725492
0.92549020
0.82745099
0.47843137
0.32156864
0.30980393
0.34901962
0.30980393
0.27450982
0.18431373
0.11764706
0.12549020
0.11372549
0.09019608
0.06666667
0.04705882
0.18823530
0.64705884
0.28627452
0.27450982
0.27058825
0.27058825
0.30196080
0.30588236
0.34509805
0.51372552
0.45882353
0.37647060
0.30980393
0.26274511
0.40000001
0.73725492
0.87058824
0.90196079
0.87843138
0.61568630
0.32156864
0.22745098
0.17647059
0.19607843
0.19607843
0.22352941
0.20784314
0.12156863
0.10980392
0.10588235
0.07058824
0.03529412
0.17647059
0.63529414
0.31764707
0.30588236
0.31372550
0.31372550
0.34509805
0.40392157
0.48235294
0.44705883
0.40392157
0.39607844
0.29019609
0.25882354
0.41960785
0.74509805
0.89803922
0.87843138
0.87843138
0.76078433
0.42745098
0.25098041
0.16470589
0.15686275
0.20392157
0.14901961
0.19215687
0.23137255
0.12941177
0.08235294
0.06666667
0.03137255
0.18823530
0.47843137
0.38039216
0.36862746
0.36078432
0.43529412
0.50980395
0.45098040
0.37647060
0.35686275
0.36470589
0.30980393
0.23921569
0.30196080
0.58039218
0.84705883
0.90196079
0.87058824
0.87058824
0.81176472
0.50588238
0.28235295
0.21960784
0.14509805
0.19215687
0.16470589
0.10588235
0.20000000
0.20784314
0.08235294
0.05490196
0.04705882
0.15294118
0.28235295
0.39607844
0.36078432
0.38823530
0.50196081
0.43137255
0.32549021
0.30588236
0.31764707
0.27843139
0.23529412
0.27058825
0.39215687
0.75294119
0.92156863
0.90196079
0.86274511
0.83921570
0.80392158
0.54117650
0.28627452
0.25882354
0.19607843
0.13333334
0.18431373
0.13725491
0.14117648
0.21568628
0.14509805
0.06666667
0.08627451
0.09019608
0.08235294
0.41176471
0.38431373
0.48235294
0.41176471
0.31764707
0.27843139
0.24313726
0.30588236
0.20784314
0.18823530
0.29411766
0.54117650
0.87450981
0.90980393
0.86274511
0.81176472
0.78431374
0.74901962
0.48235294
0.19607843
0.17254902
0.18823530
0.11372549
0.18039216
0.13725491
0.13725491
0.16470589
0.16078432
0.08627451
0.11372549
0.06666667
0.03921569
0.42745098
0.46666667
0.43137255
0.27450982
0.25490198
0.28627452
0.25098041
0.30980393
0.18039216
0.20784314
0.38039216
0.71372551
0.83921570
0.76078433
0.72156864
0.71764708
0.72941178
0.70196080
0.43137255
0.14117648
0.10196079
0.19607843
0.11764706
0.16862746
0.14509805
0.12941177
0.12549020
0.12941177
0.05882353
0.07450981
0.04313726
0.03137255
0.47450981
0.49803922
0.32549021
0.20000000
0.23137255
0.28235295
0.24313726
0.33333334
0.17647059
0.25882354
0.42745098
0.52156866
0.56862748
0.43529412
0.47450981
0.65098041
0.72156864
0.74509805
0.56862748
0.20784314
0.14509805
0.23137255
0.11764706
0.14117648
0.17254902
0.10588235
0.11764706
0.08627451
0.01960784
0.01960784
0.01176471
0.01568628
0.52156866
0.44705883
0.28627452
0.20392157
0.24705882
0.26666668
0.24313726
0.34509805
0.16470589
0.21568628
0.34901962
0.36078432
0.26274511
0.20000000
0.40000001
0.69411767
0.78823531
0.81176472
0.78431374
0.48235294
0.20784314
0.23529412
0.13725491
0.11372549
0.17647059
0.09803922
0.18039216
0.08627451
0.01568628
0.02745098
0.01960784
0.01960784
0.48235294
0.41960785
0.28235295
0.23137255
0.25882354
0.25098041
0.25098041
0.32941177
0.16470589
0.22352941
0.54901963
0.77647060
0.63529414
0.53725493
0.60392159
0.76862746
0.86274511
0.86666667
0.89019608
0.82352942
0.47843137
0.32941177
0.26274511
0.11372549
0.17254902
0.13333334
0.19215687
0.06666667
0.04705882
0.05098039
0.03921569
0.04313726
0.40000001
0.41176471
0.31372550
0.24313726
0.24705882
0.24705882
0.24705882
0.32549021
0.23137255
0.38431373
0.76078433
0.86274511
0.80784315
0.78823531
0.83137256
0.90980393
0.93333334
0.92941177
0.90588236
0.87450981
0.75686276
0.58039218
0.36078432
0.11764706
0.16078432
0.14901961
0.09019608
0.04705882
0.05098039
0.01176471
0.02352941
0.05098039
0.38823530
0.36078432
0.34509805
0.25882354
0.23921569
0.24705882
0.24313726
0.31372550
0.35686275
0.50588238
0.72941178
0.85882354
0.86274511
0.87058824
0.90588236
0.95686275
0.96470588
0.94509804
0.90196079
0.85490197
0.82352942
0.72156864
0.38431373
0.11764706
0.14901961
0.09803922
0.02745098
0.04705882
0.04705882
0.01568628
0.03529412
0.06666667
0.50588238
0.35294119
0.36862746
0.28235295
0.23529412
0.23921569
0.24313726
0.29019609
0.38823530
0.49803922
0.66666669
0.84705883
0.88627452
0.89019608
0.89411765
0.95686275
0.96470588
0.94509804
0.87843138
0.78039217
0.74901962
0.75686276
0.49411765
0.14901961
0.16862746
0.08235294
0.03137255
0.04705882
0.04705882
0.03529412
0.05098039
0.07450981
0.67058825
0.43137255
0.38039216
0.30980393
0.24705882
0.24313726
0.24313726
0.25098041
0.39215687
0.53333336
0.63529414
0.80000001
0.86274511
0.85882354
0.90196079
0.96470588
0.97647059
0.94901961
0.79607844
0.59215689
0.52156866
0.51372552
0.56078434
0.33333334
0.13333334
0.08627451
0.05490196
0.04313726
0.05098039
0.05490196
0.06274510
0.08627451
0.76470590
0.60392159
0.46274510
0.39215687
0.31372550
0.27843139
0.27450982
0.23137255
0.43529412
0.67843139
0.71764708
0.81176472
0.86666667
0.90588236
0.94509804
0.97647059
0.96470588
0.86274511
0.59215689
0.45882353
0.38431373
0.29019609
0.42745098
0.50980395
0.21568628
0.07843138
0.05490196
0.05098039
0.05490196
0.05490196
0.07058824
0.09019608
0.76470590
0.65882355
0.67058825
0.55294120
0.36470589
0.28627452
0.28235295
0.25098041
0.52941179
0.77647060
0.76078433
0.82352942
0.87843138
0.92549020
0.94117647
0.93333334
0.90980393
0.82352942
0.56470591
0.31372550
0.18431373
0.17254902
0.36862746
0.58823532
0.36470589
0.13725491
0.04705882
0.03921569
0.04705882
0.05098039
0.05098039
0.08235294
0.80784315
0.70196080
0.63921571
0.65490198
0.41176471
0.30588236
0.29019609
0.30980393
0.67450982
0.81960785
0.72941178
0.71372551
0.82352942
0.81176472
0.84705883
0.88627452
0.85490197
0.80392158
0.61568630
0.29803923
0.16078432
0.21176471
0.41568628
0.57647061
0.49411765
0.25490198
0.06666667
0.23921569
0.42745098
0.44705883
0.28627452
0.12156863
0.85098040
0.76078433
0.69803923
0.78431374
0.55294120
0.37254903
0.32549021
0.47843137
0.81568629
0.85098040
0.82352942
0.80000001
0.83137256
0.76078433
0.72549021
0.79607844
0.78823531
0.70196080
0.50980395
0.32941177
0.27843139
0.30196080
0.38039216
0.58039218
0.69411767
0.47843137
0.32549021
0.69803923
0.86274511
0.89411765
0.83921570
0.44313726
0.84705883
0.72941178
0.83529413
0.93725491
0.89411765
0.71372551
0.64705884
0.80000001
0.89019608
0.88627452
0.89019608
0.89019608
0.88627452
0.83921570
0.72941178
0.62745100
0.60392159
0.52549022
0.41960785
0.37647060
0.36078432
0.38039216
0.50196081
0.66666669
0.72156864
0.71372551
0.68235296
0.78039217
0.84313726
0.86666667
0.85098040
0.76470590
0.80000001
0.75294119
0.92156863
0.97647059
0.98431373
0.97254902
0.95294118
0.93333334
0.92549020
0.91764706
0.90980393
0.88235295
0.87843138
0.84313726
0.80784315
0.72941178
0.62745100
0.58431375
0.52941179
0.49411765
0.43921569
0.48235294
0.63137257
0.75294119
0.76078433
0.72549021
0.69803923
0.80784315
0.86274511
0.87058824
0.84313726
0.79607844
0.72549021
0.74901962
0.94117647
0.98823529
0.98431373
0.97254902
0.95686275
0.94509804
0.94901961
0.94509804
0.91764706
0.89803922
0.87058824
0.81960785
0.78039217
0.70588237
0.63921571
0.61176473
0.57254905
0.54117650
0.48627451
0.54117650
0.73725492
0.83921570
0.82745099
0.74901962
0.68235296
0.81568629
0.86666667
0.85882354
0.83921570
0.80000001
0.73725492
0.79215688
0.92549020
0.99215686
0.99607843
0.97254902
0.95294118
0.93725491
0.93333334
0.91764706
0.89019608
0.87843138
0.84705883
0.77647060
0.67843139
0.58431375
0.56470591
0.54509807
0.47843137
0.43921569
0.38823530
0.58039218
0.83137256
0.89803922
0.85098040
0.75294119
0.69803923
0.80784315
0.86274511
0.83137256
0.81568629
0.82352942
0.74509805
0.80392158
0.92549020
0.99215686
0.98039216
0.96470588
0.95294118
0.92941177
0.90980393
0.88235295
0.86274511
0.83529413
0.75294119
0.64313728
0.57647061
0.54901963
0.50196081
0.38823530
0.28235295
0.28627452
0.44705883
0.72549021
0.83921570
0.87450981
0.80392158
0.69019610
0.65490198
0.80784315
0.86274511
0.84313726
0.80784315
0.81568629
0.75294119
0.78431374
0.92941177
0.98823529
0.94901961
0.92941177
0.93725491
0.92549020
0.89803922
0.86666667
0.80784315
0.72156864
0.62745100
0.58823532
0.54509807
0.45882353
0.30588236
0.19215687
0.31372550
0.63921571
0.73333335
0.67843139
0.72549021
0.77254903
0.71372551
0.62745100
0.65490198
0.83137256
0.87450981
0.85098040
0.80784315
0.80784315
0.73333335
0.76470590
0.89411765
0.96862745
0.94117647
0.90588236
0.90588236
0.90196079
0.84705883
0.77254903
0.68235296
0.61176473
0.58039218
0.49019608
0.35294119
0.24705882
0.20000000
0.25490198
0.60392159
0.78039217
0.57647061
0.55686277
0.60000002
0.57647061
0.57254905
0.53333336
0.65490198
0.81960785
0.86274511
0.88627452
0.82745099
0.78823531
0.67450982
0.71764708
0.83137256
0.94509804
0.94509804
0.87843138
0.82745099
0.76078433
0.69019610
0.62745100
0.55294120
0.43921569
0.30588236
0.21568628
0.20000000
0.20784314
0.19215687
0.22352941
0.45490196
0.51372552
0.49411765
0.53333336
0.50588238
0.46666667
0.42745098
0.37254903
0.69411767
0.81960785
0.84705883
0.85490197
0.78431374
0.75294119
0.65098041
0.66274512
0.70588237
0.87450981
0.90980393
0.80392158
0.69803923
0.61960787
0.52549022
0.40784314
0.29411766
0.23137255
0.19607843
0.18039216
0.14901961
0.10980392
0.08235294
0.06666667
0.08235294
0.09019608
0.12549020
0.20392157
0.28235295
0.21568628
0.15294118
0.14901961
0.45098040
0.66274512
0.81568629
0.83137256
0.70196080
0.48627451
0.63137257
0.61176473
0.60784316
0.70588237
0.80000001
0.72156864
0.58039218
0.41176471
0.28627452
0.29803923
0.36862746
0.43529412
0.30980393
0.11764706
0.07843138
0.06274510
0.04313726
0.05882353
0.09019608
0.09019608
0.06274510
0.03529412
0.03921569
0.03529412
0.04705882
0.04705882
0.19215687
0.65882355
0.85882354
0.74117649
0.49019608
0.18039216
0.35294119
0.61568630
0.62745100
0.56862748
0.62352943
0.66274512
0.58823532
0.50196081
0.45490196
0.48627451
0.56078434
0.40784314
0.09019608
0.04705882
0.06274510
0.05882353
0.03529412
0.03137255
0.04705882
0.05098039
0.04313726
0.06274510
0.08235294
0.08235294
0.08627451
0.07058824
0.08627451
0.27058825
0.45490196
0.47058824
0.18431373
0.05882353
0.32941177
0.68627453
0.69019610
0.58039218
0.55686277
0.61176473
0.61960787
0.60784316
0.59607846
0.61176473
0.57254905
0.20392157
0.04705882
0.05098039
0.06666667
0.05882353
0.03529412
0.01960784
0.01568628
0.02352941
0.05098039
0.08235294
0.09803922
0.09411765
0.09019608
0.09411765
0.09411765
0.06274510
0.10196079
0.16862746
0.08627451
0.10980392
1 0 0 0 0 -1 0 0 0 0 0
0 1 0 0 0 -1 0 0 0 0 0
0 0 1 0 0 -1 0 0 0 0 0
0 0 0 1 0 -1 0 0 0 0 0
0 0 0 0 1 -1 0 0 0 0 0
0 0 0 0 0 -1 1 0 0 0 0
0 0 0 0 0 -1 0 1 0 0 0
0 0 0 0 0 -1 0 0 1 0 0
0 0 0 0 0 -1 0 0 0 1 0
