0.97647059
0.98039216
0.99215686
0.98823529
0.98823529
0.98823529
0.98823529
0.98823529
0.98823529
0.98823529
0.98823529
0.98823529
0.98823529
0.98823529
0.98823529
0.98823529
0.98823529
0.98823529
0.98823529
0.98823529
0.98823529
0.98823529
0.98823529
0.98823529
0.98823529
0.98823529
0.98823529
0.98823529
0.98431373
0.96862745
0.96078432
0.95294118
0.97254902
0.97254902
0.98431373
0.98431373
0.98431373
0.98431373
0.98431373
0.98431373
0.98431373
0.98431373
0.98431373
0.98431373
0.98431373
0.98431373
0.98431373
0.98431373
0.98431373
0.98431373
0.98431373
0.98431373
0.98431373
0.98431373
0.98431373
0.98431373
0.98431373
0.98431373
0.98431373
0.98431373
0.98039216
0.94901961
0.92941177
0.92941177
0.97254902
0.96078432
0.97254902
0.98431373
0.98431373
0.98823529
0.98431373
0.98823529
0.98823529
0.98431373
0.98431373
0.98823529
0.99215686
0.99215686
0.99215686
0.99215686
0.99215686
0.99215686
0.99215686
0.99215686
0.98823529
0.98823529
0.98823529
0.98823529
0.98823529
0.98823529
0.98823529
0.98823529
0.98431373
0.96078432
0.94509804
0.94117647
0.95686275
0.96470588
0.96862745
0.98039216
0.98431373
0.99215686
0.99607843
0.98039216
0.96862745
1.00000000
1.00000000
0.98823529
0.98431373
0.98823529
0.98823529
0.98823529
0.98823529
0.98823529
0.99215686
0.98431373
0.98823529
0.99215686
0.98823529
0.98823529
0.98823529
0.98823529
0.98823529
0.98823529
0.98431373
0.96862745
0.96470588
0.95686275
0.77647060
0.75686276
0.78823531
0.83137256
0.89803922
0.91764706
0.88627452
0.79607844
0.72549021
0.82745099
0.89019608
0.96078432
0.98823529
0.97647059
0.98039216
0.98431373
0.98431373
0.98431373
0.99215686
0.98431373
0.98039216
0.98431373
0.98823529
0.98823529
0.98823529
0.98823529
0.98823529
0.98823529
0.98431373
0.96078432
0.93725491
0.92156863
0.37254903
0.31372550
0.37254903
0.42745098
0.50588238
0.58823532
0.63921571
0.58823532
0.54509807
0.57254905
0.62745100
0.76078433
0.89411765
0.95294118
0.97254902
0.98823529
0.98431373
0.97254902
0.95686275
0.96078432
0.98039216
0.97647059
0.97647059
0.98431373
0.98823529
0.98823529
0.99215686
0.99215686
0.98431373
0.94509804
0.92549020
0.90588236
0.23137255
0.20392157
0.20392157
0.22745098
0.22745098
0.40000001
0.63921571
0.63921571
0.67843139
0.72941178
0.74117649
0.75686276
0.78431374
0.85882354
0.91764706
0.94509804
0.96078432
0.86274511
0.62745100
0.65098041
0.80392158
0.92156863
0.96862745
0.98039216
0.98431373
0.98039216
0.98431373
0.98823529
0.97647059
0.96862745
0.96862745
0.95686275
0.23529412
0.23921569
0.22352941
0.20784314
0.35294119
0.60000002
0.70196080
0.74901962
0.78823531
0.79215688
0.81176472
0.80784315
0.60784316
0.52156866
0.68627453
0.82352942
0.81568629
0.63137257
0.36470589
0.32941177
0.35686275
0.63921571
0.92156863
0.95686275
0.98039216
0.94509804
0.85098040
0.87450981
0.96470588
0.98823529
0.98039216
0.96078432
0.21960784
0.22352941
0.21568628
0.24313726
0.65490198
0.81176472
0.71372551
0.65882355
0.54509807
0.56470591
0.70196080
0.75294119
0.57254905
0.45098040
0.60000002
0.76470590
0.73333335
0.44705883
0.33333334
0.34901962
0.32549021
0.38039216
0.56078434
0.70196080
0.80784315
0.69411767
0.58039218
0.56862748
0.68627453
0.89019608
0.88627452
0.87450981
0.31372550
0.31372550
0.30196080
0.44313726
0.63921571
0.58823532
0.43921569
0.31764707
0.35294119
0.41176471
0.45098040
0.49019608
0.47450981
0.59607846
0.71372551
0.74117649
0.72156864
0.53725493
0.60000002
0.68627453
0.61176473
0.34117648
0.32549021
0.39607844
0.43529412
0.39215687
0.38431373
0.39607844
0.34901962
0.43529412
0.41568628
0.42352942
0.29411766
0.32549021
0.34509805
0.41960785
0.34509805
0.25490198
0.21960784
0.25490198
0.45882353
0.41960785
0.30588236
0.26274511
0.32156864
0.59607846
0.76862746
0.77254903
0.75294119
0.64705884
0.56470591
0.58823532
0.54509807
0.51372552
0.45098040
0.38039216
0.33333334
0.34901962
0.35686275
0.34901962
0.37647060
0.36862746
0.30588236
0.20392157
0.20784314
0.22745098
0.22745098
0.35686275
0.40392157
0.32156864
0.34509805
0.39607844
0.53333336
0.39215687
0.29803923
0.25882354
0.31764707
0.59215689
0.76470590
0.76862746
0.76862746
0.63529414
0.38039216
0.39215687
0.51372552
0.51372552
0.55686277
0.54117650
0.47843137
0.43137255
0.41176471
0.39607844
0.43137255
0.44705883
0.38431373
0.35294119
0.21176471
0.21568628
0.23529412
0.41568628
0.43921569
0.33725491
0.32941177
0.39215687
0.53725493
0.34901962
0.29019609
0.26666668
0.29803923
0.56470591
0.76078433
0.74509805
0.73725492
0.66666669
0.47450981
0.47058824
0.54117650
0.52156866
0.51372552
0.53725493
0.54117650
0.47843137
0.38431373
0.32941177
0.30980393
0.35294119
0.34509805
0.35686275
0.19215687
0.21960784
0.24705882
0.42745098
0.41568628
0.32941177
0.30196080
0.40392157
0.54509807
0.32156864
0.25098041
0.24313726
0.28235295
0.56078434
0.74117649
0.61960787
0.68627453
0.66274512
0.38039216
0.43529412
0.52156866
0.45098040
0.36470589
0.38039216
0.45098040
0.51764709
0.50588238
0.41568628
0.31372550
0.27843139
0.31372550
0.30196080
0.18039216
0.19215687
0.24705882
0.42745098
0.40000001
0.30588236
0.27450982
0.39215687
0.58039218
0.38431373
0.36078432
0.28627452
0.44313726
0.66274512
0.58823532
0.56078434
0.74509805
0.67450982
0.32941177
0.30980393
0.44705883
0.42745098
0.43529412
0.43921569
0.48235294
0.49411765
0.48627451
0.45098040
0.47058824
0.36078432
0.30196080
0.29411766
0.18039216
0.18431373
0.24313726
0.38039216
0.32549021
0.27843139
0.23921569
0.34117648
0.63137257
0.58431375
0.46274510
0.54117650
0.63137257
0.54509807
0.55294120
0.69019610
0.75294119
0.67843139
0.36470589
0.32941177
0.41960785
0.29803923
0.34509805
0.41960785
0.49019608
0.44705883
0.36862746
0.33333334
0.40000001
0.50588238
0.45490196
0.34117648
0.16862746
0.20392157
0.36078432
0.45882353
0.42352942
0.40392157
0.36470589
0.43921569
0.65490198
0.66274512
0.54509807
0.62745100
0.52156866
0.49411765
0.45098040
0.65098041
0.74509805
0.68235296
0.36078432
0.26666668
0.39215687
0.18823530
0.15294118
0.19215687
0.28235295
0.39607844
0.39215687
0.40000001
0.32941177
0.33333334
0.47058824
0.48235294
0.15294118
0.16078432
0.49019608
0.72156864
0.69803923
0.69411767
0.69019610
0.65882355
0.65490198
0.69019610
0.68627453
0.63137257
0.66274512
0.61176473
0.31372550
0.58431375
0.74509805
0.69411767
0.41960785
0.33725491
0.41568628
0.29803923
0.29803923
0.33725491
0.32156864
0.38431373
0.47058824
0.52549022
0.49019608
0.45098040
0.41960785
0.49411765
0.16078432
0.14901961
0.31764707
0.47058824
0.52156866
0.57254905
0.60784316
0.56862748
0.61176473
0.63921571
0.61960787
0.67450982
0.73333335
0.70980394
0.60784316
0.64313728
0.67450982
0.64705884
0.54901963
0.52549022
0.50196081
0.57254905
0.62352943
0.60784316
0.54509807
0.56862748
0.58431375
0.56470591
0.54117650
0.50980395
0.41568628
0.39607844
0.18823530
0.20000000
0.27450982
0.26274511
0.23137255
0.25882354
0.35686275
0.56078434
0.62745100
0.61960787
0.59607846
0.64313728
0.65882355
0.56862748
0.50588238
0.46274510
0.42745098
0.41176471
0.33725491
0.36078432
0.46274510
0.43921569
0.41568628
0.37254903
0.36078432
0.32156864
0.28235295
0.25882354
0.22352941
0.21176471
0.15294118
0.18039216
0.34117648
0.35686275
0.39215687
0.30588236
0.26274511
0.36078432
0.47843137
0.63137257
0.61568630
0.53333336
0.58823532
0.66274512
0.40784314
0.21960784
0.18039216
0.20784314
0.24705882
0.28235295
0.27450982
0.21568628
0.29411766
0.18431373
0.10196079
0.09411765
0.15294118
0.14901961
0.18431373
0.23921569
0.29019609
0.34509805
0.30588236
0.25490198
0.44313726
0.45098040
0.36862746
0.22352941
0.21960784
0.27058825
0.41176471
0.46666667
0.50196081
0.57254905
0.59215689
0.55686277
0.19215687
0.09803922
0.09411765
0.11764706
0.20784314
0.19215687
0.18039216
0.17254902
0.25098041
0.21568628
0.23529412
0.30196080
0.34901962
0.36862746
0.41960785
0.44313726
0.48627451
0.48235294
0.32156864
0.27058825
0.45882353
0.45882353
0.32941177
0.16078432
0.16470589
0.19215687
0.22352941
0.24705882
0.31764707
0.36862746
0.30196080
0.24705882
0.14509805
0.20784314
0.20784314
0.12941177
0.20392157
0.31372550
0.37647060
0.43921569
0.52156866
0.54117650
0.54117650
0.54117650
0.45882353
0.38431373
0.37254903
0.37254903
0.43921569
0.42352942
0.12549020
0.16470589
0.47450981
0.47058824
0.39607844
0.21568628
0.14117648
0.17254902
0.17647059
0.18039216
0.18823530
0.18039216
0.18039216
0.17254902
0.19215687
0.41960785
0.38431373
0.16470589
0.19215687
0.49019608
0.60392159
0.54509807
0.50588238
0.48235294
0.45490196
0.43921569
0.40000001
0.35686275
0.34509805
0.36470589
0.38823530
0.39607844
0.28235295
0.24705882
0.44705883
0.43921569
0.46274510
0.47058824
0.36078432
0.33725491
0.28235295
0.21568628
0.20392157
0.23529412
0.21960784
0.14509805
0.23137255
0.47843137
0.45882353
0.20392157
0.16862746
0.34509805
0.38431373
0.36078432
0.35686275
0.36078432
0.37647060
0.39607844
0.40784314
0.40784314
0.41568628
0.44313726
0.48235294
0.51372552
0.54509807
0.56078434
0.43137255
0.42352942
0.40784314
0.41568628
0.43137255
0.50980395
0.54901963
0.54509807
0.35686275
0.18823530
0.18039216
0.10588235
0.22352941
0.39607844
0.40392157
0.19215687
0.14117648
0.26666668
0.34117648
0.36862746
0.38823530
0.41568628
0.44705883
0.48235294
0.51372552
0.53725493
0.56470591
0.58823532
0.61176473
0.62745100
0.63921571
0.63921571
0.51764709
0.50588238
0.49019608
0.45098040
0.40392157
0.36862746
0.38039216
0.42745098
0.26274511
0.10588235
0.11764706
0.10196079
0.17254902
0.25882354
0.27058825
0.23137255
0.27843139
0.38039216
0.44705883
0.49411765
0.52941179
0.55686277
0.58431375
0.60392159
0.61960787
0.62745100
0.63529414
0.64705884
0.65490198
0.66666669
0.67058825
0.66666669
0.61568630
0.58823532
0.56078434
0.51764709
0.43137255
0.33333334
0.23921569
0.19607843
0.17254902
0.17254902
0.19215687
0.20784314
0.23921569
0.29803923
0.36470589
0.44705883
0.50980395
0.55294120
0.57647061
0.60000002
0.62352943
0.63529414
0.63921571
0.64313728
0.65098041
0.65490198
0.65882355
0.66666669
0.68235296
0.69411767
0.69803923
0.69803923
0.60392159
0.57647061
0.55686277
0.54509807
0.52549022
0.49019608
0.43921569
0.40392157
0.39215687
0.41568628
0.46274510
0.50196081
0.52156866
0.55686277
0.58431375
0.60000002
0.61176473
0.62352943
0.63137257
0.64313728
0.64705884
0.65490198
0.65490198
0.65490198
0.66666669
0.67843139
0.69019610
0.69803923
0.70196080
0.70588237
0.71372551
0.71372551
0.58431375
0.58431375
0.58431375
0.58431375
0.58039218
0.57647061
0.57647061
0.57254905
0.57254905
0.58431375
0.60000002
0.60784316
0.61568630
0.62352943
0.61960787
0.62352943
0.63137257
0.63921571
0.64313728
0.64705884
0.65882355
0.66666669
0.67843139
0.68627453
0.69803923
0.70588237
0.70980394
0.71372551
0.71372551
0.71372551
0.71372551
0.71764708
0.58039218
0.57647061
0.59215689
0.61176473
0.61176473
0.60784316
0.60784316
0.60784316
0.61568630
0.62352943
0.62745100
0.63137257
0.63529414
0.63921571
0.63921571
0.63529414
0.63529414
0.63921571
0.64313728
0.66274512
0.68235296
0.69019610
0.69803923
0.70588237
0.70980394
0.70980394
0.71372551
0.70980394
0.71372551
0.71764708
0.71764708
0.71764708
0.58431375
0.57647061
0.58039218
0.59215689
0.60784316
0.61960787
0.62352943
0.62352943
0.62745100
0.63529414
0.64313728
0.64705884
0.64705884
0.64313728
0.64705884
0.65098041
0.65882355
0.66666669
0.67450982
0.67843139
0.68627453
0.69019610
0.69411767
0.69803923
0.70196080
0.70588237
0.70980394
0.70196080
0.70588237
0.71764708
0.71764708
0.71764708
0.99215686
0.98431373
0.98431373
0.98431373
0.98823529
0.98823529
0.98823529
0.98823529
0.98823529
0.98823529
0.98823529
0.98823529
0.98823529
0.98823529
0.98823529
0.98823529
0.98823529
0.98823529
0.98823529
0.98823529
0.98823529
0.98823529
0.98823529
0.98823529
0.98823529
0.98823529
0.98823529
0.98823529
0.98823529
0.98039216
0.97647059
0.98039216
0.99215686
0.98039216
0.98039216
0.98431373
0.98431373
0.98431373
0.98431373
0.98431373
0.98431373
0.98431373
0.98431373
0.98431373
0.98431373
0.98431373
0.98431373
0.98431373
0.98431373
0.98431373
0.98431373
0.98431373
0.98431373
0.98431373
0.98431373
0.98431373
0.98431373
0.98431373
0.98431373
0.98431373
0.98431373
0.97647059
0.96862745
0.97254902
1.00000000
0.98039216
0.98431373
0.98431373
0.98431373
0.98823529
0.98431373
0.98823529
0.98823529
0.98431373
0.98431373
0.98823529
0.99215686
0.99215686
0.99215686
0.99215686
0.99215686
0.99215686
0.99215686
0.99215686
0.98823529
0.98823529
0.98823529
0.98823529
0.98823529
0.98823529
0.98823529
0.98823529
0.98823529
0.98823529
0.98431373
0.98431373
0.99607843
0.99215686
0.98823529
0.98823529
0.98431373
0.99215686
0.99607843
0.97647059
0.96470588
1.00000000
1.00000000
0.98823529
0.98431373
0.98823529
0.98823529
0.98823529
0.98823529
0.98823529
0.99215686
0.98823529
0.98823529
0.98823529
0.98823529
0.98823529
0.98823529
0.98823529
0.98823529
0.98823529
0.98823529
0.98039216
0.98431373
0.98823529
0.83137256
0.80392158
0.82352942
0.85098040
0.90588236
0.92941177
0.89411765
0.80784315
0.74117649
0.84313726
0.90196079
0.96862745
0.99215686
0.98823529
0.98823529
0.98823529
0.98431373
0.98431373
0.98823529
0.98039216
0.98431373
0.98823529
0.98823529
0.98823529
0.98823529
0.98823529
0.98823529
0.98823529
0.98431373
0.96078432
0.94901961
0.94117647
0.44705883
0.38431373
0.43921569
0.47843137
0.54117650
0.62352943
0.67058825
0.63137257
0.60784316
0.62352943
0.66666669
0.79215688
0.91372550
0.98431373
0.99215686
0.98823529
0.98039216
0.97647059
0.96078432
0.96470588
0.99607843
0.99607843
0.99215686
0.99215686
0.98823529
0.98431373
0.98823529
0.98823529
0.98431373
0.95686275
0.94509804
0.93725491
0.30196080
0.27058825
0.26666668
0.27843139
0.27058825
0.43921569
0.67058825
0.68235296
0.74117649
0.78431374
0.78431374
0.80000001
0.84705883
0.92156863
0.94901961
0.94509804
0.98039216
0.89411765
0.65882355
0.68235296
0.83921570
0.95294118
0.99215686
0.99215686
0.98431373
0.98039216
0.98431373
0.98431373
0.97647059
0.98431373
0.98823529
0.98823529
0.29803923
0.29803923
0.28235295
0.25490198
0.39607844
0.63529414
0.73333335
0.78823531
0.83529413
0.83921570
0.85882354
0.87450981
0.74117649
0.65490198
0.78039217
0.87450981
0.87058824
0.69803923
0.42745098
0.39215687
0.41176471
0.68235296
0.95294118
0.97254902
0.99215686
0.96470588
0.87058824
0.89019608
0.98039216
1.00000000
1.00000000
0.99607843
0.28235295
0.28235295
0.27058825
0.29019609
0.69411767
0.84705883
0.74901962
0.69019610
0.58039218
0.60784316
0.75686276
0.83137256
0.73333335
0.61960787
0.74117649
0.86274511
0.80392158
0.51764709
0.40392157
0.41960785
0.39215687
0.43137255
0.60784316
0.73725492
0.84313726
0.73725492
0.62352943
0.61176473
0.72549021
0.91372550
0.91372550
0.91764706
0.36862746
0.36862746
0.35294119
0.48235294
0.67058825
0.62352943
0.47450981
0.35294119
0.38431373
0.45882353
0.51372552
0.56470591
0.55686277
0.68627453
0.79215688
0.79607844
0.78039217
0.60000002
0.66274512
0.75294119
0.67450982
0.40000001
0.38039216
0.44705883
0.49019608
0.45490196
0.45098040
0.46274510
0.40784314
0.46666667
0.45098040
0.47058824
0.35686275
0.38823530
0.40392157
0.45098040
0.36862746
0.29019609
0.26274511
0.29411766
0.50196081
0.47450981
0.36862746
0.32156864
0.35686275
0.63529414
0.80784315
0.80392158
0.80784315
0.71372551
0.63529414
0.65882355
0.60392159
0.56862748
0.50980395
0.44705883
0.40000001
0.41568628
0.42352942
0.41568628
0.43529412
0.40392157
0.34117648
0.24705882
0.28235295
0.30196080
0.29411766
0.39215687
0.43137255
0.36470589
0.39215687
0.44705883
0.59215689
0.45098040
0.35686275
0.31372550
0.36078432
0.63529414
0.80784315
0.81568629
0.83137256
0.70196080
0.46274510
0.47450981
0.57254905
0.56078434
0.61176473
0.60392159
0.54509807
0.49019608
0.47058824
0.46274510
0.49411765
0.49019608
0.41960785
0.38823530
0.28235295
0.28627452
0.29803923
0.45490196
0.47450981
0.38823530
0.38431373
0.45098040
0.59607846
0.40784314
0.34901962
0.32156864
0.34509805
0.60784316
0.80392158
0.79215688
0.79215688
0.72941178
0.54901963
0.54117650
0.60000002
0.57647061
0.56862748
0.59215689
0.59607846
0.54117650
0.45098040
0.40392157
0.38823530
0.40784314
0.39607844
0.41176471
0.26274511
0.28627452
0.30196080
0.47058824
0.45882353
0.38039216
0.36470589
0.46274510
0.60392159
0.38039216
0.30980393
0.29803923
0.32549021
0.60392159
0.78431374
0.66274512
0.73725492
0.71764708
0.44705883
0.49803922
0.56862748
0.50196081
0.42352942
0.44313726
0.50588238
0.56470591
0.56078434
0.48235294
0.38431373
0.34509805
0.38039216
0.37254903
0.24705882
0.25882354
0.30196080
0.47058824
0.44313726
0.36078432
0.34117648
0.45882353
0.63529414
0.44313726
0.41960785
0.34117648
0.48627451
0.70196080
0.63137257
0.60392159
0.78823531
0.72549021
0.39215687
0.37254903
0.49803922
0.47843137
0.49411765
0.50196081
0.54117650
0.54509807
0.53725493
0.50588238
0.52941179
0.41960785
0.36470589
0.36470589
0.24705882
0.24705882
0.29411766
0.41960785
0.37254903
0.33725491
0.30588236
0.40392157
0.69019610
0.63921571
0.52156866
0.60000002
0.67450982
0.59215689
0.59607846
0.73333335
0.79215688
0.72549021
0.42352942
0.39215687
0.47843137
0.36078432
0.40784314
0.47450981
0.54901963
0.51372552
0.43137255
0.39215687
0.45490196
0.54901963
0.50588238
0.40784314
0.21960784
0.25098041
0.40000001
0.49411765
0.46666667
0.45098040
0.41568628
0.50196081
0.71764708
0.70588237
0.60000002
0.69803923
0.58039218
0.55294120
0.51372552
0.70980394
0.79215688
0.72941178
0.41568628
0.32941177
0.46274510
0.26666668
0.22745098
0.25882354
0.34117648
0.45490196
0.45098040
0.45882353
0.38823530
0.39215687
0.52941179
0.54509807
0.19607843
0.20000000
0.51764709
0.75294119
0.73725492
0.74509805
0.75294119
0.74117649
0.74117649
0.74901962
0.74509805
0.69803923
0.72156864
0.67058825
0.37647060
0.64705884
0.79607844
0.74117649
0.47058824
0.38823530
0.47843137
0.36862746
0.36078432
0.40000001
0.38039216
0.43529412
0.52156866
0.57647061
0.54509807
0.50588238
0.47058824
0.54901963
0.19215687
0.18039216
0.33725491
0.49411765
0.56078434
0.63529414
0.68627453
0.67450982
0.72549021
0.72156864
0.68235296
0.73333335
0.78823531
0.76470590
0.66666669
0.70196080
0.72549021
0.69803923
0.59215689
0.57254905
0.54509807
0.61960787
0.67450982
0.65882355
0.59607846
0.61176473
0.62352943
0.60784316
0.58431375
0.54901963
0.45490196
0.43529412
0.21568628
0.22352941
0.28627452
0.28627452
0.27058825
0.31372550
0.41960785
0.63921571
0.71764708
0.69803923
0.66274512
0.69803923
0.70588237
0.61176473
0.55294120
0.50980395
0.47843137
0.46274510
0.38039216
0.40392157
0.49803922
0.47058824
0.45098040
0.40784314
0.40000001
0.36078432
0.31764707
0.29411766
0.26274511
0.23921569
0.17647059
0.20784314
0.36862746
0.38039216
0.40000001
0.33725491
0.30980393
0.39215687
0.49019608
0.64313728
0.64705884
0.59607846
0.65882355
0.71764708
0.45098040
0.25882354
0.21960784
0.24705882
0.29411766
0.33333334
0.32156864
0.26274511
0.32549021
0.20392157
0.12156863
0.11372549
0.18039216
0.18039216
0.21176471
0.26274511
0.31372550
0.36078432
0.32156864
0.27058825
0.47843137
0.48235294
0.38039216
0.25882354
0.26274511
0.28627452
0.40000001
0.44705883
0.50588238
0.60784316
0.64705884
0.60784316
0.22745098
0.13333334
0.12549020
0.14901961
0.24705882
0.23137255
0.21960784
0.21176471
0.27450982
0.22745098
0.24705882
0.31764707
0.36862746
0.39215687
0.43921569
0.45882353
0.50196081
0.48627451
0.33333334
0.28235295
0.50588238
0.50588238
0.35686275
0.18823530
0.20392157
0.22352941
0.24313726
0.27058825
0.33333334
0.37254903
0.31764707
0.27843139
0.17254902
0.23137255
0.23137255
0.14901961
0.21960784
0.32549021
0.38823530
0.45490196
0.53333336
0.55294120
0.55294120
0.55294120
0.47058824
0.39607844
0.38431373
0.38431373
0.44705883
0.43137255
0.13725491
0.19215687
0.53333336
0.53333336
0.44313726
0.24705882
0.17647059
0.20784314
0.20784314
0.21176471
0.20392157
0.17254902
0.18431373
0.19607843
0.21176471
0.43921569
0.40392157
0.18431373
0.20392157
0.49803922
0.60784316
0.55294120
0.51764709
0.49411765
0.46666667
0.45098040
0.41176471
0.36862746
0.35686275
0.37647060
0.40000001
0.40392157
0.29803923
0.27843139
0.50196081
0.49803922
0.50980395
0.50196081
0.39607844
0.37254903
0.31764707
0.24705882
0.21960784
0.23137255
0.21960784
0.16470589
0.25098041
0.49411765
0.47450981
0.21960784
0.17647059
0.35294119
0.39607844
0.37254903
0.36470589
0.37254903
0.38823530
0.40784314
0.41960785
0.41960785
0.42745098
0.45490196
0.49411765
0.52156866
0.55686277
0.59215689
0.47058824
0.46666667
0.44313726
0.44705883
0.47058824
0.54509807
0.58039218
0.57647061
0.37254903
0.18039216
0.18431373
0.12549020
0.23137255
0.40392157
0.41176471
0.20000000
0.14901961
0.27843139
0.35294119
0.38039216
0.40000001
0.42745098
0.45882353
0.49411765
0.52549022
0.54901963
0.57647061
0.60000002
0.62352943
0.63529414
0.65098041
0.67058825
0.54509807
0.53725493
0.52156866
0.48235294
0.44313726
0.40784314
0.41568628
0.46274510
0.28235295
0.10196079
0.12156863
0.12549020
0.17647059
0.26274511
0.27450982
0.23137255
0.28627452
0.39215687
0.45882353
0.50588238
0.54117650
0.56862748
0.59607846
0.61568630
0.63137257
0.63921571
0.64705884
0.65882355
0.66666669
0.67450982
0.68235296
0.69803923
0.63529414
0.61176473
0.58431375
0.54117650
0.46274510
0.36078432
0.26666668
0.22745098
0.19215687
0.18039216
0.19607843
0.21960784
0.24705882
0.30196080
0.36862746
0.45098040
0.52156866
0.56470591
0.58823532
0.61176473
0.63529414
0.64313728
0.64705884
0.65098041
0.66274512
0.66666669
0.66666669
0.67450982
0.69411767
0.70588237
0.71764708
0.72549021
0.62352943
0.59607846
0.57647061
0.56470591
0.54117650
0.50980395
0.45882353
0.42352942
0.41568628
0.43137255
0.46666667
0.50588238
0.52941179
0.56470591
0.59215689
0.60784316
0.61960787
0.63137257
0.63921571
0.65098041
0.65490198
0.66274512
0.66274512
0.66274512
0.67450982
0.68627453
0.69803923
0.70588237
0.71372551
0.72941178
0.73725492
0.73725492
0.60392159
0.60392159
0.60392159
0.60392159
0.60000002
0.59607846
0.59215689
0.59215689
0.59607846
0.60000002
0.60392159
0.61176473
0.61960787
0.63137257
0.62745100
0.63137257
0.64313728
0.65490198
0.65490198
0.65882355
0.67058825
0.68235296
0.69019610
0.69803923
0.70980394
0.71764708
0.72549021
0.72549021
0.72941178
0.73725492
0.73725492
0.74117649
0.60000002
0.59607846
0.61176473
0.63137257
0.63137257
0.62745100
0.62745100
0.63137257
0.63921571
0.63921571
0.63137257
0.63137257
0.64313728
0.64705884
0.64705884
0.64313728
0.65490198
0.66274512
0.67058825
0.68627453
0.70980394
0.71764708
0.72549021
0.73333335
0.73333335
0.73725492
0.73725492
0.73725492
0.73725492
0.74117649
0.74117649
0.74117649
0.60392159
0.59607846
0.60000002
0.61176473
0.62745100
0.63921571
0.64313728
0.64705884
0.65098041
0.65098041
0.65098041
0.64705884
0.65490198
0.65098041
0.65490198
0.66274512
0.69019610
0.70196080
0.70980394
0.71764708
0.72549021
0.72549021
0.72941178
0.73725492
0.73725492
0.74117649
0.74509805
0.74117649
0.73725492
0.74117649
0.74117649
0.74117649
1.00000000
0.99607843
1.00000000
0.99215686
0.98823529
0.98823529
0.98823529
0.98823529
0.98823529
0.98823529
0.98823529
0.98823529
0.98823529
0.98823529
0.98823529
0.98823529
0.98823529
0.98823529
0.98823529
0.98823529
0.98823529
0.98823529
0.98823529
0.98823529
0.98823529
0.98823529
0.98823529
0.98823529
0.99215686
0.99607843
0.99215686
0.99215686
1.00000000
0.99607843
1.00000000
0.99215686
0.98431373
0.98431373
0.98431373
0.98431373
0.98431373
0.98431373
0.98431373
0.98431373
0.98431373
0.98431373
0.98431373
0.98431373
0.98431373
0.98431373
0.98431373
0.98431373
0.98431373
0.98431373
0.98431373
0.98431373
0.98431373
0.98431373
0.98431373
0.98431373
0.98823529
0.98823529
0.97647059
0.98039216
1.00000000
0.98823529
0.99215686
0.98823529
0.98431373
0.98823529
0.98431373
0.98823529
0.98823529
0.98431373
0.98431373
0.98823529
0.99215686
0.99215686
0.99215686
0.99215686
0.99215686
0.99215686
0.99215686
0.99215686
0.98823529
0.98823529
0.98823529
0.98823529
0.98823529
0.98823529
0.98823529
0.98823529
0.99215686
0.99607843
0.99215686
0.99215686
0.98431373
0.98431373
0.98431373
0.98431373
0.98431373
0.99215686
0.99607843
0.97647059
0.96470588
1.00000000
1.00000000
0.98823529
0.98823529
0.98823529
0.98823529
0.98823529
0.98823529
0.98823529
0.99215686
0.98823529
0.98823529
0.98823529
0.98823529
0.98823529
0.98823529
0.98823529
0.98823529
0.98823529
0.99215686
0.99607843
1.00000000
1.00000000
0.77254903
0.74901962
0.78039217
0.82745099
0.89411765
0.91764706
0.88627452
0.80000001
0.73333335
0.83137256
0.89019608
0.95294118
0.97254902
0.98039216
0.98431373
0.98823529
0.98431373
0.98431373
0.99215686
0.98039216
0.98431373
0.98823529
0.98823529
0.98431373
0.98431373
0.98039216
0.98431373
0.98431373
0.98431373
0.98039216
0.96470588
0.95294118
0.32549021
0.27058825
0.34901962
0.41568628
0.49803922
0.59215689
0.64705884
0.61568630
0.58431375
0.59607846
0.63137257
0.74901962
0.87058824
0.96862745
0.99607843
0.99215686
0.97647059
0.96862745
0.95294118
0.95686275
0.99215686
0.99607843
0.98431373
0.98431373
0.98039216
0.98039216
0.98431373
0.98039216
0.98039216
0.96470588
0.94901961
0.93725491
0.17647059
0.14901961
0.17647059
0.20392157
0.21568628
0.41176471
0.66666669
0.68627453
0.73725492
0.77647060
0.76470590
0.78039217
0.84705883
0.94117647
0.97254902
0.95686275
0.95686275
0.85882354
0.62352943
0.64705884
0.81568629
0.94117647
0.98823529
0.99607843
0.99215686
0.98823529
0.99215686
0.99215686
0.98431373
0.98823529
0.99215686
0.98823529
0.16078432
0.16862746
0.18431373
0.18039216
0.34117648
0.61176473
0.74117649
0.80784315
0.85490197
0.85098040
0.85882354
0.87450981
0.77647060
0.69411767
0.80784315
0.87058824
0.82352942
0.63921571
0.36862746
0.33333334
0.36470589
0.64705884
0.93333334
0.96862745
0.98823529
0.95686275
0.86274511
0.88235295
0.97647059
1.00000000
0.99607843
0.98431373
0.11764706
0.12156863
0.14117648
0.21960784
0.66274512
0.83137256
0.74509805
0.70588237
0.60784316
0.62352943
0.75686276
0.83529413
0.76078433
0.64705884
0.74901962
0.83921570
0.75686276
0.46274510
0.34901962
0.36470589
0.33725491
0.38039216
0.55686277
0.67843139
0.78431374
0.67843139
0.56470591
0.55294120
0.67450982
0.87843138
0.87450981
0.87450981
0.16862746
0.17254902
0.18823530
0.42745098
0.67843139
0.61568630
0.45098040
0.34509805
0.40392157
0.45882353
0.50196081
0.54509807
0.56470591
0.70588237
0.79607844
0.77647060
0.74509805
0.56470591
0.62745100
0.71372551
0.63529414
0.34117648
0.29019609
0.32549021
0.36078432
0.33333334
0.32549021
0.33725491
0.29411766
0.38823530
0.38039216
0.39215687
0.12941177
0.16078432
0.20784314
0.38039216
0.35294119
0.24705882
0.21176471
0.27058825
0.50196081
0.46666667
0.34901962
0.30588236
0.36078432
0.64705884
0.81568629
0.80000001
0.78431374
0.67450982
0.55686277
0.58431375
0.58431375
0.54901963
0.43137255
0.29019609
0.20784314
0.22352941
0.23137255
0.21960784
0.25490198
0.27058825
0.21568628
0.12156863
0.04705882
0.05490196
0.09019608
0.29803923
0.36470589
0.27450982
0.31764707
0.40784314
0.57647061
0.43529412
0.34509805
0.30588236
0.36862746
0.64313728
0.81568629
0.81960785
0.81176472
0.65098041
0.32941177
0.36078432
0.54117650
0.54509807
0.56470591
0.49019608
0.36470589
0.27058825
0.23529412
0.20392157
0.23529412
0.27450982
0.22352941
0.20392157
0.05490196
0.05490196
0.12156863
0.36078432
0.40392157
0.29411766
0.30196080
0.40392157
0.58431375
0.39607844
0.33725491
0.31372550
0.34901962
0.61568630
0.81176472
0.79215688
0.76862746
0.68235296
0.43529412
0.45882353
0.54509807
0.50588238
0.50980395
0.52549022
0.49019608
0.38039216
0.24705882
0.14901961
0.09803922
0.13333334
0.13333334
0.15686275
0.04313726
0.07450981
0.15294118
0.39607844
0.38823530
0.29411766
0.28627452
0.42352942
0.59215689
0.36862746
0.29803923
0.29019609
0.33333334
0.61176473
0.79215688
0.66666669
0.71764708
0.67450982
0.33725491
0.41568628
0.54901963
0.46274510
0.35294119
0.34509805
0.42745098
0.51764709
0.46274510
0.32156864
0.16862746
0.07058824
0.09803922
0.08235294
0.03529412
0.06274510
0.17647059
0.41960785
0.40000001
0.29803923
0.29019609
0.43137255
0.62745100
0.43137255
0.40784314
0.33333334
0.49411765
0.71372551
0.63921571
0.60784316
0.77647060
0.67843139
0.25490198
0.24313726
0.47058824
0.44705883
0.41176471
0.39607844
0.47058824
0.52941179
0.50196081
0.45098040
0.44313726
0.25882354
0.16078432
0.11372549
0.04705882
0.06666667
0.18823530
0.39607844
0.35294119
0.30196080
0.27843139
0.39607844
0.67843139
0.62745100
0.50980395
0.59215689
0.68235296
0.60000002
0.60392159
0.73725492
0.78823531
0.67843139
0.27058825
0.22352941
0.38039216
0.27058825
0.31764707
0.43137255
0.51372552
0.45490196
0.38823530
0.36862746
0.43921569
0.50980395
0.40392157
0.22745098
0.06274510
0.10196079
0.30980393
0.47058824
0.45490196
0.43137255
0.40000001
0.49019608
0.70980394
0.69411767
0.58039218
0.68627453
0.58431375
0.55294120
0.50196081
0.69019610
0.78431374
0.70196080
0.32549021
0.21176471
0.35686275
0.17254902
0.16078432
0.24313726
0.33333334
0.43529412
0.43921569
0.44313726
0.36078432
0.37647060
0.49803922
0.48627451
0.07450981
0.08235294
0.45882353
0.73333335
0.72549021
0.72941178
0.73333335
0.71764708
0.71764708
0.72549021
0.72156864
0.68235296
0.72549021
0.67058825
0.35686275
0.62352943
0.78039217
0.72156864
0.43921569
0.34117648
0.42352942
0.32156864
0.32941177
0.38039216
0.36862746
0.43921569
0.53333336
0.56470591
0.50980395
0.48627451
0.45490196
0.53333336
0.08627451
0.08627451
0.30980393
0.49411765
0.54509807
0.61176473
0.66274512
0.63137257
0.67058825
0.69411767
0.66666669
0.71372551
0.78823531
0.76078433
0.65490198
0.68627453
0.70588237
0.67843139
0.59215689
0.58039218
0.55294120
0.61960787
0.66274512
0.63529414
0.57254905
0.60784316
0.63921571
0.60784316
0.56078434
0.52941179
0.43529412
0.41176471
0.08627451
0.11372549
0.25490198
0.28235295
0.25882354
0.29411766
0.40000001
0.58823532
0.65098041
0.67450982
0.65098041
0.67058825
0.69411767
0.60392159
0.55294120
0.50980395
0.45490196
0.44705883
0.39215687
0.42745098
0.52549022
0.48235294
0.44313726
0.38039216
0.36470589
0.34901962
0.32941177
0.30196080
0.25098041
0.21568628
0.15294118
0.18431373
0.18823530
0.23137255
0.32941177
0.31372550
0.29411766
0.38039216
0.49019608
0.60392159
0.58039218
0.58431375
0.65098041
0.68235296
0.42745098
0.25098041
0.22745098
0.25490198
0.27843139
0.31764707
0.31764707
0.26666668
0.32549021
0.19607843
0.10588235
0.08627451
0.14509805
0.16078432
0.22352941
0.28627452
0.31372550
0.33725491
0.29411766
0.24313726
0.27058825
0.29803923
0.29803923
0.23921569
0.25098041
0.28235295
0.41568628
0.42745098
0.44705883
0.59215689
0.63137257
0.56862748
0.20392157
0.12156863
0.12941177
0.15686275
0.23529412
0.21568628
0.20392157
0.19607843
0.25098041
0.19607843
0.21568628
0.28627452
0.33333334
0.36862746
0.43921569
0.46666667
0.49803922
0.46666667
0.30588236
0.25490198
0.29019609
0.29411766
0.26666668
0.18431373
0.19607843
0.22745098
0.25882354
0.26666668
0.30196080
0.35294119
0.29411766
0.25098041
0.15294118
0.21960784
0.21568628
0.13725491
0.20784314
0.31372550
0.37647060
0.43921569
0.50980395
0.51764709
0.52156866
0.51764709
0.43529412
0.36470589
0.35686275
0.35686275
0.41960785
0.41176471
0.11764706
0.16470589
0.26274511
0.25490198
0.27450982
0.20784314
0.16470589
0.20392157
0.21960784
0.21568628
0.19607843
0.17254902
0.17647059
0.18431373
0.19607843
0.42352942
0.38823530
0.16470589
0.18823530
0.48235294
0.59607846
0.54117650
0.49019608
0.45882353
0.43137255
0.41568628
0.37647060
0.33333334
0.32156864
0.33725491
0.36470589
0.38431373
0.27450982
0.25098041
0.26274511
0.24313726
0.33333334
0.45098040
0.37647060
0.36078432
0.31764707
0.25098041
0.21960784
0.23921569
0.22745098
0.16078432
0.22745098
0.47058824
0.45098040
0.19607843
0.15686275
0.33333334
0.37254903
0.34901962
0.33725491
0.33725491
0.35294119
0.37254903
0.38431373
0.38431373
0.39215687
0.41960785
0.46274510
0.50196081
0.53725493
0.56470591
0.34509805
0.31372550
0.33333334
0.40784314
0.43921569
0.52549022
0.57647061
0.57254905
0.36862746
0.18431373
0.18431373
0.11764706
0.20392157
0.37254903
0.38039216
0.17254902
0.11764706
0.24705882
0.32156864
0.34509805
0.36470589
0.39215687
0.42352942
0.45882353
0.49019608
0.51372552
0.54117650
0.56470591
0.58823532
0.61568630
0.63137257
0.64313728
0.49019608
0.44705883
0.44313726
0.45098040
0.40784314
0.38039216
0.40000001
0.44313726
0.25882354
0.08627451
0.10196079
0.09803922
0.14509805
0.23137255
0.24313726
0.20000000
0.25098041
0.35686275
0.42352942
0.47058824
0.50588238
0.53725493
0.56078434
0.58039218
0.59607846
0.60392159
0.61176473
0.62352943
0.63529414
0.65098041
0.66274512
0.67058825
0.60392159
0.56078434
0.53725493
0.50980395
0.43137255
0.33333334
0.24705882
0.20000000
0.16470589
0.15686275
0.17254902
0.19215687
0.21960784
0.27843139
0.34509805
0.42745098
0.49411765
0.53725493
0.56078434
0.58431375
0.60784316
0.61568630
0.61960787
0.62352943
0.63529414
0.63921571
0.63921571
0.64705884
0.66666669
0.67843139
0.68627453
0.69019610
0.60000002
0.57254905
0.55294120
0.54117650
0.52156866
0.48627451
0.43529412
0.40000001
0.38823530
0.41176471
0.45098040
0.48627451
0.50980395
0.54509807
0.57254905
0.58823532
0.60000002
0.61176473
0.61960787
0.63137257
0.63529414
0.64313728
0.64313728
0.64313728
0.65490198
0.66666669
0.67843139
0.68627453
0.69019610
0.69019610
0.69803923
0.69803923
0.58039218
0.58039218
0.58039218
0.58039218
0.57647061
0.57254905
0.56862748
0.56862748
0.57254905
0.57647061
0.58431375
0.59215689
0.60000002
0.61176473
0.60784316
0.61176473
0.62352943
0.63137257
0.63137257
0.63921571
0.65098041
0.65882355
0.66666669
0.67843139
0.69019610
0.69803923
0.70196080
0.70588237
0.70588237
0.69803923
0.69803923
0.70196080
0.57647061
0.57254905
0.58823532
0.60784316
0.60784316
0.60392159
0.60392159
0.60392159
0.61176473
0.61960787
0.61176473
0.61176473
0.62352943
0.62745100
0.62745100
0.62352943
0.63137257
0.63529414
0.64313728
0.65882355
0.68235296
0.69019610
0.69803923
0.70588237
0.70980394
0.70980394
0.71372551
0.70980394
0.70980394
0.70588237
0.70196080
0.70196080
0.58039218
0.57254905
0.57647061
0.58823532
0.60392159
0.61568630
0.61960787
0.62352943
0.62745100
0.62745100
0.63137257
0.62745100
0.63529414
0.63137257
0.63529414
0.64313728
0.65882355
0.67058825
0.68235296
0.68627453
0.69411767
0.69411767
0.69803923
0.70588237
0.70588237
0.70980394
0.71372551
0.70980394
0.70588237
0.70196080
0.70196080
0.70196080
1 0 0 0 0 0 0 0 0 -1 0
0 1 0 0 0 0 0 0 0 -1 0
0 0 1 0 0 0 0 0 0 -1 0
0 0 0 1 0 0 0 0 0 -1 0
0 0 0 0 1 0 0 0 0 -1 0
0 0 0 0 0 1 0 0 0 -1 0
0 0 0 0 0 0 1 0 0 -1 0
0 0 0 0 0 0 0 1 0 -1 0
0 0 0 0 0 0 0 0 1 -1 0
