0.61960787
0.62352943
0.64705884
0.65098041
0.62745100
0.61176473
0.63529414
0.62352943
0.61960787
0.62352943
0.63137257
0.62745100
0.63137257
0.65098041
0.66274512
0.66666669
0.65490198
0.63529414
0.62745100
0.62745100
0.61176473
0.58431375
0.58823532
0.58039218
0.58431375
0.56078434
0.54901963
0.55294120
0.56078434
0.53725493
0.49411765
0.45490196
0.59607846
0.59215689
0.62352943
0.65098041
0.63529414
0.62745100
0.64313728
0.63529414
0.63921571
0.61176473
0.60784316
0.62352943
0.63921571
0.66666669
0.67058825
0.67058825
0.66274512
0.62745100
0.60392159
0.59215689
0.56862748
0.54509807
0.54901963
0.55294120
0.58431375
0.57647061
0.56862748
0.55686277
0.56078434
0.53333336
0.49019608
0.46666667
0.59215689
0.59215689
0.61960787
0.65490198
0.62745100
0.63921571
0.64705884
0.64705884
0.63921571
0.63529414
0.61960787
0.61568630
0.63137257
0.65098041
0.65490198
0.66274512
0.66666669
0.62352943
0.56862748
0.47450981
0.43137255
0.38431373
0.39607844
0.44705883
0.47058824
0.52549022
0.56078434
0.54901963
0.55686277
0.54509807
0.50980395
0.47058824
0.60784316
0.60784316
0.62745100
0.68235296
0.65490198
0.65490198
0.66274512
0.66274512
0.64705884
0.64705884
0.65490198
0.74901962
0.69411767
0.61568630
0.63529414
0.64313728
0.61960787
0.58431375
0.40784314
0.40392157
0.38431373
0.36078432
0.31372550
0.29019609
0.33725491
0.32549021
0.44313726
0.51764709
0.54901963
0.54901963
0.53333336
0.49803922
0.60784316
0.61176473
0.63137257
0.66666669
0.66274512
0.63921571
0.66274512
0.65098041
0.64313728
0.64313728
0.67843139
0.96470588
0.76470590
0.59215689
0.57254905
0.55686277
0.43529412
0.30588236
0.33333334
0.44313726
0.43921569
0.41568628
0.38039216
0.36470589
0.29019609
0.32941177
0.33333334
0.41176471
0.50196081
0.54117650
0.52156866
0.50588238
0.58039218
0.52156866
0.50980395
0.57647061
0.63137257
0.64705884
0.65490198
0.65490198
0.63921571
0.64705884
0.63921571
0.70588237
0.61568630
0.50196081
0.38039216
0.25882354
0.27058825
0.25882354
0.34901962
0.46274510
0.47843137
0.46666667
0.44705883
0.36862746
0.38823530
0.35686275
0.22745098
0.26274511
0.42352942
0.54901963
0.54117650
0.52549022
0.49803922
0.42745098
0.18431373
0.34509805
0.60000002
0.66666669
0.65882355
0.66666669
0.66274512
0.65098041
0.64313728
0.57647061
0.50588238
0.49803922
0.39215687
0.26666668
0.30588236
0.28235295
0.32549021
0.51764709
0.57254905
0.48627451
0.41176471
0.41960785
0.45098040
0.33333334
0.24705882
0.18039216
0.30980393
0.51764709
0.55294120
0.52549022
0.51372552
0.38823530
0.16470589
0.27450982
0.56078434
0.65490198
0.64705884
0.65882355
0.67058825
0.63137257
0.54901963
0.47058824
0.50980395
0.56470591
0.45490196
0.34509805
0.35686275
0.33333334
0.30196080
0.48627451
0.63921571
0.53333336
0.40000001
0.41568628
0.39215687
0.33333334
0.21176471
0.19215687
0.22352941
0.41960785
0.54117650
0.53333336
0.66666669
0.40392157
0.21176471
0.48627451
0.60000002
0.63137257
0.63921571
0.65098041
0.64705884
0.68235296
0.44313726
0.49019608
0.61568630
0.61176473
0.47450981
0.33725491
0.32156864
0.32941177
0.31372550
0.31764707
0.54117650
0.57254905
0.44313726
0.34117648
0.32549021
0.33725491
0.27843139
0.21960784
0.15686275
0.29019609
0.52156866
0.53725493
0.70588237
0.52549022
0.36862746
0.60392159
0.68235296
0.61960787
0.61176473
0.60000002
0.81176472
0.92941177
0.81176472
0.61176473
0.68235296
0.58039218
0.49019608
0.36470589
0.33725491
0.29019609
0.23137255
0.29803923
0.53725493
0.56078434
0.52156866
0.41568628
0.33725491
0.34117648
0.32941177
0.29411766
0.19607843
0.15686275
0.37254903
0.51764709
0.71764708
0.42352942
0.55686277
0.64705884
0.69411767
0.60784316
0.62352943
0.47843137
0.83529413
0.92941177
0.86274511
0.64313728
0.71764708
0.61176473
0.49019608
0.47058824
0.30588236
0.31372550
0.17647059
0.35686275
0.68627453
0.61568630
0.60784316
0.41960785
0.34117648
0.40392157
0.34509805
0.30588236
0.23137255
0.16078432
0.23137255
0.40784314
0.73725492
0.39215687
0.52941179
0.66666669
0.73333335
0.65098041
0.67843139
0.52549022
0.45882353
0.76078433
0.78039217
0.66666669
0.72549021
0.74117649
0.52549022
0.45882353
0.40000001
0.32941177
0.14901961
0.49019608
0.82352942
0.62745100
0.57254905
0.36470589
0.32549021
0.36862746
0.40784314
0.33333334
0.28627452
0.21568628
0.24313726
0.29803923
0.74117649
0.35294119
0.49803922
0.68627453
0.68235296
0.65098041
0.69803923
0.62352943
0.38039216
0.65882355
0.65882355
0.53725493
0.72941178
0.84705883
0.62745100
0.48235294
0.47058824
0.45098040
0.19607843
0.58823532
0.76078433
0.60784316
0.48235294
0.35686275
0.32941177
0.32941177
0.37254903
0.33725491
0.32941177
0.28627452
0.30980393
0.28627452
0.74117649
0.36470589
0.59607846
0.72549021
0.46666667
0.53333336
0.67843139
0.65490198
0.40392157
0.57647061
0.56862748
0.65490198
0.74117649
0.88627452
0.70588237
0.55294120
0.49411765
0.45882353
0.27843139
0.60392159
0.72941178
0.58431375
0.44705883
0.34117648
0.31372550
0.28235295
0.31372550
0.38823530
0.39215687
0.35294119
0.38039216
0.36862746
0.76078433
0.42352942
0.65882355
0.72941178
0.41176471
0.38823530
0.61176473
0.65490198
0.39215687
0.45098040
0.54117650
0.77647060
0.74509805
0.67450982
0.56862748
0.60392159
0.57254905
0.40392157
0.27843139
0.59607846
0.70196080
0.53725493
0.50980395
0.43137255
0.33333334
0.35686275
0.37254903
0.42745098
0.45098040
0.39215687
0.38039216
0.45882353
0.77254903
0.51764709
0.67450982
0.72156864
0.50980395
0.30588236
0.54901963
0.60784316
0.45098040
0.50980395
0.56078434
0.90196079
0.94901961
0.56862748
0.52941179
0.51372552
0.47450981
0.42352942
0.37254903
0.56470591
0.65882355
0.59607846
0.43921569
0.34117648
0.27843139
0.34117648
0.41176471
0.43921569
0.47058824
0.40392157
0.47450981
0.53333336
0.79607844
0.57254905
0.65882355
0.74901962
0.65882355
0.30588236
0.49411765
0.54117650
0.54117650
0.37647060
0.60392159
0.67843139
0.63529414
0.54901963
0.44313726
0.44313726
0.39607844
0.41176471
0.43921569
0.67058825
0.61176473
0.58039218
0.52941179
0.42745098
0.30588236
0.30980393
0.36862746
0.39607844
0.41960785
0.49019608
0.59215689
0.56470591
0.83921570
0.63921571
0.64313728
0.71764708
0.69019610
0.36862746
0.37647060
0.61176473
0.58039218
0.41568628
0.50588238
0.46274510
0.44705883
0.45490196
0.40000001
0.45098040
0.33725491
0.39607844
0.56470591
0.46274510
0.26666668
0.50196081
0.52156866
0.29411766
0.23529412
0.22745098
0.27843139
0.40000001
0.45490196
0.56078434
0.58823532
0.54901963
0.83137256
0.69803923
0.65490198
0.67843139
0.69019610
0.48627451
0.33725491
0.55294120
0.60000002
0.52941179
0.40784314
0.30196080
0.52549022
0.48627451
0.50588238
0.57647061
0.33333334
0.36078432
0.58823532
0.51764709
0.45882353
0.41960785
0.29411766
0.25098041
0.17254902
0.25490198
0.33725491
0.52156866
0.60784316
0.62745100
0.60392159
0.59215689
0.78039217
0.73333335
0.67058825
0.68235296
0.69411767
0.56470591
0.33725491
0.46666667
0.47843137
0.53725493
0.56470591
0.27450982
0.50588238
0.42352942
0.56862748
0.72156864
0.45490196
0.28627452
0.51372552
0.53725493
0.52549022
0.34901962
0.20000000
0.20392157
0.18431373
0.35294119
0.47450981
0.63921571
0.67058825
0.64313728
0.61960787
0.58431375
0.64705884
0.76470590
0.70196080
0.69411767
0.70980394
0.59607846
0.38823530
0.51372552
0.67058825
0.40392157
0.36470589
0.31372550
0.36470589
0.47843137
0.69803923
0.74901962
0.58823532
0.39215687
0.34901962
0.34117648
0.23529412
0.18039216
0.14901961
0.09411765
0.18039216
0.23529412
0.42352942
0.56470591
0.56470591
0.50196081
0.49803922
0.47058824
0.45882353
0.76470590
0.69411767
0.69803923
0.70980394
0.54117650
0.32549021
0.58823532
0.96078432
0.85882354
0.52156866
0.52549022
0.58431375
0.69019610
0.74509805
0.76078433
0.65882355
0.49019608
0.43137255
0.23921569
0.13725491
0.13333334
0.19215687
0.22745098
0.23921569
0.22745098
0.27058825
0.28235295
0.30588236
0.27058825
0.23137255
0.21568628
0.30980393
0.68627453
0.68235296
0.69019610
0.69411767
0.54901963
0.42745098
0.82745099
0.99215686
0.98823529
0.81568629
0.48627451
0.44705883
0.48627451
0.45490196
0.47843137
0.40784314
0.26666668
0.26666668
0.23529412
0.20392157
0.19607843
0.20000000
0.21960784
0.21960784
0.20000000
0.16862746
0.20000000
0.23137255
0.18823530
0.16862746
0.16470589
0.16078432
0.37647060
0.56470591
0.65882355
0.69803923
0.64705884
0.64705884
0.96470588
0.99215686
0.89019608
0.43137255
0.23529412
0.20784314
0.19215687
0.19215687
0.18823530
0.17647059
0.16470589
0.18039216
0.16470589
0.14901961
0.18039216
0.18039216
0.16862746
0.16470589
0.18039216
0.18039216
0.19607843
0.21568628
0.20784314
0.20000000
0.17647059
0.11372549
0.11372549
0.23137255
0.51372552
0.65098041
0.51764709
0.76078433
0.99607843
0.94509804
0.55294120
0.23921569
0.19607843
0.19607843
0.20000000
0.19215687
0.19607843
0.18431373
0.16470589
0.15294118
0.13333334
0.13725491
0.15294118
0.14901961
0.16470589
0.17647059
0.21960784
0.24313726
0.23137255
0.21960784
0.19607843
0.18039216
0.20000000
0.18823530
0.11764706
0.13333334
0.28627452
0.50196081
0.50196081
0.84313726
1.00000000
0.73333335
0.25882354
0.21176471
0.19607843
0.20392157
0.20392157
0.18039216
0.17647059
0.16862746
0.16078432
0.14117648
0.15294118
0.15686275
0.15686275
0.16862746
0.18039216
0.23137255
0.24313726
0.25098041
0.23137255
0.21176471
0.19607843
0.27450982
0.32549021
0.20392157
0.13725491
0.12156863
0.16078432
0.25882354
0.50196081
0.87843138
0.94117647
0.48627451
0.22745098
0.19215687
0.21960784
0.21176471
0.17254902
0.17254902
0.18431373
0.18039216
0.16862746
0.16862746
0.17254902
0.17254902
0.17647059
0.21176471
0.22745098
0.21176471
0.18039216
0.16862746
0.14117648
0.20000000
0.28627452
0.33333334
0.29803923
0.19607843
0.13725491
0.11372549
0.13725491
0.17254902
0.30588236
0.79215688
0.82745099
0.38039216
0.25490198
0.21176471
0.18823530
0.22745098
0.18823530
0.15686275
0.17647059
0.18431373
0.18823530
0.18431373
0.18039216
0.20000000
0.15294118
0.15294118
0.18823530
0.18431373
0.15294118
0.10980392
0.15686275
0.26274511
0.26274511
0.18039216
0.20000000
0.19607843
0.13725491
0.12549020
0.12941177
0.16078432
0.18039216
0.40784314
0.66666669
0.25098041
0.21176471
0.20392157
0.20784314
0.23921569
0.22745098
0.21176471
0.17647059
0.16470589
0.16078432
0.18039216
0.19215687
0.18039216
0.16470589
0.15686275
0.15294118
0.14509805
0.15686275
0.17254902
0.24705882
0.18431373
0.12156863
0.05882353
0.20000000
0.26666668
0.16470589
0.12156863
0.14901961
0.14509805
0.16862746
0.16470589
0.27843139
0.19215687
0.12156863
0.10588235
0.14901961
0.19215687
0.21960784
0.22745098
0.20784314
0.21960784
0.23529412
0.22352941
0.20784314
0.19607843
0.17647059
0.15294118
0.12941177
0.16470589
0.24313726
0.30980393
0.28627452
0.21960784
0.14901961
0.05098039
0.15686275
0.23921569
0.19215687
0.13725491
0.16862746
0.15294118
0.16470589
0.17254902
0.15686275
0.16470589
0.10588235
0.09019608
0.11764706
0.10588235
0.11372549
0.14117648
0.18431373
0.21960784
0.24313726
0.25882354
0.29411766
0.27058825
0.19215687
0.16862746
0.16862746
0.23529412
0.33333334
0.42745098
0.36470589
0.23529412
0.10196079
0.11372549
0.07843138
0.21176471
0.21960784
0.17647059
0.16862746
0.15686275
0.15686275
0.15686275
0.14901961
0.14117648
0.10196079
0.08627451
0.11372549
0.09803922
0.11372549
0.07450981
0.07058824
0.12549020
0.18431373
0.23921569
0.29019609
0.25882354
0.20784314
0.20392157
0.17647059
0.26274511
0.34901962
0.41176471
0.34901962
0.18823530
0.09411765
0.13333334
0.08235294
0.43921569
0.43529412
0.45490196
0.46274510
0.43921569
0.42745098
0.45098040
0.44313726
0.43529412
0.44313726
0.45490196
0.43529412
0.43529412
0.45882353
0.45882353
0.46666667
0.45882353
0.44313726
0.43529412
0.43921569
0.42745098
0.41960785
0.41960785
0.41568628
0.41960785
0.39607844
0.38431373
0.38039216
0.38039216
0.37254903
0.35686275
0.33333334
0.43921569
0.43137255
0.44705883
0.45490196
0.43921569
0.44313726
0.45882353
0.44705883
0.45490196
0.43137255
0.43529412
0.43137255
0.44313726
0.46666667
0.45882353
0.45098040
0.45098040
0.43529412
0.43921569
0.45098040
0.43137255
0.40784314
0.40000001
0.39215687
0.41176471
0.40000001
0.40000001
0.38039216
0.38431373
0.37254903
0.35686275
0.34509805
0.43137255
0.42745098
0.43529412
0.43529412
0.41568628
0.45098040
0.45882353
0.45882353
0.45098040
0.45098040
0.44705883
0.42745098
0.43529412
0.45098040
0.44705883
0.44313726
0.45490196
0.44705883
0.43529412
0.37647060
0.35294119
0.30588236
0.30196080
0.33333334
0.33725491
0.37647060
0.40392157
0.38823530
0.38823530
0.38431373
0.37254903
0.34901962
0.41960785
0.43137255
0.42745098
0.43921569
0.43137255
0.45882353
0.47058824
0.46666667
0.45098040
0.45882353
0.48235294
0.57254905
0.50980395
0.43529412
0.45098040
0.44705883
0.43921569
0.43529412
0.31372550
0.34117648
0.35294119
0.35294119
0.29411766
0.24705882
0.27450982
0.24313726
0.33333334
0.38431373
0.40000001
0.39607844
0.38823530
0.36862746
0.41960785
0.44705883
0.45098040
0.44705883
0.44705883
0.44313726
0.47058824
0.45490196
0.44313726
0.45490196
0.50196081
0.83921570
0.61176473
0.44705883
0.43529412
0.42352942
0.31372550
0.20784314
0.27058825
0.40392157
0.43137255
0.44705883
0.40000001
0.36862746
0.28235295
0.30588236
0.28627452
0.32549021
0.37647060
0.39607844
0.36862746
0.36470589
0.42745098
0.40784314
0.39215687
0.43921569
0.45098040
0.44313726
0.45490196
0.45098040
0.43529412
0.45490196
0.46274510
0.54117650
0.47843137
0.40000001
0.29411766
0.19607843
0.22745098
0.21960784
0.32549021
0.44313726
0.47450981
0.47843137
0.45490196
0.37647060
0.39215687
0.35686275
0.22745098
0.22745098
0.32941177
0.41176471
0.38431373
0.37254903
0.39215687
0.37254903
0.14509805
0.29019609
0.45882353
0.46274510
0.45098040
0.46274510
0.45882353
0.45490196
0.47058824
0.41960785
0.38431373
0.42352942
0.34117648
0.26274511
0.32549021
0.29411766
0.32941177
0.50980395
0.55686277
0.46274510
0.38823530
0.40000001
0.43529412
0.32549021
0.27843139
0.18431373
0.23921569
0.38431373
0.38823530
0.36470589
0.45098040
0.37647060
0.16862746
0.25098041
0.43529412
0.45882353
0.44705883
0.45490196
0.46666667
0.44313726
0.42745098
0.36862746
0.43137255
0.51372552
0.41568628
0.34117648
0.37254903
0.34509805
0.30196080
0.46274510
0.60000002
0.48627451
0.36470589
0.38431373
0.36470589
0.31764707
0.23529412
0.20784314
0.18431373
0.32549021
0.40392157
0.38039216
0.63137257
0.41176471
0.22745098
0.47450981
0.48627451
0.44313726
0.45882353
0.47843137
0.47450981
0.52941179
0.34901962
0.41176471
0.55294120
0.56078434
0.43529412
0.31372550
0.31764707
0.33333334
0.30588236
0.27843139
0.49019608
0.52941179
0.40392157
0.30980393
0.30196080
0.32156864
0.28627452
0.22352941
0.13725491
0.23137255
0.41568628
0.40392157
0.69019610
0.54509807
0.39215687
0.60392159
0.58431375
0.45490196
0.45490196
0.46274510
0.70588237
0.83921570
0.70588237
0.51372552
0.60000002
0.51372552
0.43137255
0.33333334
0.32941177
0.29019609
0.22352941
0.26666668
0.49019608
0.52156866
0.48627451
0.38431373
0.31764707
0.33333334
0.33333334
0.29803923
0.19215687
0.11764706
0.29411766
0.40392157
0.71764708
0.45490196
0.59215689
0.66274512
0.61176473
0.43921569
0.46274510
0.34901962
0.77254903
0.87843138
0.74901962
0.52941179
0.62352943
0.53725493
0.42352942
0.43529412
0.29803923
0.31372550
0.17254902
0.33333334
0.64705884
0.57647061
0.57647061
0.39215687
0.32549021
0.40000001
0.34509805
0.30980393
0.23137255
0.14117648
0.18039216
0.31764707
0.74901962
0.42352942
0.56470591
0.68627453
0.65490198
0.47058824
0.48235294
0.36470589
0.37254903
0.71372551
0.67058825
0.55686277
0.63137257
0.67058825
0.46666667
0.41960785
0.38431373
0.32941177
0.14901961
0.47450981
0.78823531
0.59607846
0.54509807
0.34901962
0.31372550
0.36470589
0.40784314
0.34117648
0.29411766
0.20784314
0.21568628
0.21960784
0.76078433
0.37647060
0.52549022
0.70588237
0.61176473
0.48235294
0.48235294
0.42745098
0.26666668
0.60392159
0.56470591
0.44705883
0.65098041
0.79215688
0.58431375
0.44313726
0.44705883
0.44705883
0.19607843
0.57647061
0.73333335
0.58431375
0.46274510
0.34509805
0.32549021
0.32941177
0.37254903
0.34117648
0.34117648
0.28627452
0.29019609
0.21568628
0.75294119
0.37254903
0.60392159
0.73725492
0.43137255
0.41568628
0.48627451
0.45490196
0.28235295
0.51764709
0.49019608
0.58431375
0.68235296
0.84705883
0.67450982
0.51372552
0.45882353
0.44705883
0.27843139
0.59607846
0.70980394
0.56470591
0.43137255
0.33333334
0.31372550
0.28627452
0.31372550
0.39215687
0.39607844
0.34509805
0.34901962
0.28627452
0.76862746
0.41960785
0.65490198
0.72941178
0.42745098
0.34901962
0.46666667
0.47843137
0.29019609
0.41568628
0.48235294
0.72549021
0.70588237
0.64705884
0.54901963
0.56078434
0.53333336
0.39215687
0.27843139
0.59607846
0.68627453
0.52156866
0.50196081
0.42745098
0.33725491
0.36470589
0.37647060
0.43137255
0.45490196
0.37647060
0.33333334
0.37254903
0.77254903
0.50588238
0.65490198
0.69803923
0.53725493
0.32549021
0.47058824
0.49019608
0.36862746
0.47058824
0.51372552
0.86666667
0.92549020
0.54117650
0.50980395
0.47450981
0.43921569
0.40784314
0.34509805
0.52549022
0.62352943
0.57647061
0.42352942
0.33333334
0.28235295
0.34509805
0.40784314
0.42745098
0.43137255
0.33725491
0.37647060
0.40784314
0.79607844
0.57254905
0.64313728
0.71372551
0.66666669
0.33725491
0.49019608
0.49411765
0.47450981
0.31372550
0.56078434
0.63921571
0.59607846
0.51764709
0.41568628
0.41568628
0.39607844
0.39607844
0.35294119
0.56078434
0.54117650
0.55294120
0.50980395
0.41176471
0.29803923
0.30980393
0.36470589
0.35686275
0.32549021
0.34509805
0.42352942
0.40784314
0.84313726
0.65098041
0.65490198
0.72156864
0.71372551
0.40000001
0.37647060
0.58431375
0.53725493
0.36470589
0.45490196
0.41176471
0.40000001
0.41176471
0.35686275
0.43137255
0.35686275
0.40392157
0.50196081
0.37647060
0.21960784
0.47058824
0.49411765
0.27058825
0.21960784
0.21960784
0.27450982
0.36470589
0.36862746
0.43921569
0.45490196
0.43137255
0.82745099
0.72156864
0.68627453
0.70980394
0.72156864
0.51372552
0.34509805
0.54509807
0.58039218
0.50196081
0.35294119
0.25098041
0.47450981
0.43529412
0.45882353
0.56078434
0.36078432
0.37647060
0.54509807
0.45882353
0.42745098
0.38823530
0.26666668
0.23137255
0.16078432
0.24313726
0.27058825
0.41176471
0.46666667
0.47058824
0.45098040
0.43529412
0.75294119
0.74117649
0.69019610
0.70196080
0.71372551
0.58431375
0.35294119
0.47450981
0.48627451
0.53333336
0.52549022
0.23137255
0.46274510
0.38039216
0.52549022
0.69019610
0.46274510
0.29411766
0.46666667
0.48627451
0.50588238
0.33725491
0.19215687
0.20000000
0.19215687
0.35294119
0.35686275
0.46274510
0.47450981
0.44313726
0.43529412
0.41960785
0.61176473
0.75686276
0.69803923
0.67843139
0.70980394
0.61568630
0.40392157
0.52941179
0.68627453
0.41176471
0.35294119
0.30196080
0.35294119
0.46274510
0.67843139
0.71372551
0.58039218
0.39215687
0.30588236
0.30196080
0.23921569
0.20392157
0.18039216
0.12941177
0.22352941
0.27843139
0.39215687
0.49019608
0.48235294
0.42745098
0.44313726
0.41176471
0.47058824
0.78431374
0.69803923
0.66274512
0.70196080
0.56470591
0.34117648
0.60000002
0.96862745
0.87058824
0.54901963
0.55294120
0.61176473
0.71372551
0.76862746
0.75294119
0.67450982
0.52156866
0.42745098
0.24313726
0.19215687
0.21176471
0.27450982
0.31764707
0.33333334
0.32941177
0.38823530
0.39607844
0.40784314
0.37647060
0.36078432
0.35294119
0.41176471
0.77254903
0.71764708
0.67450982
0.69411767
0.57254905
0.43921569
0.82745099
0.98823529
0.99215686
0.87843138
0.56078434
0.51764709
0.55294120
0.52156866
0.52156866
0.48627451
0.36470589
0.34117648
0.32156864
0.32941177
0.32941177
0.33333334
0.36470589
0.36862746
0.35686275
0.37647060
0.40784314
0.42352942
0.38039216
0.38039216
0.37254903
0.34901962
0.53725493
0.65882355
0.68235296
0.71372551
0.66666669
0.65098041
0.96078432
0.98431373
0.90588236
0.53333336
0.34509805
0.31372550
0.29803923
0.29411766
0.28235295
0.30980393
0.31764707
0.31764707
0.32156864
0.33725491
0.35294119
0.34901962
0.34117648
0.34901962
0.36470589
0.36862746
0.37647060
0.37647060
0.36862746
0.37254903
0.35294119
0.35686275
0.34117648
0.40000001
0.60000002
0.70196080
0.53333336
0.74117649
0.98039216
0.96078432
0.62352943
0.36862746
0.32941177
0.32941177
0.33333334
0.32549021
0.32941177
0.33725491
0.32941177
0.32156864
0.30980393
0.32549021
0.33725491
0.33333334
0.34901962
0.36078432
0.40392157
0.40392157
0.39607844
0.40000001
0.38823530
0.36862746
0.40392157
0.43529412
0.36862746
0.33333334
0.41568628
0.58039218
0.53333336
0.83529413
0.99215686
0.77647060
0.36470589
0.35686275
0.34509805
0.35294119
0.35294119
0.32549021
0.32156864
0.32156864
0.31764707
0.31372550
0.32549021
0.33725491
0.34901962
0.36078432
0.37254903
0.42352942
0.43137255
0.42745098
0.42352942
0.42352942
0.41176471
0.48235294
0.53725493
0.44705883
0.38823530
0.33725491
0.32549021
0.37254903
0.56862748
0.89803922
0.96078432
0.56078434
0.36078432
0.34117648
0.36862746
0.36078432
0.32156864
0.32156864
0.32549021
0.32941177
0.32549021
0.33725491
0.34509805
0.35294119
0.38039216
0.41568628
0.43137255
0.41176471
0.38039216
0.37254903
0.35686275
0.42352942
0.50980395
0.54117650
0.49019608
0.43137255
0.38431373
0.34901962
0.33725491
0.32549021
0.41568628
0.85882354
0.89411765
0.49411765
0.40784314
0.36862746
0.34117648
0.38039216
0.34117648
0.31372550
0.32156864
0.32941177
0.34117648
0.34901962
0.34901962
0.38039216
0.36078432
0.36470589
0.40000001
0.39607844
0.36470589
0.33333334
0.39607844
0.50588238
0.49411765
0.38431373
0.37647060
0.42352942
0.38039216
0.36078432
0.34509805
0.34509805
0.32941177
0.52156866
0.77254903
0.39215687
0.38039216
0.36862746
0.37254903
0.40392157
0.39215687
0.37647060
0.32549021
0.30980393
0.31372550
0.34509805
0.36078432
0.36078432
0.37254903
0.36470589
0.36078432
0.35294119
0.36470589
0.40000001
0.49019608
0.43137255
0.35294119
0.23529412
0.36470589
0.48627451
0.39215687
0.34509805
0.35686275
0.34117648
0.34901962
0.30980393
0.41960785
0.34901962
0.30196080
0.27843139
0.32156864
0.36470589
0.39215687
0.40000001
0.36078432
0.36862746
0.38823530
0.38823530
0.38039216
0.37254903
0.36862746
0.34509805
0.32549021
0.35686275
0.43921569
0.51764709
0.51372552
0.45490196
0.38039216
0.25098041
0.33333334
0.45490196
0.40000001
0.33333334
0.35686275
0.35294119
0.36078432
0.34509805
0.31764707
0.33333334
0.28235295
0.26274511
0.29019609
0.27843139
0.28627452
0.31372550
0.33725491
0.37254903
0.39607844
0.42745098
0.46666667
0.44313726
0.37254903
0.34509805
0.34509805
0.41176471
0.50980395
0.61176473
0.56862748
0.45098040
0.32156864
0.32156864
0.25098041
0.41960785
0.41176471
0.34901962
0.33725491
0.34901962
0.36078432
0.34117648
0.31764707
0.30980393
0.27058825
0.25882354
0.28627452
0.27058825
0.28627452
0.24705882
0.22745098
0.27450982
0.34117648
0.40784314
0.46666667
0.43529412
0.37647060
0.37254903
0.34117648
0.42745098
0.51372552
0.57254905
0.52941179
0.38823530
0.30196080
0.32941177
0.26274511
0.19215687
0.18431373
0.20000000
0.20784314
0.18039216
0.16078432
0.18431373
0.17647059
0.17254902
0.16078432
0.16078432
0.20392157
0.19215687
0.16078432
0.17647059
0.17254902
0.15686275
0.14901961
0.15294118
0.16862746
0.17254902
0.17647059
0.17647059
0.16862746
0.17254902
0.15294118
0.16862746
0.16078432
0.14901961
0.14117648
0.14117648
0.12941177
0.20000000
0.15686275
0.17647059
0.21960784
0.19215687
0.16862746
0.18431373
0.17647059
0.18039216
0.14901961
0.16078432
0.21176471
0.20392157
0.16078432
0.15686275
0.12941177
0.11764706
0.12941177
0.16078432
0.19607843
0.20784314
0.21568628
0.20392157
0.18823530
0.19607843
0.18039216
0.17647059
0.14901961
0.13333334
0.12156863
0.12549020
0.13333334
0.18431373
0.12941177
0.14117648
0.18823530
0.16470589
0.17254902
0.17647059
0.17647059
0.16862746
0.16862746
0.18823530
0.22352941
0.20000000
0.14901961
0.14509805
0.13725491
0.15294118
0.18431373
0.21176471
0.19215687
0.20392157
0.19607843
0.18431373
0.19607843
0.18823530
0.21568628
0.20000000
0.15294118
0.13725491
0.13333334
0.13333334
0.12941177
0.15686275
0.12549020
0.12156863
0.17254902
0.16862746
0.18039216
0.18823530
0.18823530
0.17254902
0.17647059
0.22352941
0.37254903
0.29411766
0.16078432
0.18431373
0.21176471
0.22745098
0.26274511
0.18431373
0.25490198
0.29803923
0.32941177
0.25882354
0.19607843
0.20392157
0.15294118
0.17647059
0.18039216
0.16862746
0.15294118
0.15294118
0.14117648
0.16078432
0.18823530
0.19215687
0.18431373
0.16862746
0.15686275
0.18431373
0.17254902
0.16078432
0.16470589
0.23137255
0.64313728
0.41960785
0.21960784
0.23529412
0.27843139
0.19607843
0.12156863
0.21960784
0.38431373
0.43529412
0.46274510
0.41176471
0.36470589
0.26274511
0.27450982
0.18431373
0.17647059
0.18823530
0.18039216
0.14117648
0.14117648
0.21176471
0.25098041
0.22352941
0.20784314
0.17254902
0.15294118
0.16078432
0.16078432
0.14509805
0.15294118
0.16470589
0.33333334
0.30588236
0.22745098
0.16862746
0.12156863
0.16862746
0.17647059
0.29803923
0.43137255
0.47058824
0.47843137
0.45490196
0.37647060
0.38039216
0.33725491
0.18431373
0.14509805
0.19215687
0.22745098
0.17254902
0.15686275
0.22352941
0.31372550
0.06666667
0.10980392
0.18823530
0.16862746
0.15686275
0.16862746
0.16470589
0.14509805
0.15294118
0.20392157
0.23137255
0.29411766
0.27450982
0.22352941
0.28235295
0.25098041
0.29019609
0.47450981
0.51764709
0.42352942
0.35294119
0.36862746
0.40392157
0.30196080
0.27058825
0.15294118
0.14117648
0.22745098
0.18823530
0.15294118
0.35294119
0.36078432
0.14901961
0.16078432
0.21960784
0.16470589
0.14117648
0.15294118
0.19215687
0.20000000
0.20000000
0.19215687
0.30196080
0.41960785
0.36470589
0.30980393
0.34509805
0.32156864
0.27058825
0.41960785
0.54901963
0.43921569
0.31764707
0.34509805
0.32941177
0.29019609
0.22745098
0.19215687
0.12549020
0.19607843
0.20000000
0.15294118
0.56470591
0.41176471
0.23137255
0.44313726
0.32156864
0.16862746
0.16078432
0.19607843
0.25882354
0.37254903
0.23137255
0.30588236
0.47450981
0.50196081
0.39607844
0.29019609
0.30196080
0.32156864
0.28627452
0.23921569
0.43921569
0.48235294
0.36470589
0.27450982
0.27058825
0.29803923
0.26274511
0.20784314
0.10588235
0.13725491
0.23137255
0.17647059
0.63921571
0.56078434
0.41176471
0.58431375
0.43921569
0.20000000
0.18431373
0.23529412
0.57254905
0.77647060
0.65098041
0.46666667
0.56862748
0.49019608
0.41960785
0.30980393
0.30980393
0.27843139
0.20784314
0.22745098
0.43921569
0.47843137
0.44705883
0.34901962
0.29019609
0.30588236
0.30588236
0.27843139
0.16862746
0.05882353
0.17254902
0.22352941
0.68627453
0.47843137
0.61960787
0.65882355
0.47843137
0.19607843
0.20000000
0.18431373
0.70196080
0.88627452
0.73725492
0.51372552
0.60784316
0.51764709
0.40784314
0.40784314
0.27058825
0.30196080
0.15686275
0.30196080
0.60392159
0.53725493
0.54117650
0.36078432
0.30196080
0.37647060
0.30980393
0.28627452
0.23137255
0.12941177
0.12156863
0.18039216
0.74117649
0.45490196
0.60000002
0.69803923
0.53333336
0.23137255
0.21568628
0.17254902
0.31372550
0.73725492
0.64313728
0.52156866
0.59215689
0.62352943
0.41568628
0.37254903
0.34901962
0.30980393
0.13333334
0.44313726
0.75294119
0.55686277
0.50980395
0.32156864
0.29411766
0.34509805
0.36862746
0.31764707
0.30588236
0.21568628
0.18823530
0.10196079
0.76078433
0.41176471
0.56470591
0.72549021
0.52156866
0.26666668
0.20784314
0.18431373
0.17254902
0.59607846
0.49411765
0.36862746
0.58039218
0.71764708
0.50588238
0.38431373
0.41176471
0.42745098
0.18431373
0.54901963
0.69803923
0.54901963
0.43529412
0.32549021
0.30980393
0.31372550
0.33333334
0.31764707
0.34901962
0.28627452
0.25098041
0.09411765
0.75686276
0.40392157
0.63921571
0.75294119
0.38431373
0.25882354
0.22745098
0.19607843
0.15294118
0.47058824
0.40392157
0.49803922
0.60784316
0.78431374
0.61568630
0.45882353
0.41960785
0.42745098
0.26666668
0.57647061
0.68235296
0.53333336
0.40784314
0.31372550
0.29803923
0.27450982
0.28235295
0.36862746
0.38823530
0.31764707
0.27058825
0.13333334
0.76862746
0.43921569
0.67450982
0.73725492
0.42745098
0.26274511
0.24313726
0.21568628
0.13333334
0.34509805
0.40392157
0.66274512
0.66274512
0.62352943
0.54901963
0.52549022
0.49019608
0.37254903
0.27450982
0.58431375
0.66666669
0.49803922
0.47843137
0.41176471
0.32549021
0.35686275
0.35294119
0.40784314
0.43529412
0.31372550
0.20784314
0.18431373
0.77254903
0.53333336
0.68235296
0.70980394
0.55686277
0.30196080
0.34509805
0.30196080
0.20392157
0.36470589
0.45490196
0.82745099
0.90196079
0.53725493
0.50980395
0.43921569
0.39607844
0.37254903
0.29411766
0.46274510
0.57254905
0.54117650
0.39607844
0.31372550
0.26666668
0.34117648
0.38823530
0.38823530
0.36470589
0.21176471
0.18823530
0.18823530
0.80000001
0.62745100
0.69803923
0.73725492
0.67450982
0.35294119
0.49411765
0.44313726
0.32156864
0.14509805
0.52156866
0.60784316
0.55294120
0.45882353
0.34509805
0.35294119
0.36078432
0.34117648
0.22745098
0.40784314
0.42745098
0.49411765
0.46274510
0.38039216
0.28235295
0.30196080
0.36862746
0.32156864
0.21568628
0.17647059
0.21568628
0.18039216
0.84313726
0.70588237
0.72156864
0.76078433
0.72941178
0.41176471
0.40000001
0.56862748
0.43529412
0.23921569
0.41176471
0.37254903
0.34901962
0.34901962
0.28627452
0.38431373
0.34509805
0.37254903
0.40000001
0.25098041
0.12549020
0.41176471
0.45098040
0.23921569
0.20000000
0.20784314
0.25490198
0.30588236
0.25098041
0.26666668
0.25098041
0.21176471
0.80392158
0.75294119
0.74117649
0.75686276
0.73725492
0.52156866
0.37647060
0.56078434
0.55294120
0.43529412
0.31372550
0.21568628
0.42352942
0.37647060
0.39215687
0.52156866
0.36470589
0.36470589
0.47058824
0.36470589
0.36078432
0.33725491
0.22745098
0.20392157
0.15294118
0.23529412
0.15686275
0.23137255
0.24313726
0.21176471
0.17647059
0.18039216
0.70588237
0.73333335
0.70980394
0.72549021
0.72156864
0.59607846
0.38823530
0.51764709
0.50980395
0.52941179
0.49411765
0.20000000
0.42352942
0.33725491
0.48235294
0.65882355
0.46274510
0.28627452
0.40392157
0.41176471
0.46274510
0.30588236
0.17254902
0.19607843
0.20392157
0.36470589
0.23529412
0.26666668
0.25098041
0.20392157
0.19607843
0.18039216
0.57254905
0.73333335
0.68627453
0.67450982
0.70588237
0.62745100
0.43529412
0.57254905
0.72549021
0.43529412
0.34117648
0.28627452
0.33725491
0.45490196
0.67843139
0.69411767
0.58039218
0.39607844
0.25882354
0.24705882
0.22352941
0.21176471
0.20000000
0.16078432
0.27058825
0.32549021
0.29411766
0.32156864
0.29803923
0.23921569
0.27058825
0.24705882
0.48627451
0.78431374
0.69019610
0.65882355
0.70196080
0.57647061
0.35686275
0.62352943
0.98039216
0.88235295
0.56470591
0.57647061
0.64313728
0.75294119
0.81568629
0.77254903
0.70980394
0.56078434
0.42745098
0.24313726
0.22745098
0.26666668
0.34117648
0.40000001
0.43137255
0.43529412
0.47843137
0.46666667
0.47058824
0.43921569
0.43921569
0.45098040
0.52156866
0.83529413
0.75294119
0.69411767
0.71372551
0.58823532
0.44313726
0.81960785
0.96862745
0.98823529
0.90980393
0.61568630
0.58431375
0.63529414
0.61176473
0.59607846
0.58039218
0.46666667
0.40784314
0.39607844
0.43529412
0.43137255
0.45098040
0.49019608
0.51372552
0.50980395
0.52941179
0.55294120
0.55686277
0.51764709
0.53725493
0.51764709
0.52941179
0.65882355
0.73725492
0.73725492
0.75294119
0.68235296
0.64313728
0.92941177
0.94509804
0.89411765
0.60000002
0.43529412
0.41176471
0.41176471
0.41960785
0.39607844
0.45098040
0.47058824
0.44313726
0.45490196
0.49019608
0.49019608
0.49411765
0.50196081
0.51764709
0.54509807
0.53725493
0.53725493
0.52941179
0.52549022
0.54509807
0.52156866
0.55294120
0.50980395
0.52549022
0.69019610
0.74901962
0.53725493
0.70980394
0.94901961
0.96078432
0.68627453
0.49803922
0.46274510
0.46666667
0.47450981
0.47058824
0.45490196
0.45882353
0.45882353
0.45098040
0.44313726
0.47058824
0.49019608
0.49019608
0.50980395
0.52549022
0.56862748
0.55686277
0.55686277
0.57254905
0.56470591
0.54901963
0.58431375
0.63529414
0.54901963
0.48627451
0.53333336
0.65490198
0.56078434
0.81960785
0.97647059
0.80392158
0.46274510
0.50196081
0.49019608
0.49803922
0.49803922
0.47450981
0.45098040
0.44313726
0.43921569
0.44313726
0.45882353
0.48235294
0.51372552
0.52549022
0.54117650
0.58823532
0.59607846
0.57647061
0.58431375
0.60392159
0.59607846
0.65490198
0.71372551
0.64705884
0.57647061
0.50980395
0.47843137
0.49411765
0.64313728
0.91764706
0.96862745
0.60000002
0.44705883
0.48235294
0.51372552
0.50588238
0.46666667
0.46666667
0.46666667
0.46666667
0.46666667
0.48235294
0.49803922
0.51372552
0.55294120
0.58823532
0.60392159
0.58823532
0.55294120
0.54901963
0.54117650
0.61960787
0.69803923
0.71372551
0.66274512
0.63529414
0.58431375
0.54117650
0.52156866
0.49411765
0.54117650
0.91372550
0.91764706
0.54901963
0.49411765
0.50588238
0.48627451
0.52156866
0.48235294
0.45490196
0.46666667
0.47843137
0.49411765
0.50980395
0.51764709
0.54901963
0.54117650
0.54509807
0.58039218
0.57647061
0.54509807
0.52156866
0.60000002
0.71372551
0.69019610
0.55686277
0.54509807
0.63137257
0.57647061
0.56078434
0.55294120
0.54117650
0.49019608
0.62352943
0.82745099
0.46666667
0.47450981
0.50196081
0.50980395
0.54509807
0.52941179
0.51372552
0.47058824
0.46274510
0.47058824
0.50980395
0.52941179
0.53333336
0.54509807
0.54117650
0.53333336
0.52941179
0.54117650
0.59215689
0.69803923
0.64313728
0.54901963
0.40392157
0.53333336
0.69411767
0.58039218
0.53725493
0.57254905
0.54509807
0.51764709
0.44313726
0.52156866
0.44705883
0.41176471
0.41176471
0.45882353
0.50196081
0.52941179
0.53725493
0.50196081
0.51372552
0.53725493
0.54509807
0.54117650
0.53725493
0.53333336
0.51372552
0.49019608
0.52156866
0.60392159
0.70196080
0.70980394
0.65882355
0.57254905
0.42352942
0.49803922
0.65882355
0.58039218
0.51764709
0.56078434
0.54509807
0.52549022
0.49019608
0.43921569
0.45098040
0.40784314
0.40000001
0.42745098
0.41568628
0.42352942
0.45098040
0.47058824
0.50196081
0.52941179
0.56470591
0.61176473
0.59607846
0.52549022
0.49803922
0.49803922
0.56470591
0.66666669
0.77254903
0.74509805
0.64313728
0.50980395
0.49411765
0.41960785
0.62745100
0.58431375
0.51764709
0.52549022
0.52549022
0.51764709
0.48235294
0.45098040
0.44705883
0.41176471
0.39607844
0.42352942
0.40784314
0.42352942
0.38431373
0.34901962
0.39215687
0.46274510
0.53725493
0.59607846
0.56862748
0.51372552
0.50980395
0.48235294
0.56862748
0.65490198
0.71372551
0.68627453
0.56862748
0.48627451
0.50588238
0.43137255
1 0 0 -1 0 0 0 0 0 0 0
0 1 0 -1 0 0 0 0 0 0 0
0 0 1 -1 0 0 0 0 0 0 0
0 0 0 -1 1 0 0 0 0 0 0
0 0 0 -1 0 1 0 0 0 0 0
0 0 0 -1 0 0 1 0 0 0 0
0 0 0 -1 0 0 0 1 0 0 0
0 0 0 -1 0 0 0 0 1 0 0
0 0 0 -1 0 0 0 0 0 1 0
