1.00000000
1.00000000
1.00000000
0.98039216
0.98039216
0.98039216
0.97647059
0.95686275
0.95294118
0.94117647
0.94901961
0.96078432
0.94901961
0.92549020
0.91764706
0.92156863
0.94509804
0.96078432
0.93725491
0.90980393
0.88235295
0.86666667
0.86666667
0.89411765
0.89803922
0.90196079
0.92549020
0.93333334
0.89803922
0.88235295
0.92941177
0.98431373
1.00000000
0.99215686
0.98823529
0.98431373
0.98823529
0.98431373
0.96078432
0.92941177
0.94509804
0.94117647
0.93333334
0.94117647
0.94117647
0.92549020
0.92156863
0.92156863
0.93725491
0.93725491
0.91372550
0.89803922
0.87843138
0.85490197
0.84313726
0.85882354
0.87058824
0.86666667
0.85882354
0.85098040
0.69411767
0.83137256
0.94901961
0.98431373
1.00000000
0.99215686
0.98039216
0.98039216
0.96862745
0.96862745
0.96078432
0.93333334
0.96078432
0.95294118
0.92941177
0.94117647
0.94509804
0.92156863
0.92156863
0.92156863
0.93725491
0.94117647
0.92156863
0.90980393
0.88235295
0.84313726
0.83921570
0.81960785
0.82745099
0.80784315
0.82352942
0.83921570
0.73333335
0.92941177
0.99607843
1.00000000
1.00000000
0.98823529
0.96862745
0.96078432
0.94117647
0.92941177
0.95294118
0.96470588
0.97647059
0.97254902
0.93725491
0.93333334
0.93725491
0.92156863
0.91764706
0.92156863
0.94509804
0.96078432
0.95294118
0.92941177
0.89803922
0.84705883
0.81176472
0.80392158
0.81960785
0.83921570
0.89803922
0.89803922
0.87843138
0.96470588
0.98823529
0.99215686
0.98431373
0.97647059
0.96862745
0.95294118
0.92549020
0.90980393
0.89019608
0.84313726
0.82352942
0.83529413
0.86666667
0.91764706
0.93725491
0.93333334
0.94117647
0.94117647
0.96078432
0.97647059
0.95686275
0.92941177
0.91372550
0.86666667
0.83529413
0.81960785
0.82352942
0.88235295
0.91372550
0.89803922
0.94117647
0.94901961
0.96862745
0.97254902
0.96862745
0.96470588
0.96862745
0.91764706
0.70980394
0.62352943
0.60000002
0.56470591
0.64705884
0.65882355
0.64313728
0.69803923
0.78823531
0.89803922
0.96470588
0.98431373
0.99215686
0.99215686
0.97254902
0.94509804
0.91764706
0.87450981
0.86666667
0.86274511
0.85098040
0.92156863
0.93333334
0.86666667
0.89803922
0.92156863
0.97254902
0.98823529
0.97254902
0.96862745
0.96862745
0.87058824
0.51372552
0.41960785
0.45098040
0.45882353
0.53333336
0.62352943
0.71764708
0.77647060
0.67058825
0.57647061
0.63137257
0.77647060
0.89803922
0.96862745
0.98823529
0.96862745
0.92549020
0.88235295
0.86274511
0.89019608
0.88627452
0.91372550
0.93725491
0.85882354
0.87450981
0.85490197
0.78039217
0.92156863
0.97254902
0.96862745
0.96470588
0.91764706
0.49019608
0.37647060
0.40392157
0.37254903
0.32156864
0.33725491
0.43137255
0.59607846
0.56862748
0.38039216
0.40000001
0.44313726
0.47058824
0.62745100
0.90980393
0.99607843
0.95686275
0.91764706
0.89411765
0.89019608
0.89803922
0.90196079
0.90980393
0.89019608
0.74117649
0.70980394
0.49411765
0.63529414
0.96078432
0.96078432
0.95686275
0.94509804
0.49411765
0.36470589
0.55686277
0.50980395
0.22352941
0.21568628
0.42745098
0.70196080
0.64705884
0.48235294
0.69411767
0.67450982
0.61568630
0.68627453
0.92156863
0.95686275
0.91764706
0.90196079
0.88627452
0.86274511
0.86666667
0.87450981
0.84705883
0.86666667
0.70196080
0.74117649
0.33725491
0.42745098
0.96470588
0.95294118
0.93725491
0.94901961
0.55294120
0.27843139
0.57647061
0.65098041
0.23137255
0.44705883
0.70980394
0.89803922
0.87450981
0.50588238
0.70588237
0.87843138
0.87450981
0.77647060
0.90980393
0.89019608
0.87450981
0.88235295
0.85490197
0.84705883
0.83137256
0.82745099
0.85098040
0.77254903
0.63921571
0.85882354
0.65882355
0.49411765
0.94117647
0.93333334
0.91372550
0.93333334
0.58039218
0.21176471
0.36078432
0.43529412
0.22745098
0.63137257
0.85098040
0.80000001
0.86274511
0.54117650
0.73333335
0.90196079
0.83529413
0.74509805
0.89411765
0.87843138
0.89019608
0.88627452
0.86274511
0.85098040
0.82352942
0.81176472
0.84313726
0.74509805
0.53725493
0.72156864
0.66274512
0.56470591
0.75294119
0.75294119
0.71764708
0.77647060
0.53333336
0.12156863
0.18039216
0.20392157
0.22745098
0.59607846
0.85098040
0.70980394
0.63529414
0.47843137
0.67450982
0.65490198
0.71764708
0.75294119
0.82352942
0.80784315
0.81568629
0.81568629
0.78431374
0.76078433
0.76862746
0.75294119
0.72941178
0.73333335
0.60392159
0.41960785
0.40784314
0.49019608
0.50980395
0.50196081
0.48235294
0.50196081
0.41568628
0.23529412
0.22745098
0.25490198
0.27450982
0.37254903
0.52156866
0.52941179
0.36862746
0.36862746
0.57254905
0.45098040
0.50588238
0.53725493
0.59607846
0.56862748
0.56078434
0.55294120
0.51764709
0.52156866
0.50980395
0.49411765
0.42352942
0.56470591
0.50980395
0.43921569
0.37647060
0.41960785
0.52549022
0.51372552
0.58431375
0.67058825
0.68235296
0.51764709
0.25490198
0.23137255
0.26274511
0.22352941
0.23921569
0.36078432
0.34509805
0.45882353
0.56078434
0.49803922
0.46274510
0.51764709
0.57647061
0.55294120
0.53333336
0.52549022
0.57254905
0.50196081
0.50196081
0.48627451
0.49411765
0.56078434
0.51372552
0.54901963
0.51372552
0.50980395
0.70980394
0.67843139
0.75294119
0.95294118
0.99215686
0.90980393
0.56470591
0.37647060
0.40392157
0.37254903
0.29803923
0.30588236
0.30196080
0.54901963
0.81568629
0.72941178
0.62745100
0.61960787
0.61176473
0.59215689
0.55686277
0.58039218
0.72941178
0.47058824
0.40784314
0.57647061
0.61568630
0.57254905
0.63529414
0.80392158
0.85098040
0.59215689
0.84705883
0.80784315
0.83921570
0.92156863
0.86666667
0.91372550
0.94901961
0.86274511
0.85490197
0.87450981
0.89411765
0.86274511
0.84313726
0.83529413
0.85882354
0.84705883
0.92156863
0.92156863
0.90588236
0.89803922
0.87058824
0.85490197
0.76078433
0.37254903
0.29411766
0.56470591
0.61176473
0.54509807
0.70196080
0.54901963
0.41568628
0.39607844
0.80000001
0.80392158
0.83137256
0.77647060
0.60392159
0.75686276
1.00000000
1.00000000
1.00000000
0.98039216
0.92156863
0.86666667
0.94901961
0.93725491
0.87843138
0.88235295
0.97254902
0.99607843
0.98823529
0.98823529
0.99607843
0.98823529
0.73725492
0.25882354
0.28235295
0.43529412
0.54117650
0.58039218
0.60000002
0.59607846
0.32941177
0.31764707
0.40784314
0.40000001
0.49411765
0.46274510
0.45882353
0.70196080
0.96862745
0.98823529
0.99215686
0.95686275
0.72549021
0.64313728
0.79215688
0.93333334
0.92941177
0.92549020
0.96862745
0.98431373
0.96470588
0.96862745
0.98039216
0.95686275
0.60784316
0.40000001
0.34509805
0.40392157
0.40784314
0.70588237
0.68627453
0.69411767
0.49411765
0.41176471
0.68235296
0.34117648
0.34901962
0.38823530
0.45882353
0.75686276
0.90588236
0.96862745
0.96862745
0.96470588
0.88627452
0.80000001
0.90196079
0.89411765
0.92941177
0.93333334
0.95294118
0.95294118
0.95294118
0.95294118
0.92156863
0.92156863
0.50980395
0.46666667
0.32156864
0.37647060
0.52549022
0.69019610
0.78823531
0.66274512
0.47843137
0.53333336
0.75294119
0.68235296
0.34509805
0.36862746
0.50196081
0.67843139
0.83921570
0.94117647
0.93725491
0.94117647
0.95294118
0.95686275
0.98039216
0.92941177
0.94509804
0.95294118
0.97254902
0.93333334
0.72156864
0.47843137
0.37647060
0.43529412
0.54117650
0.76078433
0.47450981
0.21176471
0.34509805
0.54117650
0.73725492
0.61176473
0.38039216
0.45490196
0.61960787
0.69411767
0.56470591
0.69411767
0.73725492
0.73333335
0.87843138
0.88627452
0.87843138
0.89019608
0.89019608
0.89019608
0.90588236
0.94509804
0.97254902
0.97254902
0.92549020
0.54901963
0.11372549
0.07843138
0.23137255
0.21176471
0.13333334
0.38039216
0.45882353
0.20000000
0.26666668
0.56078434
0.60000002
0.57254905
0.24313726
0.27843139
0.69411767
0.65490198
0.62745100
0.80784315
0.81176472
0.82745099
0.80784315
0.82352942
0.80392158
0.79607844
0.81960785
0.84313726
0.85882354
0.87058824
0.92549020
0.96078432
0.55686277
0.09411765
0.23921569
0.60000002
0.69019610
0.69019610
0.53333336
0.14509805
0.11372549
0.29803923
0.30980393
0.60392159
0.47058824
0.48627451
0.38823530
0.32156864
0.60000002
0.70980394
0.73333335
0.94509804
0.95294118
0.94117647
0.91372550
0.91764706
0.86666667
0.83137256
0.84705883
0.85882354
0.85098040
0.82352942
0.84705883
0.70196080
0.19607843
0.19215687
0.66274512
0.46666667
0.23529412
0.29803923
0.59215689
0.60392159
0.20784314
0.29803923
0.29411766
0.50980395
0.54117650
0.32941177
0.37254903
0.45098040
0.54117650
0.60392159
0.60000002
0.72156864
0.79607844
0.82745099
0.88235295
0.92156863
0.95686275
0.98431373
1.00000000
0.99607843
0.96470588
0.92156863
0.70588237
0.28627452
0.10588235
0.47450981
0.56078434
0.18823530
0.13725491
0.09019608
0.14509805
0.64705884
0.41568628
0.33725491
0.51372552
0.49803922
0.54509807
0.26274511
0.28235295
0.43529412
0.67058825
0.56470591
0.59607846
0.29803923
0.21568628
0.26274511
0.30196080
0.34901962
0.43137255
0.49411765
0.57254905
0.63137257
0.62745100
0.51764709
0.33333334
0.20392157
0.18823530
0.59607846
0.43529412
0.18823530
0.16470589
0.13725491
0.10196079
0.35294119
0.60784316
0.25882354
0.58039218
0.49803922
0.50588238
0.27058825
0.30588236
0.51372552
0.65098041
0.45098040
0.45098040
0.23137255
0.13725491
0.15294118
0.15294118
0.16078432
0.16862746
0.17254902
0.18039216
0.24705882
0.25098041
0.23529412
0.24705882
0.24313726
0.25882354
0.65490198
0.40000001
0.16470589
0.23529412
0.16470589
0.13333334
0.27450982
0.69019610
0.17254902
0.47843137
0.52941179
0.27843139
0.14901961
0.23921569
0.48627451
0.50196081
0.21176471
0.19607843
0.16078432
0.15686275
0.17647059
0.15294118
0.16078432
0.17647059
0.17254902
0.18431373
0.21568628
0.23137255
0.24313726
0.23921569
0.21568628
0.21568628
0.63137257
0.50588238
0.11372549
0.18431373
0.13333334
0.15294118
0.25882354
0.69019610
0.16862746
0.32156864
0.34117648
0.12156863
0.20000000
0.27843139
0.36078432
0.25882354
0.22745098
0.24313726
0.23921569
0.24313726
0.25098041
0.18039216
0.14117648
0.17647059
0.17647059
0.17254902
0.16862746
0.18039216
0.21176471
0.21568628
0.19607843
0.15294118
0.42352942
0.69411767
0.14509805
0.05098039
0.10196079
0.11372549
0.34901962
0.64705884
0.10980392
0.10196079
0.13333334
0.34901962
0.61568630
0.58823532
0.45098040
0.36862746
0.36470589
0.35294119
0.34117648
0.35686275
0.36862746
0.32941177
0.26274511
0.29803923
0.30980393
0.30196080
0.27450982
0.27450982
0.27450982
0.25098041
0.20784314
0.17647059
0.22745098
0.69019610
0.56470591
0.14901961
0.12941177
0.20000000
0.65882355
0.39215687
0.10588235
0.12941177
0.18039216
0.29019609
0.66274512
0.77254903
0.69803923
0.33725491
0.31372550
0.31372550
0.30588236
0.30980393
0.34901962
0.34509805
0.27843139
0.30980393
0.34509805
0.35686275
0.38431373
0.39215687
0.40392157
0.38431373
0.35294119
0.32549021
0.30588236
0.37647060
0.67058825
0.73333335
0.63921571
0.67058825
0.44705883
0.10980392
0.13333334
0.10196079
0.17647059
0.16078432
0.52549022
0.77647060
0.79215688
0.69803923
0.68627453
0.67450982
0.68627453
0.69411767
0.69803923
0.59215689
0.52156866
0.62352943
0.58823532
0.59215689
0.61176473
0.58431375
0.57647061
0.59607846
0.60000002
0.60392159
0.58823532
0.55294120
0.59215689
0.79215688
0.82352942
0.70588237
0.52941179
0.50588238
0.55686277
0.56862748
0.65098041
0.67450982
0.74901962
0.84705883
0.89019608
1.00000000
1.00000000
1.00000000
1.00000000
1.00000000
1.00000000
0.89803922
0.75294119
0.86274511
0.79215688
0.78823531
0.81568629
0.80392158
0.78823531
0.75686276
0.79607844
0.84313726
0.73725492
0.76470590
0.76078433
0.75294119
0.74117649
0.73333335
0.76862746
0.76078433
0.94901961
1.00000000
1.00000000
1.00000000
1.00000000
1.00000000
1.00000000
1.00000000
1.00000000
1.00000000
0.98039216
0.98039216
0.98039216
0.97647059
0.95686275
0.95294118
0.94117647
0.94901961
0.96078432
0.94901961
0.92549020
0.91764706
0.92156863
0.94509804
0.96078432
0.93725491
0.90980393
0.88235295
0.86666667
0.86666667
0.89411765
0.89803922
0.90196079
0.92549020
0.93333334
0.89803922
0.88235295
0.92941177
0.98431373
1.00000000
0.99215686
0.98823529
0.98431373
0.98823529
0.98431373
0.96078432
0.92941177
0.94509804
0.94117647
0.93333334
0.94117647
0.94117647
0.92549020
0.92156863
0.92156863
0.93725491
0.93725491
0.91372550
0.89803922
0.87843138
0.85490197
0.84313726
0.85882354
0.87058824
0.86666667
0.85882354
0.85098040
0.69411767
0.83137256
0.94901961
0.98431373
1.00000000
0.99215686
0.98039216
0.98039216
0.96862745
0.96862745
0.96078432
0.93333334
0.96078432
0.95294118
0.92941177
0.94117647
0.94509804
0.92156863
0.92156863
0.92156863
0.93725491
0.94117647
0.92156863
0.90980393
0.88235295
0.84313726
0.83921570
0.81960785
0.82745099
0.80784315
0.82352942
0.83921570
0.73333335
0.92941177
0.99607843
1.00000000
1.00000000
0.98823529
0.96862745
0.96078432
0.94117647
0.92941177
0.95294118
0.96470588
0.97647059
0.97254902
0.93725491
0.93333334
0.93725491
0.92156863
0.91764706
0.92156863
0.94509804
0.96078432
0.95294118
0.92941177
0.89803922
0.84705883
0.81176472
0.80392158
0.81960785
0.83921570
0.89803922
0.89803922
0.87843138
0.96470588
0.98823529
0.99215686
0.98431373
0.97647059
0.96862745
0.95294118
0.92549020
0.90980393
0.89019608
0.84313726
0.82352942
0.83529413
0.86666667
0.91764706
0.93725491
0.93333334
0.94117647
0.94117647
0.96078432
0.97647059
0.95686275
0.92941177
0.91372550
0.86666667
0.83529413
0.81960785
0.82352942
0.88235295
0.91372550
0.89803922
0.94117647
0.94901961
0.96862745
0.97254902
0.96862745
0.96470588
0.96862745
0.91764706
0.70980394
0.62352943
0.60000002
0.56470591
0.64705884
0.65882355
0.64313728
0.69803923
0.78823531
0.89803922
0.96470588
0.98431373
0.99215686
0.99215686
0.97254902
0.94509804
0.91764706
0.87450981
0.86666667
0.86274511
0.85098040
0.92156863
0.93333334
0.86666667
0.89803922
0.92156863
0.97254902
0.98823529
0.97254902
0.96862745
0.96862745
0.87058824
0.51372552
0.41960785
0.45098040
0.45882353
0.53333336
0.62352943
0.71764708
0.77647060
0.67058825
0.57647061
0.63137257
0.77647060
0.89803922
0.96862745
0.98823529
0.96862745
0.92549020
0.88235295
0.86274511
0.89019608
0.88627452
0.91372550
0.93725491
0.85882354
0.87450981
0.85490197
0.78039217
0.92156863
0.97254902
0.96862745
0.96470588
0.91764706
0.49019608
0.37647060
0.40392157
0.37254903
0.32156864
0.33725491
0.43137255
0.59607846
0.56862748
0.38039216
0.40000001
0.44313726
0.47058824
0.62745100
0.90980393
0.99607843
0.95686275
0.91764706
0.89411765
0.89019608
0.89803922
0.90196079
0.90980393
0.89019608
0.74117649
0.70980394
0.49411765
0.63529414
0.96078432
0.96078432
0.95686275
0.94509804
0.49411765
0.36470589
0.55686277
0.50980395
0.22352941
0.21568628
0.42745098
0.70196080
0.64705884
0.48235294
0.69411767
0.67450982
0.61568630
0.68627453
0.92156863
0.95686275
0.91764706
0.90196079
0.88627452
0.86274511
0.86666667
0.87450981
0.84705883
0.86666667
0.70196080
0.74117649
0.33725491
0.42745098
0.96470588
0.95294118
0.93725491
0.94901961
0.55294120
0.27843139
0.57647061
0.65098041
0.23137255
0.44705883
0.70980394
0.89803922
0.87450981
0.50588238
0.70588237
0.87843138
0.87450981
0.77647060
0.90980393
0.89019608
0.87450981
0.88235295
0.85490197
0.84705883
0.83137256
0.82745099
0.85098040
0.77254903
0.63921571
0.85882354
0.65882355
0.49411765
0.94117647
0.93333334
0.91372550
0.93333334
0.58039218
0.21176471
0.36078432
0.43529412
0.22745098
0.63137257
0.85098040
0.80000001
0.86274511
0.54117650
0.73333335
0.90196079
0.83529413
0.74509805
0.89411765
0.87843138
0.89019608
0.88627452
0.86274511
0.85098040
0.82352942
0.81176472
0.84313726
0.74509805
0.53725493
0.72156864
0.66274512
0.56470591
0.75294119
0.75294119
0.71764708
0.77647060
0.53333336
0.12156863
0.18039216
0.20392157
0.22745098
0.59607846
0.85098040
0.70980394
0.63529414
0.47843137
0.67450982
0.65490198
0.71764708
0.75294119
0.82352942
0.80784315
0.81568629
0.81568629
0.78431374
0.76078433
0.76862746
0.75294119
0.72941178
0.73333335
0.60392159
0.41960785
0.40784314
0.49019608
0.50980395
0.50196081
0.48235294
0.50196081
0.41568628
0.23529412
0.22745098
0.25490198
0.27450982
0.37254903
0.52156866
0.52941179
0.36862746
0.36862746
0.57254905
0.45098040
0.50588238
0.53725493
0.59607846
0.56862748
0.56078434
0.55294120
0.51764709
0.52156866
0.50980395
0.49411765
0.42352942
0.56470591
0.50980395
0.43921569
0.37647060
0.41960785
0.52549022
0.51372552
0.58431375
0.67058825
0.68235296
0.51764709
0.25490198
0.23137255
0.26274511
0.22352941
0.23921569
0.36078432
0.34509805
0.45882353
0.56078434
0.49803922
0.46274510
0.51764709
0.57647061
0.55294120
0.53333336
0.52549022
0.57254905
0.50196081
0.50196081
0.48627451
0.49411765
0.56078434
0.51372552
0.54901963
0.51372552
0.50980395
0.70980394
0.67843139
0.75294119
0.95294118
0.99215686
0.90980393
0.56470591
0.37647060
0.40392157
0.37254903
0.29803923
0.30588236
0.30196080
0.54901963
0.81568629
0.72941178
0.62745100
0.61960787
0.61176473
0.59215689
0.55686277
0.58039218
0.72941178
0.47058824
0.40784314
0.57647061
0.61568630
0.57254905
0.63529414
0.80392158
0.85098040
0.59215689
0.84705883
0.80784315
0.83921570
0.92156863
0.86666667
0.91372550
0.94901961
0.86274511
0.85490197
0.87450981
0.89411765
0.86274511
0.84313726
0.83529413
0.85882354
0.84705883
0.92156863
0.92156863
0.90588236
0.89803922
0.87058824
0.85490197
0.76078433
0.37254903
0.29411766
0.56470591
0.61176473
0.54509807
0.70196080
0.54901963
0.41568628
0.39607844
0.80000001
0.80392158
0.83137256
0.77647060
0.60392159
0.75686276
1.00000000
1.00000000
1.00000000
0.98039216
0.92156863
0.86666667
0.94901961
0.93725491
0.87843138
0.88235295
0.97254902
0.99607843
0.98823529
0.98823529
0.99607843
0.98823529
0.73725492
0.25882354
0.28235295
0.43529412
0.54117650
0.58039218
0.60000002
0.59607846
0.32941177
0.31764707
0.40784314
0.40000001
0.49411765
0.46274510
0.45882353
0.70196080
0.96862745
0.98823529
0.99215686
0.95686275
0.72549021
0.64313728
0.79215688
0.93333334
0.92941177
0.92549020
0.96862745
0.98431373
0.96470588
0.96862745
0.98039216
0.95686275
0.60784316
0.40000001
0.34509805
0.40392157
0.40784314
0.70588237
0.68627453
0.69411767
0.49411765
0.41176471
0.68235296
0.34117648
0.34901962
0.38823530
0.45882353
0.75686276
0.90588236
0.96862745
0.96862745
0.96470588
0.88627452
0.80000001
0.90196079
0.89411765
0.92941177
0.93333334
0.95294118
0.95294118
0.95294118
0.95294118
0.92156863
0.92156863
0.50980395
0.46666667
0.32156864
0.37647060
0.52549022
0.69019610
0.78823531
0.66274512
0.47843137
0.53333336
0.75294119
0.68235296
0.34509805
0.36862746
0.50196081
0.67843139
0.83921570
0.94117647
0.93725491
0.94117647
0.95294118
0.95686275
0.98039216
0.92941177
0.94509804
0.95294118
0.97254902
0.93333334
0.72156864
0.47843137
0.37647060
0.43529412
0.54117650
0.76078433
0.47450981
0.21176471
0.34509805
0.54117650
0.73725492
0.61176473
0.38039216
0.45490196
0.61960787
0.69411767
0.56470591
0.69411767
0.73725492
0.73333335
0.87843138
0.88627452
0.87843138
0.89019608
0.89019608
0.89019608
0.90588236
0.94509804
0.97254902
0.97254902
0.92549020
0.54901963
0.11372549
0.07843138
0.23137255
0.21176471
0.13333334
0.38039216
0.45882353
0.20000000
0.26666668
0.56078434
0.60000002
0.57254905
0.24313726
0.27843139
0.69411767
0.65490198
0.62745100
0.80784315
0.81176472
0.82745099
0.80784315
0.82352942
0.80392158
0.79607844
0.81960785
0.84313726
0.85882354
0.87058824
0.92549020
0.96078432
0.55686277
0.09411765
0.23921569
0.60000002
0.69019610
0.69019610
0.53333336
0.14509805
0.11372549
0.29803923
0.30980393
0.60392159
0.47058824
0.48627451
0.38823530
0.32156864
0.60000002
0.70980394
0.73333335
0.94509804
0.95294118
0.94117647
0.91372550
0.91764706
0.86666667
0.83137256
0.84705883
0.85882354
0.85098040
0.82352942
0.84705883
0.70196080
0.19607843
0.19215687
0.66274512
0.46666667
0.23529412
0.29803923
0.59215689
0.60392159
0.20784314
0.29803923
0.29411766
0.50980395
0.54117650
0.32941177
0.37254903
0.45098040
0.54117650
0.60392159
0.60000002
0.72156864
0.79607844
0.82745099
0.88235295
0.92156863
0.95686275
0.98431373
1.00000000
0.99607843
0.96470588
0.92156863
0.70588237
0.28627452
0.10588235
0.47450981
0.56078434
0.18823530
0.13725491
0.09019608
0.14509805
0.64705884
0.41568628
0.33725491
0.51372552
0.49803922
0.54509807
0.26274511
0.28235295
0.43529412
0.67058825
0.56470591
0.59607846
0.29803923
0.21568628
0.26274511
0.30196080
0.34901962
0.43137255
0.49411765
0.57254905
0.63137257
0.62745100
0.51764709
0.33333334
0.20392157
0.18823530
0.59607846
0.43529412
0.18823530
0.16470589
0.13725491
0.10196079
0.35294119
0.60784316
0.25882354
0.58039218
0.49803922
0.50588238
0.27058825
0.30588236
0.51372552
0.65098041
0.45098040
0.45098040
0.23137255
0.13725491
0.15294118
0.15294118
0.16078432
0.16862746
0.17254902
0.18039216
0.24705882
0.25098041
0.23529412
0.24705882
0.24313726
0.25882354
0.65490198
0.40000001
0.16470589
0.23529412
0.16470589
0.13333334
0.27450982
0.69019610
0.17254902
0.47843137
0.52941179
0.27843139
0.14901961
0.23921569
0.48627451
0.50196081
0.21176471
0.19607843
0.16078432
0.15686275
0.17647059
0.15294118
0.16078432
0.17647059
0.17254902
0.18431373
0.21568628
0.23137255
0.24313726
0.23921569
0.21568628
0.21568628
0.63137257
0.50588238
0.11372549
0.18431373
0.13333334
0.15294118
0.25882354
0.69019610
0.16862746
0.32156864
0.34117648
0.12156863
0.20000000
0.27843139
0.36078432
0.25882354
0.22745098
0.24313726
0.23921569
0.24313726
0.25098041
0.18039216
0.14117648
0.17647059
0.17647059
0.17254902
0.16862746
0.18039216
0.21176471
0.21568628
0.19607843
0.15294118
0.42352942
0.69411767
0.14509805
0.05098039
0.10196079
0.11372549
0.34901962
0.64705884
0.10980392
0.10196079
0.13333334
0.34901962
0.61568630
0.58823532
0.45098040
0.36862746
0.36470589
0.35294119
0.34117648
0.35686275
0.36862746
0.32941177
0.26274511
0.29803923
0.30980393
0.30196080
0.27450982
0.27450982
0.27450982
0.25098041
0.20784314
0.17647059
0.22745098
0.69019610
0.56470591
0.14901961
0.12941177
0.20000000
0.65882355
0.39215687
0.10588235
0.12941177
0.18039216
0.29019609
0.66274512
0.77254903
0.69803923
0.33725491
0.31372550
0.31372550
0.30588236
0.30980393
0.34901962
0.34509805
0.27843139
0.30980393
0.34509805
0.35686275
0.38431373
0.39215687
0.40392157
0.38431373
0.35294119
0.32549021
0.30588236
0.37647060
0.67058825
0.73333335
0.63921571
0.67058825
0.44705883
0.10980392
0.13333334
0.10196079
0.17647059
0.16078432
0.52549022
0.77647060
0.79215688
0.69803923
0.68627453
0.67450982
0.68627453
0.69411767
0.69803923
0.59215689
0.52156866
0.62352943
0.58823532
0.59215689
0.61176473
0.58431375
0.57647061
0.59607846
0.60000002
0.60392159
0.58823532
0.55294120
0.59215689
0.79215688
0.82352942
0.70588237
0.52941179
0.50588238
0.55686277
0.56862748
0.65098041
0.67450982
0.74901962
0.84705883
0.89019608
1.00000000
1.00000000
1.00000000
1.00000000
1.00000000
1.00000000
0.89803922
0.75294119
0.86274511
0.79215688
0.78823531
0.81568629
0.80392158
0.78823531
0.75686276
0.79607844
0.84313726
0.73725492
0.76470590
0.76078433
0.75294119
0.74117649
0.73333335
0.76862746
0.76078433
0.94901961
1.00000000
1.00000000
1.00000000
1.00000000
1.00000000
1.00000000
1.00000000
1.00000000
1.00000000
0.98039216
0.98039216
0.98039216
0.97647059
0.95686275
0.95294118
0.94117647
0.94901961
0.96078432
0.94901961
0.92549020
0.91764706
0.92156863
0.94509804
0.96078432
0.93725491
0.90980393
0.88235295
0.86666667
0.86666667
0.89411765
0.89803922
0.90196079
0.92549020
0.93333334
0.89803922
0.88235295
0.92941177
0.98431373
1.00000000
0.99215686
0.98823529
0.98431373
0.98823529
0.98431373
0.96078432
0.92941177
0.94509804
0.94117647
0.93333334
0.94117647
0.94117647
0.92549020
0.92156863
0.92156863
0.93725491
0.93725491
0.91372550
0.89803922
0.87843138
0.85490197
0.84313726
0.85882354
0.87058824
0.86666667
0.85882354
0.85098040
0.69411767
0.83137256
0.94901961
0.98431373
1.00000000
0.99215686
0.98039216
0.98039216
0.96862745
0.96862745
0.96078432
0.93333334
0.96078432
0.95294118
0.92941177
0.94117647
0.94509804
0.92156863
0.92156863
0.92156863
0.93725491
0.94117647
0.92156863
0.90980393
0.88235295
0.84313726
0.83921570
0.81960785
0.82745099
0.80784315
0.82352942
0.83921570
0.73333335
0.92941177
0.99607843
1.00000000
1.00000000
0.98823529
0.96862745
0.96078432
0.94117647
0.92941177
0.95294118
0.96470588
0.97647059
0.97254902
0.93725491
0.93333334
0.93725491
0.92156863
0.91764706
0.92156863
0.94509804
0.96078432
0.95294118
0.92941177
0.89803922
0.84705883
0.81176472
0.80392158
0.81960785
0.83921570
0.89803922
0.89803922
0.87843138
0.96470588
0.98823529
0.99215686
0.98431373
0.97647059
0.96862745
0.95294118
0.92549020
0.90980393
0.89019608
0.84313726
0.82352942
0.83529413
0.86666667
0.91764706
0.93725491
0.93333334
0.94117647
0.94117647
0.96078432
0.97647059
0.95686275
0.92941177
0.91372550
0.86666667
0.83529413
0.81960785
0.82352942
0.88235295
0.91372550
0.89803922
0.94117647
0.94901961
0.96862745
0.97254902
0.96862745
0.96470588
0.96862745
0.91764706
0.70980394
0.62352943
0.60000002
0.56470591
0.64705884
0.65882355
0.64313728
0.69803923
0.78823531
0.89803922
0.96470588
0.98431373
0.99215686
0.99215686
0.97254902
0.94509804
0.91764706
0.87450981
0.86666667
0.86274511
0.85098040
0.92156863
0.93333334
0.86666667
0.89803922
0.92156863
0.97254902
0.98823529
0.97254902
0.96862745
0.96862745
0.87058824
0.51372552
0.41960785
0.45098040
0.45882353
0.53333336
0.62352943
0.71764708
0.77647060
0.67058825
0.57647061
0.63137257
0.77647060
0.89803922
0.96862745
0.98823529
0.96862745
0.92549020
0.88235295
0.86274511
0.89019608
0.88627452
0.91372550
0.93725491
0.85882354
0.87450981
0.85490197
0.78039217
0.92156863
0.97254902
0.96862745
0.96470588
0.91764706
0.49019608
0.37647060
0.40392157
0.37254903
0.32156864
0.33725491
0.43137255
0.59607846
0.56862748
0.38039216
0.40000001
0.44313726
0.47058824
0.62745100
0.90980393
0.99607843
0.95686275
0.91764706
0.89411765
0.89019608
0.89803922
0.90196079
0.90980393
0.89019608
0.74117649
0.70980394
0.49411765
0.63529414
0.96078432
0.96078432
0.95686275
0.94509804
0.49411765
0.36470589
0.55686277
0.50980395
0.22352941
0.21568628
0.42745098
0.70196080
0.64705884
0.48235294
0.69411767
0.67450982
0.61568630
0.68627453
0.92156863
0.95686275
0.91764706
0.90196079
0.88627452
0.86274511
0.86666667
0.87450981
0.84705883
0.86666667
0.70196080
0.74117649
0.33725491
0.42745098
0.96470588
0.95294118
0.93725491
0.94901961
0.55294120
0.27843139
0.57647061
0.65098041
0.23137255
0.44705883
0.70980394
0.89803922
0.87450981
0.50588238
0.70588237
0.87843138
0.87450981
0.77647060
0.90980393
0.89019608
0.87450981
0.88235295
0.85490197
0.84705883
0.83137256
0.82745099
0.85098040
0.77254903
0.63921571
0.85882354
0.65882355
0.49411765
0.94117647
0.93333334
0.91372550
0.93333334
0.58039218
0.21176471
0.36078432
0.43529412
0.22745098
0.63137257
0.85098040
0.80000001
0.86274511
0.54117650
0.73333335
0.90196079
0.83529413
0.74509805
0.89411765
0.87843138
0.89019608
0.88627452
0.86274511
0.85098040
0.82352942
0.81176472
0.84313726
0.74509805
0.53725493
0.72156864
0.66274512
0.56470591
0.75294119
0.75294119
0.71764708
0.77647060
0.53333336
0.12156863
0.18039216
0.20392157
0.22745098
0.59607846
0.85098040
0.70980394
0.63529414
0.47843137
0.67450982
0.65490198
0.71764708
0.75294119
0.82352942
0.80784315
0.81568629
0.81568629
0.78431374
0.76078433
0.76862746
0.75294119
0.72941178
0.73333335
0.60392159
0.41960785
0.40784314
0.49019608
0.50980395
0.50196081
0.48235294
0.50196081
0.41568628
0.23529412
0.22745098
0.25490198
0.27450982
0.37254903
0.52156866
0.52941179
0.36862746
0.36862746
0.57254905
0.45098040
0.50588238
0.53725493
0.59607846
0.56862748
0.56078434
0.55294120
0.51764709
0.52156866
0.50980395
0.49411765
0.42352942
0.56470591
0.50980395
0.43921569
0.37647060
0.41960785
0.52549022
0.51372552
0.58431375
0.67058825
0.68235296
0.51764709
0.25490198
0.23137255
0.26274511
0.22352941
0.23921569
0.36078432
0.34509805
0.45882353
0.56078434
0.49803922
0.46274510
0.51764709
0.57647061
0.55294120
0.53333336
0.52549022
0.57254905
0.50196081
0.50196081
0.48627451
0.49411765
0.56078434
0.51372552
0.54901963
0.51372552
0.50980395
0.70980394
0.67843139
0.75294119
0.95294118
0.99215686
0.90980393
0.56470591
0.37647060
0.40392157
0.37254903
0.29803923
0.30588236
0.30196080
0.54901963
0.81568629
0.72941178
0.62745100
0.61960787
0.61176473
0.59215689
0.55686277
0.58039218
0.72941178
0.47058824
0.40784314
0.57647061
0.61568630
0.57254905
0.63529414
0.80392158
0.85098040
0.59215689
0.84705883
0.80784315
0.83921570
0.92156863
0.86666667
0.91372550
0.94901961
0.86274511
0.85490197
0.87450981
0.89411765
0.86274511
0.84313726
0.83529413
0.85882354
0.84705883
0.92156863
0.92156863
0.90588236
0.89803922
0.87058824
0.85490197
0.76078433
0.37254903
0.29411766
0.56470591
0.61176473
0.54509807
0.70196080
0.54901963
0.41568628
0.39607844
0.80000001
0.80392158
0.83137256
0.77647060
0.60392159
0.75686276
1.00000000
1.00000000
1.00000000
0.98039216
0.92156863
0.86666667
0.94901961
0.93725491
0.87843138
0.88235295
0.97254902
0.99607843
0.98823529
0.98823529
0.99607843
0.98823529
0.73725492
0.25882354
0.28235295
0.43529412
0.54117650
0.58039218
0.60000002
0.59607846
0.32941177
0.31764707
0.40784314
0.40000001
0.49411765
0.46274510
0.45882353
0.70196080
0.96862745
0.98823529
0.99215686
0.95686275
0.72549021
0.64313728
0.79215688
0.93333334
0.92941177
0.92549020
0.96862745
0.98431373
0.96470588
0.96862745
0.98039216
0.95686275
0.60784316
0.40000001
0.34509805
0.40392157
0.40784314
0.70588237
0.68627453
0.69411767
0.49411765
0.41176471
0.68235296
0.34117648
0.34901962
0.38823530
0.45882353
0.75686276
0.90588236
0.96862745
0.96862745
0.96470588
0.88627452
0.80000001
0.90196079
0.89411765
0.92941177
0.93333334
0.95294118
0.95294118
0.95294118
0.95294118
0.92156863
0.92156863
0.50980395
0.46666667
0.32156864
0.37647060
0.52549022
0.69019610
0.78823531
0.66274512
0.47843137
0.53333336
0.75294119
0.68235296
0.34509805
0.36862746
0.50196081
0.67843139
0.83921570
0.94117647
0.93725491
0.94117647
0.95294118
0.95686275
0.98039216
0.92941177
0.94509804
0.95294118
0.97254902
0.93333334
0.72156864
0.47843137
0.37647060
0.43529412
0.54117650
0.76078433
0.47450981
0.21176471
0.34509805
0.54117650
0.73725492
0.61176473
0.38039216
0.45490196
0.61960787
0.69411767
0.56470591
0.69411767
0.73725492
0.73333335
0.87843138
0.88627452
0.87843138
0.89019608
0.89019608
0.89019608
0.90588236
0.94509804
0.97254902
0.97254902
0.92549020
0.54901963
0.11372549
0.07843138
0.23137255
0.21176471
0.13333334
0.38039216
0.45882353
0.20000000
0.26666668
0.56078434
0.60000002
0.57254905
0.24313726
0.27843139
0.69411767
0.65490198
0.62745100
0.80784315
0.81176472
0.82745099
0.80784315
0.82352942
0.80392158
0.79607844
0.81960785
0.84313726
0.85882354
0.87058824
0.92549020
0.96078432
0.55686277
0.09411765
0.23921569
0.60000002
0.69019610
0.69019610
0.53333336
0.14509805
0.11372549
0.29803923
0.30980393
0.60392159
0.47058824
0.48627451
0.38823530
0.32156864
0.60000002
0.70980394
0.73333335
0.94509804
0.95294118
0.94117647
0.91372550
0.91764706
0.86666667
0.83137256
0.84705883
0.85882354
0.85098040
0.82352942
0.84705883
0.70196080
0.19607843
0.19215687
0.66274512
0.46666667
0.23529412
0.29803923
0.59215689
0.60392159
0.20784314
0.29803923
0.29411766
0.50980395
0.54117650
0.32941177
0.37254903
0.45098040
0.54117650
0.60392159
0.60000002
0.72156864
0.79607844
0.82745099
0.88235295
0.92156863
0.95686275
0.98431373
1.00000000
0.99607843
0.96470588
0.92156863
0.70588237
0.28627452
0.10588235
0.47450981
0.56078434
0.18823530
0.13725491
0.09019608
0.14509805
0.64705884
0.41568628
0.33725491
0.51372552
0.49803922
0.54509807
0.26274511
0.28235295
0.43529412
0.67058825
0.56470591
0.59607846
0.29803923
0.21568628
0.26274511
0.30196080
0.34901962
0.43137255
0.49411765
0.57254905
0.63137257
0.62745100
0.51764709
0.33333334
0.20392157
0.18823530
0.59607846
0.43529412
0.18823530
0.16470589
0.13725491
0.10196079
0.35294119
0.60784316
0.25882354
0.58039218
0.49803922
0.50588238
0.27058825
0.30588236
0.51372552
0.65098041
0.45098040
0.45098040
0.23137255
0.13725491
0.15294118
0.15294118
0.16078432
0.16862746
0.17254902
0.18039216
0.24705882
0.25098041
0.23529412
0.24705882
0.24313726
0.25882354
0.65490198
0.40000001
0.16470589
0.23529412
0.16470589
0.13333334
0.27450982
0.69019610
0.17254902
0.47843137
0.52941179
0.27843139
0.14901961
0.23921569
0.48627451
0.50196081
0.21176471
0.19607843
0.16078432
0.15686275
0.17647059
0.15294118
0.16078432
0.17647059
0.17254902
0.18431373
0.21568628
0.23137255
0.24313726
0.23921569
0.21568628
0.21568628
0.63137257
0.50588238
0.11372549
0.18431373
0.13333334
0.15294118
0.25882354
0.69019610
0.16862746
0.32156864
0.34117648
0.12156863
0.20000000
0.27843139
0.36078432
0.25882354
0.22745098
0.24313726
0.23921569
0.24313726
0.25098041
0.18039216
0.14117648
0.17647059
0.17647059
0.17254902
0.16862746
0.18039216
0.21176471
0.21568628
0.19607843
0.15294118
0.42352942
0.69411767
0.14509805
0.05098039
0.10196079
0.11372549
0.34901962
0.64705884
0.10980392
0.10196079
0.13333334
0.34901962
0.61568630
0.58823532
0.45098040
0.36862746
0.36470589
0.35294119
0.34117648
0.35686275
0.36862746
0.32941177
0.26274511
0.29803923
0.30980393
0.30196080
0.27450982
0.27450982
0.27450982
0.25098041
0.20784314
0.17647059
0.22745098
0.69019610
0.56470591
0.14901961
0.12941177
0.20000000
0.65882355
0.39215687
0.10588235
0.12941177
0.18039216
0.29019609
0.66274512
0.77254903
0.69803923
0.33725491
0.31372550
0.31372550
0.30588236
0.30980393
0.34901962
0.34509805
0.27843139
0.30980393
0.34509805
0.35686275
0.38431373
0.39215687
0.40392157
0.38431373
0.35294119
0.32549021
0.30588236
0.37647060
0.67058825
0.73333335
0.63921571
0.67058825
0.44705883
0.10980392
0.13333334
0.10196079
0.17647059
0.16078432
0.52549022
0.77647060
0.79215688
0.69803923
0.68627453
0.67450982
0.68627453
0.69411767
0.69803923
0.59215689
0.52156866
0.62352943
0.58823532
0.59215689
0.61176473
0.58431375
0.57647061
0.59607846
0.60000002
0.60392159
0.58823532
0.55294120
0.59215689
0.79215688
0.82352942
0.70588237
0.52941179
0.50588238
0.55686277
0.56862748
0.65098041
0.67450982
0.74901962
0.84705883
0.89019608
1.00000000
1.00000000
1.00000000
1.00000000
1.00000000
1.00000000
0.89803922
0.75294119
0.86274511
0.79215688
0.78823531
0.81568629
0.80392158
0.78823531
0.75686276
0.79607844
0.84313726
0.73725492
0.76470590
0.76078433
0.75294119
0.74117649
0.73333335
0.76862746
0.76078433
0.94901961
1.00000000
1.00000000
1.00000000
1.00000000
1.00000000
1.00000000
1 -1 0 0 0 0 0 0 0 0 0
0 -1 1 0 0 0 0 0 0 0 0
0 -1 0 1 0 0 0 0 0 0 0
0 -1 0 0 1 0 0 0 0 0 0
0 -1 0 0 0 1 0 0 0 0 0
0 -1 0 0 0 0 1 0 0 0 0
0 -1 0 0 0 0 0 1 0 0 0
0 -1 0 0 0 0 0 0 1 0 0
0 -1 0 0 0 0 0 0 0 1 0
