0.80392158
0.80392158
0.80784315
0.80784315
0.81568629
0.82352942
0.81960785
0.81960785
0.82352942
0.83529413
0.83137256
0.82352942
0.82352942
0.82352942
0.82352942
0.82352942
0.82745099
0.83137256
0.82745099
0.82352942
0.82352942
0.81568629
0.80784315
0.81176472
0.81568629
0.81568629
0.81960785
0.82745099
0.82745099
0.81960785
0.81176472
0.80784315
0.80784315
0.80784315
0.80392158
0.80000001
0.80392158
0.80784315
0.80000001
0.80392158
0.81176472
0.82745099
0.83529413
0.83137256
0.83137256
0.83529413
0.83529413
0.83921570
0.84313726
0.83921570
0.83529413
0.83529413
0.83529413
0.82352942
0.81568629
0.81960785
0.82352942
0.82352942
0.82352942
0.81960785
0.82352942
0.82745099
0.81960785
0.81568629
0.79607844
0.79607844
0.79215688
0.78039217
0.78039217
0.78823531
0.80000001
0.80392158
0.80392158
0.81176472
0.81568629
0.80000001
0.81176472
0.82745099
0.82745099
0.83529413
0.83529413
0.83137256
0.82352942
0.81960785
0.81960785
0.81568629
0.80392158
0.80784315
0.81176472
0.81176472
0.80784315
0.80000001
0.80392158
0.80784315
0.80392158
0.80000001
0.79215688
0.79215688
0.79215688
0.79607844
0.80392158
0.81176472
0.81568629
0.81960785
0.81176472
0.81176472
0.80784315
0.80000001
0.81960785
0.83137256
0.82352942
0.82352942
0.82745099
0.82745099
0.81960785
0.81568629
0.81960785
0.81176472
0.80784315
0.81176472
0.81568629
0.81568629
0.80392158
0.80392158
0.81176472
0.80784315
0.80392158
0.80392158
0.77647060
0.77254903
0.77647060
0.78823531
0.80392158
0.80784315
0.80392158
0.80784315
0.80000001
0.80000001
0.80000001
0.80392158
0.82352942
0.82745099
0.82352942
0.82352942
0.82745099
0.82745099
0.82352942
0.81568629
0.76470590
0.76862746
0.80392158
0.80000001
0.81176472
0.81176472
0.80392158
0.80392158
0.81176472
0.81176472
0.80784315
0.80000001
0.78039217
0.78039217
0.78039217
0.78431374
0.79215688
0.78431374
0.78823531
0.78823531
0.77647060
0.76862746
0.76862746
0.77254903
0.78431374
0.80000001
0.80784315
0.80784315
0.80392158
0.80392158
0.81176472
0.74901962
0.45490196
0.52941179
0.79215688
0.79215688
0.81176472
0.80784315
0.80392158
0.79607844
0.79215688
0.80392158
0.79607844
0.78431374
0.77254903
0.76470590
0.75686276
0.76078433
0.77254903
0.77647060
0.78039217
0.77254903
0.77647060
0.77647060
0.77647060
0.78431374
0.77647060
0.78039217
0.78823531
0.78431374
0.77647060
0.77254903
0.77254903
0.67450982
0.26274511
0.42352942
0.75686276
0.76470590
0.78039217
0.78823531
0.76862746
0.76470590
0.76862746
0.77647060
0.78431374
0.77254903
0.75686276
0.75294119
0.75294119
0.74509805
0.76078433
0.77254903
0.76862746
0.77254903
0.77254903
0.76078433
0.72941178
0.73725492
0.78431374
0.78823531
0.78039217
0.76078433
0.73333335
0.75686276
0.77647060
0.63529414
0.25098041
0.51764709
0.76470590
0.72941178
0.72941178
0.74117649
0.72941178
0.74117649
0.76470590
0.76470590
0.76862746
0.76862746
0.74901962
0.74901962
0.74901962
0.74901962
0.75294119
0.75686276
0.76078433
0.71372551
0.56470591
0.40784314
0.33333334
0.36862746
0.58823532
0.78431374
0.77647060
0.75294119
0.73725492
0.73333335
0.76862746
0.60392159
0.20784314
0.51372552
0.76078433
0.74117649
0.73725492
0.72156864
0.73725492
0.74901962
0.76470590
0.75686276
0.74509805
0.74901962
0.74901962
0.74509805
0.74509805
0.74117649
0.73333335
0.70588237
0.60784316
0.41960785
0.25098041
0.18431373
0.19215687
0.23137255
0.39607844
0.60784316
0.55686277
0.61176473
0.72941178
0.73333335
0.73725492
0.58039218
0.20784314
0.43137255
0.73725492
0.74117649
0.74509805
0.72549021
0.72941178
0.73725492
0.74117649
0.74509805
0.73333335
0.72941178
0.71764708
0.70588237
0.71372551
0.71372551
0.69803923
0.58039218
0.30980393
0.17254902
0.18039216
0.18431373
0.18431373
0.20784314
0.24705882
0.33333334
0.33725491
0.34509805
0.50196081
0.62745100
0.70588237
0.48627451
0.16470589
0.38431373
0.72941178
0.74901962
0.74117649
0.72941178
0.72156864
0.72156864
0.72549021
0.74117649
0.74117649
0.73725492
0.68627453
0.69019610
0.70588237
0.70980394
0.65490198
0.38823530
0.17647059
0.16078432
0.17647059
0.17647059
0.17254902
0.19215687
0.20784314
0.22352941
0.26666668
0.28235295
0.31764707
0.36078432
0.47843137
0.33725491
0.11764706
0.35686275
0.71372551
0.74901962
0.72941178
0.73725492
0.72156864
0.67058825
0.68627453
0.72156864
0.72549021
0.72941178
0.68235296
0.67843139
0.70196080
0.70980394
0.52549022
0.21176471
0.14901961
0.15686275
0.16078432
0.15294118
0.16862746
0.19215687
0.19607843
0.20392157
0.21960784
0.23921569
0.25882354
0.24313726
0.25882354
0.21960784
0.10980392
0.33333334
0.70196080
0.73333335
0.72156864
0.73725492
0.72156864
0.65882355
0.67058825
0.70980394
0.70196080
0.68235296
0.67058825
0.67058825
0.70980394
0.67058825
0.33725491
0.14901961
0.15686275
0.14509805
0.15686275
0.15686275
0.17254902
0.19607843
0.20000000
0.19607843
0.20392157
0.20784314
0.23137255
0.21960784
0.20392157
0.18823530
0.12549020
0.37647060
0.70980394
0.71372551
0.70196080
0.71372551
0.71372551
0.70196080
0.70588237
0.71372551
0.70588237
0.66666669
0.67843139
0.68235296
0.71372551
0.56470591
0.21568628
0.17254902
0.16470589
0.14509805
0.15686275
0.16862746
0.18431373
0.20784314
0.20392157
0.19607843
0.20392157
0.19215687
0.20000000
0.21568628
0.20392157
0.20000000
0.17647059
0.43137255
0.68235296
0.69019610
0.67450982
0.67450982
0.68235296
0.68627453
0.70980394
0.71372551
0.70196080
0.68627453
0.66666669
0.65882355
0.64313728
0.38431373
0.16862746
0.19215687
0.16078432
0.14117648
0.15294118
0.17647059
0.18431373
0.20000000
0.18823530
0.18823530
0.20392157
0.20000000
0.17254902
0.19607843
0.20000000
0.21568628
0.27058825
0.48235294
0.67843139
0.69803923
0.70588237
0.69803923
0.68235296
0.67843139
0.71372551
0.70196080
0.69411767
0.70196080
0.63921571
0.65882355
0.50588238
0.22352941
0.18039216
0.18431373
0.15294118
0.13725491
0.15686275
0.18431373
0.20000000
0.19607843
0.19215687
0.19215687
0.19215687
0.19215687
0.14901961
0.17254902
0.20392157
0.25098041
0.36078432
0.52941179
0.67058825
0.69411767
0.69411767
0.67058825
0.66274512
0.67450982
0.68235296
0.67450982
0.69803923
0.69019610
0.67450982
0.60784316
0.34901962
0.18823530
0.18431373
0.17647059
0.16078432
0.15686275
0.16862746
0.18823530
0.18823530
0.18823530
0.18823530
0.19215687
0.18823530
0.18431373
0.16862746
0.17647059
0.21960784
0.31764707
0.43921569
0.58431375
0.67450982
0.66274512
0.66274512
0.66666669
0.66274512
0.65490198
0.64313728
0.65098041
0.67843139
0.68235296
0.67058825
0.48627451
0.24705882
0.20000000
0.17647059
0.18039216
0.18039216
0.17254902
0.18039216
0.19215687
0.17647059
0.17647059
0.17254902
0.18431373
0.18431373
0.17647059
0.19607843
0.24313726
0.30980393
0.42352942
0.54509807
0.63529414
0.66274512
0.67058825
0.67450982
0.67058825
0.65882355
0.66666669
0.68235296
0.65882355
0.66666669
0.67843139
0.62745100
0.41176471
0.21176471
0.21176471
0.17254902
0.18039216
0.19215687
0.17254902
0.17254902
0.20392157
0.18431373
0.16078432
0.15294118
0.16862746
0.20392157
0.27450982
0.35294119
0.46274510
0.53725493
0.59215689
0.64313728
0.66666669
0.68235296
0.68627453
0.68235296
0.68235296
0.66666669
0.66666669
0.68627453
0.68235296
0.66274512
0.65098041
0.60392159
0.37647060
0.20392157
0.20000000
0.18039216
0.19215687
0.19607843
0.18039216
0.19607843
0.21176471
0.18039216
0.15686275
0.16078432
0.25098041
0.42352942
0.54509807
0.60392159
0.63921571
0.65098041
0.67450982
0.67843139
0.67843139
0.69411767
0.68627453
0.66666669
0.65490198
0.64313728
0.65882355
0.67843139
0.67450982
0.66274512
0.63921571
0.61960787
0.38039216
0.18431373
0.18431373
0.18823530
0.20392157
0.21960784
0.22352941
0.27450982
0.25882354
0.15686275
0.23921569
0.36862746
0.49803922
0.63137257
0.64705884
0.65490198
0.65882355
0.64705884
0.66274512
0.64313728
0.64705884
0.65882355
0.65098041
0.66666669
0.65098041
0.64313728
0.65490198
0.66274512
0.65490198
0.64313728
0.63137257
0.63137257
0.45882353
0.25098041
0.19607843
0.19607843
0.20392157
0.32156864
0.34901962
0.41960785
0.35294119
0.18823530
0.41960785
0.60392159
0.63137257
0.65490198
0.66274512
0.65490198
0.64313728
0.63137257
0.64705884
0.65098041
0.64313728
0.63137257
0.63921571
0.66274512
0.64705884
0.65098041
0.63921571
0.62352943
0.64313728
0.65490198
0.65882355
0.63137257
0.60000002
0.48627451
0.38431373
0.32941177
0.28627452
0.47450981
0.52549022
0.56078434
0.43137255
0.22352941
0.35294119
0.57647061
0.63921571
0.64313728
0.66666669
0.63529414
0.62745100
0.62745100
0.64313728
0.65098041
0.62352943
0.61176473
0.63137257
0.65882355
0.65098041
0.63921571
0.61960787
0.61176473
0.61960787
0.63137257
0.64705884
0.62745100
0.61960787
0.61568630
0.60000002
0.52156866
0.49411765
0.58823532
0.60392159
0.60784316
0.46274510
0.37647060
0.41176471
0.39607844
0.58431375
0.65098041
0.64705884
0.61176473
0.62745100
0.64705884
0.63921571
0.62352943
0.61176473
0.62352943
0.61960787
0.63529414
0.64705884
0.64705884
0.63137257
0.62745100
0.63529414
0.62352943
0.63921571
0.62352943
0.63921571
0.62352943
0.61568630
0.60392159
0.58431375
0.58823532
0.56470591
0.60784316
0.46274510
0.45098040
0.63529414
0.46666667
0.40392157
0.54901963
0.63137257
0.62352943
0.61960787
0.63137257
0.61960787
0.61568630
0.61960787
0.63137257
0.64705884
0.63529414
0.63529414
0.63529414
0.62352943
0.59607846
0.59607846
0.61960787
0.61176473
0.60000002
0.62745100
0.61960787
0.60784316
0.60784316
0.60000002
0.61176473
0.58431375
0.60000002
0.43137255
0.43529412
0.59215689
0.59215689
0.49019608
0.36078432
0.47843137
0.60784316
0.62352943
0.61960787
0.63137257
0.60392159
0.61960787
0.65098041
0.65098041
0.65098041
0.65490198
0.64313728
0.61960787
0.61568630
0.60392159
0.59607846
0.57254905
0.59215689
0.61176473
0.59215689
0.58431375
0.58431375
0.57254905
0.59607846
0.58039218
0.56862748
0.40784314
0.48235294
0.63137257
0.61568630
0.64313728
0.45882353
0.35294119
0.51764709
0.61568630
0.64313728
0.60784316
0.57254905
0.59607846
0.60784316
0.63921571
0.64313728
0.64313728
0.65098041
0.63529414
0.62352943
0.61960787
0.63529414
0.61176473
0.60000002
0.60784316
0.57254905
0.57254905
0.57254905
0.54117650
0.56470591
0.57254905
0.56078434
0.37647060
0.49803922
0.65490198
0.61960787
0.63137257
0.54509807
0.41960785
0.45882353
0.55294120
0.60000002
0.59215689
0.58431375
0.57254905
0.58039218
0.61176473
0.61176473
0.62745100
0.63921571
0.62352943
0.62352943
0.62745100
0.66274512
0.63137257
0.58823532
0.59215689
0.56862748
0.57647061
0.60000002
0.57254905
0.59215689
0.57647061
0.56470591
0.36470589
0.49019608
0.62352943
0.60000002
0.57647061
0.47058824
0.36470589
0.45490196
0.58039218
0.59607846
0.58039218
0.56862748
0.58039218
0.59215689
0.58431375
0.58431375
0.60000002
0.61568630
0.62352943
0.61960787
0.61960787
0.63137257
0.60000002
0.59607846
0.56078434
0.56078434
0.56470591
0.58431375
0.59607846
0.58823532
0.56470591
0.54117650
0.34509805
0.47450981
0.58039218
0.52549022
0.52156866
0.36862746
0.29411766
0.49411765
0.59607846
0.58823532
0.58431375
0.56470591
0.58039218
0.58823532
0.57254905
0.57254905
0.58039218
0.59215689
0.60000002
0.60784316
0.60000002
0.61176473
0.60392159
0.59215689
0.55294120
0.54509807
0.54901963
0.55686277
0.57647061
0.56470591
0.53725493
0.50588238
0.29411766
0.36862746
0.44313726
0.47450981
0.48235294
0.26274511
0.36078432
0.53333336
0.55686277
0.56078434
0.56470591
0.56078434
0.56862748
0.56470591
0.59607846
0.62352943
0.57254905
0.53725493
0.53333336
0.51372552
0.50980395
0.57254905
0.57647061
0.89019608
0.89019608
0.89411765
0.89411765
0.90196079
0.90980393
0.90588236
0.90588236
0.90980393
0.92156863
0.91764706
0.90980393
0.90980393
0.90980393
0.90980393
0.90980393
0.91372550
0.91372550
0.90588236
0.90196079
0.90196079
0.89411765
0.88627452
0.89019608
0.89411765
0.89803922
0.90196079
0.90588236
0.90196079
0.89411765
0.88627452
0.88235295
0.89803922
0.89411765
0.89019608
0.88627452
0.89019608
0.89411765
0.89019608
0.89411765
0.90196079
0.91372550
0.92549020
0.92156863
0.92156863
0.92549020
0.92549020
0.92941177
0.92941177
0.92549020
0.92549020
0.92156863
0.91764706
0.90980393
0.89803922
0.90196079
0.90588236
0.90588236
0.90588236
0.90196079
0.90196079
0.90196079
0.89411765
0.89411765
0.88627452
0.88235295
0.87843138
0.87058824
0.87058824
0.87843138
0.88627452
0.89411765
0.89019608
0.90196079
0.90588236
0.89411765
0.90196079
0.92156863
0.92156863
0.92549020
0.92549020
0.92156863
0.91764706
0.90980393
0.90588236
0.90196079
0.89019608
0.89803922
0.89803922
0.89411765
0.89019608
0.88235295
0.88627452
0.88627452
0.87843138
0.87843138
0.88235295
0.88235295
0.88235295
0.88235295
0.89411765
0.90196079
0.90980393
0.91372550
0.90196079
0.90196079
0.90196079
0.89411765
0.91372550
0.92156863
0.91764706
0.91764706
0.91764706
0.92156863
0.91372550
0.90196079
0.89803922
0.89411765
0.89411765
0.90588236
0.90588236
0.90196079
0.89019608
0.89019608
0.89411765
0.89019608
0.88627452
0.88235295
0.86666667
0.86274511
0.86666667
0.87843138
0.89803922
0.90196079
0.89803922
0.90196079
0.89411765
0.89411765
0.89411765
0.89803922
0.91764706
0.92156863
0.91372550
0.91372550
0.91764706
0.92156863
0.91372550
0.89803922
0.83529413
0.84313726
0.89019608
0.89411765
0.90588236
0.90196079
0.89019608
0.89411765
0.89803922
0.89803922
0.89019608
0.88235295
0.87058824
0.87058824
0.87058824
0.87450981
0.88235295
0.87843138
0.88235295
0.88235295
0.87058824
0.86274511
0.85882354
0.86274511
0.87450981
0.89019608
0.89803922
0.89803922
0.89803922
0.89803922
0.90196079
0.82352942
0.51372552
0.59215689
0.87058824
0.88627452
0.90588236
0.89803922
0.89019608
0.88627452
0.88235295
0.89019608
0.88235295
0.86666667
0.86274511
0.85882354
0.85098040
0.85490197
0.86274511
0.85882354
0.86274511
0.85882354
0.85882354
0.85882354
0.85490197
0.85882354
0.85098040
0.85098040
0.85490197
0.86274511
0.87058824
0.86666667
0.86274511
0.74117649
0.30588236
0.48235294
0.83921570
0.85490197
0.86666667
0.87058824
0.85882354
0.85490197
0.85882354
0.86666667
0.87058824
0.85882354
0.85490197
0.84705883
0.84705883
0.83921570
0.84705883
0.85098040
0.84313726
0.84705883
0.83921570
0.82352942
0.78431374
0.78823531
0.83137256
0.83137256
0.81960785
0.82352942
0.81960785
0.84705883
0.86666667
0.69803923
0.28235295
0.57254905
0.84705883
0.81960785
0.81568629
0.82745099
0.81960785
0.83529413
0.85490197
0.85490197
0.85490197
0.85098040
0.84313726
0.84313726
0.84313726
0.84313726
0.84313726
0.84313726
0.83529413
0.77254903
0.61176473
0.45098040
0.36470589
0.39215687
0.61176473
0.80000001
0.78823531
0.78823531
0.80392158
0.81568629
0.85882354
0.66666669
0.23921569
0.56078434
0.83921570
0.83137256
0.82352942
0.80392158
0.82745099
0.84313726
0.85490197
0.84705883
0.83529413
0.83137256
0.84313726
0.83921570
0.83921570
0.83529413
0.82745099
0.79215688
0.67450982
0.46666667
0.28235295
0.20784314
0.20784314
0.24705882
0.40784314
0.60784316
0.55686277
0.62352943
0.77254903
0.80392158
0.81960785
0.63921571
0.23137255
0.47450981
0.81176472
0.83137256
0.83137256
0.80784315
0.82352942
0.83137256
0.83137256
0.83529413
0.82352942
0.81568629
0.81176472
0.80000001
0.80784315
0.80784315
0.79215688
0.65882355
0.36862746
0.21176471
0.20784314
0.20392157
0.20784314
0.23137255
0.26274511
0.34117648
0.33725491
0.35294119
0.52941179
0.67843139
0.77254903
0.53333336
0.18039216
0.41960785
0.80392158
0.83921570
0.82745099
0.81568629
0.81176472
0.81568629
0.81568629
0.83137256
0.83137256
0.82352942
0.78431374
0.78431374
0.80000001
0.80392158
0.74117649
0.45882353
0.22745098
0.20000000
0.20784314
0.21176471
0.20784314
0.22745098
0.23529412
0.23921569
0.27450982
0.29411766
0.33333334
0.38823530
0.52156866
0.37254903
0.13333334
0.38823530
0.78431374
0.83921570
0.81960785
0.82352942
0.81568629
0.76470590
0.77647060
0.81176472
0.81176472
0.81568629
0.78039217
0.77254903
0.79607844
0.80392158
0.60784316
0.27450982
0.19607843
0.19607843
0.20392157
0.20000000
0.21176471
0.23137255
0.22745098
0.22352941
0.23137255
0.25490198
0.27450982
0.25098041
0.27843139
0.24313726
0.12549020
0.36078432
0.76862746
0.82352942
0.81568629
0.82745099
0.81176472
0.74901962
0.76078433
0.80000001
0.78823531
0.76862746
0.76470590
0.76862746
0.80784315
0.75294119
0.39607844
0.18823530
0.18823530
0.17647059
0.18823530
0.19215687
0.20392157
0.22352941
0.22745098
0.21568628
0.21960784
0.22352941
0.24705882
0.23137255
0.21568628
0.20392157
0.14117648
0.41176471
0.78039217
0.80784315
0.79607844
0.80000001
0.80392158
0.79215688
0.79607844
0.80392158
0.79607844
0.75686276
0.77254903
0.78039217
0.81176472
0.63137257
0.24705882
0.19607843
0.18431373
0.16862746
0.18039216
0.18823530
0.20000000
0.22352941
0.22352941
0.21568628
0.22352941
0.21176471
0.21960784
0.23137255
0.21960784
0.21176471
0.19607843
0.48235294
0.75686276
0.78039217
0.76862746
0.76470590
0.77254903
0.77647060
0.80000001
0.80392158
0.79215688
0.77647060
0.75686276
0.75294119
0.72941178
0.43921569
0.19215687
0.21176471
0.18039216
0.16078432
0.17254902
0.19215687
0.20392157
0.21960784
0.20784314
0.20784314
0.21960784
0.21568628
0.18823530
0.21568628
0.22352941
0.23921569
0.30196080
0.54117650
0.75686276
0.78823531
0.80000001
0.78823531
0.77254903
0.76862746
0.80392158
0.79215688
0.78431374
0.78823531
0.73333335
0.74117649
0.56862748
0.25882354
0.20000000
0.20392157
0.17647059
0.15686275
0.17647059
0.20392157
0.21960784
0.21960784
0.21176471
0.21176471
0.20784314
0.20392157
0.16470589
0.19215687
0.22745098
0.28235295
0.40392157
0.60000002
0.75294119
0.78431374
0.78823531
0.76078433
0.75294119
0.76470590
0.77254903
0.76470590
0.78823531
0.77647060
0.76470590
0.68235296
0.40000001
0.21176471
0.20000000
0.20000000
0.18431373
0.18039216
0.19215687
0.21176471
0.21176471
0.20784314
0.20784314
0.21176471
0.20784314
0.20000000
0.18039216
0.19607843
0.25098041
0.35294119
0.49019608
0.66274512
0.76078433
0.75294119
0.75686276
0.75686276
0.75294119
0.74509805
0.73333335
0.74117649
0.76862746
0.76862746
0.76078433
0.55686277
0.28235295
0.21960784
0.19607843
0.20392157
0.20392157
0.20000000
0.20392157
0.21568628
0.19607843
0.19607843
0.18823530
0.20392157
0.21176471
0.20392157
0.22352941
0.27843139
0.35686275
0.47843137
0.60784316
0.72156864
0.75294119
0.76078433
0.76470590
0.76078433
0.74901962
0.75686276
0.77254903
0.74901962
0.75686276
0.76470590
0.72156864
0.47843137
0.24313726
0.22745098
0.19607843
0.20392157
0.21568628
0.19607843
0.19607843
0.22745098
0.20392157
0.17254902
0.17254902
0.19215687
0.23921569
0.32156864
0.40784314
0.52156866
0.60392159
0.66666669
0.72549021
0.76078433
0.77647060
0.78039217
0.77254903
0.77254903
0.75686276
0.75686276
0.77647060
0.77254903
0.75294119
0.74117649
0.69019610
0.43921569
0.23137255
0.21568628
0.20392157
0.20784314
0.21568628
0.20392157
0.22352941
0.23137255
0.20000000
0.17647059
0.18431373
0.29019609
0.48627451
0.62352943
0.68627453
0.72156864
0.73725492
0.76470590
0.77254903
0.77647060
0.78823531
0.78039217
0.76078433
0.74509805
0.73333335
0.74901962
0.76862746
0.76470590
0.75294119
0.72549021
0.70196080
0.43529412
0.21568628
0.20392157
0.20392157
0.21176471
0.23529412
0.25490198
0.30588236
0.27843139
0.18431373
0.27450982
0.41568628
0.56862748
0.72156864
0.74509805
0.74901962
0.74901962
0.74117649
0.75686276
0.73725492
0.74117649
0.75294119
0.74901962
0.76078433
0.74117649
0.73333335
0.74509805
0.75294119
0.74117649
0.72941178
0.71764708
0.71372551
0.52156866
0.29803923
0.23529412
0.23137255
0.22745098
0.35294119
0.40000001
0.47450981
0.39215687
0.22352941
0.47058824
0.68235296
0.72941178
0.75294119
0.75686276
0.74901962
0.73725492
0.72549021
0.74117649
0.74509805
0.73333335
0.72156864
0.73333335
0.76078433
0.73725492
0.74117649
0.72941178
0.71372551
0.72941178
0.74117649
0.74117649
0.72156864
0.67450982
0.55294120
0.44705883
0.38823530
0.34117648
0.53333336
0.60392159
0.64313728
0.49803922
0.27058825
0.41568628
0.66666669
0.74117649
0.74117649
0.75686276
0.72549021
0.72156864
0.72156864
0.73725492
0.74117649
0.71372551
0.70588237
0.72941178
0.75686276
0.74117649
0.72941178
0.70980394
0.70196080
0.70588237
0.71764708
0.73333335
0.72156864
0.70588237
0.69803923
0.68235296
0.60784316
0.57647061
0.67450982
0.70588237
0.71764708
0.55294120
0.44313726
0.47843137
0.46666667
0.66666669
0.73725492
0.73725492
0.70196080
0.72156864
0.74509805
0.73725492
0.71372551
0.70196080
0.71764708
0.71372551
0.72941178
0.73725492
0.73725492
0.72156864
0.71764708
0.72156864
0.70980394
0.72549021
0.71764708
0.73333335
0.71372551
0.70980394
0.70196080
0.69019610
0.69411767
0.68235296
0.72549021
0.56078434
0.53333336
0.70588237
0.52941179
0.46666667
0.62352943
0.70980394
0.70588237
0.71372551
0.72941178
0.71372551
0.70588237
0.70980394
0.72549021
0.74509805
0.72941178
0.72549021
0.72549021
0.71372551
0.68627453
0.68235296
0.70588237
0.69803923
0.69411767
0.72156864
0.71372551
0.70196080
0.70980394
0.71764708
0.72549021
0.70980394
0.71764708
0.52941179
0.52156866
0.67843139
0.67450982
0.56470591
0.41960785
0.54117650
0.69019610
0.71764708
0.71764708
0.72549021
0.69411767
0.70980394
0.74509805
0.74901962
0.74901962
0.74509805
0.73333335
0.70980394
0.70588237
0.69019610
0.68235296
0.65490198
0.69411767
0.70980394
0.69019610
0.68235296
0.69019610
0.68235296
0.70196080
0.69411767
0.67450982
0.49019608
0.56470591
0.72941178
0.71764708
0.73725492
0.52941179
0.41568628
0.59607846
0.70196080
0.73725492
0.69803923
0.65882355
0.68627453
0.70196080
0.73725492
0.74117649
0.73725492
0.74117649
0.72549021
0.70980394
0.70980394
0.72549021
0.69803923
0.70588237
0.71372551
0.68235296
0.68235296
0.67450982
0.63921571
0.65882355
0.67058825
0.64705884
0.43529412
0.57254905
0.74509805
0.72549021
0.74117649
0.63921571
0.49803922
0.52941179
0.63137257
0.69019610
0.67843139
0.67058825
0.66274512
0.67450982
0.70980394
0.70980394
0.72549021
0.73333335
0.71372551
0.71372551
0.71764708
0.75294119
0.72156864
0.69803923
0.69803923
0.67843139
0.68627453
0.70196080
0.66274512
0.68235296
0.66666669
0.63921571
0.41568628
0.54901963
0.70196080
0.69411767
0.68235296
0.56862748
0.44313726
0.52549022
0.65882355
0.68235296
0.66666669
0.65490198
0.67058825
0.68235296
0.67843139
0.68235296
0.69411767
0.70588237
0.71372551
0.70588237
0.70980394
0.71764708
0.68627453
0.70588237
0.67058825
0.67058825
0.67843139
0.69019610
0.69019610
0.68235296
0.65882355
0.61960787
0.39607844
0.52156866
0.64705884
0.61568630
0.61176473
0.45490196
0.36862746
0.56470591
0.67450982
0.67843139
0.67450982
0.65490198
0.66666669
0.67843139
0.66666669
0.66666669
0.66666669
0.67450982
0.68235296
0.69411767
0.68627453
0.69803923
0.68627453
0.70196080
0.65882355
0.65098041
0.65882355
0.66274512
0.67058825
0.65490198
0.63137257
0.58431375
0.33725491
0.40392157
0.50588238
0.56078434
0.56470591
0.33725491
0.43529412
0.61176473
0.63921571
0.65098041
0.65490198
0.64705884
0.65490198
0.65490198
0.69019610
0.71372551
0.65882355
0.61960787
0.61176473
0.60000002
0.59607846
0.65098041
0.65490198
0.47058824
0.47058824
0.47450981
0.47450981
0.47450981
0.47450981
0.47450981
0.47058824
0.47450981
0.49019608
0.49019608
0.48627451
0.48235294
0.48235294
0.48235294
0.47450981
0.47843137
0.49803922
0.50588238
0.50980395
0.51372552
0.51372552
0.50980395
0.51372552
0.51372552
0.50196081
0.51372552
0.52941179
0.53333336
0.53725493
0.53725493
0.53725493
0.46274510
0.46274510
0.45882353
0.45490196
0.45098040
0.44705883
0.44313726
0.44313726
0.45098040
0.46666667
0.47058824
0.46666667
0.46666667
0.47058824
0.47058824
0.48235294
0.49019608
0.48235294
0.48235294
0.49019608
0.49411765
0.49019608
0.47843137
0.48235294
0.49803922
0.50588238
0.50588238
0.50588238
0.51372552
0.52941179
0.53333336
0.52941179
0.44705883
0.44705883
0.44313726
0.43137255
0.42352942
0.42352942
0.43529412
0.43921569
0.43921569
0.44705883
0.43529412
0.41960785
0.43137255
0.44705883
0.44705883
0.47450981
0.48627451
0.45882353
0.45098040
0.46274510
0.47843137
0.47058824
0.44705883
0.44705883
0.46666667
0.49019608
0.48627451
0.47450981
0.48627451
0.49803922
0.50196081
0.50196081
0.43137255
0.43529412
0.43137255
0.43529412
0.44313726
0.43921569
0.44705883
0.45098040
0.43921569
0.43921569
0.42352942
0.41176471
0.43137255
0.44313726
0.43921569
0.45882353
0.47058824
0.44313726
0.43921569
0.47058824
0.50196081
0.49019608
0.45098040
0.43529412
0.44705883
0.47843137
0.47058824
0.46666667
0.47843137
0.48235294
0.49019608
0.49019608
0.41176471
0.40784314
0.41176471
0.42352942
0.43529412
0.43529412
0.42745098
0.43529412
0.42745098
0.42352942
0.42352942
0.42745098
0.44705883
0.45490196
0.44705883
0.45882353
0.46274510
0.43921569
0.44705883
0.50588238
0.50588238
0.49411765
0.47450981
0.42352942
0.43137255
0.46274510
0.45882353
0.45490196
0.46666667
0.47450981
0.47843137
0.48235294
0.41176471
0.41568628
0.41176471
0.41960785
0.41960785
0.40784314
0.40784314
0.40784314
0.39607844
0.39215687
0.40392157
0.41176471
0.41960785
0.43137255
0.43921569
0.44313726
0.43137255
0.41176471
0.45098040
0.47450981
0.25098041
0.30588236
0.48627451
0.42745098
0.42745098
0.45098040
0.44705883
0.43921569
0.44313726
0.45882353
0.46274510
0.46274510
0.41568628
0.41176471
0.40392157
0.40784314
0.41176471
0.40000001
0.40000001
0.39607844
0.40392157
0.41960785
0.45490196
0.46274510
0.43137255
0.40784314
0.39607844
0.39215687
0.39607844
0.38431373
0.41176471
0.43529412
0.13725491
0.22745098
0.44705883
0.40392157
0.43137255
0.44705883
0.41960785
0.41960785
0.43137255
0.44313726
0.45882353
0.45490196
0.41176471
0.40784314
0.40784314
0.40000001
0.40784314
0.40784314
0.41568628
0.44705883
0.47058824
0.49411765
0.52156866
0.52549022
0.53333336
0.50196081
0.46274510
0.42352942
0.39215687
0.38823530
0.40392157
0.41176471
0.17647059
0.34117648
0.43921569
0.37254903
0.40784314
0.41568628
0.38823530
0.40784314
0.43529412
0.44313726
0.45490196
0.45490196
0.40000001
0.40392157
0.40392157
0.40392157
0.40000001
0.41568628
0.46666667
0.49411765
0.40784314
0.30196080
0.29019609
0.32549021
0.50980395
0.66666669
0.63529414
0.57647061
0.49803922
0.40784314
0.40392157
0.39215687
0.16470589
0.36078432
0.44705883
0.37647060
0.40392157
0.39215687
0.39607844
0.41176471
0.43529412
0.43529412
0.43137255
0.43921569
0.40392157
0.40392157
0.40000001
0.39607844
0.39607844
0.41176471
0.40000001
0.32156864
0.23529412
0.22352941
0.25882354
0.29411766
0.43137255
0.61176473
0.54117650
0.56078434
0.60392159
0.48627451
0.41568628
0.40000001
0.19215687
0.31764707
0.44313726
0.37254903
0.40000001
0.39215687
0.39215687
0.40000001
0.41176471
0.42352942
0.41960785
0.42745098
0.37254903
0.36078432
0.36862746
0.36862746
0.39215687
0.36078432
0.19607843
0.17254902
0.25490198
0.28627452
0.27843139
0.29019609
0.30980393
0.37254903
0.35686275
0.35294119
0.47058824
0.48627451
0.47843137
0.35294119
0.16862746
0.30196080
0.45882353
0.37647060
0.38431373
0.38823530
0.38039216
0.38823530
0.39607844
0.41568628
0.42745098
0.43529412
0.34117648
0.34509805
0.36078432
0.36078432
0.39215687
0.26666668
0.14509805
0.21568628
0.26274511
0.25882354
0.24313726
0.25882354
0.25490198
0.25490198
0.28627452
0.29803923
0.32941177
0.32941177
0.37647060
0.26274511
0.12941177
0.30196080
0.45882353
0.37254903
0.36078432
0.38823530
0.38039216
0.33333334
0.36078432
0.40000001
0.41176471
0.42352942
0.33725491
0.32941177
0.35294119
0.36470589
0.30588236
0.17254902
0.18039216
0.23137255
0.22352941
0.18823530
0.21960784
0.24313726
0.23529412
0.23137255
0.23921569
0.24705882
0.29411766
0.29411766
0.25882354
0.19607843
0.12549020
0.29019609
0.45882353
0.35686275
0.34901962
0.38823530
0.38039216
0.32156864
0.34117648
0.38431373
0.38823530
0.36862746
0.32941177
0.30980393
0.33725491
0.38039216
0.22352941
0.16862746
0.20392157
0.20784314
0.20000000
0.18431373
0.22352941
0.23529412
0.21960784
0.20784314
0.22352941
0.21176471
0.25098041
0.27843139
0.24705882
0.21960784
0.14901961
0.29411766
0.47058824
0.36470589
0.33725491
0.36862746
0.38039216
0.36862746
0.37647060
0.38823530
0.38823530
0.34509805
0.34509805
0.31764707
0.34509805
0.36078432
0.20000000
0.21568628
0.20784314
0.19215687
0.20000000
0.21176471
0.22745098
0.22352941
0.19607843
0.18823530
0.22352941
0.20392157
0.20392157
0.23137255
0.22745098
0.23529412
0.18039216
0.29411766
0.43529412
0.36470589
0.32156864
0.34117648
0.36078432
0.36078432
0.38431373
0.38823530
0.37647060
0.36078432
0.32941177
0.32549021
0.34901962
0.26274511
0.18823530
0.22745098
0.20000000
0.18039216
0.19215687
0.21176471
0.20784314
0.20000000
0.17647059
0.18823530
0.22352941
0.22352941
0.17647059
0.19215687
0.18823530
0.19607843
0.21568628
0.30980393
0.41960785
0.37647060
0.35686275
0.36862746
0.36078432
0.35294119
0.38823530
0.37647060
0.36862746
0.38039216
0.30588236
0.36862746
0.30980393
0.18039216
0.22352941
0.21568628
0.18823530
0.16862746
0.18823530
0.21176471
0.20000000
0.18823530
0.18823530
0.19607843
0.21568628
0.22745098
0.18431373
0.18039216
0.17254902
0.19215687
0.25882354
0.31372550
0.38823530
0.36862746
0.34901962
0.33725491
0.33725491
0.34901962
0.35686275
0.34901962
0.37254903
0.37647060
0.33725491
0.35294119
0.24313726
0.20784314
0.23137255
0.20392157
0.18431373
0.18039216
0.19607843
0.20784314
0.18431373
0.18039216
0.18823530
0.19215687
0.19215687
0.20784314
0.20392157
0.17254902
0.16862746
0.22352941
0.29019609
0.32156864
0.36470589
0.33333334
0.32549021
0.33333334
0.33725491
0.32941177
0.31764707
0.32549021
0.34901962
0.36862746
0.33333334
0.25882354
0.20000000
0.24705882
0.21176471
0.19607843
0.20000000
0.19215687
0.19607843
0.20392157
0.17647059
0.18039216
0.18039216
0.17254902
0.14509805
0.14117648
0.15294118
0.16078432
0.17647059
0.24705882
0.31764707
0.32549021
0.32941177
0.33725491
0.33725491
0.33725491
0.33333334
0.34117648
0.35686275
0.33333334
0.33725491
0.36470589
0.29803923
0.20000000
0.20000000
0.25882354
0.18823530
0.19607843
0.20392157
0.18431373
0.18431373
0.21568628
0.20000000
0.18039216
0.17254902
0.14509805
0.12549020
0.14117648
0.17647059
0.25098041
0.27843139
0.29411766
0.31764707
0.31372550
0.33333334
0.35294119
0.34901962
0.34901962
0.33725491
0.34117648
0.36078432
0.35686275
0.33725491
0.33333334
0.29411766
0.20784314
0.20392157
0.25098041
0.20000000
0.20784314
0.20000000
0.15294118
0.16862746
0.20784314
0.18039216
0.17254902
0.16470589
0.16470589
0.22745098
0.27450982
0.30588236
0.32549021
0.31764707
0.31764707
0.30980393
0.32549021
0.34509805
0.34117648
0.32941177
0.32156864
0.31372550
0.32941177
0.35294119
0.35686275
0.34509805
0.32941177
0.33333334
0.23921569
0.16470589
0.20784314
0.20000000
0.20392157
0.19215687
0.11764706
0.16470589
0.21568628
0.13725491
0.20000000
0.26666668
0.28235295
0.29803923
0.27843139
0.30196080
0.31372550
0.30588236
0.31372550
0.29411766
0.31372550
0.31764707
0.29411766
0.31764707
0.32156864
0.31764707
0.32941177
0.34117648
0.34509805
0.33725491
0.33725491
0.32941177
0.27843139
0.14901961
0.12941177
0.12941177
0.14117648
0.22352941
0.16078432
0.21568628
0.23529412
0.15294118
0.29411766
0.33333334
0.27843139
0.28627452
0.30588236
0.30196080
0.29411766
0.28235295
0.30196080
0.30980393
0.31764707
0.29019609
0.27843139
0.31764707
0.32156864
0.32549021
0.31372550
0.30588236
0.33333334
0.35294119
0.36862746
0.30196080
0.34901962
0.28627452
0.19215687
0.14901961
0.13333334
0.28235295
0.23921569
0.25490198
0.22352941
0.12941177
0.17647059
0.24705882
0.24705882
0.27843139
0.33725491
0.30588236
0.27843139
0.27058825
0.29411766
0.31372550
0.29803923
0.27058825
0.27450982
0.30980393
0.32549021
0.31372550
0.29411766
0.29019609
0.30980393
0.32941177
0.35686275
0.28235295
0.31372550
0.32549021
0.31372550
0.25098041
0.25490198
0.31764707
0.24705882
0.24705882
0.19607843
0.18823530
0.22352941
0.16078432
0.29803923
0.32549021
0.33333334
0.30196080
0.28235295
0.28235295
0.29019609
0.29019609
0.28627452
0.28235295
0.26274511
0.28627452
0.32156864
0.32156864
0.30588236
0.30588236
0.32549021
0.32156864
0.34901962
0.27058825
0.29803923
0.28627452
0.28235295
0.27843139
0.28627452
0.27450982
0.18823530
0.25098041
0.19215687
0.19607843
0.40784314
0.28627452
0.20784314
0.29803923
0.35686275
0.33333334
0.28235295
0.26666668
0.27058825
0.29019609
0.29803923
0.29019609
0.29019609
0.28627452
0.30588236
0.30980393
0.29411766
0.27450982
0.28627452
0.31764707
0.32156864
0.25098041
0.27843139
0.27450982
0.26666668
0.26666668
0.27450982
0.29019609
0.22745098
0.27843139
0.21176471
0.16470589
0.28235295
0.30588236
0.25490198
0.18431373
0.28235295
0.33725491
0.28627452
0.24705882
0.27843139
0.28235295
0.30196080
0.30980393
0.29411766
0.30196080
0.32549021
0.31764707
0.29411766
0.29411766
0.29411766
0.29019609
0.28235295
0.25098041
0.26666668
0.25098041
0.25098041
0.24705882
0.24313726
0.27450982
0.23921569
0.28627452
0.22352941
0.20000000
0.25882354
0.21568628
0.31372550
0.28235295
0.19215687
0.26666668
0.29803923
0.29019609
0.27058825
0.25882354
0.27843139
0.26666668
0.27843139
0.28627452
0.30588236
0.31764707
0.30588236
0.30196080
0.30980393
0.32549021
0.31372550
0.26274511
0.27058825
0.23921569
0.24313726
0.23529412
0.21960784
0.24705882
0.23529412
0.30588236
0.21960784
0.20784314
0.29019609
0.23137255
0.26666668
0.30196080
0.23529412
0.22745098
0.27450982
0.29019609
0.28235295
0.28627452
0.26274511
0.23921569
0.24313726
0.24313726
0.27058825
0.30196080
0.29411766
0.30588236
0.31372550
0.33725491
0.32156864
0.25490198
0.25882354
0.23529412
0.24313726
0.26274511
0.24313726
0.27058825
0.23529412
0.31372550
0.22352941
0.23529412
0.30196080
0.25490198
0.25882354
0.24313726
0.18039216
0.23529412
0.30980393
0.29019609
0.26666668
0.26274511
0.27843139
0.26274511
0.22745098
0.22745098
0.25490198
0.29411766
0.30980393
0.30980393
0.30980393
0.31372550
0.29803923
0.25882354
0.22745098
0.22352941
0.23137255
0.23921569
0.25098041
0.25098041
0.21568628
0.28627452
0.22352941
0.29411766
0.30196080
0.21960784
0.27058825
0.20392157
0.12549020
0.26274511
0.31372550
0.27058825
0.25098041
0.24313726
0.27450982
0.26666668
0.23137255
0.23137255
0.25490198
0.29019609
0.30588236
0.30196080
0.29411766
0.31372550
0.31764707
0.25882354
0.22352941
0.21176471
0.21960784
0.20784314
0.21568628
0.21960784
0.18823530
0.25098041
0.18823530
0.25490198
0.20784314
0.20392157
0.29411766
0.14509805
0.19215687
0.27843139
0.26274511
0.23529412
0.23137255
0.23921569
0.26274511
0.25098041
0.26666668
0.29803923
0.27058825
0.27058825
0.26666668
0.22352941
0.21960784
0.30196080
0.31764707
1 0 -1 0 0 0 0 0 0 0 0
0 1 -1 0 0 0 0 0 0 0 0
0 0 -1 1 0 0 0 0 0 0 0
0 0 -1 0 1 0 0 0 0 0 0
0 0 -1 0 0 1 0 0 0 0 0
0 0 -1 0 0 0 1 0 0 0 0
0 0 -1 0 0 0 0 1 0 0 0
0 0 -1 0 0 0 0 0 1 0 0
0 0 -1 0 0 0 0 0 0 1 0
