0.65882355
0.67058825
0.69019610
0.72156864
0.74117649
0.76470590
0.75686276
0.74117649
0.72156864
0.71764708
0.70588237
0.69411767
0.67058825
0.65098041
0.65098041
0.63529414
0.61960787
0.60392159
0.65882355
0.78431374
0.82745099
0.81568629
0.81960785
0.83529413
0.84313726
0.82745099
0.67843139
0.75686276
0.70980394
0.63921571
0.61176473
0.53725493
0.63137257
0.64313728
0.65490198
0.67843139
0.69411767
0.71764708
0.71372551
0.70196080
0.69803923
0.69803923
0.67450982
0.65882355
0.65882355
0.67058825
0.69019610
0.68235296
0.64705884
0.61960787
0.69019610
0.81568629
0.85490197
0.84313726
0.83137256
0.82352942
0.80784315
0.82352942
0.68235296
0.78039217
0.77647060
0.67058825
0.59607846
0.54509807
0.59607846
0.60784316
0.62352943
0.64313728
0.65098041
0.65882355
0.65882355
0.66666669
0.67843139
0.69803923
0.71764708
0.72941178
0.67450982
0.65882355
0.67058825
0.67843139
0.65098041
0.62352943
0.75294119
0.88235295
0.88627452
0.86274511
0.88235295
0.86666667
0.75686276
0.70588237
0.63137257
0.77647060
0.86666667
0.74117649
0.64705884
0.65098041
0.60392159
0.61176473
0.63137257
0.64313728
0.64313728
0.64705884
0.70588237
0.78039217
0.83529413
0.87450981
0.88235295
0.76470590
0.56862748
0.47058824
0.44313726
0.47450981
0.50588238
0.52941179
0.67450982
0.83529413
0.90980393
0.87450981
0.91372550
0.88235295
0.78039217
0.68235296
0.58039218
0.73333335
0.76470590
0.71764708
0.69411767
0.75686276
0.60784316
0.61568630
0.62745100
0.63137257
0.62352943
0.61568630
0.74117649
0.93333334
0.97254902
0.96078432
0.87450981
0.57254905
0.37254903
0.29019609
0.25098041
0.27058825
0.29411766
0.32156864
0.38431373
0.51764709
0.78431374
0.89803922
0.88627452
0.85098040
0.79215688
0.72156864
0.58431375
0.56470591
0.49019608
0.50980395
0.56470591
0.71372551
0.60784316
0.61176473
0.61568630
0.61568630
0.61568630
0.58823532
0.70980394
0.97254902
0.98039216
0.93333334
0.75294119
0.45098040
0.30588236
0.21176471
0.18431373
0.18823530
0.19607843
0.21176471
0.21960784
0.26274511
0.44313726
0.78823531
0.88627452
0.78039217
0.79215688
0.77254903
0.61176473
0.46274510
0.41568628
0.49803922
0.50588238
0.64705884
0.60392159
0.60000002
0.58823532
0.54509807
0.56862748
0.58039218
0.61176473
0.91764706
1.00000000
0.90980393
0.57254905
0.32156864
0.21960784
0.13333334
0.12941177
0.14901961
0.13725491
0.14901961
0.16078432
0.18039216
0.23137255
0.55294120
0.80000001
0.70980394
0.83137256
0.87843138
0.71372551
0.54117650
0.63137257
0.78823531
0.62745100
0.67058825
0.58039218
0.56862748
0.50980395
0.33333334
0.39215687
0.56078434
0.52941179
0.80392158
0.98431373
0.80000001
0.37254903
0.20784314
0.15294118
0.07450981
0.07450981
0.12156863
0.09411765
0.09803922
0.12941177
0.13333334
0.18039216
0.31372550
0.49019608
0.63137257
0.74509805
0.76078433
0.78039217
0.64313728
0.78431374
0.83921570
0.55294120
0.66274512
0.54901963
0.52549022
0.49803922
0.43137255
0.40000001
0.48627451
0.47450981
0.71372551
0.91764706
0.66666669
0.30980393
0.13725491
0.07450981
0.02745098
0.02745098
0.05098039
0.04313726
0.05490196
0.09803922
0.11372549
0.14117648
0.23529412
0.28627452
0.40392157
0.46274510
0.52549022
0.76078433
0.65882355
0.70980394
0.75686276
0.75294119
0.85098040
0.51764709
0.48627451
0.61176473
0.76470590
0.69411767
0.62352943
0.61176473
0.81960785
0.86666667
0.51764709
0.26274511
0.11372549
0.03921569
0.02745098
0.02352941
0.01176471
0.01176471
0.04313726
0.08235294
0.10196079
0.12549020
0.20000000
0.20784314
0.32549021
0.38431373
0.40000001
0.64313728
0.72156864
0.65882355
0.65882355
0.70588237
0.76862746
0.47058824
0.47843137
0.74509805
0.98823529
0.98823529
0.96862745
0.94509804
0.95686275
0.80784315
0.40000001
0.22745098
0.12549020
0.05882353
0.04313726
0.02745098
0.02745098
0.02352941
0.03921569
0.08627451
0.10588235
0.12549020
0.15686275
0.12941177
0.24313726
0.36078432
0.33725491
0.47843137
0.70980394
0.67058825
0.61176473
0.60784316
0.62745100
0.60000002
0.69411767
0.86274511
0.97647059
0.98823529
0.99607843
0.99215686
0.95686275
0.75686276
0.41568628
0.27843139
0.14901961
0.08627451
0.04705882
0.03921569
0.06666667
0.04705882
0.04313726
0.10588235
0.15294118
0.14901961
0.13725491
0.09411765
0.17254902
0.30588236
0.32156864
0.40392157
0.60784316
0.60392159
0.57254905
0.58431375
0.57254905
0.89411765
0.95294118
0.94901961
0.92941177
0.95294118
0.97254902
0.98431373
0.98039216
0.75294119
0.46274510
0.34901962
0.21960784
0.13725491
0.06274510
0.06274510
0.09411765
0.07450981
0.05882353
0.12549020
0.19215687
0.17254902
0.13333334
0.07843138
0.13725491
0.25490198
0.30196080
0.41960785
0.55294120
0.50980395
0.48235294
0.50196081
0.50588238
0.99607843
0.98823529
0.97254902
0.92549020
0.91764706
0.94509804
0.97254902
0.99215686
0.69803923
0.41176471
0.36078432
0.26666668
0.17254902
0.08235294
0.09019608
0.11372549
0.09803922
0.06274510
0.10980392
0.17254902
0.16470589
0.12156863
0.06274510
0.10196079
0.21568628
0.27843139
0.40392157
0.53725493
0.55294120
0.54117650
0.52156866
0.53333336
0.98431373
0.98431373
0.98039216
0.97647059
0.89803922
0.86666667
0.94117647
0.99607843
0.62352943
0.36862746
0.38039216
0.29019609
0.19607843
0.16862746
0.18431373
0.18823530
0.12156863
0.06666667
0.09019608
0.12941177
0.14117648
0.10196079
0.05882353
0.07843138
0.18039216
0.27450982
0.36078432
0.49019608
0.61568630
0.67843139
0.68235296
0.68235296
0.94117647
0.99215686
0.98431373
0.99215686
0.96078432
0.80392158
0.82745099
0.96470588
0.59607846
0.36078432
0.38823530
0.31372550
0.24705882
0.35686275
0.38431373
0.33333334
0.17647059
0.09019608
0.09019608
0.11372549
0.13333334
0.10980392
0.07058824
0.09411765
0.14117648
0.25098041
0.34901962
0.43137255
0.57647061
0.66274512
0.70588237
0.75294119
0.86666667
0.94509804
0.96470588
0.96862745
0.96078432
0.90980393
0.76078433
0.78431374
0.56862748
0.34901962
0.32549021
0.29411766
0.27058825
0.44313726
0.47058824
0.40000001
0.21960784
0.09803922
0.10588235
0.14509805
0.15686275
0.12941177
0.08235294
0.10588235
0.14901961
0.23137255
0.31764707
0.33333334
0.39215687
0.49019608
0.58823532
0.67058825
0.87450981
0.88627452
0.92549020
0.93333334
0.92549020
0.95686275
0.90588236
0.70588237
0.49411765
0.35294119
0.31372550
0.29019609
0.34901962
0.45098040
0.42745098
0.41960785
0.33725491
0.18431373
0.14117648
0.18039216
0.18039216
0.14509805
0.10980392
0.12156863
0.16470589
0.25098041
0.31764707
0.32156864
0.30196080
0.32156864
0.37647060
0.44705883
0.94117647
0.86274511
0.87450981
0.91372550
0.92549020
0.94509804
0.95294118
0.78039217
0.53333336
0.42745098
0.34117648
0.32549021
0.42745098
0.47450981
0.43529412
0.44313726
0.41960785
0.32941177
0.24705882
0.20392157
0.21176471
0.16470589
0.15686275
0.18823530
0.16078432
0.27450982
0.39215687
0.43529412
0.43529412
0.41960785
0.38823530
0.36862746
0.96078432
0.92549020
0.85490197
0.87058824
0.91764706
0.94117647
0.91764706
0.81568629
0.69019610
0.45882353
0.36470589
0.34901962
0.44313726
0.50196081
0.48235294
0.47450981
0.42745098
0.39215687
0.35294119
0.25098041
0.22352941
0.18431373
0.21568628
0.25882354
0.16862746
0.30196080
0.45098040
0.48627451
0.50588238
0.53333336
0.54509807
0.52549022
0.95686275
0.98039216
0.87450981
0.78823531
0.87058824
0.90588236
0.87843138
0.83921570
0.78823531
0.48235294
0.38431373
0.39215687
0.45882353
0.51764709
0.51372552
0.49019608
0.41568628
0.40392157
0.40000001
0.27058825
0.20000000
0.20784314
0.28235295
0.30980393
0.18431373
0.32941177
0.48235294
0.50196081
0.51372552
0.54901963
0.58823532
0.58823532
0.93725491
0.94117647
0.86274511
0.68627453
0.75686276
0.87843138
0.88235295
0.83529413
0.84705883
0.60392159
0.43137255
0.43137255
0.48235294
0.51372552
0.52156866
0.47843137
0.36862746
0.40784314
0.41960785
0.27058825
0.20000000
0.27058825
0.34901962
0.34509805
0.21960784
0.34509805
0.44705883
0.46666667
0.52156866
0.54509807
0.53725493
0.50980395
0.92549020
0.89411765
0.80000001
0.62352943
0.65490198
0.85098040
0.92549020
0.89803922
0.93725491
0.73333335
0.50980395
0.45098040
0.47843137
0.50196081
0.51372552
0.46274510
0.34117648
0.41568628
0.41568628
0.28627452
0.27450982
0.34117648
0.36078432
0.34117648
0.25490198
0.33333334
0.38431373
0.43529412
0.49411765
0.48627451
0.49803922
0.50980395
0.85882354
0.79607844
0.72941178
0.65882355
0.73725492
0.86274511
0.95686275
0.96862745
0.94509804
0.77647060
0.59607846
0.47450981
0.45098040
0.48627451
0.47843137
0.44313726
0.38039216
0.41960785
0.39215687
0.32941177
0.35686275
0.34509805
0.31372550
0.30980393
0.29411766
0.32549021
0.35686275
0.40784314
0.44313726
0.45490196
0.47843137
0.47058824
0.89803922
0.85098040
0.75686276
0.76078433
0.88627452
0.92156863
0.95686275
0.92941177
0.83137256
0.68627453
0.55294120
0.47450981
0.43529412
0.45098040
0.43529412
0.39215687
0.40000001
0.40000001
0.37647060
0.37254903
0.36862746
0.29803923
0.25882354
0.27058825
0.28627452
0.33333334
0.37647060
0.41176471
0.42352942
0.41176471
0.41960785
0.40784314
0.85490197
0.79215688
0.81176472
0.90980393
0.93333334
0.97647059
0.94117647
0.78039217
0.59607846
0.44705883
0.31764707
0.34117648
0.35686275
0.36862746
0.39607844
0.36470589
0.37254903
0.37254903
0.37254903
0.33725491
0.28627452
0.21176471
0.18823530
0.26666668
0.30588236
0.34117648
0.36470589
0.40392157
0.41176471
0.41568628
0.42745098
0.40784314
0.78431374
0.75294119
0.87843138
0.98039216
0.97254902
0.99607843
0.85490197
0.54117650
0.42745098
0.33333334
0.23921569
0.22745098
0.20000000
0.25882354
0.32941177
0.29803923
0.27843139
0.32156864
0.32549021
0.27450982
0.21960784
0.18431373
0.20000000
0.28627452
0.34117648
0.36862746
0.36862746
0.40000001
0.41960785
0.43529412
0.45882353
0.43921569
0.74117649
0.79215688
0.92549020
0.96078432
0.96470588
0.95686275
0.68627453
0.38039216
0.37254903
0.29019609
0.21568628
0.18431373
0.14117648
0.19215687
0.26274511
0.24313726
0.22745098
0.31764707
0.32156864
0.31372550
0.31372550
0.30588236
0.32156864
0.35294119
0.36862746
0.38431373
0.38431373
0.40784314
0.42745098
0.43137255
0.42745098
0.40000001
0.72549021
0.82352942
0.90980393
0.90980393
0.87843138
0.87058824
0.60784316
0.30980393
0.29019609
0.26274511
0.24705882
0.26274511
0.25098041
0.24705882
0.29411766
0.33333334
0.35686275
0.40392157
0.40000001
0.39607844
0.40000001
0.39215687
0.40000001
0.40392157
0.40392157
0.40000001
0.41176471
0.42352942
0.41568628
0.40000001
0.37254903
0.34901962
0.83529413
0.90588236
0.88627452
0.81568629
0.81176472
0.78823531
0.60000002
0.30980393
0.27450982
0.32941177
0.39215687
0.39607844
0.36470589
0.32549021
0.38431373
0.42745098
0.42745098
0.44313726
0.43921569
0.41960785
0.40392157
0.39215687
0.40392157
0.41176471
0.41960785
0.41568628
0.40784314
0.41960785
0.39607844
0.37254903
0.34901962
0.34117648
0.91764706
0.89803922
0.88235295
0.81176472
0.83921570
0.78823531
0.67058825
0.40392157
0.38823530
0.46666667
0.48235294
0.46274510
0.42745098
0.44313726
0.48235294
0.44313726
0.45882353
0.48235294
0.46274510
0.44313726
0.42745098
0.41176471
0.41960785
0.43529412
0.42745098
0.40392157
0.39607844
0.40784314
0.39607844
0.37254903
0.34901962
0.35294119
0.80000001
0.82352942
0.86274511
0.78431374
0.81960785
0.78039217
0.67450982
0.52941179
0.50588238
0.51372552
0.50588238
0.46666667
0.42745098
0.53333336
0.52549022
0.47450981
0.50196081
0.50588238
0.47450981
0.45882353
0.45882353
0.45882353
0.45490196
0.43137255
0.41176471
0.38431373
0.38039216
0.38431373
0.38431373
0.36862746
0.36078432
0.36470589
0.66274512
0.67450982
0.69411767
0.72549021
0.73725492
0.74901962
0.74509805
0.73333335
0.71372551
0.71372551
0.70196080
0.68235296
0.65882355
0.63529414
0.63137257
0.61960787
0.61176473
0.59215689
0.63921571
0.75294119
0.80392158
0.81960785
0.82745099
0.84313726
0.84705883
0.82745099
0.67450982
0.74901962
0.70196080
0.63137257
0.60392159
0.53333336
0.63529414
0.64705884
0.66274512
0.68235296
0.69411767
0.70588237
0.70196080
0.69019610
0.69019610
0.69019610
0.67450982
0.65490198
0.63921571
0.63529414
0.64313728
0.62745100
0.59215689
0.57254905
0.65098041
0.78431374
0.83137256
0.82745099
0.81960785
0.80784315
0.79215688
0.80784315
0.67058825
0.77254903
0.76862746
0.66274512
0.58823532
0.54117650
0.60392159
0.61568630
0.63137257
0.65098041
0.65098041
0.64705884
0.64705884
0.65490198
0.67058825
0.69019610
0.70980394
0.71372551
0.64313728
0.60784316
0.60392159
0.59215689
0.56470591
0.54901963
0.69803923
0.84705883
0.85882354
0.83137256
0.85098040
0.83529413
0.72549021
0.67450982
0.61176473
0.76862746
0.85882354
0.73333335
0.63529414
0.64705884
0.61176473
0.61960787
0.63921571
0.65098041
0.64313728
0.63921571
0.69803923
0.76862746
0.82745099
0.86274511
0.85490197
0.72156864
0.51764709
0.40784314
0.37647060
0.39215687
0.41960785
0.45098040
0.61176473
0.78823531
0.87058824
0.83529413
0.87450981
0.84705883
0.74117649
0.64705884
0.56078434
0.72549021
0.75294119
0.70588237
0.68627453
0.75294119
0.61568630
0.62352943
0.63529414
0.63921571
0.62352943
0.60784316
0.73333335
0.92549020
0.96470588
0.94117647
0.80784315
0.49411765
0.30196080
0.22745098
0.19607843
0.21176471
0.23529412
0.26274511
0.32549021
0.45882353
0.73333335
0.86274511
0.85490197
0.82352942
0.76470590
0.69803923
0.56862748
0.55294120
0.47843137
0.49803922
0.55294120
0.70588237
0.61568630
0.61960787
0.62745100
0.62745100
0.61568630
0.58039218
0.70196080
0.96862745
0.97254902
0.89803922
0.65490198
0.34509805
0.22745098
0.15686275
0.14509805
0.16078432
0.17254902
0.17647059
0.17254902
0.19607843
0.38039216
0.76078433
0.86666667
0.75686276
0.77254903
0.75686276
0.59607846
0.45098040
0.40392157
0.48627451
0.49411765
0.64313728
0.60392159
0.60000002
0.58823532
0.54901963
0.55294120
0.56078434
0.61960787
0.92941177
0.98431373
0.83921570
0.47450981
0.24313726
0.17647059
0.10980392
0.11372549
0.14509805
0.14117648
0.13725491
0.12941177
0.12549020
0.17647059
0.51764709
0.75294119
0.64705884
0.78039217
0.85098040
0.68627453
0.50980395
0.61568630
0.78823531
0.64313728
0.68235296
0.57254905
0.56078434
0.50196081
0.32941177
0.36078432
0.52941179
0.54117650
0.82352942
0.95294118
0.70196080
0.29411766
0.17254902
0.15294118
0.08235294
0.07843138
0.13725491
0.11372549
0.10196079
0.11372549
0.09803922
0.14117648
0.27058825
0.41568628
0.54117650
0.66666669
0.71764708
0.74509805
0.60392159
0.76470590
0.83529413
0.56078434
0.67450982
0.54117650
0.51764709
0.49019608
0.42745098
0.37647060
0.45882353
0.48235294
0.72156864
0.87843138
0.57647061
0.25490198
0.12549020
0.09803922
0.06274510
0.05098039
0.08235294
0.07843138
0.07843138
0.10196079
0.09803922
0.10980392
0.19607843
0.22745098
0.32549021
0.39215687
0.48235294
0.73333335
0.63921571
0.68627453
0.72549021
0.70980394
0.82352942
0.50980395
0.47843137
0.60392159
0.75686276
0.67843139
0.60784316
0.61176473
0.81568629
0.82745099
0.43529412
0.22745098
0.12156863
0.08235294
0.08235294
0.07058824
0.05882353
0.06274510
0.07843138
0.09411765
0.09803922
0.10588235
0.16862746
0.16470589
0.27058825
0.32549021
0.34509805
0.61960787
0.70588237
0.62352943
0.60000002
0.61960787
0.69019610
0.45882353
0.46666667
0.73333335
0.98039216
0.98431373
0.96470588
0.93725491
0.93725491
0.75686276
0.33333334
0.20000000
0.14117648
0.10588235
0.10588235
0.08235294
0.07843138
0.07058824
0.07450981
0.09803922
0.10196079
0.10588235
0.13333334
0.10588235
0.20784314
0.30980393
0.27058825
0.44313726
0.68627453
0.61568630
0.52549022
0.49019608
0.49803922
0.58823532
0.68627453
0.85098040
0.96862745
0.98431373
1.00000000
0.98039216
0.91764706
0.69803923
0.35686275
0.25098041
0.16078432
0.12941177
0.10588235
0.09019608
0.10980392
0.08235294
0.06274510
0.10588235
0.13333334
0.12156863
0.11372549
0.08627451
0.16078432
0.26666668
0.24705882
0.34117648
0.55294120
0.52549022
0.46666667
0.45490196
0.42352942
0.88627452
0.94901961
0.94117647
0.91764706
0.94901961
0.97647059
0.96078432
0.93333334
0.69411767
0.40784314
0.31764707
0.21960784
0.17254902
0.10980392
0.10196079
0.12156863
0.09411765
0.06666667
0.11372549
0.16078432
0.13333334
0.11372549
0.08235294
0.14117648
0.22352941
0.21960784
0.32941177
0.46666667
0.40784314
0.36862746
0.37647060
0.36862746
0.98823529
0.98823529
0.96862745
0.90588236
0.88627452
0.91372550
0.93333334
0.94509804
0.64313728
0.36470589
0.32941177
0.25882354
0.19215687
0.10588235
0.09803922
0.11372549
0.10196079
0.07058824
0.10980392
0.14509805
0.12549020
0.10980392
0.07450981
0.10980392
0.18431373
0.20000000
0.30980393
0.43921569
0.44705883
0.42745098
0.40000001
0.39607844
0.96862745
0.99215686
0.98431373
0.96078432
0.85490197
0.80392158
0.88235295
0.94901961
0.57647061
0.31764707
0.34117648
0.27450982
0.20000000
0.16862746
0.16470589
0.16470589
0.12549020
0.08627451
0.10196079
0.11372549
0.10588235
0.09803922
0.07058824
0.08235294
0.14901961
0.20392157
0.27058825
0.39215687
0.50980395
0.56078434
0.55686277
0.54117650
0.90196079
0.98431373
0.98431373
0.98431373
0.93333334
0.74509805
0.76470590
0.90588236
0.53725493
0.30196080
0.34117648
0.29019609
0.24313726
0.34901962
0.35294119
0.30196080
0.16862746
0.09803922
0.09411765
0.09019608
0.09411765
0.09803922
0.07450981
0.09019608
0.10980392
0.18431373
0.25882354
0.32941177
0.46274510
0.53725493
0.57254905
0.62745100
0.81568629
0.91764706
0.95686275
0.96862745
0.94509804
0.85882354
0.70588237
0.72549021
0.50196081
0.27843139
0.26666668
0.25882354
0.25882354
0.41960785
0.42352942
0.35686275
0.19607843
0.09411765
0.09803922
0.10980392
0.09803922
0.10196079
0.07058824
0.09411765
0.11764706
0.16470589
0.21960784
0.21960784
0.27058825
0.35686275
0.44313726
0.54901963
0.81960785
0.84313726
0.89411765
0.92156863
0.90980393
0.91764706
0.85882354
0.64705884
0.41960785
0.27450982
0.24313726
0.24313726
0.31764707
0.41568628
0.36470589
0.36078432
0.30588236
0.16470589
0.12156863
0.12549020
0.10588235
0.09411765
0.07843138
0.10196079
0.13333334
0.19215687
0.21960784
0.20000000
0.17254902
0.18431373
0.22745098
0.30980393
0.90980393
0.80784315
0.82352942
0.87450981
0.90196079
0.91764706
0.91372550
0.71764708
0.45098040
0.33333334
0.25490198
0.26666668
0.38431373
0.42745098
0.36470589
0.37254903
0.38039216
0.30196080
0.21176471
0.13725491
0.12156863
0.09411765
0.11372549
0.16078432
0.12941177
0.21960784
0.29411766
0.30980393
0.30588236
0.27843139
0.23529412
0.21176471
0.94509804
0.86666667
0.78039217
0.80392158
0.87843138
0.92549020
0.88235295
0.75294119
0.60392159
0.35686275
0.26666668
0.27843139
0.39215687
0.44313726
0.40000001
0.39607844
0.37647060
0.35294119
0.30980393
0.17254902
0.12156863
0.10588235
0.16470589
0.22745098
0.13333334
0.24705882
0.35686275
0.36078432
0.37254903
0.39215687
0.38823530
0.36470589
0.96078432
0.93333334
0.79607844
0.70980394
0.82352942
0.87843138
0.83529413
0.78039217
0.70980394
0.39607844
0.29019609
0.30980393
0.39215687
0.45098040
0.43529412
0.41568628
0.35686275
0.35686275
0.34901962
0.19607843
0.10980392
0.12941177
0.22352941
0.26274511
0.14117648
0.27450982
0.38823530
0.38039216
0.38823530
0.41176471
0.43921569
0.43529412
0.93725491
0.89411765
0.78431374
0.60784316
0.70196080
0.83921570
0.83529413
0.78039217
0.79607844
0.54901963
0.34901962
0.34901962
0.40392157
0.44313726
0.45490196
0.41568628
0.30980393
0.35294119
0.36078432
0.21176471
0.13333334
0.20392157
0.28235295
0.28627452
0.16470589
0.29019609
0.36078432
0.35686275
0.40392157
0.41176471
0.39215687
0.36470589
0.91372550
0.83529413
0.71372551
0.54117650
0.59607846
0.81176472
0.87843138
0.85098040
0.90196079
0.69019610
0.43921569
0.37254903
0.40784314
0.43529412
0.44705883
0.40392157
0.28235295
0.35686275
0.35686275
0.22745098
0.21568628
0.29019609
0.30980393
0.29411766
0.21176471
0.29019609
0.30588236
0.32549021
0.37647060
0.35294119
0.35294119
0.36862746
0.82745099
0.72156864
0.63921571
0.57254905
0.67843139
0.83137256
0.92549020
0.93333334
0.91372550
0.73725492
0.54901963
0.41960785
0.39215687
0.42352942
0.41568628
0.38039216
0.32156864
0.35686275
0.33333334
0.26666668
0.30196080
0.31372550
0.28235295
0.27843139
0.25882354
0.28235295
0.27843139
0.29803923
0.32156864
0.32549021
0.33333334
0.32549021
0.85882354
0.78039217
0.67058825
0.68235296
0.83137256
0.89411765
0.93333334
0.90196079
0.79607844
0.65098041
0.52941179
0.44705883
0.39215687
0.39607844
0.37647060
0.32941177
0.33725491
0.33725491
0.31372550
0.30980393
0.31372550
0.27058825
0.23529412
0.23529412
0.23921569
0.27450982
0.29019609
0.30588236
0.30588236
0.28235295
0.27450982
0.26274511
0.83137256
0.73725492
0.74901962
0.85490197
0.89803922
0.96078432
0.92156863
0.75686276
0.56862748
0.41960785
0.31372550
0.33333334
0.33333334
0.32549021
0.34117648
0.30196080
0.30980393
0.30980393
0.30588236
0.27450982
0.22745098
0.17647059
0.14901961
0.20784314
0.23137255
0.25490198
0.26666668
0.29411766
0.29411766
0.28235295
0.28235295
0.26666668
0.77647060
0.72549021
0.84313726
0.95294118
0.96078432
0.98431373
0.83921570
0.52941179
0.40784314
0.31372550
0.25098041
0.23529412
0.18431373
0.22352941
0.27058825
0.23137255
0.21176471
0.25882354
0.25882354
0.20784314
0.16078432
0.13333334
0.14117648
0.20392157
0.23529412
0.25098041
0.25490198
0.29019609
0.29803923
0.30196080
0.31764707
0.29803923
0.73725492
0.77647060
0.90588236
0.94901961
0.94901961
0.93333334
0.66666669
0.36862746
0.35294119
0.27450982
0.22352941
0.19607843
0.13333334
0.15294118
0.18823530
0.16078432
0.14117648
0.23137255
0.23921569
0.23137255
0.23529412
0.23137255
0.23529412
0.25098041
0.25098041
0.25490198
0.27058825
0.30196080
0.31372550
0.30588236
0.29411766
0.26274511
0.70588237
0.80392158
0.89019608
0.89411765
0.84705883
0.81960785
0.56862748
0.28235295
0.27450982
0.24705882
0.23137255
0.25490198
0.23921569
0.19215687
0.18823530
0.21176471
0.23529412
0.28627452
0.28235295
0.27843139
0.28627452
0.29019609
0.29803923
0.29803923
0.29411766
0.28627452
0.30196080
0.31764707
0.30588236
0.29019609
0.25882354
0.22745098
0.81568629
0.88235295
0.86274511
0.79607844
0.78039217
0.73725492
0.56078434
0.27843139
0.25490198
0.31764707
0.36470589
0.37647060
0.34117648
0.25882354
0.26666668
0.29411766
0.29803923
0.31372550
0.30980393
0.29019609
0.27843139
0.28235295
0.29411766
0.30588236
0.30980393
0.30588236
0.29803923
0.30980393
0.28627452
0.26274511
0.23921569
0.22352941
0.89411765
0.87450981
0.85882354
0.78823531
0.81176472
0.74509805
0.63137257
0.37647060
0.36078432
0.44313726
0.45490196
0.42745098
0.37647060
0.35294119
0.35686275
0.30980393
0.32941177
0.35294119
0.33333334
0.31372550
0.29803923
0.29019609
0.30588236
0.31764707
0.30588236
0.28627452
0.27450982
0.29019609
0.27843139
0.25490198
0.23137255
0.22745098
0.77647060
0.80000001
0.83921570
0.76078433
0.79607844
0.74901962
0.64313728
0.50196081
0.47450981
0.48235294
0.47450981
0.41960785
0.34509805
0.41960785
0.38823530
0.33725491
0.37647060
0.38039216
0.34901962
0.32941177
0.32941177
0.33333334
0.33333334
0.30980393
0.28627452
0.25882354
0.25490198
0.25490198
0.25490198
0.24313726
0.23529412
0.23137255
0.63529414
0.65098041
0.67058825
0.70196080
0.71764708
0.73725492
0.72156864
0.69019610
0.65882355
0.65098041
0.64313728
0.62745100
0.59607846
0.57254905
0.56078434
0.55294120
0.54509807
0.52549022
0.57254905
0.69411767
0.74117649
0.75294119
0.76862746
0.79607844
0.81960785
0.80784315
0.63529414
0.69803923
0.65098041
0.58039218
0.54901963
0.48235294
0.60392159
0.61568630
0.62745100
0.65098041
0.66666669
0.68235296
0.67058825
0.64705884
0.63921571
0.63529414
0.62745100
0.60392159
0.57647061
0.56078434
0.56078434
0.54901963
0.51764709
0.49803922
0.57254905
0.70196080
0.74901962
0.74901962
0.74509805
0.74509805
0.74117649
0.76078433
0.62352943
0.72549021
0.72156864
0.61176473
0.53725493
0.49411765
0.56078434
0.56862748
0.58823532
0.60392159
0.61176473
0.61176473
0.61176473
0.61568630
0.62745100
0.64705884
0.66666669
0.66666669
0.58039218
0.52941179
0.51764709
0.50980395
0.48627451
0.46666667
0.61176473
0.75294119
0.76470590
0.74901962
0.76862746
0.76078433
0.65098041
0.60392159
0.55686277
0.72549021
0.81176472
0.68627453
0.59215689
0.60784316
0.56078434
0.56862748
0.58823532
0.60000002
0.59215689
0.58823532
0.65490198
0.73333335
0.79607844
0.83137256
0.80392158
0.66274512
0.45098040
0.33725491
0.29411766
0.31372550
0.34509805
0.37647060
0.53333336
0.70196080
0.78431374
0.76470590
0.80000001
0.76470590
0.65882355
0.56078434
0.50588238
0.69019610
0.71764708
0.67058825
0.65098041
0.72156864
0.56470591
0.57254905
0.58039218
0.58431375
0.56470591
0.54901963
0.68627453
0.88627452
0.94509804
0.91764706
0.73725492
0.41176471
0.22745098
0.16078432
0.13333334
0.15294118
0.16862746
0.20000000
0.26274511
0.39215687
0.67450982
0.81176472
0.79607844
0.75294119
0.68235296
0.60784316
0.51372552
0.52941179
0.45490196
0.47058824
0.52941179
0.68235296
0.55294120
0.56078434
0.56470591
0.56470591
0.55294120
0.51764709
0.65098041
0.93333334
0.95294118
0.87450981
0.56862748
0.24705882
0.14901961
0.10196079
0.10588235
0.11764706
0.11764706
0.12549020
0.12549020
0.15294118
0.34117648
0.72156864
0.81960785
0.69411767
0.69803923
0.67058825
0.54901963
0.43137255
0.38431373
0.46666667
0.47450981
0.62352943
0.54117650
0.53725493
0.52941179
0.48627451
0.50196081
0.51764709
0.58039218
0.89019608
0.94509804
0.79215688
0.40784314
0.18431373
0.14509805
0.09411765
0.10196079
0.12156863
0.10588235
0.10196079
0.09411765
0.09411765
0.13725491
0.45490196
0.69019610
0.58823532
0.71764708
0.78039217
0.64705884
0.49411765
0.59215689
0.76078433
0.60784316
0.65490198
0.51764709
0.50588238
0.44705883
0.27450982
0.32156864
0.50588238
0.51372552
0.78431374
0.89803922
0.63137257
0.24313726
0.15294118
0.15686275
0.09803922
0.08627451
0.12549020
0.09411765
0.08235294
0.09019608
0.07058824
0.10196079
0.20000000
0.35294119
0.48627451
0.61176473
0.65490198
0.70588237
0.58039218
0.73333335
0.80000001
0.51764709
0.63921571
0.49019608
0.47058824
0.43921569
0.37647060
0.34117648
0.43529412
0.45490196
0.68627453
0.82352942
0.50588238
0.21176471
0.11372549
0.10980392
0.08627451
0.07058824
0.08627451
0.07450981
0.07058824
0.09019608
0.08235294
0.08627451
0.13725491
0.16862746
0.27450982
0.33333334
0.41568628
0.68235296
0.59607846
0.64705884
0.69019610
0.67843139
0.78823531
0.46274510
0.43137255
0.55686277
0.70980394
0.63921571
0.58039218
0.58823532
0.78431374
0.77254903
0.36078432
0.18823530
0.11764706
0.10196079
0.11372549
0.09803922
0.07450981
0.06666667
0.08235294
0.09411765
0.09019608
0.09019608
0.12549020
0.11764706
0.21568628
0.26666668
0.28235295
0.55294120
0.65098041
0.57254905
0.55686277
0.58431375
0.65490198
0.42352942
0.43137255
0.70196080
0.94509804
0.94901961
0.93725491
0.91372550
0.90980393
0.70196080
0.25490198
0.15686275
0.13725491
0.12156863
0.13333334
0.10588235
0.09019608
0.07450981
0.07843138
0.09803922
0.09411765
0.09411765
0.10196079
0.06666667
0.15686275
0.25098041
0.20784314
0.37254903
0.61568630
0.55686277
0.47843137
0.45490196
0.46666667
0.56078434
0.65882355
0.82745099
0.94117647
0.95294118
0.96862745
0.96078432
0.89803922
0.64705884
0.27450982
0.19607843
0.14117648
0.13333334
0.12156863
0.09803922
0.10980392
0.07843138
0.05490196
0.09019608
0.11764706
0.10196079
0.09411765
0.05490196
0.11372549
0.20784314
0.18039216
0.26666668
0.48235294
0.46274510
0.41176471
0.41176471
0.38039216
0.86666667
0.92549020
0.92156863
0.89803922
0.91764706
0.94117647
0.94509804
0.91372550
0.64313728
0.32156864
0.25490198
0.18431373
0.16078432
0.10980392
0.09803922
0.10980392
0.07843138
0.04313726
0.08627451
0.12941177
0.10980392
0.10196079
0.05882353
0.09411765
0.16078432
0.15686275
0.25882354
0.39215687
0.34117648
0.30588236
0.31372550
0.30980393
0.96470588
0.97647059
0.95686275
0.88235295
0.84705883
0.87058824
0.89803922
0.90588236
0.58431375
0.29019609
0.27843139
0.22745098
0.16470589
0.09019608
0.08235294
0.10588235
0.09411765
0.05098039
0.08235294
0.10980392
0.09803922
0.09411765
0.05490196
0.08235294
0.14901961
0.15294118
0.24705882
0.36862746
0.37647060
0.36470589
0.33725491
0.33333334
0.93725491
0.98039216
0.97254902
0.93333334
0.80784315
0.74901962
0.82352942
0.89411765
0.51372552
0.25882354
0.30588236
0.24313726
0.16470589
0.13725491
0.13725491
0.16078432
0.12549020
0.06666667
0.07058824
0.07843138
0.07450981
0.07450981
0.05490196
0.07843138
0.13725491
0.17254902
0.21960784
0.33333334
0.45098040
0.50980395
0.50588238
0.49411765
0.85098040
0.95686275
0.96862745
0.96470588
0.89411765
0.68627453
0.70588237
0.84705883
0.47843137
0.24313726
0.30588236
0.25490198
0.20000000
0.30588236
0.31764707
0.28627452
0.16078432
0.07058824
0.05882353
0.05098039
0.05882353
0.07058824
0.06274510
0.08627451
0.09803922
0.14901961
0.21176471
0.28235295
0.41960785
0.49803922
0.53725493
0.58823532
0.74509805
0.87058824
0.92156863
0.94117647
0.90588236
0.79607844
0.64313728
0.66666669
0.44313726
0.22745098
0.21960784
0.21176471
0.20392157
0.36862746
0.38039216
0.32549021
0.16470589
0.05490196
0.05490196
0.07058824
0.06274510
0.07450981
0.05490196
0.08627451
0.09803922
0.12549020
0.17647059
0.18431373
0.23921569
0.32941177
0.41960785
0.51764709
0.74509805
0.77254903
0.83529413
0.87058824
0.85490197
0.85098040
0.79215688
0.58823532
0.36470589
0.21960784
0.18823530
0.18431373
0.25098041
0.34901962
0.30980393
0.30980393
0.25098041
0.10980392
0.07058824
0.08627451
0.07843138
0.07058824
0.06274510
0.08627451
0.10588235
0.14117648
0.16862746
0.16470589
0.13725491
0.14901961
0.19607843
0.28235295
0.83921570
0.72156864
0.73333335
0.80000001
0.83137256
0.84705883
0.84705883
0.65882355
0.40000001
0.28235295
0.20000000
0.20000000
0.31372550
0.35294119
0.30196080
0.30588236
0.30196080
0.22745098
0.15294118
0.09803922
0.09411765
0.06666667
0.09411765
0.14117648
0.09411765
0.16078432
0.23137255
0.25490198
0.25098041
0.22745098
0.18823530
0.17647059
0.88627452
0.77254903
0.66666669
0.69803923
0.78823531
0.85098040
0.81568629
0.69803923
0.55294120
0.30980393
0.20392157
0.20000000
0.30588236
0.36078432
0.32549021
0.31372550
0.28627452
0.27058825
0.24313726
0.12941177
0.09411765
0.07450981
0.14117648
0.20392157
0.09411765
0.18039216
0.27450982
0.27843139
0.29411766
0.31764707
0.31764707
0.30588236
0.90980393
0.84705883
0.68235296
0.57254905
0.70196080
0.79215688
0.77254903
0.73333335
0.66274512
0.33725491
0.22352941
0.23529412
0.30588236
0.36470589
0.34901962
0.32549021
0.26666668
0.27058825
0.27450982
0.14117648
0.06666667
0.09019608
0.18823530
0.22745098
0.09803922
0.21568628
0.30980393
0.29411766
0.30196080
0.32941177
0.36470589
0.36470589
0.89019608
0.82352942
0.67450982
0.44705883
0.54901963
0.73725492
0.77254903
0.74509805
0.74509805
0.47843137
0.28627452
0.28627452
0.32941177
0.35686275
0.36078432
0.32549021
0.22352941
0.27058825
0.28235295
0.13333334
0.06274510
0.14509805
0.23529412
0.24313726
0.12156863
0.24705882
0.29803923
0.27843139
0.32941177
0.34117648
0.32549021
0.30196080
0.85490197
0.75294119
0.59215689
0.37647060
0.44705883
0.71372551
0.81960785
0.81176472
0.85490197
0.62745100
0.38431373
0.31764707
0.34117648
0.35294119
0.35686275
0.31764707
0.20392157
0.27843139
0.28235295
0.14901961
0.14509805
0.23137255
0.25490198
0.23921569
0.15686275
0.23529412
0.23921569
0.25098041
0.30588236
0.29019609
0.29019609
0.30588236
0.74901962
0.61568630
0.50588238
0.42352942
0.54901963
0.74509805
0.86274511
0.88627452
0.87058824
0.68627453
0.50196081
0.37254903
0.33725491
0.35686275
0.34117648
0.30588236
0.25098041
0.29019609
0.26666668
0.20000000
0.23921569
0.25882354
0.23137255
0.22352941
0.19607843
0.21960784
0.20784314
0.22745098
0.25098041
0.25882354
0.27058825
0.26274511
0.76470590
0.65490198
0.54117650
0.55686277
0.73725492
0.82352942
0.86274511
0.84313726
0.75294119
0.61568630
0.49019608
0.40392157
0.34901962
0.34509805
0.31372550
0.27058825
0.27843139
0.27843139
0.25490198
0.24705882
0.25882354
0.22745098
0.19215687
0.18039216
0.17647059
0.20784314
0.21568628
0.23137255
0.23529412
0.21568628
0.21176471
0.20000000
0.73333335
0.61176473
0.62745100
0.76862746
0.84313726
0.90588236
0.84705883
0.68627453
0.52549022
0.40000001
0.28235295
0.29803923
0.29411766
0.28627452
0.29411766
0.25490198
0.25882354
0.25882354
0.25490198
0.21960784
0.18039216
0.14509805
0.11372549
0.16078432
0.17254902
0.18823530
0.19215687
0.22352941
0.22352941
0.21568628
0.21960784
0.20392157
0.68627453
0.60000002
0.73725492
0.90196079
0.93333334
0.93725491
0.76862746
0.45098040
0.36470589
0.30980393
0.22745098
0.20784314
0.15686275
0.18823530
0.23529412
0.19607843
0.17254902
0.21568628
0.21960784
0.16470589
0.12549020
0.11764706
0.11764706
0.16862746
0.18431373
0.18431373
0.18039216
0.21568628
0.22745098
0.23529412
0.25490198
0.23529412
0.65882355
0.67058825
0.81960785
0.90980393
0.92156863
0.87843138
0.59215689
0.29411766
0.31372550
0.26274511
0.20000000
0.16470589
0.09803922
0.11764706
0.15686275
0.12156863
0.09411765
0.18431373
0.19215687
0.18039216
0.19215687
0.20392157
0.20784314
0.20784314
0.19607843
0.18823530
0.20000000
0.23137255
0.24705882
0.24313726
0.23529412
0.20000000
0.63921571
0.72941178
0.81960785
0.83529413
0.78823531
0.75294119
0.49803922
0.22352941
0.23137255
0.21568628
0.19607843
0.21176471
0.18431373
0.14509805
0.14901961
0.16078432
0.17254902
0.22352941
0.21960784
0.21568628
0.22352941
0.22745098
0.23529412
0.23529412
0.22352941
0.21568628
0.23921569
0.25882354
0.24705882
0.23137255
0.20000000
0.16862746
0.75294119
0.82352942
0.80000001
0.73333335
0.71372551
0.66666669
0.49411765
0.22352941
0.20784314
0.27450982
0.32549021
0.32941177
0.28235295
0.20392157
0.22352941
0.24313726
0.23137255
0.24705882
0.24313726
0.22352941
0.21176471
0.20784314
0.22352941
0.23137255
0.23921569
0.23529412
0.23529412
0.25490198
0.23137255
0.20784314
0.18431373
0.16470589
0.83137256
0.81176472
0.79607844
0.72549021
0.74509805
0.68235296
0.57254905
0.31764707
0.30980393
0.39607844
0.40784314
0.37647060
0.32156864
0.30196080
0.30980393
0.25098041
0.26274511
0.28235295
0.26666668
0.24705882
0.23137255
0.21960784
0.23137255
0.24313726
0.23529412
0.21568628
0.21568628
0.23529412
0.22352941
0.20000000
0.17647059
0.17254902
0.71372551
0.74117649
0.77647060
0.69803923
0.73725492
0.69411767
0.58823532
0.43921569
0.41960785
0.42352942
0.41960785
0.36470589
0.29411766
0.36862746
0.33725491
0.27843139
0.30980393
0.31372550
0.28235295
0.26274511
0.26274511
0.26666668
0.26274511
0.23921569
0.21960784
0.19215687
0.19607843
0.20784314
0.20784314
0.19215687
0.18431373
0.18039216
1 0 0 0 0 -1 0 0 0 0 0
0 1 0 0 0 -1 0 0 0 0 0
0 0 1 0 0 -1 0 0 0 0 0
0 0 0 1 0 -1 0 0 0 0 0
0 0 0 0 1 -1 0 0 0 0 0
0 0 0 0 0 -1 1 0 0 0 0
0 0 0 0 0 -1 0 1 0 0 0
0 0 0 0 0 -1 0 0 1 0 0
0 0 0 0 0 -1 0 0 0 1 0
