0.82745099
0.86274511
0.87450981
0.87058824
0.87450981
0.87450981
0.87450981
0.87450981
0.87843138
0.88235295
0.88235295
0.88235295
0.88235295
0.88235295
0.88235295
0.88235295
0.88235295
0.87843138
0.87058824
0.87058824
0.87058824
0.86666667
0.86666667
0.87058824
0.87450981
0.85098040
0.81960785
0.81568629
0.78039217
0.77647060
0.73333335
0.69803923
0.83137256
0.86274511
0.88627452
0.88627452
0.88235295
0.88235295
0.88235295
0.88235295
0.89019608
0.89411765
0.89411765
0.89411765
0.89411765
0.89411765
0.89411765
0.89411765
0.89411765
0.89019608
0.88627452
0.88627452
0.88627452
0.88627452
0.88235295
0.88235295
0.85882354
0.67843139
0.63529414
0.79215688
0.79215688
0.78431374
0.74117649
0.70588237
0.81568629
0.84313726
0.87058824
0.88235295
0.87450981
0.87450981
0.87450981
0.87450981
0.88235295
0.88627452
0.88627452
0.88627452
0.88627452
0.88627452
0.88627452
0.88627452
0.88627452
0.88235295
0.87843138
0.88235295
0.87843138
0.89019608
0.88235295
0.88235295
0.75686276
0.40392157
0.40000001
0.63137257
0.77647060
0.78039217
0.72941178
0.69803923
0.79607844
0.78823531
0.84313726
0.89019608
0.88235295
0.87843138
0.88235295
0.88235295
0.88627452
0.89019608
0.89019608
0.89019608
0.89019608
0.89411765
0.88235295
0.87843138
0.89019608
0.88627452
0.88627452
0.77254903
0.66274512
0.78431374
0.88235295
0.89803922
0.64705884
0.34117648
0.36862746
0.59607846
0.79215688
0.77647060
0.73333335
0.69803923
0.60784316
0.54901963
0.60000002
0.78823531
0.89019608
0.89411765
0.89019608
0.89019608
0.89019608
0.89019608
0.89019608
0.89019608
0.89019608
0.89803922
0.86666667
0.85098040
0.89411765
0.88627452
0.89019608
0.74117649
0.50588238
0.53725493
0.69803923
0.83137256
0.54117650
0.33725491
0.38039216
0.65882355
0.79607844
0.76078433
0.73725492
0.69803923
0.47843137
0.36470589
0.42745098
0.52549022
0.70980394
0.86666667
0.90588236
0.90588236
0.89411765
0.89019608
0.89019608
0.89019608
0.88627452
0.89411765
0.85882354
0.84705883
0.89803922
0.89411765
0.89411765
0.87450981
0.76078433
0.55294120
0.48627451
0.55294120
0.39607844
0.30980393
0.40392157
0.71764708
0.78823531
0.75686276
0.73725492
0.70196080
0.66666669
0.38431373
0.45098040
0.50980395
0.51372552
0.60000002
0.80000001
0.91764706
0.90980393
0.89411765
0.89411765
0.87843138
0.88235295
0.91372550
0.85882354
0.82352942
0.90980393
0.90588236
0.90196079
0.90588236
0.92156863
0.77647060
0.50980395
0.39215687
0.27058825
0.27058825
0.41568628
0.76470590
0.79215688
0.74901962
0.72941178
0.69803923
0.77254903
0.56078434
0.41568628
0.50980395
0.48235294
0.43921569
0.48235294
0.68235296
0.87843138
0.89803922
0.89019608
0.88627452
0.88627452
0.87843138
0.75686276
0.63529414
0.78039217
0.84313726
0.87843138
0.89803922
0.89803922
0.81176472
0.50980395
0.36078432
0.27450982
0.29019609
0.37254903
0.65098041
0.74509805
0.72156864
0.68627453
0.65882355
0.72549021
0.71764708
0.46666667
0.36470589
0.41568628
0.42352942
0.42352942
0.41960785
0.57254905
0.81176472
0.88627452
0.85490197
0.76470590
0.67843139
0.60392159
0.59215689
0.53725493
0.65882355
0.74117649
0.70196080
0.68235296
0.50588238
0.35686275
0.31764707
0.27058825
0.33725491
0.38431373
0.37254903
0.51764709
0.64705884
0.67843139
0.65098041
0.68627453
0.71764708
0.67450982
0.41568628
0.36078432
0.41176471
0.44313726
0.44705883
0.42745098
0.56078434
0.78431374
0.76862746
0.61960787
0.64313728
0.60000002
0.57647061
0.50196081
0.47450981
0.42352942
0.42352942
0.54117650
0.44705883
0.35294119
0.31764707
0.36862746
0.52941179
0.56470591
0.39607844
0.33725491
0.40392157
0.56470591
0.63921571
0.61960787
0.60784316
0.77254903
0.59215689
0.34901962
0.36862746
0.41568628
0.45098040
0.45490196
0.43529412
0.52941179
0.70588237
0.69411767
0.58823532
0.54117650
0.53333336
0.43921569
0.36862746
0.36862746
0.40392157
0.49803922
0.45098040
0.40000001
0.45882353
0.56078434
0.70980394
0.71764708
0.63137257
0.47058824
0.36470589
0.40784314
0.57647061
0.63137257
0.50588238
0.74509805
0.74117649
0.50196081
0.34509805
0.37254903
0.41176471
0.43137255
0.42745098
0.40784314
0.51764709
0.64313728
0.51764709
0.43921569
0.38431373
0.33333334
0.33725491
0.37254903
0.38431373
0.46274510
0.47450981
0.56470591
0.70196080
0.69803923
0.76470590
0.74901962
0.72156864
0.66274512
0.55686277
0.52156866
0.59215689
0.67058825
0.46274510
0.68235296
0.76862746
0.67450982
0.40784314
0.33333334
0.36862746
0.40392157
0.38823530
0.37254903
0.38039216
0.40784314
0.34901962
0.32941177
0.33333334
0.31372550
0.32549021
0.34509805
0.38431373
0.51764709
0.62745100
0.75294119
0.80392158
0.75686276
0.74901962
0.73333335
0.71372551
0.68627453
0.65882355
0.63529414
0.62352943
0.67843139
0.47058824
0.61568630
0.74901962
0.71764708
0.54509807
0.34117648
0.36470589
0.36078432
0.34509805
0.34901962
0.34901962
0.31372550
0.28627452
0.31372550
0.33333334
0.29019609
0.31764707
0.37647060
0.49019608
0.67058825
0.76470590
0.80000001
0.78431374
0.74901962
0.72941178
0.71764708
0.70588237
0.68235296
0.65490198
0.63137257
0.61176473
0.67843139
0.50196081
0.56078434
0.72156864
0.58431375
0.45882353
0.33333334
0.34509805
0.35294119
0.32156864
0.31764707
0.30588236
0.25882354
0.28235295
0.30196080
0.29019609
0.27058825
0.35294119
0.50980395
0.67843139
0.79607844
0.79215688
0.77647060
0.76078433
0.72941178
0.70980394
0.70196080
0.69019610
0.67058825
0.64705884
0.61960787
0.59607846
0.67843139
0.54117650
0.50588238
0.52156866
0.33333334
0.29803923
0.29803923
0.39607844
0.37254903
0.29411766
0.28627452
0.29803923
0.34901962
0.33725491
0.35686275
0.34901962
0.33725491
0.32156864
0.50980395
0.80000001
0.81568629
0.78431374
0.75686276
0.73333335
0.70196080
0.68627453
0.67843139
0.67058825
0.65490198
0.63529414
0.60784316
0.58431375
0.65098041
0.56078434
0.38823530
0.28235295
0.23137255
0.25882354
0.29019609
0.40392157
0.35294119
0.25882354
0.28235295
0.37647060
0.40784314
0.33333334
0.32549021
0.32549021
0.29411766
0.29019609
0.38431373
0.71372551
0.81176472
0.76862746
0.74117649
0.71372551
0.69019610
0.67843139
0.67058825
0.66666669
0.64705884
0.62352943
0.59607846
0.56862748
0.60000002
0.48235294
0.27843139
0.25882354
0.25098041
0.23137255
0.26666668
0.32156864
0.28235295
0.22745098
0.28627452
0.38039216
0.31372550
0.29411766
0.30196080
0.30588236
0.27843139
0.28235295
0.30196080
0.50196081
0.74901962
0.75686276
0.71764708
0.70196080
0.69019610
0.67450982
0.66666669
0.66274512
0.63921571
0.61176473
0.58431375
0.55686277
0.55686277
0.41176471
0.26666668
0.21960784
0.22745098
0.19607843
0.21960784
0.23921569
0.23137255
0.22745098
0.24313726
0.31372550
0.31372550
0.27450982
0.27058825
0.29411766
0.29019609
0.29019609
0.29019609
0.31764707
0.50196081
0.66666669
0.70588237
0.69019610
0.68627453
0.67450982
0.65882355
0.64705884
0.62352943
0.60000002
0.57254905
0.54509807
0.54901963
0.42352942
0.25882354
0.17254902
0.16078432
0.17254902
0.18431373
0.20392157
0.23137255
0.23529412
0.24313726
0.29411766
0.32156864
0.25882354
0.28627452
0.31372550
0.32549021
0.31764707
0.30980393
0.31764707
0.32156864
0.42745098
0.59607846
0.68235296
0.68235296
0.67058825
0.65490198
0.63137257
0.60784316
0.58039218
0.56078434
0.53333336
0.55294120
0.47843137
0.37647060
0.33725491
0.17647059
0.22745098
0.27843139
0.25490198
0.27450982
0.29411766
0.31764707
0.39607844
0.38431373
0.26274511
0.28627452
0.30196080
0.31764707
0.32156864
0.32156864
0.32941177
0.32156864
0.30196080
0.37254903
0.53725493
0.65490198
0.66274512
0.63921571
0.61960787
0.59215689
0.56862748
0.55686277
0.53333336
0.54901963
0.48627451
0.48627451
0.49803922
0.30196080
0.25882354
0.25882354
0.23529412
0.32941177
0.42745098
0.48627451
0.54117650
0.52156866
0.29803923
0.25882354
0.27450982
0.28235295
0.29019609
0.30980393
0.33725491
0.33333334
0.31764707
0.30588236
0.33725491
0.48235294
0.60784316
0.63137257
0.61176473
0.58039218
0.56078434
0.55294120
0.52941179
0.54117650
0.49411765
0.50196081
0.49803922
0.47843137
0.34509805
0.18431373
0.25098041
0.43137255
0.51764709
0.54901963
0.57647061
0.52549022
0.27450982
0.24313726
0.29019609
0.29019609
0.27843139
0.28235295
0.33725491
0.33333334
0.31372550
0.30196080
0.30196080
0.30588236
0.40000001
0.56078434
0.61176473
0.57254905
0.54509807
0.53725493
0.51372552
0.52941179
0.53333336
0.52156866
0.51372552
0.53333336
0.47450981
0.36470589
0.35686275
0.47843137
0.51372552
0.52941179
0.55294120
0.44313726
0.21960784
0.24313726
0.41176471
0.47450981
0.33333334
0.24313726
0.29411766
0.30588236
0.29803923
0.29019609
0.30980393
0.31372550
0.29411766
0.35686275
0.52941179
0.56862748
0.53333336
0.51372552
0.49411765
0.51764709
0.52549022
0.52941179
0.52549022
0.51764709
0.48627451
0.46666667
0.43137255
0.45098040
0.50196081
0.52549022
0.50196081
0.30588236
0.20392157
0.21960784
0.38431373
0.60784316
0.46274510
0.27450982
0.25098041
0.26666668
0.27450982
0.30588236
0.36470589
0.37647060
0.34901962
0.28627452
0.31764707
0.49019608
0.53333336
0.50196081
0.47843137
0.50196081
0.50196081
0.50196081
0.50196081
0.49411765
0.46666667
0.44705883
0.45098040
0.47058824
0.49803922
0.50196081
0.34901962
0.19215687
0.21176471
0.27843139
0.49803922
0.59607846
0.58431375
0.50196081
0.34901962
0.27058825
0.25882354
0.28235295
0.39607844
0.38039216
0.36862746
0.35294119
0.22745098
0.28627452
0.45882353
0.50196081
0.47058824
0.48235294
0.45882353
0.38823530
0.37647060
0.36862746
0.35686275
0.34117648
0.34901962
0.43529412
0.50196081
0.44313726
0.23137255
0.18431373
0.24313726
0.43529412
0.58431375
0.57254905
0.57647061
0.58039218
0.53725493
0.41176471
0.30588236
0.26666668
0.30588236
0.35294119
0.37254903
0.31764707
0.23921569
0.19607843
0.28627452
0.43921569
0.45882353
0.46666667
0.43529412
0.36862746
0.32941177
0.32156864
0.30980393
0.32941177
0.36470589
0.42745098
0.49803922
0.42352942
0.20784314
0.18431373
0.33725491
0.53333336
0.56862748
0.55294120
0.55686277
0.56470591
0.56078434
0.54117650
0.46666667
0.34509805
0.26666668
0.27843139
0.27058825
0.24705882
0.20784314
0.19607843
0.18823530
0.26666668
0.40392157
0.45882353
0.45098040
0.42745098
0.34117648
0.32549021
0.30980393
0.33333334
0.43921569
0.47450981
0.49019608
0.46666667
0.28627452
0.25098041
0.45098040
0.53725493
0.54509807
0.54117650
0.54509807
0.54901963
0.54509807
0.54901963
0.54509807
0.49803922
0.40392157
0.29803923
0.22352941
0.19215687
0.17647059
0.16862746
0.16470589
0.14901961
0.24705882
0.44313726
0.43921569
0.42352942
0.34509805
0.34117648
0.32549021
0.34509805
0.43921569
0.47450981
0.47843137
0.48627451
0.42352942
0.40392157
0.50196081
0.52156866
0.52549022
0.52549022
0.52941179
0.53333336
0.53333336
0.53725493
0.53333336
0.53333336
0.52156866
0.44313726
0.31764707
0.20392157
0.16078432
0.15294118
0.15686275
0.14117648
0.14901961
0.42745098
0.41568628
0.41176471
0.40392157
0.40784314
0.40784314
0.41176471
0.43529412
0.46274510
0.47058824
0.47450981
0.47058824
0.47058824
0.49411765
0.50588238
0.50980395
0.51372552
0.51764709
0.52156866
0.52156866
0.52549022
0.52549022
0.52941179
0.52549022
0.51372552
0.46274510
0.36862746
0.23137255
0.15294118
0.13333334
0.13725491
0.16078432
0.40784314
0.40000001
0.39607844
0.39607844
0.40392157
0.40392157
0.40784314
0.42352942
0.44313726
0.45490196
0.46274510
0.46666667
0.46274510
0.47843137
0.49411765
0.49803922
0.50196081
0.50980395
0.50980395
0.51372552
0.51764709
0.51764709
0.52156866
0.52549022
0.50980395
0.50196081
0.48627451
0.42352942
0.27058825
0.15686275
0.13725491
0.17254902
0.94509804
0.96078432
0.98039216
0.98823529
0.98431373
0.98431373
0.98431373
0.98431373
0.98431373
0.98431373
0.98431373
0.98431373
0.98431373
0.98431373
0.98431373
0.98431373
0.98431373
0.98431373
0.98823529
0.98823529
0.98823529
0.98823529
0.98823529
0.98823529
0.97647059
0.95294118
0.91764706
0.91764706
0.89803922
0.85490197
0.82745099
0.80392158
0.94901961
0.96862745
0.99215686
1.00000000
1.00000000
1.00000000
1.00000000
1.00000000
1.00000000
0.99607843
0.99607843
0.99607843
0.99607843
0.99607843
0.99607843
0.99607843
0.99607843
1.00000000
1.00000000
1.00000000
0.99607843
0.99607843
1.00000000
1.00000000
0.97254902
0.79215688
0.72156864
0.85490197
0.88627452
0.85490197
0.82745099
0.80784315
0.92941177
0.95294118
0.97647059
0.98823529
0.99215686
0.99215686
0.99215686
0.99607843
0.99215686
0.98823529
0.98823529
0.98823529
0.98823529
0.98823529
0.98823529
0.98823529
0.98823529
0.98823529
0.99215686
0.98823529
0.97254902
0.98431373
0.98823529
1.00000000
0.87058824
0.51372552
0.47058824
0.65098041
0.84313726
0.83921570
0.80784315
0.78823531
0.90980393
0.90588236
0.94509804
0.98431373
0.99215686
0.98823529
0.99215686
0.99607843
0.99215686
0.99215686
0.99215686
0.99215686
0.99215686
0.99215686
0.98431373
0.98039216
0.99215686
0.99215686
0.99215686
0.86666667
0.74901962
0.85882354
0.97254902
1.00000000
0.74901962
0.44313726
0.41960785
0.59215689
0.85098040
0.83137256
0.80392158
0.77647060
0.72156864
0.67058825
0.70588237
0.87843138
0.98431373
0.99215686
0.98823529
0.98431373
0.99215686
0.99215686
0.99215686
0.99215686
0.99215686
0.99607843
0.96470588
0.95294118
0.99607843
0.99607843
0.99215686
0.82745099
0.58823532
0.60784316
0.78039217
0.91372550
0.61960787
0.40784314
0.41568628
0.65490198
0.86274511
0.82352942
0.79215688
0.76862746
0.58431375
0.48627451
0.52941179
0.61176473
0.80000001
0.95686275
0.99215686
0.98431373
0.98431373
0.99215686
0.99215686
0.99215686
0.99215686
0.99215686
0.95686275
0.94901961
1.00000000
0.99215686
0.98823529
0.95686275
0.83529413
0.61960787
0.56862748
0.62745100
0.45098040
0.36078432
0.42352942
0.72156864
0.86274511
0.81960785
0.78431374
0.76078433
0.74117649
0.46666667
0.52549022
0.58039218
0.60000002
0.69411767
0.87843138
0.97254902
0.98039216
0.98431373
0.99215686
0.98823529
0.99215686
1.00000000
0.94901961
0.91764706
0.98823529
0.96862745
0.96862745
0.98431373
0.98431373
0.85098040
0.60000002
0.47058824
0.33333334
0.32549021
0.45490196
0.78823531
0.85098040
0.80392158
0.78039217
0.75686276
0.82745099
0.61568630
0.47058824
0.58039218
0.58039218
0.54901963
0.57254905
0.72941178
0.92941177
0.96470588
0.96862745
0.97254902
0.96862745
0.95294118
0.84313726
0.72549021
0.84313726
0.87843138
0.93333334
0.97254902
0.94509804
0.87843138
0.60000002
0.43921569
0.34509805
0.35294119
0.43529412
0.70588237
0.79215688
0.76470590
0.73333335
0.70588237
0.77647060
0.76470590
0.51372552
0.43921569
0.54901963
0.56078434
0.53725493
0.49411765
0.61568630
0.85490197
0.93725491
0.90196079
0.81176472
0.74509805
0.69019610
0.67843139
0.60000002
0.69803923
0.80392158
0.77254903
0.70588237
0.53725493
0.41960785
0.38039216
0.33333334
0.39215687
0.44313726
0.43921569
0.57254905
0.69019610
0.71372551
0.69019610
0.72156864
0.75686276
0.70980394
0.48627451
0.50588238
0.56470591
0.57647061
0.54117650
0.49411765
0.61568630
0.83529413
0.81568629
0.66274512
0.69803923
0.67058825
0.65098041
0.55686277
0.51372552
0.47843137
0.47450981
0.53333336
0.44313726
0.39215687
0.36470589
0.41568628
0.57647061
0.61960787
0.47450981
0.39607844
0.43921569
0.58823532
0.67450982
0.64705884
0.63529414
0.79607844
0.64705884
0.47058824
0.50980395
0.55294120
0.56078434
0.55294120
0.52941179
0.61176473
0.77647060
0.75294119
0.63529414
0.60000002
0.60000002
0.48235294
0.40392157
0.42352942
0.43921569
0.46666667
0.43137255
0.41960785
0.49019608
0.60000002
0.74901962
0.76862746
0.70196080
0.52941179
0.40000001
0.43529412
0.61176473
0.64705884
0.52156866
0.76078433
0.77254903
0.56470591
0.44705883
0.49019608
0.52156866
0.54901963
0.54509807
0.50980395
0.60784316
0.70980394
0.56470591
0.49019608
0.44313726
0.37254903
0.37647060
0.43137255
0.40784314
0.42745098
0.46274510
0.57647061
0.71764708
0.72156864
0.80000001
0.79607844
0.78039217
0.70980394
0.59607846
0.55686277
0.63137257
0.68235296
0.47450981
0.69411767
0.77254903
0.68235296
0.46666667
0.42745098
0.47843137
0.51764709
0.49803922
0.47058824
0.45882353
0.46666667
0.40000001
0.38823530
0.39215687
0.34901962
0.37254903
0.40784314
0.41176471
0.49411765
0.63921571
0.76862746
0.81176472
0.77647060
0.77647060
0.76862746
0.75294119
0.72549021
0.70196080
0.68235296
0.66666669
0.69803923
0.48627451
0.62352943
0.74117649
0.69411767
0.58431375
0.43529412
0.47843137
0.47843137
0.44313726
0.42352942
0.40392157
0.36862746
0.34117648
0.37254903
0.38431373
0.32156864
0.35294119
0.41960785
0.50588238
0.66666669
0.79215688
0.81568629
0.78823531
0.76470590
0.74901962
0.74117649
0.73725492
0.72156864
0.69803923
0.68627453
0.65882355
0.68627453
0.50980395
0.56862748
0.72941178
0.59607846
0.52156866
0.44313726
0.47058824
0.47843137
0.41960785
0.38039216
0.34901962
0.30980393
0.35686275
0.36862746
0.33725491
0.29411766
0.37647060
0.52156866
0.67450982
0.79215688
0.81176472
0.78823531
0.76470590
0.73725492
0.72156864
0.71372551
0.71372551
0.70196080
0.68235296
0.66274512
0.63921571
0.65098041
0.53725493
0.52941179
0.57647061
0.42745098
0.41960785
0.42745098
0.51372552
0.49411765
0.40000001
0.35294119
0.35294119
0.41568628
0.43529412
0.44313726
0.40392157
0.36470589
0.33333334
0.51372552
0.78431374
0.80000001
0.78823531
0.76470590
0.74117649
0.70980394
0.69411767
0.68627453
0.68235296
0.66666669
0.65490198
0.63529414
0.61568630
0.61960787
0.57647061
0.45490196
0.38823530
0.35686275
0.39215687
0.40784314
0.48627451
0.45098040
0.35686275
0.34509805
0.43529412
0.48627451
0.45098040
0.42745098
0.38823530
0.32941177
0.30588236
0.38039216
0.68627453
0.78039217
0.75294119
0.74117649
0.70980394
0.69019610
0.67843139
0.67058825
0.65882355
0.64313728
0.63137257
0.61176473
0.59607846
0.59607846
0.52549022
0.38431373
0.38039216
0.33725491
0.32156864
0.33725491
0.35686275
0.34509805
0.30980393
0.34117648
0.43529412
0.38823530
0.40784314
0.40000001
0.37254903
0.31764707
0.30588236
0.30588236
0.47843137
0.71372551
0.73333335
0.70980394
0.69803923
0.68235296
0.67058825
0.65882355
0.64313728
0.62745100
0.61568630
0.59215689
0.57647061
0.56470591
0.46274510
0.36862746
0.32156864
0.26274511
0.24313726
0.25882354
0.25882354
0.27058825
0.27450982
0.27058825
0.35294119
0.37254903
0.35294119
0.34509805
0.35294119
0.34117648
0.32549021
0.30980393
0.30588236
0.47450981
0.64705884
0.69411767
0.68235296
0.67450982
0.66274512
0.65098041
0.63529414
0.61960787
0.60392159
0.58431375
0.56862748
0.54509807
0.43921569
0.30980393
0.22352941
0.16862746
0.20784314
0.23137255
0.23921569
0.26274511
0.25098041
0.24705882
0.31372550
0.36078432
0.29803923
0.32941177
0.36470589
0.37647060
0.37254903
0.34901962
0.31764707
0.30588236
0.41176471
0.58431375
0.67058825
0.67058825
0.65490198
0.64313728
0.63137257
0.61568630
0.59215689
0.57647061
0.56078434
0.53333336
0.45882353
0.37254903
0.34117648
0.16862746
0.23529412
0.30588236
0.28235295
0.28627452
0.29411766
0.31372550
0.40000001
0.40000001
0.27450982
0.30196080
0.32941177
0.36862746
0.38823530
0.38431373
0.36470589
0.34117648
0.31764707
0.37254903
0.52549022
0.63921571
0.65098041
0.63529414
0.62352943
0.61176473
0.59215689
0.56862748
0.55294120
0.51372552
0.45098040
0.45098040
0.46274510
0.27058825
0.23137255
0.23529412
0.21960784
0.32156864
0.42352942
0.48627451
0.54509807
0.52941179
0.30980393
0.26274511
0.27450982
0.30980393
0.35294119
0.38823530
0.40784314
0.39607844
0.36862746
0.34117648
0.35294119
0.47843137
0.60784316
0.63921571
0.61568630
0.60784316
0.58823532
0.55686277
0.53725493
0.49019608
0.44313726
0.45098040
0.44705883
0.43529412
0.29803923
0.14117648
0.21568628
0.41568628
0.50980395
0.54901963
0.58039218
0.53725493
0.29803923
0.24705882
0.28627452
0.29803923
0.31764707
0.34901962
0.41176471
0.41960785
0.40784314
0.39215687
0.36470589
0.33725491
0.42745098
0.58039218
0.61568630
0.59215689
0.57647061
0.54901963
0.52941179
0.46666667
0.47058824
0.46274510
0.45882353
0.47843137
0.41960785
0.31764707
0.31764707
0.45490196
0.50196081
0.52549022
0.56470591
0.46274510
0.25490198
0.25098041
0.40000001
0.46666667
0.34509805
0.28627452
0.36470589
0.40784314
0.41960785
0.41176471
0.39215687
0.35686275
0.32156864
0.37254903
0.53333336
0.58431375
0.56470591
0.54117650
0.52156866
0.45490196
0.46274510
0.46666667
0.46666667
0.45882353
0.43137255
0.41960785
0.39215687
0.41960785
0.48627451
0.52156866
0.51764709
0.33725491
0.23921569
0.22352941
0.36078432
0.58823532
0.45882353
0.29019609
0.30588236
0.36470589
0.40000001
0.41176471
0.42745098
0.39607844
0.34509805
0.28627452
0.34117648
0.50980395
0.55686277
0.53333336
0.50980395
0.44705883
0.44313726
0.44313726
0.44313726
0.43921569
0.41960785
0.40392157
0.41568628
0.43921569
0.47843137
0.50588238
0.37647060
0.23137255
0.23137255
0.26666668
0.47058824
0.58039218
0.57647061
0.50588238
0.37647060
0.34117648
0.35294119
0.36078432
0.43529412
0.38823530
0.35686275
0.36470589
0.27843139
0.31764707
0.47843137
0.52156866
0.50588238
0.44313726
0.41176471
0.33725491
0.32156864
0.32549021
0.31764707
0.30588236
0.32156864
0.40392157
0.47843137
0.44705883
0.25882354
0.22352941
0.24313726
0.40784314
0.55294120
0.56862748
0.57254905
0.57254905
0.54509807
0.44705883
0.36470589
0.33333334
0.35294119
0.38039216
0.40000001
0.37254903
0.32156864
0.23529412
0.29803923
0.44705883
0.49019608
0.42745098
0.39607844
0.32156864
0.28235295
0.27843139
0.27058825
0.29803923
0.34117648
0.39607844
0.47450981
0.41960785
0.22352941
0.20784314
0.32156864
0.50588238
0.54117650
0.55686277
0.55686277
0.55294120
0.55686277
0.55294120
0.49411765
0.40000001
0.32549021
0.32941177
0.33725491
0.34117648
0.31372550
0.26274511
0.22352941
0.28627452
0.42745098
0.40784314
0.40000001
0.38431373
0.29411766
0.27450982
0.26274511
0.30196080
0.41176471
0.44313726
0.45882353
0.44705883
0.27843139
0.24313726
0.43529412
0.52156866
0.52941179
0.54117650
0.54117650
0.54117650
0.53725493
0.54509807
0.54509807
0.51764709
0.43529412
0.34901962
0.29411766
0.28235295
0.27843139
0.27058825
0.25490198
0.20784314
0.27058825
0.38823530
0.38823530
0.37647060
0.29803923
0.29019609
0.27843139
0.30588236
0.40784314
0.44313726
0.44705883
0.45882353
0.40392157
0.38431373
0.47843137
0.50588238
0.51372552
0.52549022
0.52549022
0.52549022
0.52941179
0.52941179
0.52549022
0.52941179
0.52941179
0.47450981
0.37254903
0.26666668
0.23529412
0.24705882
0.25098041
0.21568628
0.18039216
0.36862746
0.36470589
0.36862746
0.36078432
0.35294119
0.36078432
0.37254903
0.40392157
0.42352942
0.43137255
0.44313726
0.44705883
0.45098040
0.46666667
0.48235294
0.49803922
0.50588238
0.51372552
0.51372552
0.51372552
0.51764709
0.51764709
0.51764709
0.51372552
0.52156866
0.48627451
0.40000001
0.27058825
0.21960784
0.20784314
0.20392157
0.18823530
0.34901962
0.34901962
0.35294119
0.35294119
0.34901962
0.35686275
0.36862746
0.38823530
0.40392157
0.41176471
0.42745098
0.43921569
0.43921569
0.44705883
0.46666667
0.47843137
0.49411765
0.50196081
0.50196081
0.50588238
0.50980395
0.50588238
0.50196081
0.50588238
0.49803922
0.49803922
0.48627451
0.42745098
0.30980393
0.21176471
0.18823530
0.19607843
0.87450981
0.90980393
0.96470588
0.98431373
0.97254902
0.97647059
0.98039216
0.98039216
0.98431373
0.98823529
0.98823529
0.98823529
0.98431373
0.97254902
0.97254902
0.97254902
0.96862745
0.97647059
0.98039216
0.98039216
0.98039216
0.97647059
0.97254902
0.98431373
0.95686275
0.86274511
0.77647060
0.80000001
0.78823531
0.74901962
0.69411767
0.65882355
0.87058824
0.90196079
0.96078432
0.99607843
1.00000000
1.00000000
0.99607843
0.99215686
0.99607843
1.00000000
1.00000000
1.00000000
1.00000000
0.98823529
0.98431373
0.98431373
0.98431373
0.98823529
0.99215686
0.99215686
0.99607843
1.00000000
1.00000000
0.98823529
0.89803922
0.65490198
0.56078434
0.70980394
0.75294119
0.73725492
0.69803923
0.66274512
0.83921570
0.87058824
0.92549020
0.97254902
0.99607843
0.99607843
0.99215686
0.98431373
0.98823529
0.99215686
0.99215686
0.99215686
0.98823529
0.98039216
0.97647059
0.97647059
0.97647059
0.97647059
0.98039216
0.97647059
0.96862745
0.98431373
0.99215686
0.96862745
0.74901962
0.33725491
0.29019609
0.48627451
0.69411767
0.71372551
0.67843139
0.64313728
0.81176472
0.80784315
0.87450981
0.95294118
0.98823529
0.98431373
0.99215686
0.99215686
0.99215686
0.99607843
0.99607843
0.99607843
0.99215686
0.98431373
0.97254902
0.96862745
0.98039216
0.98431373
0.98039216
0.84705883
0.72156864
0.83137256
0.95294118
0.94117647
0.60784316
0.25490198
0.23137255
0.42352942
0.69411767
0.70196080
0.67058825
0.63529414
0.61176473
0.55686277
0.61568630
0.81960785
0.95294118
0.96862745
0.98039216
0.99215686
0.99607843
0.99607843
0.99607843
0.99607843
0.99215686
0.98823529
0.95686275
0.94117647
0.98431373
0.98431373
0.98039216
0.80000001
0.52549022
0.52549022
0.69411767
0.82352942
0.49411765
0.23921569
0.22745098
0.49019608
0.70588237
0.69019610
0.65882355
0.62352943
0.47450981
0.36470589
0.42745098
0.53333336
0.73333335
0.90980393
0.97254902
0.99215686
0.99215686
0.99607843
0.99215686
0.99607843
0.99215686
0.98431373
0.94901961
0.93725491
0.98823529
0.98823529
0.98431373
0.92549020
0.74901962
0.50196081
0.41176471
0.49803922
0.34901962
0.20784314
0.23921569
0.56862748
0.71372551
0.68627453
0.65098041
0.61960787
0.63921571
0.36078432
0.42352942
0.48235294
0.49411765
0.59607846
0.81176472
0.95294118
0.98823529
0.98431373
0.98039216
0.96862745
0.97647059
0.98823529
0.93725491
0.90588236
0.98823529
0.96078432
0.96470588
0.97254902
0.92549020
0.76470590
0.45882353
0.32549021
0.20000000
0.16470589
0.27450982
0.65098041
0.72549021
0.68627453
0.65490198
0.61176473
0.73333335
0.51764709
0.36862746
0.46274510
0.43921569
0.40000001
0.45490196
0.66274512
0.89411765
0.92549020
0.91764706
0.92941177
0.94509804
0.92549020
0.81568629
0.70196080
0.83529413
0.84705883
0.88235295
0.91372550
0.84705883
0.78431374
0.48627451
0.30196080
0.19215687
0.18431373
0.26666668
0.56470591
0.67450982
0.65490198
0.61176473
0.56470591
0.68627453
0.67058825
0.41568628
0.31372550
0.37647060
0.38039216
0.37647060
0.38039216
0.51372552
0.74901962
0.84313726
0.85098040
0.79607844
0.72549021
0.65490198
0.63529414
0.55294120
0.62352943
0.67058825
0.58431375
0.48235294
0.37647060
0.30588236
0.26666668
0.20392157
0.25098041
0.29019609
0.29019609
0.44705883
0.56862748
0.58431375
0.54509807
0.63529414
0.66274512
0.61568630
0.36078432
0.31372550
0.35686275
0.37647060
0.37647060
0.34117648
0.46666667
0.72549021
0.76470590
0.66666669
0.70980394
0.66274512
0.61176473
0.50588238
0.42745098
0.31764707
0.21176471
0.24705882
0.25882354
0.29411766
0.27058825
0.30980393
0.46666667
0.49019608
0.32549021
0.26666668
0.31372550
0.44705883
0.52941179
0.56470591
0.54901963
0.70588237
0.52549022
0.29019609
0.30196080
0.33725491
0.36862746
0.37647060
0.36470589
0.49019608
0.72549021
0.76078433
0.66274512
0.60392159
0.56862748
0.43529412
0.32156864
0.27058825
0.18823530
0.20000000
0.27843139
0.33725491
0.40392157
0.50588238
0.65098041
0.65882355
0.56862748
0.41176471
0.27843139
0.29019609
0.47058824
0.56862748
0.43921569
0.67058825
0.66666669
0.42745098
0.26274511
0.29019609
0.32549021
0.36470589
0.36862746
0.36470589
0.52156866
0.67843139
0.55686277
0.46274510
0.38823530
0.30196080
0.27843139
0.29411766
0.21176471
0.22352941
0.34901962
0.50196081
0.62745100
0.63529414
0.70588237
0.69411767
0.67058825
0.61176473
0.48627451
0.41960785
0.49411765
0.60392159
0.39215687
0.60784316
0.68627453
0.59215689
0.32156864
0.24313726
0.29019609
0.32941177
0.30588236
0.29411766
0.32156864
0.37254903
0.31764707
0.29019609
0.27843139
0.22745098
0.23137255
0.26666668
0.25490198
0.34117648
0.54509807
0.69019610
0.72156864
0.68627453
0.68627453
0.67843139
0.67058825
0.64705884
0.60392159
0.55294120
0.53333336
0.61176473
0.40392157
0.55294120
0.66666669
0.62745100
0.45098040
0.24705882
0.27058825
0.27450982
0.25882354
0.25882354
0.27058825
0.24313726
0.21176471
0.23529412
0.24313726
0.18431373
0.21176471
0.28627452
0.38039216
0.54901963
0.69803923
0.72941178
0.70196080
0.67843139
0.66274512
0.65490198
0.65490198
0.63921571
0.60784316
0.57254905
0.53725493
0.58039218
0.41568628
0.49019608
0.63137257
0.48235294
0.36078432
0.25098041
0.27450982
0.27843139
0.24313726
0.24705882
0.23921569
0.18823530
0.20000000
0.21176471
0.19607843
0.16862746
0.25490198
0.40784314
0.57254905
0.70196080
0.72156864
0.70196080
0.68235296
0.65490198
0.63921571
0.63137257
0.62745100
0.61176473
0.59215689
0.56862748
0.53333336
0.52941179
0.43137255
0.43137255
0.41568628
0.22352941
0.21176471
0.24313726
0.37254903
0.32156864
0.21960784
0.21568628
0.22745098
0.27843139
0.25098041
0.26666668
0.25490198
0.23921569
0.22352941
0.40392157
0.68627453
0.71764708
0.70196080
0.68235296
0.65882355
0.62745100
0.61176473
0.60392159
0.60000002
0.58431375
0.56862748
0.54901963
0.51764709
0.50588238
0.49019608
0.35294119
0.21176471
0.13725491
0.18039216
0.23529412
0.37254903
0.29803923
0.18431373
0.20784314
0.30588236
0.33333334
0.24705882
0.23529412
0.23529412
0.20392157
0.19215687
0.27058825
0.59607846
0.70196080
0.67450982
0.65490198
0.62745100
0.60784316
0.59607846
0.58823532
0.58039218
0.56470591
0.54901963
0.52549022
0.50196081
0.50588238
0.48235294
0.31372550
0.23921569
0.19215687
0.15686275
0.18039216
0.22745098
0.19607843
0.15686275
0.21960784
0.31372550
0.23921569
0.21568628
0.21568628
0.21960784
0.18823530
0.18823530
0.19607843
0.38431373
0.63529414
0.65490198
0.62352943
0.60784316
0.59607846
0.58039218
0.57254905
0.56862748
0.55294120
0.53333336
0.50980395
0.48627451
0.48627451
0.45098040
0.32156864
0.21176471
0.18431373
0.13333334
0.12549020
0.12941177
0.14509805
0.16078432
0.17647059
0.24705882
0.24313726
0.20000000
0.19607843
0.21568628
0.20784314
0.20000000
0.19607843
0.20784314
0.39607844
0.56862748
0.60784316
0.58823532
0.58431375
0.57254905
0.56078434
0.56078434
0.54117650
0.52156866
0.50196081
0.48235294
0.45098040
0.43137255
0.26274511
0.12156863
0.10588235
0.11372549
0.12549020
0.14509805
0.16862746
0.17254902
0.18039216
0.23137255
0.25490198
0.19215687
0.21568628
0.23921569
0.23921569
0.23529412
0.22745098
0.21568628
0.21960784
0.33333334
0.49019608
0.57254905
0.57254905
0.55686277
0.55294120
0.55294120
0.53333336
0.50980395
0.49411765
0.47450981
0.41176471
0.40784314
0.30588236
0.22745098
0.08235294
0.16470589
0.24705882
0.23137255
0.23137255
0.23529412
0.26274511
0.34117648
0.32549021
0.19607843
0.21960784
0.23529412
0.24313726
0.24705882
0.23529412
0.22745098
0.22352941
0.21960784
0.27450982
0.42352942
0.54509807
0.55686277
0.54509807
0.54509807
0.52941179
0.50588238
0.48235294
0.46274510
0.38039216
0.34509805
0.35294119
0.35294119
0.16470589
0.17647059
0.21176471
0.18431373
0.27058825
0.37647060
0.43529412
0.49411765
0.47058824
0.22745098
0.19215687
0.21176471
0.21960784
0.22352941
0.21960784
0.23529412
0.23529412
0.23529412
0.21568628
0.23529412
0.37647060
0.51372552
0.54901963
0.54117650
0.52156866
0.49803922
0.47450981
0.45098040
0.35686275
0.31764707
0.33333334
0.32549021
0.31764707
0.23529412
0.10588235
0.16078432
0.35686275
0.46274510
0.49803922
0.52941179
0.47450981
0.20392157
0.17647059
0.23529412
0.23529412
0.21960784
0.21176471
0.24313726
0.23137255
0.22745098
0.22352941
0.21568628
0.21176471
0.32156864
0.49019608
0.53725493
0.50588238
0.48627451
0.46274510
0.44313726
0.33333334
0.34117648
0.32941177
0.32549021
0.34901962
0.33333334
0.25098041
0.23921569
0.38431373
0.44705883
0.46666667
0.50196081
0.38823530
0.15294118
0.18039216
0.36078432
0.42745098
0.28627452
0.19215687
0.21960784
0.20784314
0.19607843
0.20392157
0.21960784
0.21568628
0.20784314
0.27843139
0.44705883
0.49411765
0.47058824
0.45098040
0.43529412
0.31764707
0.32941177
0.33725491
0.33725491
0.33725491
0.33333334
0.33333334
0.30196080
0.34117648
0.41568628
0.45098040
0.43921569
0.25098041
0.13725491
0.16078432
0.33725491
0.56862748
0.42745098
0.23137255
0.19607843
0.18431373
0.16862746
0.20392157
0.25882354
0.25882354
0.23529412
0.18431373
0.23137255
0.40784314
0.46666667
0.44313726
0.42745098
0.30196080
0.31764707
0.32941177
0.34117648
0.34117648
0.32941177
0.32549021
0.33333334
0.36470589
0.40000001
0.41960785
0.28235295
0.13333334
0.14901961
0.22352941
0.45490196
0.56078434
0.54901963
0.46666667
0.30588236
0.20784314
0.16862746
0.18823530
0.29411766
0.26274511
0.24705882
0.25098041
0.14509805
0.20392157
0.38431373
0.43921569
0.42352942
0.29019609
0.29411766
0.24705882
0.25490198
0.25882354
0.25098041
0.23921569
0.25882354
0.33333334
0.39607844
0.35686275
0.15686275
0.12549020
0.19215687
0.38823530
0.54117650
0.53725493
0.53333336
0.53725493
0.50588238
0.36862746
0.24313726
0.20784314
0.23529412
0.26274511
0.27058825
0.23137255
0.16862746
0.11372549
0.20392157
0.37254903
0.41176471
0.27450982
0.27843139
0.23921569
0.22745098
0.23137255
0.21960784
0.24313726
0.29019609
0.32941177
0.39607844
0.33725491
0.13725491
0.12549020
0.28627452
0.49019608
0.52941179
0.51372552
0.50588238
0.51372552
0.52549022
0.50588238
0.41568628
0.30980393
0.22745098
0.21960784
0.20000000
0.18431373
0.15686275
0.12156863
0.10588235
0.20000000
0.35294119
0.26274511
0.28235295
0.28235295
0.22352941
0.23137255
0.21176471
0.23921569
0.34901962
0.37647060
0.39607844
0.38823530
0.22352941
0.19215687
0.40000001
0.49019608
0.49803922
0.50196081
0.49803922
0.49411765
0.49803922
0.49803922
0.49411765
0.45882353
0.36470589
0.25490198
0.17254902
0.14509805
0.13333334
0.10980392
0.10196079
0.09411765
0.18431373
0.24705882
0.26666668
0.27058825
0.20784314
0.22352941
0.20784314
0.23137255
0.33333334
0.37647060
0.38823530
0.40784314
0.35686275
0.34117648
0.43921569
0.46666667
0.47450981
0.48235294
0.48235294
0.47843137
0.47843137
0.47843137
0.47843137
0.49019608
0.48235294
0.40392157
0.27058825
0.15686275
0.11764706
0.10588235
0.10588235
0.10196079
0.08235294
0.23137255
0.24313726
0.25490198
0.25882354
0.25882354
0.26666668
0.27843139
0.30980393
0.34901962
0.36862746
0.38431373
0.39607844
0.40392157
0.42745098
0.44313726
0.45490196
0.45882353
0.46666667
0.46666667
0.46666667
0.47058824
0.47450981
0.48627451
0.48627451
0.47058824
0.41960785
0.32156864
0.18823530
0.11372549
0.09411765
0.10196079
0.08235294
0.21960784
0.22352941
0.23529412
0.23529412
0.23529412
0.24705882
0.26274511
0.29019609
0.32549021
0.34901962
0.36470589
0.38431373
0.38823530
0.40784314
0.42352942
0.43137255
0.44313726
0.45098040
0.45490196
0.45882353
0.46274510
0.46274510
0.47450981
0.48235294
0.46274510
0.45490196
0.43529412
0.37254903
0.23921569
0.12549020
0.09411765
0.07450981
-1 1 0 0 0 0 0 0 0 0 0
-1 0 1 0 0 0 0 0 0 0 0
-1 0 0 1 0 0 0 0 0 0 0
-1 0 0 0 1 0 0 0 0 0 0
-1 0 0 0 0 1 0 0 0 0 0
-1 0 0 0 0 0 1 0 0 0 0
-1 0 0 0 0 0 0 1 0 0 0
-1 0 0 0 0 0 0 0 1 0 0
-1 0 0 0 0 0 0 0 0 1 0
