0.32549021
0.32156864
0.31764707
0.30196080
0.31764707
0.33333334
0.35686275
0.36078432
0.36078432
0.37254903
0.39607844
0.36078432
0.34117648
0.32156864
0.31372550
0.29803923
0.26666668
0.25490198
0.24705882
0.24313726
0.23529412
0.21960784
0.20392157
0.18431373
0.16470589
0.14509805
0.13725491
0.13333334
0.14117648
0.11372549
0.09803922
0.08235294
0.32941177
0.32549021
0.32549021
0.30196080
0.31372550
0.32941177
0.35294119
0.36470589
0.35294119
0.34509805
0.37254903
0.38039216
0.34509805
0.32156864
0.30588236
0.29803923
0.27843139
0.26666668
0.25098041
0.25882354
0.23921569
0.21176471
0.20392157
0.18039216
0.16470589
0.14901961
0.14117648
0.13725491
0.14117648
0.11764706
0.11372549
0.12156863
0.32156864
0.31764707
0.31372550
0.29411766
0.29411766
0.32941177
0.34509805
0.29803923
0.32156864
0.33725491
0.34117648
0.38823530
0.39607844
0.34509805
0.30196080
0.29803923
0.28627452
0.26666668
0.25098041
0.25098041
0.22745098
0.21568628
0.20392157
0.17647059
0.16862746
0.15686275
0.16078432
0.17254902
0.19215687
0.18823530
0.19215687
0.20784314
0.32549021
0.31764707
0.31372550
0.30588236
0.29019609
0.34117648
0.31372550
0.19607843
0.33333334
0.38039216
0.34117648
0.35686275
0.40784314
0.40000001
0.34509805
0.31372550
0.28627452
0.25098041
0.24705882
0.24705882
0.23137255
0.21960784
0.22352941
0.22745098
0.23921569
0.24705882
0.26666668
0.27843139
0.28627452
0.27843139
0.27058825
0.27058825
0.30980393
0.30980393
0.30980393
0.30980393
0.29019609
0.32549021
0.29803923
0.21568628
0.32549021
0.32941177
0.29411766
0.29411766
0.30588236
0.34901962
0.35294119
0.34117648
0.32549021
0.25882354
0.26274511
0.27450982
0.30588236
0.31372550
0.32941177
0.34117648
0.34117648
0.33725491
0.34901962
0.34901962
0.34509805
0.32941177
0.30980393
0.28627452
0.29803923
0.29019609
0.29411766
0.30196080
0.28627452
0.28627452
0.27450982
0.27450982
0.27450982
0.27058825
0.27843139
0.28627452
0.29411766
0.30588236
0.30588236
0.31764707
0.35294119
0.34901962
0.37647060
0.38431373
0.39215687
0.40784314
0.40000001
0.40784314
0.38823530
0.37254903
0.38039216
0.36862746
0.34117648
0.31372550
0.28627452
0.25882354
0.29019609
0.28235295
0.27843139
0.28627452
0.29019609
0.24313726
0.16862746
0.20000000
0.26666668
0.25098041
0.26666668
0.27843139
0.29411766
0.29019609
0.31764707
0.36862746
0.37647060
0.38431373
0.43137255
0.44705883
0.40000001
0.39215687
0.40784314
0.42745098
0.38823530
0.35686275
0.33333334
0.31372550
0.29803923
0.28627452
0.27450982
0.26274511
0.27843139
0.28235295
0.27843139
0.28235295
0.27843139
0.22745098
0.16470589
0.16078432
0.22352941
0.21176471
0.22745098
0.24705882
0.25490198
0.27843139
0.32156864
0.37647060
0.41176471
0.36862746
0.36470589
0.40392157
0.40392157
0.41568628
0.42352942
0.38039216
0.36470589
0.35686275
0.32941177
0.31372550
0.31372550
0.31372550
0.30980393
0.30196080
0.28627452
0.28627452
0.29411766
0.32156864
0.34509805
0.40392157
0.34117648
0.18039216
0.21960784
0.21960784
0.27058825
0.32156864
0.31764707
0.34117648
0.35294119
0.34117648
0.38431373
0.38823530
0.36862746
0.35686275
0.38039216
0.40000001
0.41568628
0.40000001
0.36862746
0.38823530
0.38039216
0.36078432
0.34901962
0.34901962
0.35686275
0.37254903
0.33725491
0.37254903
0.42745098
0.48235294
0.53333336
0.60000002
0.40784314
0.20000000
0.23529412
0.23137255
0.28627452
0.38039216
0.39607844
0.42352942
0.40000001
0.35294119
0.37254903
0.38039216
0.38039216
0.36470589
0.36470589
0.38823530
0.41176471
0.43137255
0.40392157
0.41176471
0.42352942
0.42352942
0.42745098
0.43137255
0.43137255
0.43137255
0.49803922
0.54509807
0.58823532
0.61568630
0.62745100
0.63529414
0.34117648
0.19607843
0.26274511
0.21960784
0.20784314
0.34509805
0.39607844
0.43921569
0.41960785
0.35294119
0.36862746
0.37647060
0.36862746
0.37647060
0.37647060
0.37254903
0.37647060
0.39607844
0.40784314
0.44313726
0.49019608
0.49411765
0.48235294
0.46666667
0.45490196
0.43921569
0.59607846
0.61568630
0.62352943
0.63529414
0.62745100
0.62352943
0.35294119
0.17254902
0.28235295
0.27058825
0.22745098
0.33725491
0.40392157
0.35294119
0.38039216
0.36078432
0.35294119
0.37647060
0.37254903
0.36862746
0.38823530
0.38431373
0.34117648
0.36078432
0.38039216
0.43921569
0.51372552
0.51372552
0.49803922
0.47450981
0.45490196
0.42352942
0.60784316
0.61960787
0.62745100
0.61568630
0.59607846
0.58039218
0.44705883
0.18823530
0.26666668
0.34509805
0.36862746
0.40392157
0.45098040
0.37647060
0.34509805
0.36470589
0.34901962
0.39607844
0.38431373
0.36862746
0.38823530
0.39607844
0.32941177
0.33333334
0.41176471
0.43137255
0.49019608
0.51764709
0.49803922
0.46274510
0.41960785
0.37254903
0.58039218
0.58039218
0.58431375
0.57254905
0.56470591
0.55686277
0.53333336
0.31372550
0.18431373
0.28235295
0.36862746
0.40784314
0.44705883
0.44313726
0.36078432
0.36862746
0.36470589
0.40392157
0.38039216
0.36470589
0.37647060
0.38039216
0.33333334
0.32156864
0.41960785
0.41960785
0.43529412
0.47450981
0.43921569
0.39215687
0.34117648
0.30196080
0.52549022
0.52941179
0.54117650
0.54901963
0.55686277
0.57647061
0.59215689
0.53725493
0.36470589
0.28627452
0.19607843
0.24313726
0.34901962
0.36862746
0.35294119
0.38431373
0.40000001
0.41176471
0.40392157
0.38039216
0.36862746
0.36862746
0.33725491
0.32549021
0.37254903
0.39607844
0.36078432
0.40000001
0.37254903
0.32156864
0.29019609
0.29411766
0.51372552
0.52549022
0.54509807
0.56470591
0.59607846
0.62352943
0.60392159
0.59607846
0.61960787
0.46274510
0.20784314
0.22352941
0.40392157
0.39215687
0.37254903
0.40000001
0.43137255
0.45490196
0.43529412
0.41568628
0.38039216
0.35686275
0.34117648
0.33333334
0.32941177
0.38431373
0.33333334
0.32549021
0.32549021
0.33333334
0.35294119
0.37254903
0.52941179
0.56470591
0.59607846
0.62745100
0.64313728
0.63137257
0.53725493
0.45098040
0.61568630
0.56862748
0.50196081
0.43137255
0.48235294
0.47843137
0.40784314
0.40392157
0.41176471
0.42745098
0.42352942
0.40784314
0.38039216
0.35294119
0.34509805
0.34117648
0.30980393
0.36078432
0.34117648
0.33333334
0.39607844
0.41176471
0.41176471
0.36862746
0.58039218
0.60392159
0.62352943
0.64313728
0.66666669
0.70196080
0.69019610
0.49803922
0.69019610
0.77254903
0.61568630
0.59607846
0.44313726
0.56862748
0.50196081
0.40392157
0.40392157
0.39607844
0.40784314
0.40000001
0.38039216
0.37254903
0.35686275
0.34901962
0.30980393
0.33725491
0.35686275
0.35686275
0.42745098
0.40784314
0.33725491
0.27450982
0.60784316
0.64313728
0.69803923
0.77254903
0.86666667
0.93333334
0.97254902
0.76862746
0.61176473
0.78431374
0.69019610
0.72156864
0.42352942
0.55686277
0.53725493
0.41568628
0.39215687
0.38823530
0.39215687
0.39607844
0.39607844
0.38823530
0.37254903
0.34901962
0.31372550
0.31764707
0.36078432
0.32549021
0.34509805
0.32156864
0.28627452
0.27843139
0.74901962
0.83921570
0.92156863
0.97647059
0.99215686
0.96470588
0.98431373
0.95686275
0.62745100
0.61960787
0.67450982
0.76470590
0.44313726
0.44705883
0.54509807
0.43137255
0.38431373
0.38431373
0.38039216
0.38823530
0.40392157
0.40784314
0.40000001
0.36078432
0.32549021
0.30588236
0.33333334
0.28627452
0.29411766
0.31372550
0.29019609
0.28235295
0.96078432
0.98823529
0.99215686
0.99607843
0.95294118
0.73333335
0.72941178
0.78823531
0.56862748
0.50196081
0.59215689
0.61176473
0.45490196
0.41568628
0.50196081
0.44705883
0.40784314
0.40392157
0.39607844
0.40392157
0.42352942
0.43137255
0.41176471
0.36078432
0.32156864
0.29803923
0.32941177
0.33333334
0.30588236
0.32549021
0.30196080
0.28627452
0.98431373
0.98823529
0.98823529
1.00000000
0.91372550
0.49411765
0.41960785
0.44705883
0.41176471
0.45098040
0.47058824
0.43137255
0.38823530
0.38823530
0.40784314
0.40392157
0.42745098
0.43137255
0.41960785
0.41960785
0.43921569
0.43137255
0.37647060
0.33725491
0.30588236
0.29803923
0.35294119
0.40784314
0.35686275
0.32156864
0.32156864
0.30980393
0.97254902
0.97254902
0.96470588
0.92156863
0.78431374
0.48627451
0.44705883
0.46274510
0.36470589
0.34117648
0.32549021
0.30980393
0.31372550
0.33725491
0.29411766
0.26666668
0.37254903
0.39215687
0.38431373
0.38039216
0.38431373
0.38039216
0.38039216
0.38039216
0.35686275
0.34117648
0.35686275
0.43529412
0.43137255
0.33333334
0.32156864
0.32156864
0.92156863
0.83921570
0.70980394
0.58823532
0.54117650
0.53333336
0.52156866
0.51764709
0.39215687
0.23921569
0.22352941
0.23529412
0.26274511
0.34901962
0.37647060
0.22745098
0.20000000
0.27058825
0.27843139
0.31372550
0.36862746
0.39607844
0.40784314
0.39607844
0.36470589
0.34117648
0.36862746
0.42745098
0.46666667
0.38431373
0.31764707
0.31764707
0.60000002
0.50980395
0.47843137
0.47058824
0.48627451
0.47843137
0.43529412
0.40392157
0.41568628
0.35294119
0.22352941
0.20392157
0.27058825
0.40000001
0.41568628
0.32549021
0.25098041
0.27843139
0.30196080
0.33333334
0.39215687
0.40392157
0.40000001
0.42745098
0.41568628
0.34117648
0.36470589
0.38823530
0.44313726
0.45098040
0.36078432
0.31372550
0.42745098
0.43529412
0.44705883
0.42745098
0.39607844
0.38039216
0.40000001
0.42745098
0.45882353
0.47058824
0.40392157
0.33333334
0.36470589
0.39607844
0.37254903
0.34901962
0.29019609
0.29411766
0.32156864
0.35294119
0.44705883
0.46666667
0.41176471
0.40000001
0.43529412
0.41960785
0.36862746
0.38431373
0.39607844
0.45882353
0.41960785
0.30980393
0.41176471
0.38431373
0.36470589
0.35686275
0.38823530
0.41568628
0.43529412
0.44313726
0.43921569
0.40784314
0.38039216
0.37254903
0.31372550
0.29803923
0.32941177
0.36078432
0.31764707
0.28235295
0.30980393
0.34901962
0.45882353
0.48235294
0.41176471
0.36862746
0.37647060
0.40392157
0.40392157
0.39607844
0.37647060
0.41176471
0.43529412
0.35294119
0.34117648
0.34117648
0.36862746
0.39607844
0.42352942
0.43137255
0.41960785
0.39215687
0.35686275
0.31764707
0.33725491
0.40784314
0.36470589
0.28627452
0.29803923
0.36078432
0.34509805
0.30196080
0.30980393
0.30980393
0.35686275
0.39215687
0.36470589
0.33725491
0.34117648
0.36078432
0.38039216
0.37647060
0.37647060
0.37647060
0.40000001
0.39607844
0.35294119
0.37647060
0.40392157
0.41176471
0.39607844
0.37254903
0.33725491
0.31372550
0.31764707
0.33333334
0.37647060
0.41568628
0.38431373
0.33333334
0.37647060
0.36470589
0.34509805
0.31764707
0.30980393
0.29803923
0.27843139
0.29803923
0.32941177
0.35686275
0.36078432
0.33725491
0.32549021
0.35294119
0.38431373
0.37647060
0.35686275
0.37647060
0.39215687
0.38823530
0.37254903
0.33725491
0.31372550
0.30980393
0.30980393
0.30980393
0.32156864
0.32549021
0.38431373
0.42352942
0.38823530
0.37647060
0.38039216
0.34901962
0.36078432
0.32941177
0.30980393
0.31764707
0.29803923
0.29019609
0.32156864
0.34901962
0.35294119
0.33333334
0.32156864
0.33725491
0.36470589
0.36078432
0.32549021
0.32549021
0.34117648
0.30588236
0.28627452
0.27843139
0.30196080
0.34117648
0.34901962
0.32549021
0.31764707
0.30980393
0.38039216
0.41568628
0.39215687
0.40392157
0.34901962
0.36078432
0.37647060
0.34117648
0.34509805
0.34901962
0.32156864
0.30980393
0.32941177
0.32549021
0.33725491
0.35294119
0.33725491
0.32549021
0.33725491
0.33725491
0.30980393
0.28627452
0.24313726
0.24705882
0.27450982
0.28627452
0.32941177
0.33725491
0.32549021
0.31764707
0.30588236
0.29019609
0.36862746
0.41960785
0.37254903
0.40784314
0.35686275
0.34509805
0.35686275
0.34509805
0.34509805
0.34901962
0.33333334
0.31372550
0.33333334
0.32549021
0.32941177
0.34901962
0.33725491
0.31372550
0.29803923
0.30196080
0.29803923
0.28235295
0.36862746
0.36862746
0.36470589
0.34901962
0.35294119
0.35294119
0.37647060
0.37647060
0.38039216
0.40000001
0.43137255
0.39607844
0.36862746
0.34509805
0.33333334
0.32156864
0.30588236
0.29411766
0.28627452
0.28235295
0.27058825
0.25490198
0.23921569
0.21960784
0.20000000
0.18039216
0.16078432
0.15294118
0.15686275
0.13333334
0.11372549
0.09803922
0.37647060
0.37254903
0.37254903
0.34901962
0.34901962
0.34901962
0.37254903
0.38431373
0.38039216
0.37647060
0.41568628
0.41960785
0.37647060
0.34901962
0.33333334
0.32156864
0.30980393
0.29411766
0.27843139
0.28627452
0.26666668
0.23921569
0.23137255
0.20784314
0.19215687
0.17254902
0.15294118
0.14509805
0.14901961
0.12549020
0.12156863
0.12156863
0.36862746
0.36078432
0.36078432
0.34117648
0.32941177
0.35294119
0.36470589
0.31764707
0.34901962
0.37647060
0.38823530
0.43137255
0.43921569
0.38431373
0.33725491
0.32941177
0.30980393
0.28627452
0.26666668
0.27450982
0.24705882
0.22745098
0.21176471
0.18823530
0.18039216
0.16862746
0.16078432
0.16862746
0.18431373
0.18039216
0.18823530
0.19215687
0.37254903
0.36470589
0.36078432
0.35294119
0.32549021
0.36470589
0.33725491
0.22352941
0.36470589
0.41960785
0.38823530
0.40784314
0.45490196
0.44705883
0.39607844
0.35294119
0.30588236
0.26274511
0.25882354
0.25882354
0.24313726
0.21960784
0.21960784
0.22352941
0.23529412
0.24313726
0.25490198
0.25882354
0.26274511
0.25490198
0.24705882
0.23921569
0.36078432
0.35686275
0.35686275
0.35686275
0.32549021
0.34901962
0.32156864
0.24313726
0.36078432
0.37254903
0.34509805
0.34509805
0.36078432
0.40784314
0.41176471
0.39215687
0.35686275
0.27450982
0.27058825
0.28235295
0.31372550
0.30196080
0.31372550
0.32549021
0.32549021
0.31764707
0.31764707
0.31372550
0.30980393
0.29411766
0.27450982
0.24705882
0.34509805
0.33725491
0.34117648
0.34901962
0.32156864
0.30980393
0.29803923
0.30196080
0.31372550
0.32156864
0.33333334
0.34117648
0.35294119
0.36862746
0.36862746
0.37254903
0.38823530
0.36862746
0.38431373
0.38823530
0.39215687
0.39215687
0.37647060
0.38431373
0.36470589
0.34509805
0.34509805
0.32549021
0.29803923
0.27058825
0.24313726
0.21568628
0.33333334
0.32941177
0.32156864
0.32941177
0.31764707
0.23921569
0.16470589
0.21568628
0.32549021
0.34117648
0.34509805
0.34901962
0.35686275
0.34117648
0.36470589
0.39607844
0.38431373
0.39215687
0.43921569
0.45098040
0.41176471
0.40392157
0.40392157
0.40392157
0.35686275
0.31372550
0.30588236
0.29019609
0.26666668
0.24705882
0.22352941
0.21176471
0.32156864
0.32549021
0.32156864
0.32941177
0.29803923
0.21568628
0.14901961
0.17254902
0.29803923
0.33333334
0.32156864
0.31764707
0.31372550
0.32549021
0.35686275
0.38823530
0.40392157
0.37647060
0.38039216
0.42352942
0.42745098
0.44705883
0.44313726
0.36862746
0.32156864
0.30196080
0.30196080
0.29411766
0.27843139
0.26666668
0.25098041
0.23137255
0.31764707
0.32156864
0.32941177
0.35686275
0.36862746
0.40784314
0.33333334
0.19215687
0.28627452
0.32941177
0.35686275
0.38823530
0.38039216
0.39215687
0.39607844
0.36862746
0.39607844
0.40784314
0.39607844
0.38431373
0.41568628
0.43529412
0.44705883
0.40392157
0.34117648
0.33333334
0.32156864
0.30588236
0.29019609
0.27450982
0.27843139
0.28235295
0.36078432
0.39607844
0.45098040
0.50196081
0.55686277
0.61568630
0.40784314
0.21176471
0.29411766
0.32941177
0.36470589
0.44313726
0.45882353
0.48627451
0.45882353
0.39607844
0.40392157
0.41568628
0.41960785
0.40392157
0.40784314
0.43137255
0.45490196
0.46274510
0.39215687
0.35294119
0.33333334
0.32941177
0.33333334
0.33333334
0.33333334
0.32156864
0.50980395
0.55686277
0.60000002
0.62745100
0.65098041
0.66666669
0.34901962
0.20784314
0.31372550
0.30196080
0.27450982
0.40784314
0.46666667
0.50980395
0.49803922
0.41960785
0.41568628
0.42352942
0.41176471
0.41568628
0.41568628
0.41176471
0.43137255
0.44705883
0.41176471
0.38431373
0.38431373
0.37647060
0.36862746
0.35686275
0.34901962
0.33333334
0.60392159
0.62352943
0.63529414
0.64313728
0.65490198
0.66274512
0.36470589
0.18039216
0.31764707
0.33725491
0.29019609
0.40392157
0.48235294
0.43921569
0.47843137
0.44705883
0.41568628
0.42745098
0.41568628
0.40392157
0.41960785
0.41176471
0.40392157
0.43137255
0.40000001
0.38039216
0.39607844
0.38823530
0.37647060
0.36862746
0.35294119
0.33333334
0.61568630
0.62352943
0.63137257
0.61960787
0.61960787
0.62352943
0.45882353
0.18823530
0.28627452
0.39607844
0.42352942
0.47058824
0.52941179
0.47058824
0.45490196
0.45882353
0.41960785
0.45098040
0.42352942
0.40000001
0.41176471
0.41568628
0.39215687
0.41176471
0.43921569
0.37647060
0.37647060
0.39607844
0.38431373
0.36470589
0.33333334
0.29803923
0.60000002
0.59607846
0.59215689
0.57647061
0.57647061
0.57647061
0.52941179
0.29803923
0.17254902
0.28627452
0.40392157
0.45882353
0.51372552
0.52156866
0.45098040
0.44313726
0.42352942
0.46666667
0.44313726
0.41960785
0.41568628
0.41568628
0.39607844
0.39215687
0.45882353
0.41176471
0.36470589
0.38431373
0.36470589
0.33333334
0.29019609
0.25098041
0.56078434
0.55686277
0.55686277
0.55686277
0.56078434
0.58039218
0.58431375
0.51372552
0.32941177
0.25490198
0.20784314
0.27450982
0.38823530
0.41960785
0.40784314
0.42745098
0.44705883
0.48627451
0.49019608
0.45882353
0.43137255
0.42352942
0.39607844
0.38431373
0.42352942
0.43529412
0.34509805
0.35294119
0.33333334
0.28235295
0.25490198
0.24705882
0.54901963
0.55294120
0.55686277
0.56862748
0.60000002
0.62745100
0.60000002
0.57647061
0.59215689
0.43529412
0.20392157
0.22745098
0.41568628
0.40784314
0.39607844
0.43137255
0.48235294
0.53725493
0.52941179
0.50196081
0.45098040
0.42352942
0.40784314
0.39607844
0.38823530
0.43529412
0.34901962
0.30588236
0.29019609
0.28235295
0.29019609
0.30196080
0.56078434
0.58431375
0.60784316
0.62352943
0.64313728
0.62745100
0.53333336
0.44705883
0.60784316
0.56078434
0.47843137
0.40784314
0.46274510
0.46666667
0.40000001
0.42352942
0.47058824
0.51764709
0.52156866
0.50196081
0.45882353
0.42745098
0.41960785
0.41568628
0.38039216
0.42352942
0.38431373
0.33725491
0.35294119
0.32941177
0.30980393
0.26666668
0.60392159
0.61568630
0.62352943
0.63137257
0.65490198
0.69411767
0.69019610
0.50588238
0.70196080
0.78039217
0.59215689
0.55686277
0.40784314
0.53725493
0.48235294
0.42352942
0.47450981
0.49411765
0.51372552
0.50196081
0.46666667
0.45098040
0.43921569
0.43137255
0.38823530
0.41176471
0.41568628
0.36862746
0.36078432
0.29019609
0.20392157
0.15294118
0.61568630
0.64313728
0.69019610
0.75686276
0.85490197
0.92549020
0.96862745
0.78039217
0.63921571
0.80784315
0.67843139
0.69411767
0.39607844
0.53333336
0.52549022
0.44313726
0.46666667
0.49411765
0.50980395
0.50588238
0.49019608
0.47843137
0.46274510
0.44313726
0.40784314
0.40392157
0.41568628
0.31372550
0.24313726
0.17254902
0.14509805
0.15294118
0.75294119
0.83137256
0.90980393
0.96470588
0.98039216
0.94901961
0.98039216
0.96862745
0.66274512
0.66666669
0.68235296
0.75686276
0.43137255
0.43921569
0.54509807
0.47058824
0.46274510
0.49411765
0.50196081
0.50196081
0.50196081
0.49803922
0.49411765
0.45490196
0.42352942
0.40000001
0.37647060
0.24313726
0.16470589
0.14509805
0.15294118
0.16862746
0.96078432
0.98431373
0.98039216
0.98431373
0.94509804
0.72941178
0.74509805
0.82352942
0.63137257
0.57254905
0.61176473
0.62745100
0.49019608
0.45098040
0.52941179
0.47843137
0.47058824
0.49803922
0.50588238
0.50196081
0.49803922
0.49803922
0.49019608
0.45490196
0.41568628
0.38431373
0.34117648
0.25882354
0.17647059
0.16470589
0.16078432
0.16078432
0.98431373
0.98431373
0.98431373
0.99607843
0.91764706
0.51372552
0.45490196
0.50980395
0.49803922
0.54117650
0.50980395
0.48627451
0.47843137
0.46666667
0.44705883
0.41960785
0.46274510
0.50196081
0.50980395
0.49803922
0.49019608
0.46666667
0.43529412
0.42352942
0.38823530
0.35294119
0.32156864
0.31372550
0.23921569
0.18431373
0.17254902
0.16078432
0.98823529
0.98823529
0.97647059
0.93725491
0.79607844
0.50196081
0.48235294
0.51372552
0.43529412
0.42352942
0.40000001
0.40392157
0.41568628
0.41176471
0.31764707
0.26666668
0.40000001
0.45882353
0.47058824
0.45490196
0.43137255
0.41960785
0.43921569
0.45098040
0.40784314
0.34901962
0.29411766
0.32941177
0.31764707
0.20392157
0.17647059
0.17647059
0.96078432
0.87450981
0.74901962
0.62745100
0.56470591
0.53725493
0.53725493
0.54117650
0.42745098
0.29411766
0.31764707
0.34117648
0.35294119
0.40000001
0.38823530
0.22745098
0.22745098
0.33725491
0.37254903
0.39607844
0.42745098
0.45490196
0.47843137
0.45490196
0.38039216
0.30196080
0.27450982
0.31372550
0.34901962
0.25882354
0.18431373
0.18431373
0.64705884
0.55294120
0.52549022
0.51764709
0.50980395
0.48235294
0.43921569
0.41176471
0.41960785
0.36862746
0.29019609
0.27843139
0.32549021
0.43137255
0.43529412
0.33725491
0.28235295
0.35294119
0.40000001
0.42352942
0.46274510
0.48235294
0.48235294
0.48627451
0.42352942
0.28627452
0.25882354
0.26666668
0.32156864
0.32941177
0.23921569
0.18823530
0.45882353
0.47058824
0.47843137
0.45882353
0.41568628
0.38039216
0.39607844
0.41568628
0.43921569
0.45098040
0.41568628
0.34117648
0.36078432
0.40784314
0.40784314
0.38039216
0.32941177
0.37254903
0.42352942
0.44705883
0.52549022
0.55686277
0.50980395
0.47843137
0.46666667
0.39215687
0.27058825
0.25098041
0.27058825
0.34117648
0.30980393
0.19607843
0.42352942
0.40000001
0.37647060
0.36862746
0.39607844
0.41960785
0.43137255
0.41960785
0.40392157
0.36470589
0.33725491
0.31764707
0.25882354
0.28235295
0.36470589
0.40784314
0.36862746
0.37254903
0.41960785
0.44313726
0.53725493
0.58039218
0.52156866
0.47843137
0.44705883
0.41960785
0.31764707
0.25882354
0.25098041
0.29411766
0.33333334
0.24705882
0.34509805
0.34117648
0.36470589
0.38823530
0.41960785
0.42352942
0.39607844
0.34117648
0.28627452
0.23529412
0.25490198
0.32549021
0.29019609
0.24705882
0.30588236
0.36862746
0.34901962
0.34117648
0.37254903
0.36470589
0.41176471
0.48235294
0.47843137
0.44705883
0.42745098
0.40784314
0.30588236
0.23137255
0.23529412
0.24705882
0.29019609
0.29411766
0.36470589
0.37254903
0.38039216
0.37254903
0.35686275
0.32941177
0.27058825
0.21960784
0.19607843
0.19215687
0.25882354
0.33333334
0.32549021
0.28627452
0.33333334
0.28235295
0.24313726
0.24313726
0.26274511
0.26666668
0.27058825
0.34509805
0.39215687
0.40784314
0.39607844
0.35294119
0.25098041
0.20000000
0.20784314
0.21176471
0.22745098
0.27058825
0.37647060
0.35686275
0.31764707
0.26666668
0.23137255
0.21568628
0.20392157
0.18823530
0.18431373
0.18039216
0.25098041
0.32156864
0.32156864
0.30980393
0.30196080
0.22352941
0.20784314
0.19607843
0.20392157
0.22745098
0.22745098
0.24705882
0.27843139
0.29019609
0.28235295
0.25490198
0.20392157
0.18039216
0.18823530
0.19215687
0.18823530
0.21176471
0.28627452
0.23529412
0.19215687
0.16862746
0.17254902
0.18823530
0.20392157
0.18823530
0.18823530
0.17254902
0.22745098
0.28627452
0.29411766
0.30980393
0.24313726
0.20784314
0.19607843
0.18039216
0.20392157
0.22352941
0.20392157
0.18431373
0.20000000
0.18431373
0.18431373
0.19215687
0.18039216
0.16470589
0.16862746
0.17647059
0.16862746
0.16470589
0.16078432
0.14509805
0.15294118
0.14509805
0.16470589
0.16078432
0.16078432
0.17647059
0.18431373
0.16862746
0.21176471
0.27843139
0.26274511
0.29803923
0.23137255
0.18039216
0.16862746
0.16470589
0.17647059
0.18823530
0.18431373
0.17647059
0.19215687
0.17647059
0.16862746
0.17647059
0.16470589
0.15294118
0.14509805
0.15686275
0.15686275
0.14901961
0.33333334
0.32941177
0.32549021
0.30980393
0.31372550
0.32156864
0.36470589
0.37254903
0.35294119
0.33333334
0.30980393
0.28235295
0.29411766
0.30588236
0.32941177
0.30980393
0.26666668
0.24313726
0.23529412
0.23921569
0.23529412
0.23137255
0.21960784
0.20000000
0.18039216
0.16078432
0.14509805
0.13725491
0.14117648
0.11764706
0.09803922
0.08235294
0.33725491
0.33333334
0.33333334
0.30980393
0.30588236
0.31372550
0.35294119
0.36470589
0.32941177
0.28627452
0.27450982
0.27843139
0.26666668
0.27058825
0.27843139
0.28235295
0.27450982
0.26274511
0.24313726
0.24313726
0.21960784
0.20784314
0.20392157
0.18039216
0.16078432
0.14509805
0.13333334
0.12549020
0.12941177
0.10588235
0.10196079
0.10588235
0.32941177
0.32549021
0.32156864
0.30588236
0.28627452
0.31372550
0.33725491
0.28235295
0.27450982
0.25490198
0.21960784
0.26274511
0.28235295
0.24705882
0.21176471
0.23529412
0.25882354
0.25490198
0.23921569
0.22745098
0.18823530
0.18431373
0.17647059
0.14901961
0.14117648
0.12941177
0.13333334
0.14509805
0.16470589
0.16078432
0.16470589
0.17254902
0.33333334
0.32549021
0.32156864
0.31372550
0.28235295
0.32156864
0.30196080
0.16862746
0.26274511
0.27058825
0.19607843
0.20392157
0.25490198
0.24705882
0.19607843
0.18431373
0.19607843
0.20392157
0.22352941
0.21176471
0.17647059
0.16862746
0.16862746
0.17254902
0.18431373
0.19607843
0.21960784
0.23137255
0.23529412
0.23137255
0.21960784
0.21568628
0.32156864
0.31764707
0.31764707
0.31764707
0.28235295
0.29803923
0.27450982
0.17254902
0.23921569
0.20000000
0.13333334
0.11372549
0.12156863
0.15294118
0.14901961
0.13725491
0.16078432
0.16862746
0.22352941
0.23137255
0.23921569
0.23921569
0.25490198
0.26666668
0.26666668
0.25882354
0.27843139
0.28235295
0.27843139
0.26274511
0.24313726
0.21960784
0.30196080
0.29803923
0.29803923
0.30980393
0.27843139
0.25882354
0.24313726
0.21960784
0.17254902
0.12941177
0.10196079
0.09019608
0.08627451
0.07843138
0.05882353
0.05490196
0.12156863
0.20784314
0.30980393
0.32941177
0.32549021
0.32156864
0.30588236
0.31372550
0.29803923
0.28235295
0.30196080
0.29411766
0.26666668
0.23529412
0.20784314
0.18039216
0.28627452
0.27843139
0.27450982
0.28235295
0.27843139
0.21568628
0.12549020
0.12549020
0.14901961
0.09411765
0.07843138
0.07450981
0.07058824
0.04313726
0.05490196
0.08235294
0.09411765
0.16078432
0.27450982
0.34901962
0.33725491
0.31372550
0.30980393
0.32156864
0.29411766
0.28235295
0.28235295
0.26274511
0.23137255
0.20392157
0.17647059
0.16470589
0.26666668
0.27058825
0.26666668
0.27058825
0.26274511
0.20000000
0.10980392
0.06666667
0.09019608
0.04705882
0.03921569
0.04313726
0.03529412
0.04313726
0.06666667
0.09411765
0.10980392
0.08627451
0.12941177
0.24705882
0.30196080
0.30980393
0.30196080
0.25098041
0.25490198
0.28627452
0.28235295
0.25882354
0.23529412
0.21176471
0.18431373
0.16862746
0.26666668
0.27058825
0.27843139
0.30588236
0.32156864
0.36470589
0.27450982
0.07450981
0.07058824
0.04705882
0.09803922
0.14509805
0.12549020
0.12941177
0.12941177
0.07843138
0.08627451
0.09411765
0.09803922
0.12941177
0.19215687
0.21960784
0.23529412
0.23137255
0.23137255
0.29411766
0.28627452
0.24705882
0.22352941
0.20392157
0.20392157
0.20784314
0.31372550
0.34901962
0.40392157
0.45882353
0.50196081
0.55294120
0.33333334
0.08627451
0.08235294
0.05882353
0.12941177
0.21960784
0.22352941
0.23921569
0.20784314
0.10980392
0.08235294
0.08627451
0.08627451
0.07843138
0.09411765
0.13725491
0.17647059
0.22745098
0.23921569
0.28235295
0.27450982
0.25490198
0.25490198
0.25098041
0.24705882
0.23921569
0.46666667
0.51372552
0.55686277
0.58431375
0.59607846
0.59607846
0.27843139
0.09411765
0.11764706
0.06666667
0.08235294
0.19215687
0.23529412
0.26666668
0.24705882
0.12941177
0.09803922
0.10588235
0.08235294
0.06666667
0.05882353
0.07843138
0.10980392
0.16862746
0.21568628
0.27450982
0.30196080
0.29019609
0.28627452
0.27843139
0.26666668
0.25490198
0.56078434
0.58039218
0.58823532
0.60000002
0.60000002
0.60000002
0.30980393
0.09019608
0.15686275
0.13333334
0.09803922
0.18039216
0.23921569
0.18823530
0.21568628
0.15294118
0.11372549
0.14117648
0.12156863
0.08235294
0.07450981
0.08235294
0.07058824
0.12156863
0.16470589
0.23137255
0.29803923
0.30196080
0.30196080
0.29803923
0.29019609
0.27058825
0.57254905
0.58431375
0.59215689
0.58039218
0.57254905
0.57254905
0.41960785
0.12549020
0.16862746
0.21568628
0.20392157
0.23137255
0.27843139
0.20392157
0.17254902
0.16078432
0.13333334
0.19607843
0.17254902
0.11764706
0.10196079
0.10980392
0.07058824
0.09803922
0.18039216
0.19607843
0.27058825
0.31764707
0.31764707
0.30980393
0.28627452
0.25882354
0.56470591
0.56078434
0.56078434
0.54509807
0.54117650
0.53725493
0.49411765
0.25098041
0.10196079
0.18039216
0.23921569
0.25490198
0.27450982
0.25098041
0.15686275
0.14117648
0.14117648
0.21176471
0.20000000
0.15686275
0.12941177
0.11372549
0.07058824
0.07450981
0.18431373
0.20000000
0.23529412
0.30588236
0.30980393
0.29019609
0.25098041
0.21568628
0.52156866
0.51764709
0.52549022
0.52549022
0.52549022
0.53333336
0.53725493
0.46666667
0.27843139
0.19215687
0.10588235
0.12941177
0.18039216
0.16470589
0.12549020
0.13333334
0.15686275
0.22352941
0.23921569
0.19607843
0.15294118
0.10980392
0.06666667
0.06666667
0.14117648
0.20000000
0.18823530
0.25490198
0.27450982
0.24313726
0.21176471
0.19607843
0.49019608
0.49803922
0.50588238
0.52156866
0.54901963
0.56862748
0.53333336
0.50588238
0.51764709
0.35294119
0.11764706
0.11764706
0.25098041
0.20000000
0.15294118
0.15294118
0.19215687
0.27058825
0.27058825
0.23921569
0.17254902
0.10980392
0.07843138
0.07450981
0.09803922
0.18823530
0.16078432
0.17647059
0.20784314
0.22352941
0.23529412
0.23921569
0.49019608
0.51764709
0.54509807
0.56862748
0.58431375
0.56862748
0.45882353
0.35294119
0.50196081
0.44705883
0.38431373
0.31372550
0.34117648
0.30196080
0.19215687
0.15686275
0.18039216
0.24705882
0.26666668
0.23529412
0.17647059
0.12156863
0.09803922
0.09019608
0.08235294
0.16470589
0.16862746
0.17647059
0.25098041
0.25882354
0.24313726
0.19607843
0.53333336
0.54901963
0.56470591
0.57647061
0.60392159
0.64313728
0.61960787
0.40784314
0.58431375
0.65098041
0.47843137
0.46666667
0.31372550
0.40392157
0.29411766
0.16078432
0.17647059
0.21960784
0.25490198
0.23529412
0.18823530
0.15686275
0.12156863
0.10588235
0.08235294
0.13725491
0.18431373
0.19607843
0.25490198
0.22352941
0.13725491
0.07843138
0.56470591
0.59215689
0.64313728
0.71372551
0.82352942
0.90196079
0.92156863
0.69803923
0.52156866
0.67058825
0.54117650
0.58431375
0.30196080
0.40392157
0.33333334
0.17647059
0.16862746
0.21960784
0.24705882
0.23529412
0.20784314
0.18823530
0.15294118
0.11372549
0.09019608
0.11372549
0.18431373
0.15294118
0.15294118
0.12156863
0.08627451
0.08235294
0.71764708
0.80392158
0.88235295
0.94117647
0.97254902
0.94901961
0.94901961
0.90196079
0.55294120
0.51764709
0.51764709
0.62352943
0.32549021
0.30196080
0.33725491
0.19215687
0.16470589
0.21568628
0.23529412
0.22745098
0.22352941
0.21568628
0.18431373
0.12941177
0.09803922
0.10196079
0.15294118
0.10980392
0.09803922
0.11372549
0.10980392
0.10588235
0.94509804
0.97254902
0.96862745
0.97647059
0.92549020
0.69019610
0.67058825
0.70980394
0.47058824
0.38431373
0.44705883
0.46274510
0.30196080
0.23529412
0.27843139
0.20392157
0.18039216
0.21176471
0.22352941
0.22745098
0.23137255
0.22352941
0.18823530
0.12549020
0.09411765
0.09019608
0.14509805
0.14509805
0.10980392
0.12549020
0.12156863
0.10196079
0.97254902
0.97647059
0.97647059
0.99215686
0.87843138
0.41568628
0.32549021
0.33333334
0.27843139
0.30588236
0.31764707
0.25490198
0.18823530
0.18039216
0.20392157
0.19215687
0.20000000
0.21568628
0.21176471
0.22352941
0.23921569
0.20000000
0.14117648
0.10588235
0.08235294
0.08627451
0.15294118
0.21176471
0.15686275
0.12156863
0.12156863
0.10980392
0.96862745
0.97254902
0.96078432
0.92156863
0.76078433
0.42745098
0.37647060
0.36862746
0.25490198
0.20784314
0.13725491
0.09803922
0.10980392
0.16862746
0.17647059
0.12549020
0.18039216
0.20000000
0.18431373
0.18431373
0.18823530
0.17647059
0.16862746
0.16078432
0.13333334
0.11764706
0.14117648
0.22745098
0.22352941
0.12941177
0.11372549
0.11764706
0.92549020
0.84313726
0.71372551
0.59607846
0.53333336
0.50588238
0.47843137
0.45490196
0.31764707
0.13725491
0.05098039
0.03529412
0.07843138
0.20392157
0.28627452
0.13333334
0.06666667
0.10980392
0.10196079
0.12549020
0.18431373
0.23137255
0.23137255
0.19215687
0.13725491
0.10196079
0.13333334
0.20392157
0.24705882
0.17254902
0.10980392
0.11372549
0.60392159
0.50980395
0.47843137
0.47058824
0.48235294
0.46274510
0.40784314
0.36078432
0.35294119
0.27450982
0.12156863
0.07058824
0.11372549
0.23921569
0.27058825
0.20392157
0.13333334
0.14117648
0.14117648
0.15686275
0.22745098
0.27843139
0.25490198
0.23921569
0.18823530
0.09019608
0.12156863
0.15686275
0.21960784
0.23529412
0.15294118
0.10980392
0.41176471
0.41960785
0.42745098
0.40784314
0.37254903
0.34509805
0.35686275
0.36470589
0.37647060
0.38431373
0.33725491
0.24313726
0.21960784
0.21960784
0.18431373
0.19215687
0.15686275
0.14509805
0.16470589
0.18823530
0.29803923
0.35686275
0.28235295
0.22352941
0.21176471
0.17254902
0.11372549
0.13725491
0.16470589
0.23921569
0.21568628
0.11372549
0.37254903
0.34901962
0.32549021
0.31764707
0.33725491
0.34509805
0.35686275
0.34509805
0.32549021
0.28627452
0.26666668
0.24313726
0.15686275
0.13725491
0.17254902
0.20392157
0.15686275
0.11764706
0.15294118
0.19215687
0.31764707
0.37254903
0.27843139
0.19607843
0.16078432
0.16470589
0.14509805
0.13725491
0.13333334
0.18823530
0.22745098
0.15686275
0.29411766
0.28627452
0.30980393
0.33333334
0.34117648
0.32549021
0.29803923
0.25098041
0.20000000
0.15294118
0.16470589
0.23137255
0.19607843
0.13333334
0.16078432
0.19215687
0.14901961
0.11764706
0.14117648
0.15294118
0.21568628
0.27058825
0.23529412
0.17647059
0.14901961
0.14901961
0.13333334
0.11372549
0.12549020
0.14117648
0.18823530
0.20000000
0.29803923
0.30588236
0.30980393
0.30196080
0.26666668
0.22352941
0.17254902
0.12941177
0.11372549
0.11764706
0.18039216
0.23921569
0.21568628
0.16078432
0.19607843
0.14901961
0.11372549
0.10196079
0.11372549
0.11764706
0.11372549
0.14509805
0.18039216
0.18823530
0.18039216
0.14509805
0.09803922
0.09411765
0.11764706
0.12549020
0.14117648
0.18431373
0.31372550
0.29019609
0.25098041
0.19607843
0.14901961
0.12549020
0.11764706
0.10588235
0.10588235
0.10588235
0.17647059
0.23529412
0.20784314
0.18431373
0.17254902
0.11372549
0.10980392
0.09019608
0.09019608
0.10980392
0.09803922
0.09411765
0.12549020
0.14509805
0.13725491
0.11372549
0.08235294
0.08235294
0.10196079
0.11764706
0.10980392
0.13333334
0.22745098
0.17647059
0.12941177
0.10196079
0.10196079
0.11372549
0.12941177
0.10980392
0.10588235
0.09411765
0.15294118
0.20000000
0.19215687
0.19607843
0.12941177
0.10980392
0.10588235
0.08235294
0.09803922
0.11372549
0.09411765
0.08235294
0.09803922
0.09019608
0.09019608
0.10196079
0.08627451
0.07058824
0.08235294
0.10196079
0.09803922
0.09019608
0.10588235
0.09019608
0.09411765
0.08235294
0.10196079
0.09803922
0.09411765
0.09803922
0.10196079
0.08627451
0.12941177
0.18823530
0.16470589
0.20000000
0.13725491
0.09411765
0.08235294
0.07843138
0.08235294
0.09411765
0.09019608
0.09019608
0.11372549
0.09803922
0.09411765
0.10588235
0.08627451
0.07058824
0.06666667
0.08627451
0.09411765
0.08627451
1 0 0 0 0 0 -1 0 0 0 0
0 1 0 0 0 0 -1 0 0 0 0
0 0 1 0 0 0 -1 0 0 0 0
0 0 0 1 0 0 -1 0 0 0 0
0 0 0 0 1 0 -1 0 0 0 0
0 0 0 0 0 1 -1 0 0 0 0
0 0 0 0 0 0 -1 1 0 0 0
0 0 0 0 0 0 -1 0 1 0 0
0 0 0 0 0 0 -1 0 0 1 0
