0.41176471
0.40000001
0.40784314
0.41960785
0.37647060
0.41176471
0.42745098
0.41960785
0.41568628
0.41960785
0.39215687
0.41176471
0.38039216
0.34117648
0.36470589
0.45098040
0.57647061
0.61568630
0.61960787
0.61960787
0.54901963
0.60000002
0.62352943
0.63137257
0.67450982
0.72941178
0.66666669
0.62352943
0.60784316
0.63921571
0.59607846
0.58431375
0.36078432
0.39215687
0.37647060
0.38823530
0.34509805
0.36862746
0.43137255
0.40784314
0.38431373
0.38823530
0.36862746
0.38823530
0.34509805
0.27450982
0.29411766
0.38431373
0.48627451
0.54117650
0.52156866
0.53333336
0.50588238
0.54901963
0.59607846
0.61568630
0.63921571
0.69411767
0.54509807
0.42745098
0.44705883
0.53333336
0.56470591
0.56470591
0.33725491
0.36862746
0.34509805
0.33333334
0.34901962
0.33333334
0.41176471
0.42745098
0.37254903
0.37254903
0.37254903
0.34509805
0.32941177
0.29019609
0.28235295
0.34117648
0.41568628
0.48627451
0.47843137
0.47058824
0.49019608
0.53725493
0.60000002
0.58431375
0.54509807
0.57254905
0.36862746
0.29803923
0.47843137
0.53333336
0.54901963
0.55686277
0.42352942
0.42352942
0.36862746
0.32156864
0.36470589
0.35686275
0.37647060
0.38823530
0.34509805
0.32549021
0.32549021
0.36078432
0.36470589
0.29803923
0.29803923
0.36470589
0.37254903
0.41960785
0.46274510
0.43921569
0.44705883
0.50980395
0.59215689
0.55294120
0.47843137
0.50588238
0.33725491
0.32941177
0.45098040
0.54509807
0.57647061
0.56470591
0.45882353
0.45098040
0.43137255
0.38039216
0.38431373
0.36078432
0.42352942
0.39215687
0.31764707
0.34509805
0.30980393
0.42745098
0.47843137
0.37647060
0.31764707
0.38823530
0.39215687
0.39215687
0.43137255
0.43921569
0.43529412
0.47843137
0.54509807
0.48627451
0.42745098
0.47843137
0.36078432
0.30588236
0.35294119
0.47843137
0.56078434
0.55294120
0.36862746
0.40000001
0.40392157
0.39215687
0.35294119
0.39215687
0.53725493
0.54117650
0.43529412
0.39607844
0.36862746
0.46274510
0.58431375
0.63137257
0.46274510
0.38823530
0.43529412
0.46666667
0.50588238
0.60392159
0.63137257
0.66666669
0.72156864
0.64705884
0.50980395
0.47843137
0.37647060
0.36470589
0.41960785
0.50588238
0.54509807
0.54901963
0.29019609
0.36078432
0.40000001
0.41176471
0.36862746
0.42745098
0.55294120
0.59607846
0.53333336
0.41960785
0.44313726
0.57254905
0.65098041
0.79607844
0.82745099
0.68235296
0.63921571
0.67843139
0.71372551
0.75686276
0.70588237
0.70196080
0.81568629
0.90980393
0.85882354
0.56862748
0.39607844
0.43921569
0.47450981
0.54509807
0.58039218
0.56862748
0.26666668
0.34117648
0.38039216
0.41960785
0.46274510
0.47058824
0.50196081
0.53333336
0.52549022
0.50980395
0.49803922
0.66274512
0.63137257
0.70980394
0.91764706
0.89019608
0.85882354
0.83921570
0.88627452
0.81176472
0.63529414
0.57647061
0.58823532
0.72941178
0.92941177
0.71764708
0.39607844
0.49411765
0.43921569
0.54117650
0.56862748
0.54117650
0.29411766
0.34117648
0.35294119
0.40784314
0.46274510
0.49411765
0.50588238
0.53333336
0.50980395
0.50196081
0.55686277
0.61960787
0.59607846
0.60392159
0.79215688
0.78431374
0.73725492
0.77254903
0.85098040
0.81176472
0.69019610
0.56862748
0.51372552
0.54509807
0.71372551
0.73725492
0.32156864
0.44705883
0.44313726
0.48627451
0.55294120
0.51764709
0.36078432
0.34117648
0.31764707
0.43529412
0.47058824
0.50588238
0.53333336
0.54901963
0.47843137
0.50588238
0.55686277
0.53333336
0.57647061
0.61960787
0.66666669
0.64313728
0.62352943
0.67058825
0.72156864
0.70196080
0.66666669
0.56078434
0.54509807
0.57254905
0.61176473
0.63921571
0.21960784
0.32156864
0.47450981
0.47058824
0.48235294
0.47450981
0.58039218
0.50196081
0.46666667
0.53725493
0.56470591
0.57647061
0.57254905
0.53333336
0.41176471
0.50588238
0.49803922
0.49803922
0.55686277
0.60392159
0.61176473
0.59215689
0.61176473
0.63529414
0.63921571
0.63529414
0.63137257
0.54901963
0.54117650
0.59607846
0.63529414
0.58039218
0.13333334
0.20784314
0.45490196
0.51372552
0.50196081
0.47450981
0.78431374
0.76078433
0.76078433
0.76078433
0.76078433
0.75686276
0.74901962
0.61960787
0.42745098
0.51372552
0.43921569
0.46666667
0.54117650
0.56078434
0.56470591
0.54509807
0.58823532
0.60392159
0.59607846
0.58823532
0.61960787
0.54117650
0.50980395
0.57647061
0.61176473
0.52156866
0.12549020
0.12156863
0.35294119
0.47843137
0.53333336
0.51372552
0.80784315
0.80000001
0.81176472
0.82745099
0.82745099
0.80000001
0.82352942
0.62352943
0.46274510
0.49803922
0.36862746
0.41176471
0.49411765
0.52941179
0.53725493
0.51372552
0.54509807
0.55686277
0.56862748
0.54117650
0.55686277
0.54117650
0.43137255
0.47843137
0.55686277
0.60784316
0.27843139
0.13333334
0.38039216
0.62352943
0.66274512
0.61960787
0.80000001
0.79215688
0.80392158
0.81960785
0.81568629
0.81176472
0.80000001
0.49411765
0.45882353
0.46274510
0.29411766
0.33333334
0.41960785
0.46274510
0.46274510
0.47058824
0.48627451
0.50980395
0.53333336
0.52156866
0.56862748
0.74509805
0.54901963
0.38823530
0.54509807
0.77254903
0.49803922
0.18039216
0.34509805
0.74901962
0.83137256
0.82745099
0.79215688
0.78431374
0.78431374
0.80392158
0.81960785
0.82352942
0.76470590
0.42352942
0.47843137
0.50588238
0.35294119
0.26274511
0.31372550
0.42352942
0.42352942
0.34901962
0.37647060
0.42352942
0.48235294
0.60784316
0.75294119
0.83921570
0.73725492
0.46274510
0.55686277
0.79215688
0.63137257
0.27843139
0.28235295
0.63529414
0.81568629
0.81960785
0.77647060
0.77254903
0.78039217
0.78431374
0.80000001
0.80784315
0.72156864
0.38823530
0.51764709
0.65882355
0.68235296
0.34509805
0.35294119
0.46666667
0.45098040
0.49803922
0.53333336
0.55686277
0.65098041
0.77254903
0.81176472
0.79607844
0.76470590
0.53725493
0.46666667
0.65490198
0.73333335
0.39607844
0.30980393
0.56078434
0.78431374
0.80000001
0.79215688
0.78039217
0.78039217
0.76862746
0.74901962
0.75686276
0.58431375
0.28235295
0.40000001
0.69803923
0.78823531
0.43921569
0.48235294
0.55294120
0.33725491
0.63529414
0.80784315
0.78039217
0.76078433
0.77647060
0.77254903
0.76862746
0.78039217
0.51764709
0.25490198
0.41176471
0.73725492
0.56862748
0.40784314
0.54509807
0.76078433
0.78431374
0.79215688
0.79215688
0.77647060
0.78431374
0.77254903
0.78431374
0.48235294
0.17647059
0.35294119
0.72549021
0.80392158
0.45882353
0.40784314
0.63137257
0.26274511
0.46666667
0.79215688
0.75294119
0.75294119
0.77254903
0.77647060
0.77254903
0.78823531
0.50980395
0.11372549
0.22352941
0.68235296
0.67450982
0.52156866
0.54509807
0.74509805
0.79215688
0.79215688
0.78431374
0.74509805
0.75686276
0.77647060
0.81960785
0.67058825
0.23921569
0.46274510
0.70980394
0.81568629
0.43921569
0.34509805
0.70980394
0.35294119
0.32941177
0.78039217
0.78823531
0.79215688
0.76078433
0.73725492
0.74509805
0.79215688
0.50980395
0.13333334
0.23921569
0.66274512
0.75294119
0.65882355
0.57254905
0.73333335
0.80784315
0.76078433
0.74901962
0.73725492
0.75294119
0.74901962
0.77647060
0.65882355
0.48235294
0.47843137
0.59215689
0.78431374
0.47450981
0.36862746
0.76078433
0.51372552
0.22745098
0.68627453
0.77254903
0.77254903
0.77647060
0.75294119
0.74901962
0.79215688
0.55294120
0.33333334
0.39215687
0.61176473
0.78431374
0.72941178
0.67058825
0.75294119
0.80000001
0.73725492
0.74509805
0.76862746
0.76470590
0.76470590
0.78823531
0.67450982
0.56470591
0.40392157
0.54117650
0.73333335
0.52549022
0.44705883
0.77254903
0.67058825
0.31372550
0.61568630
0.73725492
0.75686276
0.78039217
0.72549021
0.74509805
0.78431374
0.59215689
0.53333336
0.45490196
0.51372552
0.75686276
0.75294119
0.72156864
0.76470590
0.75294119
0.75686276
0.76078433
0.76862746
0.77647060
0.76862746
0.76470590
0.73725492
0.58823532
0.44705883
0.60392159
0.74509805
0.56470591
0.47450981
0.77647060
0.78039217
0.46274510
0.52941179
0.75294119
0.76470590
0.76470590
0.74117649
0.72156864
0.76078433
0.60392159
0.58823532
0.45882353
0.47450981
0.75686276
0.73333335
0.72549021
0.74509805
0.72156864
0.77647060
0.75686276
0.74117649
0.76078433
0.76862746
0.73725492
0.72549021
0.67058825
0.52156866
0.66274512
0.76078433
0.55686277
0.39607844
0.76470590
0.80000001
0.51372552
0.37254903
0.71372551
0.70980394
0.71764708
0.75686276
0.75686276
0.75294119
0.72549021
0.72156864
0.47058824
0.47058824
0.70588237
0.68235296
0.72549021
0.74509805
0.71372551
0.77647060
0.73333335
0.72941178
0.75686276
0.74901962
0.75294119
0.73725492
0.74117649
0.65098041
0.65490198
0.70196080
0.45098040
0.45098040
0.73333335
0.75686276
0.55686277
0.37254903
0.67450982
0.72549021
0.72941178
0.72941178
0.74117649
0.73725492
0.74117649
0.72156864
0.51764709
0.59215689
0.74901962
0.69019610
0.69803923
0.73333335
0.72156864
0.75686276
0.70588237
0.67450982
0.66274512
0.68235296
0.67843139
0.66274512
0.66274512
0.56862748
0.56078434
0.58823532
0.49411765
0.55294120
0.61568630
0.63921571
0.55294120
0.48627451
0.58039218
0.62745100
0.69803923
0.71764708
0.67058825
0.62745100
0.65490198
0.57254905
0.55294120
0.63921571
0.73333335
0.70196080
0.72941178
0.71764708
0.69803923
0.76078433
0.70196080
0.68235296
0.70196080
0.70588237
0.66274512
0.58823532
0.56078434
0.54901963
0.61568630
0.65098041
0.64313728
0.63921571
0.61176473
0.61568630
0.64705884
0.65882355
0.67843139
0.67058825
0.65882355
0.70196080
0.70980394
0.68627453
0.63137257
0.67843139
0.72941178
0.68627453
0.70980394
0.71372551
0.72941178
0.74117649
0.73333335
0.78039217
0.78039217
0.74901962
0.77254903
0.75686276
0.71764708
0.71372551
0.71372551
0.71764708
0.74117649
0.72156864
0.70588237
0.73333335
0.72941178
0.70980394
0.70196080
0.74901962
0.76470590
0.73725492
0.69803923
0.70588237
0.74117649
0.75686276
0.72549021
0.72549021
0.72156864
0.70980394
0.74509805
0.73333335
0.71764708
0.72941178
0.75686276
0.77254903
0.75686276
0.68627453
0.68627453
0.74901962
0.73725492
0.77254903
0.74117649
0.71372551
0.70980394
0.74901962
0.73725492
0.68235296
0.72549021
0.71764708
0.72549021
0.70588237
0.69019610
0.73725492
0.73333335
0.71372551
0.73333335
0.74117649
0.72941178
0.74509805
0.74117649
0.72156864
0.72156864
0.72941178
0.72156864
0.69803923
0.73333335
0.75294119
0.74509805
0.70980394
0.67843139
0.71372551
0.75294119
0.76862746
0.71372551
0.65098041
0.67843139
0.73333335
0.72549021
0.70980394
0.70196080
0.72156864
0.76078433
0.75686276
0.74117649
0.74509805
0.75294119
0.75294119
0.75294119
0.74901962
0.76470590
0.74901962
0.77254903
0.75686276
0.72156864
0.75294119
0.74509805
0.73725492
0.73725492
0.74509805
0.74509805
0.79215688
0.76470590
0.74901962
0.75294119
0.77254903
0.78431374
0.75686276
0.74509805
0.74901962
0.74509805
0.71372551
0.73333335
0.74117649
0.76078433
0.77647060
0.76078433
0.78823531
0.76078433
0.76470590
0.77254903
0.78431374
0.79607844
0.76862746
0.71764708
0.75294119
0.77254903
0.78823531
0.76862746
0.75294119
0.70980394
0.76470590
0.73333335
0.73333335
0.75294119
0.78039217
0.77254903
0.77254903
0.70196080
0.62352943
0.69803923
0.78039217
0.80000001
0.78039217
0.72941178
0.76862746
0.78823531
0.71372551
0.74509805
0.74901962
0.72941178
0.73725492
0.72549021
0.76470590
0.78823531
0.78823531
0.70588237
0.74509805
0.80784315
0.80392158
0.76862746
0.77647060
0.73725492
0.76862746
0.69803923
0.69803923
0.72156864
0.74509805
0.74509805
0.74509805
0.68235296
0.63137257
0.70196080
0.74117649
0.77647060
0.77647060
0.75294119
0.78039217
0.77647060
0.76862746
0.77254903
0.78039217
0.73333335
0.71372551
0.69803923
0.72156864
0.76470590
0.78823531
0.74509805
0.70588237
0.74901962
0.76078433
0.71764708
0.70980394
0.74901962
0.56470591
0.56078434
0.56862748
0.58431375
0.52941179
0.55686277
0.56862748
0.56078434
0.56470591
0.57647061
0.55686277
0.57254905
0.53725493
0.49803922
0.52156866
0.59607846
0.70588237
0.72941178
0.72156864
0.72941178
0.65882355
0.69803923
0.72156864
0.72549021
0.75294119
0.80392158
0.76078433
0.72156864
0.70980394
0.74509805
0.70196080
0.68627453
0.49803922
0.54117650
0.52941179
0.54509807
0.48627451
0.49803922
0.56862748
0.56078434
0.54117650
0.54509807
0.52549022
0.53725493
0.48235294
0.41176471
0.43137255
0.52549022
0.62745100
0.66666669
0.63921571
0.64705884
0.61960787
0.65882355
0.69411767
0.70588237
0.71372551
0.77647060
0.64705884
0.54509807
0.56862748
0.64705884
0.67058825
0.66274512
0.47058824
0.50980395
0.49019608
0.48235294
0.48627451
0.45882353
0.54509807
0.57647061
0.52156866
0.51372552
0.50588238
0.47843137
0.45490196
0.41176471
0.41176471
0.48627451
0.56470591
0.63137257
0.61568630
0.60000002
0.61176473
0.64705884
0.69803923
0.67058825
0.61568630
0.66666669
0.48627451
0.44313726
0.62745100
0.66274512
0.65490198
0.65098041
0.55686277
0.56078434
0.50980395
0.45882353
0.49803922
0.48627451
0.50588238
0.52549022
0.47843137
0.44313726
0.43529412
0.47843137
0.48235294
0.41568628
0.42352942
0.50980395
0.52549022
0.57647061
0.62352943
0.59215689
0.58039218
0.61960787
0.69411767
0.63529414
0.54901963
0.60000002
0.45882353
0.49019608
0.61960787
0.68627453
0.68235296
0.66274512
0.60000002
0.59215689
0.57647061
0.51764709
0.51764709
0.49411765
0.54901963
0.52941179
0.45098040
0.46666667
0.41568628
0.53333336
0.55294120
0.45490196
0.45098040
0.52549022
0.51764709
0.51764709
0.58039218
0.60392159
0.58039218
0.59607846
0.65098041
0.56470591
0.50196081
0.56862748
0.45882353
0.46274510
0.52549022
0.62352943
0.65882355
0.64313728
0.52156866
0.54901963
0.56078434
0.54117650
0.49803922
0.52941179
0.65098041
0.63529414
0.52941179
0.49803922
0.44313726
0.50980395
0.57254905
0.60784316
0.50588238
0.49803922
0.52156866
0.52549022
0.55686277
0.62745100
0.61568630
0.61568630
0.66274512
0.61960787
0.51764709
0.53333336
0.47843137
0.51764709
0.59215689
0.65098041
0.64313728
0.63921571
0.45098040
0.52156866
0.56862748
0.58431375
0.52941179
0.56078434
0.63921571
0.65098041
0.60784316
0.50196081
0.47843137
0.52549022
0.54117650
0.65098041
0.70980394
0.63529414
0.58039218
0.59215689
0.61568630
0.61568630
0.52156866
0.48235294
0.59607846
0.74509805
0.74901962
0.55686277
0.50588238
0.59215689
0.63137257
0.68627453
0.68627453
0.65882355
0.42352942
0.49803922
0.54901963
0.60000002
0.63529414
0.60000002
0.57647061
0.60784316
0.62352943
0.57647061
0.48627451
0.54117650
0.45490196
0.50588238
0.70588237
0.64705884
0.60000002
0.60392159
0.68235296
0.63137257
0.43137255
0.35686275
0.36862746
0.51372552
0.73725492
0.62745100
0.47450981
0.62352943
0.56862748
0.67450982
0.67843139
0.62352943
0.43921569
0.48627451
0.50196081
0.56470591
0.62352943
0.62745100
0.59215689
0.61960787
0.60000002
0.50588238
0.45098040
0.43921569
0.40392157
0.41176471
0.58823532
0.54509807
0.48235294
0.51764709
0.61960787
0.60000002
0.47843137
0.36078432
0.32549021
0.34509805
0.48235294
0.59215689
0.34117648
0.53333336
0.54901963
0.60784316
0.66274512
0.60000002
0.46666667
0.46274510
0.45490196
0.56862748
0.60392159
0.63137257
0.62745100
0.63529414
0.53333336
0.42745098
0.40000001
0.35294119
0.39607844
0.44313726
0.48627451
0.46666667
0.43137255
0.45490196
0.49803922
0.47843137
0.44313726
0.34901962
0.35686275
0.37254903
0.37647060
0.47058824
0.21960784
0.40392157
0.57647061
0.58823532
0.60000002
0.56470591
0.67450982
0.61568630
0.59607846
0.65490198
0.67450982
0.67843139
0.65882355
0.61176473
0.43137255
0.38823530
0.33725491
0.33333334
0.38039216
0.42745098
0.43529412
0.41176471
0.42352942
0.42745098
0.42352942
0.43921569
0.44313726
0.36470589
0.35294119
0.38823530
0.41568628
0.41960785
0.14509805
0.29411766
0.54509807
0.62352943
0.60784316
0.56470591
0.90196079
0.87450981
0.87450981
0.86274511
0.85490197
0.84313726
0.82352942
0.67450982
0.39215687
0.37254903
0.27058825
0.30196080
0.36470589
0.38039216
0.37647060
0.36470589
0.40000001
0.40784314
0.39215687
0.39607844
0.45098040
0.37254903
0.31372550
0.36862746
0.41176471
0.40392157
0.14509805
0.18039216
0.42745098
0.57647061
0.63137257
0.59607846
0.91372550
0.89803922
0.90196079
0.91372550
0.90196079
0.87450981
0.89411765
0.66274512
0.37647060
0.34117648
0.20784314
0.24705882
0.31764707
0.34117648
0.34117648
0.33333334
0.36470589
0.37254903
0.37647060
0.34117648
0.41960785
0.42352942
0.25882354
0.27843139
0.38039216
0.55294120
0.31372550
0.18039216
0.43921569
0.70980394
0.74901962
0.70980394
0.87843138
0.87450981
0.88627452
0.89019608
0.88627452
0.88627452
0.87843138
0.52941179
0.33725491
0.31372550
0.15686275
0.17647059
0.24313726
0.26666668
0.25490198
0.28235295
0.31372550
0.33725491
0.35294119
0.34901962
0.51764709
0.75686276
0.47843137
0.21568628
0.39215687
0.77647060
0.56078434
0.22745098
0.39607844
0.81960785
0.90980393
0.92156863
0.87058824
0.87843138
0.88235295
0.89411765
0.89411765
0.90588236
0.86274511
0.44313726
0.34509805
0.38823530
0.25882354
0.12156863
0.15294118
0.23529412
0.23921569
0.18039216
0.20784314
0.26666668
0.35294119
0.54901963
0.80784315
0.93725491
0.76078433
0.33725491
0.41176471
0.81568629
0.72549021
0.32941177
0.32549021
0.70196080
0.89803922
0.91764706
0.87058824
0.87450981
0.89411765
0.89019608
0.88235295
0.89019608
0.81568629
0.39215687
0.39607844
0.58823532
0.65882355
0.23921569
0.23921569
0.33333334
0.31372550
0.42745098
0.47843137
0.52549022
0.66274512
0.83137256
0.90980393
0.90588236
0.82352942
0.42745098
0.30588236
0.63529414
0.80784315
0.44705883
0.34509805
0.61568630
0.85490197
0.88627452
0.87843138
0.87843138
0.88235295
0.86274511
0.82745099
0.82745099
0.65098041
0.29411766
0.29803923
0.67450982
0.83529413
0.37647060
0.43921569
0.53725493
0.25098041
0.66274512
0.90196079
0.89411765
0.89411765
0.87450981
0.88235295
0.88627452
0.85490197
0.42745098
0.10196079
0.36078432
0.78823531
0.61960787
0.43529412
0.57254905
0.80784315
0.85490197
0.86274511
0.87450981
0.86274511
0.86666667
0.84705883
0.84313726
0.52156866
0.18823530
0.25882354
0.71372551
0.88627452
0.45490196
0.41176471
0.70980394
0.23921569
0.48627451
0.88627452
0.86274511
0.86274511
0.87450981
0.88627452
0.88627452
0.87450981
0.48627451
0.05098039
0.20784314
0.75294119
0.74509805
0.55686277
0.56862748
0.78039217
0.85490197
0.84705883
0.84705883
0.81176472
0.82745099
0.84705883
0.87450981
0.69411767
0.24705882
0.35686275
0.66666669
0.88235295
0.47843137
0.35294119
0.82745099
0.39215687
0.33333334
0.85098040
0.87450981
0.86274511
0.85098040
0.83529413
0.84705883
0.87843138
0.52941179
0.15294118
0.25882354
0.73725492
0.83529413
0.71764708
0.61568630
0.78039217
0.87843138
0.81568629
0.81568629
0.80000001
0.81176472
0.81568629
0.83529413
0.68627453
0.48235294
0.37254903
0.53725493
0.83137256
0.52549022
0.38039216
0.87058824
0.59607846
0.25490198
0.77254903
0.87843138
0.87058824
0.87058824
0.85098040
0.85098040
0.88627452
0.57647061
0.37254903
0.42745098
0.67843139
0.88627452
0.81960785
0.73333335
0.80784315
0.87843138
0.81568629
0.81568629
0.83529413
0.81176472
0.83137256
0.85490197
0.71764708
0.54901963
0.31372550
0.49803922
0.77254903
0.55686277
0.47450981
0.85098040
0.75294119
0.34901962
0.68235296
0.83529413
0.87058824
0.88235295
0.83529413
0.85882354
0.89411765
0.63529414
0.58039218
0.52549022
0.58039218
0.87450981
0.85882354
0.79607844
0.81960785
0.82745099
0.83137256
0.81960785
0.83137256
0.83137256
0.82352942
0.82352942
0.78431374
0.58039218
0.36470589
0.56862748
0.77647060
0.58039218
0.48627451
0.81176472
0.83529413
0.50588238
0.58431375
0.84705883
0.86274511
0.85882354
0.83529413
0.82745099
0.86274511
0.65490198
0.65098041
0.52156866
0.51372552
0.84313726
0.83137256
0.81960785
0.82745099
0.81568629
0.82745099
0.80392158
0.81176472
0.82352942
0.81960785
0.79215688
0.77647060
0.67450982
0.46274510
0.65882355
0.81176472
0.58431375
0.40784314
0.80000001
0.84313726
0.56862748
0.42352942
0.80000001
0.80000001
0.78823531
0.82745099
0.85490197
0.84705883
0.77647060
0.79215688
0.52941179
0.49803922
0.76862746
0.76862746
0.81960785
0.83529413
0.80784315
0.81176472
0.76078433
0.79607844
0.82352942
0.79607844
0.80000001
0.79607844
0.76078433
0.61176473
0.68235296
0.77647060
0.50980395
0.50980395
0.79607844
0.80784315
0.61568630
0.43529412
0.75686276
0.80784315
0.79215688
0.78823531
0.82352942
0.81176472
0.78039217
0.78823531
0.58039218
0.64313728
0.82745099
0.77254903
0.78431374
0.81960785
0.81176472
0.80392158
0.74117649
0.73725492
0.72549021
0.73333335
0.74117649
0.74509805
0.72941178
0.58823532
0.61568630
0.67843139
0.60000002
0.67450982
0.72549021
0.73333335
0.64705884
0.57647061
0.66274512
0.71372551
0.76470590
0.76862746
0.73333335
0.67843139
0.69019610
0.63529414
0.61568630
0.71372551
0.83529413
0.79607844
0.80784315
0.79215688
0.78823531
0.83529413
0.78039217
0.76862746
0.76078433
0.76470590
0.75294119
0.70196080
0.69019610
0.64705884
0.69803923
0.74509805
0.76078433
0.77647060
0.74901962
0.76470590
0.80000001
0.77254903
0.74901962
0.74509805
0.71764708
0.74901962
0.76078433
0.73725492
0.70196080
0.75294119
0.80000001
0.76078433
0.80784315
0.79607844
0.78823531
0.78823531
0.80784315
0.85098040
0.85490197
0.83529413
0.84313726
0.83529413
0.80000001
0.80000001
0.81568629
0.80784315
0.81176472
0.79607844
0.78039217
0.81176472
0.81176472
0.80000001
0.80784315
0.82352942
0.81568629
0.80784315
0.76470590
0.76470590
0.80000001
0.81960785
0.80000001
0.80392158
0.80392158
0.80000001
0.82745099
0.79607844
0.76862746
0.77254903
0.80784315
0.82745099
0.81568629
0.75294119
0.76078433
0.83921570
0.81960785
0.82745099
0.80784315
0.78431374
0.77254903
0.81176472
0.80784315
0.74509805
0.80000001
0.78431374
0.77254903
0.74117649
0.72941178
0.80392158
0.80784315
0.78039217
0.79607844
0.80784315
0.79215688
0.81176472
0.81568629
0.81176472
0.81568629
0.81960785
0.81568629
0.78823531
0.81960785
0.79607844
0.79215688
0.76470590
0.72941178
0.79607844
0.83921570
0.82352942
0.76470590
0.72549021
0.75686276
0.80000001
0.81176472
0.79215688
0.78431374
0.79215688
0.81568629
0.78823531
0.77254903
0.78823531
0.79607844
0.79215688
0.79215688
0.78823531
0.80000001
0.79215688
0.83137256
0.83137256
0.78823531
0.83137256
0.84313726
0.84313726
0.83921570
0.78431374
0.78431374
0.83137256
0.80000001
0.80784315
0.83529413
0.82745099
0.83137256
0.83137256
0.83137256
0.81568629
0.81960785
0.79607844
0.78431374
0.78431374
0.81568629
0.81568629
0.80000001
0.83529413
0.79215688
0.78431374
0.79215688
0.80000001
0.80000001
0.77254903
0.74509805
0.79215688
0.78823531
0.81176472
0.81960785
0.81960785
0.77647060
0.82352942
0.76862746
0.77647060
0.81960785
0.81960785
0.83137256
0.82745099
0.74117649
0.69411767
0.78431374
0.83529413
0.84705883
0.83529413
0.78823531
0.78823531
0.81176472
0.74509805
0.78039217
0.80392158
0.78823531
0.78039217
0.76470590
0.81176472
0.83137256
0.80784315
0.76078433
0.79215688
0.83529413
0.83921570
0.81960785
0.83921570
0.79215688
0.81568629
0.73333335
0.75686276
0.79607844
0.77647060
0.80000001
0.79607844
0.71764708
0.68235296
0.77254903
0.80784315
0.82352942
0.83529413
0.83529413
0.80784315
0.77254903
0.78431374
0.79607844
0.81568629
0.76078433
0.72941178
0.73725492
0.79215688
0.81960785
0.80784315
0.81176472
0.77254903
0.77647060
0.80000001
0.78823531
0.80000001
0.81176472
0.41176471
0.41176471
0.43529412
0.45098040
0.41568628
0.45098040
0.44705883
0.44705883
0.43921569
0.43921569
0.41960785
0.43529412
0.41568628
0.38039216
0.38431373
0.42352942
0.50588238
0.50196081
0.49019608
0.49019608
0.43529412
0.49019608
0.50588238
0.50588238
0.54117650
0.63529414
0.62352943
0.60000002
0.54509807
0.50588238
0.41568628
0.41568628
0.38823530
0.41960785
0.41176471
0.40784314
0.39607844
0.42352942
0.44313726
0.42352942
0.40784314
0.41568628
0.40000001
0.41176471
0.38431373
0.33333334
0.34509805
0.38039216
0.43921569
0.46666667
0.44705883
0.47450981
0.41568628
0.41568628
0.45098040
0.48235294
0.52549022
0.60000002
0.51372552
0.43529412
0.38823530
0.37647060
0.37647060
0.40392157
0.35686275
0.38823530
0.37647060
0.36078432
0.39607844
0.38431373
0.42352942
0.43921569
0.40000001
0.41960785
0.41568628
0.37254903
0.37254903
0.35294119
0.34509805
0.35686275
0.38823530
0.43529412
0.42352942
0.43529412
0.41960785
0.41176471
0.44313726
0.45882353
0.46274510
0.49411765
0.36470589
0.32156864
0.39215687
0.34901962
0.34901962
0.40392157
0.41176471
0.42352942
0.39607844
0.35686275
0.39607844
0.38823530
0.40392157
0.40000001
0.38431373
0.38431373
0.37647060
0.38823530
0.40000001
0.34901962
0.34901962
0.38823530
0.35686275
0.37254903
0.40392157
0.38431373
0.39607844
0.42352942
0.44705883
0.43921569
0.43137255
0.44705883
0.35686275
0.34509805
0.33725491
0.33725491
0.36470589
0.38431373
0.45490196
0.45098040
0.43529412
0.39215687
0.41568628
0.38823530
0.40392157
0.37254903
0.35686275
0.38823530
0.36078432
0.42745098
0.42745098
0.35294119
0.36862746
0.42352942
0.39607844
0.36470589
0.38431373
0.38823530
0.37254903
0.39215687
0.43921569
0.39607844
0.38431373
0.44313726
0.37254903
0.32156864
0.26666668
0.28235295
0.35294119
0.37254903
0.38823530
0.40784314
0.39215687
0.39215687
0.38431373
0.38431373
0.44313726
0.45098040
0.41176471
0.38823530
0.39607844
0.43137255
0.45490196
0.50196081
0.41568628
0.39215687
0.42745098
0.42745098
0.42745098
0.47450981
0.45490196
0.46666667
0.52941179
0.48627451
0.42352942
0.42352942
0.36470589
0.33725491
0.32156864
0.30588236
0.33333334
0.34901962
0.32549021
0.37647060
0.38823530
0.39607844
0.34901962
0.36862746
0.43921569
0.47843137
0.44313726
0.37254903
0.44705883
0.49411765
0.47450981
0.56862748
0.61568630
0.52156866
0.47450981
0.50196081
0.52156866
0.51764709
0.42352942
0.39215687
0.52156866
0.64705884
0.65098041
0.48235294
0.36862746
0.34117648
0.33333334
0.33333334
0.35686275
0.35294119
0.30588236
0.36078432
0.36862746
0.36470589
0.38039216
0.38039216
0.41568628
0.44313726
0.43921569
0.46274510
0.44313726
0.50980395
0.40392157
0.43137255
0.61568630
0.54901963
0.49803922
0.49411765
0.57647061
0.52941179
0.32941177
0.25098041
0.28627452
0.42745098
0.57647061
0.56078434
0.36078432
0.38823530
0.30980393
0.34509805
0.34509805
0.36470589
0.32156864
0.36078432
0.35686275
0.37647060
0.37254903
0.37254903
0.40000001
0.44313726
0.44705883
0.45098040
0.40392157
0.37647060
0.34117648
0.33333334
0.49803922
0.45882353
0.38039216
0.40784314
0.51764709
0.49019608
0.35294119
0.22745098
0.20392157
0.22745098
0.33333334
0.44313726
0.27843139
0.40784314
0.36862746
0.32941177
0.32941177
0.33725491
0.37254903
0.36078432
0.34117648
0.44313726
0.41176471
0.38039216
0.40392157
0.46666667
0.44313726
0.40392157
0.34509805
0.26666668
0.31764707
0.35294119
0.38431373
0.36470589
0.32156864
0.34509805
0.39607844
0.37254903
0.29411766
0.17254902
0.19607843
0.23137255
0.23529412
0.27450982
0.21176471
0.34509805
0.40784314
0.34117648
0.30980393
0.29411766
0.49411765
0.43137255
0.40392157
0.47058824
0.46666667
0.41568628
0.41960785
0.44705883
0.37254903
0.35294119
0.27843139
0.24705882
0.29803923
0.32156864
0.31372550
0.29019609
0.29803923
0.30196080
0.30196080
0.30588236
0.27450982
0.18039216
0.18431373
0.23921569
0.25098041
0.24313726
0.17254902
0.28627452
0.39607844
0.38431373
0.36470589
0.33333334
0.57647061
0.55294120
0.55294120
0.57254905
0.57254905
0.52549022
0.54117650
0.50980395
0.34117648
0.33333334
0.22745098
0.21960784
0.27450982
0.26666668
0.24705882
0.22745098
0.26274511
0.26666668
0.24313726
0.21568628
0.27843139
0.21176471
0.14901961
0.20392157
0.23529412
0.23529412
0.18039216
0.26666668
0.34117648
0.32941177
0.38431373
0.37647060
0.57254905
0.56078434
0.56862748
0.58823532
0.59215689
0.53725493
0.58431375
0.51764709
0.34509805
0.29019609
0.15686275
0.16470589
0.21960784
0.21960784
0.19607843
0.17647059
0.20784314
0.21176471
0.20784314
0.14117648
0.20784314
0.22352941
0.07450981
0.10196079
0.18039216
0.33725491
0.27450982
0.27843139
0.40784314
0.46274510
0.45882353
0.42352942
0.56862748
0.56862748
0.58039218
0.58431375
0.59215689
0.55686277
0.56470591
0.41568628
0.32549021
0.23529412
0.07843138
0.08627451
0.13725491
0.12941177
0.09803922
0.11764706
0.14117648
0.16078432
0.16862746
0.13725491
0.23529412
0.45098040
0.23529412
0.02745098
0.16078432
0.48627451
0.40000001
0.27450982
0.39215687
0.58039218
0.56078434
0.57647061
0.56470591
0.55686277
0.54901963
0.57254905
0.59607846
0.56862748
0.54901963
0.36470589
0.33333334
0.27058825
0.12156863
0.01568628
0.04705882
0.11372549
0.08627451
0.01960784
0.05098039
0.08235294
0.13725491
0.28235295
0.45882353
0.56470591
0.45490196
0.13725491
0.18823530
0.50980395
0.47843137
0.32941177
0.34117648
0.50588238
0.56078434
0.56862748
0.53725493
0.52549022
0.52156866
0.53333336
0.55686277
0.55294120
0.53725493
0.35294119
0.36862746
0.41568628
0.42745098
0.09019608
0.11372549
0.20000000
0.18039216
0.22352941
0.26274511
0.26274511
0.36078432
0.49803922
0.54901963
0.53333336
0.49411765
0.22352941
0.14901961
0.41176471
0.52941179
0.37647060
0.35294119
0.48627451
0.58431375
0.56078434
0.52549022
0.51764709
0.51764709
0.50980395
0.50588238
0.52549022
0.44313726
0.28235295
0.25882354
0.46274510
0.52941179
0.20000000
0.27058825
0.30980393
0.14509805
0.43921569
0.57254905
0.53333336
0.52941179
0.54117650
0.53725493
0.53725493
0.53333336
0.22352941
0.04705882
0.24313726
0.48235294
0.42745098
0.38039216
0.48235294
0.57647061
0.54117650
0.52941179
0.53725493
0.51764709
0.52549022
0.53333336
0.56078434
0.35686275
0.18431373
0.21176471
0.48627451
0.55686277
0.26666668
0.23921569
0.39607844
0.12941177
0.34117648
0.56470591
0.51372552
0.52941179
0.55294120
0.55686277
0.55294120
0.55686277
0.27843139
0.02745098
0.12941177
0.43921569
0.45490196
0.40392157
0.45882353
0.56078434
0.53725493
0.56470591
0.54901963
0.50196081
0.52549022
0.54901963
0.58039218
0.51764709
0.22352941
0.30980393
0.46666667
0.59215689
0.30588236
0.22745098
0.47058824
0.23529412
0.26274511
0.56078434
0.54509807
0.55294120
0.53333336
0.50980395
0.51372552
0.56470591
0.34117648
0.10196079
0.14901961
0.45490196
0.51764709
0.45490196
0.43137255
0.53725493
0.54117650
0.54117650
0.53333336
0.50196081
0.52156866
0.51764709
0.52941179
0.47450981
0.43921569
0.32156864
0.36862746
0.56078434
0.34509805
0.27843139
0.51372552
0.38039216
0.20392157
0.47843137
0.52156866
0.52156866
0.53333336
0.49803922
0.50196081
0.55294120
0.39215687
0.25098041
0.26274511
0.43921569
0.53725493
0.49411765
0.48627451
0.54509807
0.53725493
0.47843137
0.52549022
0.54509807
0.51764709
0.52156866
0.54901963
0.47058824
0.47450981
0.25490198
0.36078432
0.53333336
0.36862746
0.34117648
0.54901963
0.48627451
0.27450982
0.42745098
0.48235294
0.50980395
0.52549022
0.44313726
0.48627451
0.54901963
0.44313726
0.38431373
0.31764707
0.38431373
0.48627451
0.50196081
0.49803922
0.52941179
0.49411765
0.48627451
0.53333336
0.54901963
0.53725493
0.52156866
0.51764709
0.51372552
0.45098040
0.28235295
0.41960785
0.55686277
0.42745098
0.34901962
0.58039218
0.53725493
0.34901962
0.41568628
0.51764709
0.53725493
0.52941179
0.48627451
0.45882353
0.52941179
0.49019608
0.43137255
0.32549021
0.38431373
0.50980395
0.46274510
0.46666667
0.50588238
0.48235294
0.53333336
0.51372552
0.49019608
0.51764709
0.51372552
0.47843137
0.49019608
0.51764709
0.36470589
0.43921569
0.50980395
0.41176471
0.29019609
0.54117650
0.52941179
0.36862746
0.29803923
0.49411765
0.49803922
0.52549022
0.54901963
0.47843137
0.49803922
0.61176473
0.54901963
0.34509805
0.39215687
0.49411765
0.43921569
0.47843137
0.52941179
0.50196081
0.55294120
0.50196081
0.50196081
0.51764709
0.49019608
0.48235294
0.49411765
0.60000002
0.54117650
0.45490196
0.47058824
0.33725491
0.32156864
0.48235294
0.51764709
0.41568628
0.26274511
0.46274510
0.49019608
0.51372552
0.52549022
0.47450981
0.53333336
0.61568630
0.52549022
0.40392157
0.47450981
0.52156866
0.47058824
0.47843137
0.50980395
0.49019608
0.53333336
0.51372552
0.49411765
0.45490196
0.44705883
0.42745098
0.43137255
0.51764709
0.47450981
0.41568628
0.43921569
0.40000001
0.36862746
0.39607844
0.44705883
0.39607844
0.32549021
0.38431373
0.37647060
0.43529412
0.48627451
0.43529412
0.46274510
0.49803922
0.36470589
0.41568628
0.46666667
0.47058824
0.47450981
0.50588238
0.46666667
0.42352942
0.56862748
0.52156866
0.48627451
0.50196081
0.50196081
0.46666667
0.41568628
0.40392157
0.39607844
0.45098040
0.47450981
0.45098040
0.41960785
0.42352942
0.42352942
0.40392157
0.44313726
0.53725493
0.47450981
0.42745098
0.49019608
0.49803922
0.46274510
0.39607844
0.44705883
0.50980395
0.44705883
0.44705883
0.49019608
0.49803922
0.50980395
0.49411765
0.58039218
0.59215689
0.54509807
0.56078434
0.54901963
0.51764709
0.53333336
0.54117650
0.53725493
0.53725493
0.49803922
0.46666667
0.47843137
0.49411765
0.47058824
0.45098040
0.53725493
0.61176473
0.54509807
0.47450981
0.49803922
0.54117650
0.54117650
0.48627451
0.49411765
0.49411765
0.46274510
0.47843137
0.49803922
0.48627451
0.50980395
0.53333336
0.56862748
0.56470591
0.48235294
0.46274510
0.52941179
0.52941179
0.57647061
0.55686277
0.51372552
0.48627451
0.49803922
0.48235294
0.48235294
0.45882353
0.47843137
0.53725493
0.52941179
0.49803922
0.49803922
0.49019608
0.49019608
0.52156866
0.52941179
0.50196081
0.52941179
0.52549022
0.49019608
0.46274510
0.49019608
0.47843137
0.47058824
0.49803922
0.56470591
0.56078434
0.52549022
0.48627451
0.52156866
0.54509807
0.54901963
0.50980395
0.45098040
0.47058824
0.51372552
0.49411765
0.51764709
0.48627451
0.52941179
0.54509807
0.55686277
0.53333336
0.55294120
0.56078434
0.56862748
0.57254905
0.54901963
0.52941179
0.51372552
0.53725493
0.50980395
0.49019608
0.53725493
0.50196081
0.50980395
0.49803922
0.56078434
0.57254905
0.61960787
0.58039218
0.56078434
0.55294120
0.55294120
0.57647061
0.55686277
0.54117650
0.56078434
0.53725493
0.46666667
0.58039218
0.57254905
0.54901963
0.58823532
0.53725493
0.57254905
0.60784316
0.62745100
0.62745100
0.61960787
0.62352943
0.61176473
0.55686277
0.57254905
0.59607846
0.60784316
0.55294120
0.54509807
0.48627451
0.56470591
0.55294120
0.53333336
0.54117650
0.57254905
0.58039218
0.56862748
0.49019608
0.41568628
0.45490196
0.56078434
0.60392159
0.55686277
0.56862748
0.57254905
0.60000002
0.53333336
0.55686277
0.52156866
0.52941179
0.54509807
0.50980395
0.54509807
0.60392159
0.63137257
0.54117650
0.54901963
0.62352943
0.62745100
0.58431375
0.59215689
0.52549022
0.57647061
0.50980395
0.48627451
0.51764709
0.54901963
0.54117650
0.52941179
0.47450981
0.42745098
0.47450981
0.53333336
0.57647061
0.54117650
0.54117650
0.58823532
0.61568630
0.58431375
0.59607846
0.58039218
0.53725493
0.52156866
0.45490196
0.47450981
0.53725493
0.58039218
0.52941179
0.46666667
0.52941179
0.54509807
0.49803922
0.48627451
0.52549022
1 0 0 0 0 0 0 -1 0 0 0
0 1 0 0 0 0 0 -1 0 0 0
0 0 1 0 0 0 0 -1 0 0 0
0 0 0 1 0 0 0 -1 0 0 0
0 0 0 0 1 0 0 -1 0 0 0
0 0 0 0 0 1 0 -1 0 0 0
0 0 0 0 0 0 1 -1 0 0 0
0 0 0 0 0 0 0 -1 1 0 0
0 0 0 0 0 0 0 -1 0 1 0
