0.35686275
0.32156864
0.34117648
0.34901962
0.37254903
0.38431373
0.38039216
0.36862746
0.36078432
0.38431373
0.31764707
0.10980392
0.05882353
0.07058824
0.07450981
0.07450981
0.06274510
0.05882353
0.05098039
0.03921569
0.03921569
0.05098039
0.05882353
0.10196079
0.11372549
0.10196079
0.15294118
0.09803922
0.07058824
0.08627451
0.08627451
0.07058824
0.36862746
0.30980393
0.35294119
0.48627451
0.56470591
0.52156866
0.43529412
0.39607844
0.38431373
0.36862746
0.18823530
0.05490196
0.04705882
0.04313726
0.05490196
0.06274510
0.09411765
0.12549020
0.10196079
0.10588235
0.08627451
0.08627451
0.20392157
0.26274511
0.21960784
0.22352941
0.26274511
0.23529412
0.16470589
0.14117648
0.23921569
0.18431373
0.36862746
0.33725491
0.47058824
0.61176473
0.60784316
0.57647061
0.52941179
0.48235294
0.44705883
0.34509805
0.16078432
0.15294118
0.16470589
0.15686275
0.19215687
0.20000000
0.22745098
0.21960784
0.18431373
0.11764706
0.14901961
0.11372549
0.20784314
0.21568628
0.16078432
0.27843139
0.20784314
0.24705882
0.24705882
0.21176471
0.32156864
0.23137255
0.34901962
0.42352942
0.53333336
0.52156866
0.50980395
0.49411765
0.48627451
0.49411765
0.48627451
0.33333334
0.18431373
0.21176471
0.23921569
0.36862746
0.32941177
0.32941177
0.23921569
0.27058825
0.29019609
0.17647059
0.18823530
0.12549020
0.14509805
0.21176471
0.21960784
0.28627452
0.22745098
0.17254902
0.25882354
0.31372550
0.28235295
0.12549020
0.28235295
0.36862746
0.41176471
0.41568628
0.52549022
0.48235294
0.42745098
0.45882353
0.44313726
0.34509805
0.23921569
0.25098041
0.29411766
0.38823530
0.28235295
0.32156864
0.27058825
0.19215687
0.18823530
0.29411766
0.25098041
0.18431373
0.24313726
0.26666668
0.21176471
0.18431373
0.21960784
0.15686275
0.12549020
0.18039216
0.14117648
0.09803922
0.16862746
0.21176471
0.24313726
0.32549021
0.49803922
0.48235294
0.41176471
0.43137255
0.40000001
0.38039216
0.30980393
0.25882354
0.34117648
0.29411766
0.33725491
0.31372550
0.26274511
0.27843139
0.30196080
0.34509805
0.25882354
0.19607843
0.24313726
0.24313726
0.22745098
0.12156863
0.15686275
0.14901961
0.12156863
0.09019608
0.11372549
0.10588235
0.18431373
0.18039216
0.18431373
0.26274511
0.43529412
0.45490196
0.39607844
0.41176471
0.41176471
0.41960785
0.34901962
0.21960784
0.21960784
0.26274511
0.30196080
0.26666668
0.29019609
0.29411766
0.30588236
0.29803923
0.19215687
0.20392157
0.20392157
0.20000000
0.28235295
0.23137255
0.24705882
0.21960784
0.14509805
0.10980392
0.17647059
0.13333334
0.27058825
0.27843139
0.26666668
0.25882354
0.38431373
0.42745098
0.40000001
0.43137255
0.43921569
0.43529412
0.38039216
0.24313726
0.18823530
0.20392157
0.23529412
0.32156864
0.29411766
0.22352941
0.18039216
0.31764707
0.23529412
0.16078432
0.21568628
0.16078432
0.15294118
0.23921569
0.21568628
0.19215687
0.15686275
0.11372549
0.19215687
0.17647059
0.30980393
0.43921569
0.52549022
0.40784314
0.44705883
0.46274510
0.42745098
0.43529412
0.42352942
0.40392157
0.37254903
0.25882354
0.21960784
0.23137255
0.32156864
0.29411766
0.29411766
0.26666668
0.28627452
0.28627452
0.25098041
0.16470589
0.20392157
0.17254902
0.19607843
0.20784314
0.16470589
0.17647059
0.20392157
0.16470589
0.17254902
0.14901961
0.47058824
0.50588238
0.61960787
0.53333336
0.49803922
0.45490196
0.42745098
0.44705883
0.41568628
0.39215687
0.44705883
0.36470589
0.25490198
0.24705882
0.28235295
0.27843139
0.38823530
0.37254903
0.41960785
0.39215687
0.25098041
0.18039216
0.15686275
0.17647059
0.20000000
0.21176471
0.16862746
0.15686275
0.19215687
0.20784314
0.20784314
0.14117648
0.63137257
0.49411765
0.52941179
0.56078434
0.56470591
0.49411765
0.40000001
0.43137255
0.41176471
0.46274510
0.66666669
0.61176473
0.45098040
0.44705883
0.48235294
0.49411765
0.59607846
0.56470591
0.44705883
0.44313726
0.45098040
0.47058824
0.42745098
0.33333334
0.31764707
0.26274511
0.20000000
0.21176471
0.21176471
0.23529412
0.32156864
0.29803923
0.64313728
0.50980395
0.38823530
0.50588238
0.62352943
0.59607846
0.48235294
0.43921569
0.46274510
0.59215689
0.74117649
0.67843139
0.58431375
0.60392159
0.69803923
0.69411767
0.68627453
0.66666669
0.54901963
0.55294120
0.67450982
0.70196080
0.69803923
0.67450982
0.62352943
0.49803922
0.39215687
0.38039216
0.34901962
0.23137255
0.24705882
0.34117648
0.63137257
0.57647061
0.49019608
0.56470591
0.57254905
0.55294120
0.63137257
0.61176473
0.66274512
0.72941178
0.71372551
0.63529414
0.57647061
0.63137257
0.67843139
0.68235296
0.69803923
0.69803923
0.67450982
0.68235296
0.71764708
0.67843139
0.66274512
0.72156864
0.69803923
0.67450982
0.56862748
0.45098040
0.38823530
0.32549021
0.25882354
0.20784314
0.63921571
0.62352943
0.63921571
0.65098041
0.38039216
0.31764707
0.60784316
0.70588237
0.76470590
0.73725492
0.60392159
0.51372552
0.53725493
0.64313728
0.57647061
0.58823532
0.71764708
0.72941178
0.72549021
0.72941178
0.74117649
0.71372551
0.66274512
0.71372551
0.71372551
0.69803923
0.70196080
0.56862748
0.47843137
0.54509807
0.49019608
0.17254902
0.65882355
0.67450982
0.67450982
0.57254905
0.23137255
0.20000000
0.54117650
0.69411767
0.75294119
0.66274512
0.49411765
0.48627451
0.54509807
0.60000002
0.52156866
0.54509807
0.72156864
0.75686276
0.75686276
0.76470590
0.77647060
0.77647060
0.74509805
0.73725492
0.74901962
0.76078433
0.78039217
0.70196080
0.57254905
0.65490198
0.70980394
0.38823530
0.69411767
0.69803923
0.65882355
0.46274510
0.22352941
0.16862746
0.44705883
0.67843139
0.75294119
0.63921571
0.51372552
0.58431375
0.58431375
0.55686277
0.52156866
0.61176473
0.76470590
0.77254903
0.77647060
0.78431374
0.79607844
0.80392158
0.76470590
0.75294119
0.78823531
0.80000001
0.79607844
0.74117649
0.54901963
0.53725493
0.66666669
0.50588238
0.71372551
0.69411767
0.60000002
0.37647060
0.27450982
0.22745098
0.38431373
0.64313728
0.75294119
0.70588237
0.66274512
0.67450982
0.60392159
0.54901963
0.53725493
0.69019610
0.78823531
0.77254903
0.78431374
0.78431374
0.79607844
0.80000001
0.74901962
0.74901962
0.79215688
0.80000001
0.80000001
0.74117649
0.56862748
0.45098040
0.50588238
0.44313726
0.71372551
0.64705884
0.47450981
0.32549021
0.28627452
0.24313726
0.29803923
0.59607846
0.75686276
0.78823531
0.77647060
0.70980394
0.62745100
0.57647061
0.54901963
0.69019610
0.76470590
0.76078433
0.76862746
0.75686276
0.77254903
0.75686276
0.74901962
0.77254903
0.79215688
0.78823531
0.77647060
0.71764708
0.56862748
0.45882353
0.51372552
0.48235294
0.71372551
0.54117650
0.34901962
0.29411766
0.27843139
0.23921569
0.17254902
0.44313726
0.71764708
0.80392158
0.80784315
0.75686276
0.71764708
0.63921571
0.55294120
0.65490198
0.71764708
0.71764708
0.72549021
0.74117649
0.74509805
0.72549021
0.76078433
0.78039217
0.78431374
0.76862746
0.71764708
0.65098041
0.56470591
0.53725493
0.58823532
0.54117650
0.63137257
0.40392157
0.29411766
0.27058825
0.26666668
0.27058825
0.18039216
0.20784314
0.54117650
0.77254903
0.80392158
0.76078433
0.73333335
0.69803923
0.64313728
0.65882355
0.66274512
0.65490198
0.71372551
0.73725492
0.69803923
0.71372551
0.77254903
0.78039217
0.77254903
0.72156864
0.60392159
0.58431375
0.63529414
0.63529414
0.63921571
0.58039218
0.50196081
0.32549021
0.27843139
0.26666668
0.26666668
0.27450982
0.26666668
0.17254902
0.30196080
0.67843139
0.77254903
0.76470590
0.69411767
0.64313728
0.64313728
0.61960787
0.60000002
0.60000002
0.63137257
0.63529414
0.59607846
0.67058825
0.77254903
0.78039217
0.78431374
0.67450982
0.50196081
0.58823532
0.69411767
0.69411767
0.68235296
0.62352943
0.38039216
0.29411766
0.27843139
0.28627452
0.28627452
0.28627452
0.29019609
0.26666668
0.18039216
0.52941179
0.74901962
0.77254903
0.66666669
0.51764709
0.42745098
0.41960785
0.44313726
0.39215687
0.37254903
0.37647060
0.31764707
0.49803922
0.73725492
0.76862746
0.80000001
0.68627453
0.45490196
0.52941179
0.69803923
0.71372551
0.71764708
0.68627453
0.30980393
0.27450982
0.27058825
0.29019609
0.29803923
0.29411766
0.29803923
0.29019609
0.18039216
0.41176471
0.74509805
0.77647060
0.65882355
0.46666667
0.25882354
0.21568628
0.24705882
0.23921569
0.20784314
0.23529412
0.21960784
0.25490198
0.59607846
0.75686276
0.79215688
0.78039217
0.58039218
0.47450981
0.63137257
0.71764708
0.69411767
0.67843139
0.28235295
0.27058825
0.27058825
0.27843139
0.29019609
0.28235295
0.30196080
0.30196080
0.21176471
0.35686275
0.74117649
0.76078433
0.64313728
0.54901963
0.33333334
0.24313726
0.24705882
0.29411766
0.29411766
0.27843139
0.29019609
0.20392157
0.33725491
0.59607846
0.69411767
0.64313728
0.52941179
0.40392157
0.43529412
0.60784316
0.61176473
0.63529414
0.27450982
0.28235295
0.28627452
0.29019609
0.31372550
0.34117648
0.38039216
0.40784314
0.33725491
0.40392157
0.74509805
0.73333335
0.63137257
0.63529414
0.41568628
0.30980393
0.30980393
0.34901962
0.34901962
0.32156864
0.32156864
0.28627452
0.21960784
0.25882354
0.27843139
0.18431373
0.16078432
0.17254902
0.17647059
0.31372550
0.49019608
0.62352943
0.27450982
0.29019609
0.32941177
0.37254903
0.41568628
0.45098040
0.45882353
0.49019608
0.44705883
0.47450981
0.77254903
0.72549021
0.62745100
0.59607846
0.45098040
0.40784314
0.38431373
0.38823530
0.37647060
0.37647060
0.36470589
0.33333334
0.31372550
0.19215687
0.09411765
0.09019608
0.10196079
0.10196079
0.10196079
0.12156863
0.23137255
0.43529412
0.29411766
0.32941177
0.39607844
0.43529412
0.42745098
0.42745098
0.43529412
0.44705883
0.41568628
0.46274510
0.74509805
0.73333335
0.59215689
0.49411765
0.43137255
0.43529412
0.38823530
0.38431373
0.40392157
0.40784314
0.40000001
0.35294119
0.24313726
0.12941177
0.08235294
0.08235294
0.08235294
0.07843138
0.08627451
0.09803922
0.10980392
0.16862746
0.35686275
0.40784314
0.42352942
0.40784314
0.39215687
0.39215687
0.39215687
0.40392157
0.37254903
0.39607844
0.70196080
0.74117649
0.52156866
0.35686275
0.38823530
0.45098040
0.43137255
0.44313726
0.48235294
0.45490196
0.42352942
0.29803923
0.13333334
0.09019608
0.08235294
0.07843138
0.07843138
0.08627451
0.07843138
0.08627451
0.09411765
0.09411765
0.41176471
0.40392157
0.40000001
0.37647060
0.37254903
0.36862746
0.37254903
0.38039216
0.37647060
0.45882353
0.69019610
0.68627453
0.41568628
0.26666668
0.40000001
0.45490196
0.44705883
0.49019608
0.52941179
0.49411765
0.38039216
0.15294118
0.07450981
0.07450981
0.07058824
0.07058824
0.07843138
0.09019608
0.09019608
0.08627451
0.06666667
0.08627451
0.41568628
0.40392157
0.40392157
0.40784314
0.42745098
0.42352942
0.40000001
0.41176471
0.46666667
0.59215689
0.70196080
0.57647061
0.41176471
0.42745098
0.49019608
0.50588238
0.50980395
0.50588238
0.48627451
0.47843137
0.29411766
0.07843138
0.06666667
0.07450981
0.07058824
0.07450981
0.07843138
0.07058824
0.08235294
0.07843138
0.05490196
0.08235294
0.44705883
0.44705883
0.47058824
0.49019608
0.51764709
0.49019608
0.43921569
0.45098040
0.54509807
0.64313728
0.63921571
0.50588238
0.50588238
0.56470591
0.55686277
0.54509807
0.52549022
0.49019608
0.49019608
0.43921569
0.19607843
0.07843138
0.07843138
0.08627451
0.08235294
0.08627451
0.09411765
0.08235294
0.08235294
0.14117648
0.14509805
0.08627451
0.53333336
0.51372552
0.52156866
0.52549022
0.50980395
0.50588238
0.49411765
0.46274510
0.49411765
0.56862748
0.55686277
0.55294120
0.58823532
0.57647061
0.56078434
0.56470591
0.54901963
0.55294120
0.53725493
0.29019609
0.11764706
0.09019608
0.09019608
0.10196079
0.09411765
0.09803922
0.09803922
0.09019608
0.09411765
0.31372550
0.30588236
0.10980392
0.25098041
0.22745098
0.28627452
0.34117648
0.36078432
0.35294119
0.34117648
0.35294119
0.36470589
0.36862746
0.29803923
0.10196079
0.05882353
0.07450981
0.07450981
0.07450981
0.06274510
0.05882353
0.05882353
0.06274510
0.05490196
0.05098039
0.05490196
0.09411765
0.09803922
0.08235294
0.13333334
0.07843138
0.05098039
0.05098039
0.05882353
0.05098039
0.25490198
0.21960784
0.30588236
0.47058824
0.54117650
0.47450981
0.38039216
0.36862746
0.37647060
0.34509805
0.16078432
0.03529412
0.03921569
0.04313726
0.05098039
0.05490196
0.09019608
0.11764706
0.10196079
0.10980392
0.08627451
0.07450981
0.18823530
0.23921569
0.17647059
0.17647059
0.21568628
0.19215687
0.11372549
0.07450981
0.18039216
0.14117648
0.25882354
0.25490198
0.41176471
0.55686277
0.54117650
0.49019608
0.43921569
0.41176471
0.40392157
0.30588236
0.12549020
0.12549020
0.14901961
0.14509805
0.18823530
0.19607843
0.22352941
0.21568628
0.17647059
0.10980392
0.12941177
0.08235294
0.17254902
0.17647059
0.10196079
0.21176471
0.14117648
0.18431373
0.17647059
0.12941177
0.25098041
0.18039216
0.27058825
0.35294119
0.43921569
0.39607844
0.37254903
0.34509805
0.33333334
0.36078432
0.39215687
0.28235295
0.14901961
0.18823530
0.21960784
0.35294119
0.31764707
0.31764707
0.22745098
0.25882354
0.27843139
0.15294118
0.15294118
0.07843138
0.09019608
0.15686275
0.15294118
0.21960784
0.16078432
0.10588235
0.18039216
0.21960784
0.21176471
0.08627451
0.23529412
0.30588236
0.29411766
0.24313726
0.33725491
0.28627452
0.23137255
0.27450982
0.30196080
0.27450982
0.20000000
0.22352941
0.27058825
0.36862746
0.25882354
0.29803923
0.24705882
0.16862746
0.16470589
0.26666668
0.21176471
0.12941177
0.18039216
0.20392157
0.14509805
0.12156863
0.15294118
0.09411765
0.05882353
0.09803922
0.07843138
0.07450981
0.14509805
0.15294118
0.13725491
0.17647059
0.31764707
0.28627452
0.20784314
0.22352941
0.20784314
0.25490198
0.23137255
0.21960784
0.31764707
0.27058825
0.31372550
0.29019609
0.23529412
0.25490198
0.28235295
0.32156864
0.22745098
0.15686275
0.20784314
0.20392157
0.16470589
0.05882353
0.10196079
0.10196079
0.07843138
0.03921569
0.05882353
0.06274510
0.16470589
0.11372549
0.07450981
0.11764706
0.25882354
0.27058825
0.20000000
0.20392157
0.20000000
0.23921569
0.22745098
0.15686275
0.19215687
0.24705882
0.27843139
0.24313726
0.26666668
0.27058825
0.28235295
0.27450982
0.16470589
0.17254902
0.17647059
0.16862746
0.21960784
0.16862746
0.19607843
0.17254902
0.10980392
0.07843138
0.12941177
0.08627451
0.23529412
0.19607843
0.13725491
0.09803922
0.21176471
0.25098041
0.21176471
0.23529412
0.23137255
0.21568628
0.20784314
0.15686275
0.16470589
0.19607843
0.21568628
0.29803923
0.27058825
0.20000000
0.15686275
0.29411766
0.20392157
0.12941177
0.18823530
0.12941177
0.09019608
0.17647059
0.16470589
0.14901961
0.12156863
0.08235294
0.14117648
0.12549020
0.23529412
0.34117648
0.39215687
0.25490198
0.28627452
0.29411766
0.25098041
0.25098041
0.22352941
0.18823530
0.20392157
0.17254902
0.19607843
0.22352941
0.30196080
0.27058825
0.27058825
0.24313726
0.26274511
0.26274511
0.22352941
0.13333334
0.17647059
0.14117648
0.13333334
0.14509805
0.11372549
0.13333334
0.16078432
0.11372549
0.10588235
0.08235294
0.34117648
0.38431373
0.50196081
0.41176471
0.35294119
0.29803923
0.25882354
0.27058825
0.23137255
0.21176471
0.31764707
0.30196080
0.22745098
0.22745098
0.25882354
0.25490198
0.36470589
0.34901962
0.39607844
0.36862746
0.22352941
0.14901961
0.13333334
0.14509805
0.13333334
0.14901961
0.11372549
0.11372549
0.15294118
0.15294118
0.12941177
0.06666667
0.47058824
0.36470589
0.42352942
0.45882353
0.42352942
0.33725491
0.24313726
0.26666668
0.23921569
0.33725491
0.58431375
0.57254905
0.43137255
0.41960785
0.45882353
0.47058824
0.57254905
0.53725493
0.41960785
0.41960785
0.42352942
0.43921569
0.40000001
0.30196080
0.25490198
0.20392157
0.14901961
0.15686275
0.15686275
0.17254902
0.24705882
0.22352941
0.49411765
0.40392157
0.28235295
0.36862746
0.44705883
0.43529412
0.35686275
0.31372550
0.32549021
0.51372552
0.69803923
0.65490198
0.56862748
0.57254905
0.64705884
0.66274512
0.66666669
0.63529414
0.50196081
0.52549022
0.64705884
0.67058825
0.67058825
0.64313728
0.58431375
0.46274510
0.34117648
0.28235295
0.23137255
0.13725491
0.16078432
0.27058825
0.49019608
0.45490196
0.34901962
0.39215687
0.41176471
0.43529412
0.54117650
0.52156866
0.56862748
0.66666669
0.67058825
0.59215689
0.54117650
0.58823532
0.60784316
0.63529414
0.67843139
0.66666669
0.62745100
0.65098041
0.69019610
0.65098041
0.63529414
0.69019610
0.66274512
0.64313728
0.52156866
0.34901962
0.26274511
0.23529412
0.19215687
0.15686275
0.48627451
0.46666667
0.46274510
0.47058824
0.28627452
0.25882354
0.55686277
0.65490198
0.70980394
0.68235296
0.53333336
0.43137255
0.46274510
0.57254905
0.49019608
0.52941179
0.69019610
0.69803923
0.68235296
0.69803923
0.71764708
0.68627453
0.63921571
0.68235296
0.67450982
0.66666669
0.66274512
0.48235294
0.36862746
0.47450981
0.44313726
0.14901961
0.49411765
0.50196081
0.50196081
0.43137255
0.20000000
0.18823530
0.50980395
0.66274512
0.72941178
0.61960787
0.40784314
0.36470589
0.43137255
0.49803922
0.41568628
0.47058824
0.68627453
0.72549021
0.71764708
0.73333335
0.74901962
0.74901962
0.71764708
0.70196080
0.70588237
0.72941178
0.74901962
0.63137257
0.47843137
0.57647061
0.66274512
0.38039216
0.50588238
0.52156866
0.52156866
0.38823530
0.24705882
0.18039216
0.41568628
0.64705884
0.74117649
0.60000002
0.40392157
0.42352942
0.42745098
0.43137255
0.39215687
0.52156866
0.72156864
0.74509805
0.74117649
0.75294119
0.76862746
0.77647060
0.73725492
0.71372551
0.73725492
0.76862746
0.77254903
0.68627453
0.45882353
0.43529412
0.60392159
0.49803922
0.52941179
0.53333336
0.50588238
0.36862746
0.33333334
0.25882354
0.35686275
0.60784316
0.73333335
0.67058825
0.56470591
0.51372552
0.43529412
0.40392157
0.39607844
0.59607846
0.74901962
0.74117649
0.74509805
0.75294119
0.77254903
0.77254903
0.72549021
0.71764708
0.74509805
0.77254903
0.78039217
0.70588237
0.49803922
0.33725491
0.41568628
0.40392157
0.55686277
0.52156866
0.42745098
0.36470589
0.36470589
0.30196080
0.30980393
0.56078434
0.70980394
0.76470590
0.73333335
0.61568630
0.50196081
0.43137255
0.40392157
0.60392159
0.73725492
0.72156864
0.70588237
0.72549021
0.74901962
0.73333335
0.72549021
0.74509805
0.76470590
0.76470590
0.75294119
0.69411767
0.52156866
0.35294119
0.38039216
0.37254903
0.56470591
0.44705883
0.34901962
0.37254903
0.36862746
0.30196080
0.19607843
0.42352942
0.67058825
0.77254903
0.77647060
0.70196080
0.64705884
0.54901963
0.43529412
0.58039218
0.69019610
0.67450982
0.66274512
0.70980394
0.72156864
0.70196080
0.73725492
0.76078433
0.76470590
0.73725492
0.66666669
0.57647061
0.47058824
0.40392157
0.42352942
0.39215687
0.50196081
0.35686275
0.33725491
0.37254903
0.35686275
0.33333334
0.21176471
0.21176471
0.52156866
0.73333335
0.76470590
0.72941178
0.70980394
0.66666669
0.56470591
0.60392159
0.63529414
0.61960787
0.65882355
0.70980394
0.67450982
0.69019610
0.74509805
0.76470590
0.76078433
0.68235296
0.50980395
0.44313726
0.47058824
0.46666667
0.45490196
0.41176471
0.42352942
0.32549021
0.34901962
0.36470589
0.34901962
0.34117648
0.31372550
0.20000000
0.30588236
0.64705884
0.73725492
0.74117649
0.68235296
0.63137257
0.60392159
0.58431375
0.57254905
0.56862748
0.59607846
0.61176473
0.57254905
0.65098041
0.74901962
0.76078433
0.76470590
0.62352943
0.39607844
0.43137255
0.50980395
0.50980395
0.49803922
0.44705883
0.36078432
0.34117648
0.35294119
0.35686275
0.35294119
0.35294119
0.34901962
0.31372550
0.20784314
0.50980395
0.71372551
0.74117649
0.63137257
0.48627451
0.41568628
0.40392157
0.41568628
0.36470589
0.34901962
0.34901962
0.29019609
0.47450981
0.71372551
0.74509805
0.76078433
0.62352943
0.34901962
0.38431373
0.52549022
0.53725493
0.55294120
0.53333336
0.34117648
0.34509805
0.34901962
0.35686275
0.36078432
0.35686275
0.35686275
0.34901962
0.22352941
0.40000001
0.71372551
0.73725492
0.60784316
0.42352942
0.27450982
0.23529412
0.25490198
0.24705882
0.22352941
0.24705882
0.22352941
0.24313726
0.56862748
0.72156864
0.74901962
0.72549021
0.50196081
0.38039216
0.51372552
0.57254905
0.55294120
0.53333336
0.35294119
0.34509805
0.35294119
0.35686275
0.34901962
0.33333334
0.34901962
0.34901962
0.25098041
0.34509805
0.70980394
0.72941178
0.60784316
0.52156866
0.36470589
0.29019609
0.29019609
0.34117648
0.34509805
0.34117648
0.32941177
0.20784314
0.29803923
0.54509807
0.66666669
0.61568630
0.49803922
0.37254903
0.38823530
0.51764709
0.49411765
0.48627451
0.36078432
0.35294119
0.34117648
0.32941177
0.33725491
0.35686275
0.39215687
0.42352942
0.34509805
0.37647060
0.70980394
0.69803923
0.59607846
0.60392159
0.40000001
0.29803923
0.29803923
0.34509805
0.34117648
0.30588236
0.30196080
0.25490198
0.16470589
0.20784314
0.27058825
0.18039216
0.15686275
0.16862746
0.16470589
0.27058825
0.41176471
0.49803922
0.35686275
0.34117648
0.34509805
0.37254903
0.39607844
0.42352942
0.43137255
0.46274510
0.41568628
0.43529412
0.72549021
0.68235296
0.58431375
0.54901963
0.38823530
0.33725491
0.31764707
0.31764707
0.30196080
0.28235295
0.28235295
0.27450982
0.26666668
0.16862746
0.12549020
0.12941177
0.14117648
0.14117648
0.13333334
0.12549020
0.19607843
0.36078432
0.34509805
0.35294119
0.39215687
0.41176471
0.38431373
0.38039216
0.38431373
0.40000001
0.36470589
0.41568628
0.69411767
0.68235296
0.54509807
0.44313726
0.36078432
0.35294119
0.30588236
0.30196080
0.31372550
0.29803923
0.31372550
0.30980393
0.22745098
0.14901961
0.14901961
0.15294118
0.15294118
0.14901961
0.14901961
0.13333334
0.11764706
0.14509805
0.35686275
0.40784314
0.41176471
0.38823530
0.36078432
0.35294119
0.35294119
0.36470589
0.33333334
0.34117648
0.64313728
0.68235296
0.46274510
0.30196080
0.34117648
0.40000001
0.38039216
0.38823530
0.42352942
0.40000001
0.39607844
0.30588236
0.16470589
0.14117648
0.15294118
0.15294118
0.14901961
0.15686275
0.14509805
0.12549020
0.12156863
0.11764706
0.38431373
0.38431373
0.38823530
0.36470589
0.34509805
0.33725491
0.34117648
0.34509805
0.32941177
0.40000001
0.63529414
0.63921571
0.36862746
0.23137255
0.37254903
0.42745098
0.41568628
0.45882353
0.49411765
0.47058824
0.38431373
0.18823530
0.12941177
0.13725491
0.12941177
0.13333334
0.13725491
0.15294118
0.14509805
0.13333334
0.12941177
0.12941177
0.38039216
0.37647060
0.38823530
0.39215687
0.38431373
0.38431373
0.36862746
0.36470589
0.40000001
0.52156866
0.64313728
0.53333336
0.38039216
0.40392157
0.43921569
0.45098040
0.45882353
0.45882353
0.44313726
0.43921569
0.29411766
0.11372549
0.12549020
0.13333334
0.12549020
0.13333334
0.13725491
0.13333334
0.12941177
0.13333334
0.14509805
0.12549020
0.40392157
0.40784314
0.43137255
0.44705883
0.45882353
0.44313726
0.41176471
0.40784314
0.47450981
0.54901963
0.54509807
0.42352942
0.43137255
0.49019608
0.45882353
0.44705883
0.44313726
0.41960785
0.42745098
0.40392157
0.20392157
0.11764706
0.13725491
0.14117648
0.14117648
0.14509805
0.14901961
0.14117648
0.13333334
0.18431373
0.19607843
0.11764706
0.47450981
0.45098040
0.44705883
0.44313726
0.42352942
0.44313726
0.45882353
0.42745098
0.42745098
0.45098040
0.42352942
0.42352942
0.45882353
0.44313726
0.42352942
0.43529412
0.43921569
0.46274510
0.46666667
0.27058825
0.14117648
0.14509805
0.14509805
0.14901961
0.15294118
0.15686275
0.15686275
0.14901961
0.15294118
0.32941177
0.28235295
0.12156863
0.11764706
0.11764706
0.23137255
0.32549021
0.31372550
0.27843139
0.26666668
0.29411766
0.32941177
0.33333334
0.25882354
0.07450981
0.03921569
0.06274510
0.07843138
0.07843138
0.06666667
0.06274510
0.05098039
0.03137255
0.03921569
0.04705882
0.03137255
0.04705882
0.05882353
0.04705882
0.09803922
0.04313726
0.02352941
0.05098039
0.05098039
0.03921569
0.13333334
0.11764706
0.23137255
0.41568628
0.46274510
0.37647060
0.27843139
0.27843139
0.31764707
0.30980393
0.13725491
0.02352941
0.02745098
0.03529412
0.05490196
0.06274510
0.09411765
0.12549020
0.10196079
0.09411765
0.07843138
0.05882353
0.12549020
0.14117648
0.09411765
0.09411765
0.13333334
0.10196079
0.03921569
0.02745098
0.12549020
0.10196079
0.15294118
0.15686275
0.32156864
0.46666667
0.43529412
0.36470589
0.30980393
0.29803923
0.31764707
0.25490198
0.08627451
0.09803922
0.12549020
0.12156863
0.12549020
0.12941177
0.16078432
0.14901961
0.12156863
0.08235294
0.10980392
0.05490196
0.10588235
0.08235294
0.02745098
0.11372549
0.04705882
0.07843138
0.08235294
0.05490196
0.16470589
0.12549020
0.16470589
0.26274511
0.34509805
0.28235295
0.24705882
0.20392157
0.18823530
0.23529412
0.29019609
0.20000000
0.07450981
0.11764706
0.16078432
0.29411766
0.23137255
0.22352941
0.13725491
0.16862746
0.18823530
0.09411765
0.10980392
0.04313726
0.04313726
0.07843138
0.07843138
0.13725491
0.08235294
0.03529412
0.09411765
0.13333334
0.12941177
0.03137255
0.12941177
0.21960784
0.20000000
0.12941177
0.20784314
0.14117648
0.07843138
0.14117648
0.18431373
0.16078432
0.09019608
0.12549020
0.18431373
0.29019609
0.20000000
0.24705882
0.19607843
0.11764706
0.10588235
0.17647059
0.14117648
0.09019608
0.12156863
0.12156863
0.08235294
0.06666667
0.10196079
0.03921569
0.01568628
0.05490196
0.03137255
0.01960784
0.06274510
0.07843138
0.06274510
0.09411765
0.20000000
0.15294118
0.06666667
0.08235294
0.06274510
0.09803922
0.10588235
0.12941177
0.24313726
0.20784314
0.25882354
0.23529412
0.18039216
0.20392157
0.21568628
0.22745098
0.16078432
0.11764706
0.14509805
0.11764706
0.09411765
0.01176471
0.03921569
0.04313726
0.03137255
0.02352941
0.03137255
0.02352941
0.10196079
0.04313726
0.01176471
0.04313726
0.14117648
0.13725491
0.05882353
0.05490196
0.04705882
0.08235294
0.10588235
0.07843138
0.12941177
0.18039216
0.21568628
0.18039216
0.20000000
0.20784314
0.21176471
0.18823530
0.10196079
0.12549020
0.11372549
0.07843138
0.13333334
0.09411765
0.11764706
0.10588235
0.05098039
0.02352941
0.05098039
0.01960784
0.18039216
0.12156863
0.06666667
0.00784314
0.08627451
0.11764706
0.06666667
0.08235294
0.07450981
0.07450981
0.10196079
0.08235294
0.09803922
0.12549020
0.15294118
0.23529412
0.20784314
0.13725491
0.09019608
0.21176471
0.14117648
0.08627451
0.12156863
0.05490196
0.02352941
0.09411765
0.09411765
0.08235294
0.05882353
0.01960784
0.04313726
0.03137255
0.17254902
0.26274511
0.30588236
0.15294118
0.15686275
0.15686275
0.10588235
0.09411765
0.06666667
0.04705882
0.09803922
0.10196079
0.13333334
0.15686275
0.23529412
0.20784314
0.20784314
0.18039216
0.20000000
0.18039216
0.15686275
0.09019608
0.11372549
0.06274510
0.05882353
0.06274510
0.04313726
0.06666667
0.10196079
0.07058824
0.05098039
0.03137255
0.25882354
0.30196080
0.41960785
0.32549021
0.22745098
0.15294118
0.10980392
0.10980392
0.06666667
0.05490196
0.19607843
0.22352941
0.16862746
0.16470589
0.20000000
0.19607843
0.30196080
0.28627452
0.32549021
0.27843139
0.16078432
0.10588235
0.07058824
0.05882353
0.05490196
0.06666667
0.04313726
0.05490196
0.09411765
0.07843138
0.06274510
0.01960784
0.36862746
0.27450982
0.35294119
0.39215687
0.30980393
0.20392157
0.10196079
0.11764706
0.08235294
0.18039216
0.46274510
0.48627451
0.36078432
0.35294119
0.39215687
0.40784314
0.50980395
0.47843137
0.35294119
0.33333334
0.35686275
0.39215687
0.33333334
0.22352941
0.18039216
0.12156863
0.07058824
0.08627451
0.07450981
0.06274510
0.12156863
0.11372549
0.39215687
0.30588236
0.20000000
0.29803923
0.36470589
0.35294119
0.27058825
0.21176471
0.20784314
0.41960785
0.62352943
0.58039218
0.47843137
0.47843137
0.57647061
0.59607846
0.59607846
0.57254905
0.44705883
0.45882353
0.58431375
0.61176473
0.60784316
0.58039218
0.52941179
0.38823530
0.24313726
0.17254902
0.12156863
0.04705882
0.07058824
0.17254902
0.37254903
0.34509805
0.25490198
0.31372550
0.34117648
0.37254903
0.48627451
0.45098040
0.47843137
0.60000002
0.60000002
0.51372552
0.44313726
0.48627451
0.53333336
0.56470591
0.60392159
0.60392159
0.57254905
0.58823532
0.62745100
0.58823532
0.57254905
0.63529414
0.61960787
0.57647061
0.42352942
0.23529412
0.14901961
0.14509805
0.10980392
0.08235294
0.34901962
0.34509805
0.36078432
0.38431373
0.20392157
0.20392157
0.51764709
0.60784316
0.64313728
0.61568630
0.45098040
0.33333334
0.36078432
0.47450981
0.40000001
0.43921569
0.60784316
0.63529414
0.63529414
0.63921571
0.65098041
0.62352943
0.57254905
0.62745100
0.63529414
0.61176473
0.58039218
0.39215687
0.27450982
0.37647060
0.35294119
0.08235294
0.36078432
0.38823530
0.40000001
0.32941177
0.09019608
0.10980392
0.47058824
0.62745100
0.67450982
0.54509807
0.30588236
0.24313726
0.31764707
0.40392157
0.30980393
0.36470589
0.59607846
0.66274512
0.67450982
0.67450982
0.68627453
0.68627453
0.65490198
0.65098041
0.67058825
0.68235296
0.68627453
0.56470591
0.40392157
0.49019608
0.57254905
0.29019609
0.40392157
0.43137255
0.43137255
0.27843139
0.10196079
0.07058824
0.36078432
0.60392159
0.68235296
0.52156866
0.28627452
0.27450982
0.30588236
0.34117648
0.27843139
0.40392157
0.62352943
0.67843139
0.70196080
0.69411767
0.70588237
0.71372551
0.67450982
0.66274512
0.70980394
0.72941178
0.72549021
0.63921571
0.41568628
0.37254903
0.50980395
0.37647060
0.45098040
0.45490196
0.40784314
0.23921569
0.16078432
0.11764706
0.28235295
0.55686277
0.67450982
0.59215689
0.45098040
0.37254903
0.31372550
0.30196080
0.26274511
0.47450981
0.65882355
0.67843139
0.69411767
0.69411767
0.70588237
0.70980394
0.65882355
0.66274512
0.72156864
0.73725492
0.74117649
0.67058825
0.45882353
0.27058825
0.31764707
0.26666668
0.48235294
0.43137255
0.30196080
0.20000000
0.17647059
0.13725491
0.20000000
0.50588238
0.67450982
0.70196080
0.64705884
0.51372552
0.39607844
0.30980393
0.24705882
0.49019608
0.67843139
0.67058825
0.63921571
0.66274512
0.68627453
0.67058825
0.66274512
0.69019610
0.72941178
0.72941178
0.71372551
0.65098041
0.45882353
0.25490198
0.27843139
0.25882354
0.49019608
0.34509805
0.20000000
0.18823530
0.17254902
0.13333334
0.07843138
0.35294119
0.63137257
0.72941178
0.71764708
0.62745100
0.55686277
0.43921569
0.30196080
0.49019608
0.65882355
0.64313728
0.61176473
0.64705884
0.65882355
0.63921571
0.67450982
0.70196080
0.71372551
0.68627453
0.61176473
0.52156866
0.39607844
0.30196080
0.32549021
0.29019609
0.42352942
0.23529412
0.17254902
0.18039216
0.16862746
0.16470589
0.08627451
0.12156863
0.45490196
0.69803923
0.72941178
0.67450982
0.63529414
0.58039218
0.47058824
0.54117650
0.61176473
0.60000002
0.62745100
0.65098041
0.61176473
0.62745100
0.68235296
0.69803923
0.69411767
0.61176473
0.43921569
0.36862746
0.38823530
0.37254903
0.36470589
0.31764707
0.32549021
0.18823530
0.17647059
0.17647059
0.16470589
0.16862746
0.16862746
0.07843138
0.20784314
0.59607846
0.69803923
0.69019610
0.62352943
0.56470591
0.52549022
0.52549022
0.53333336
0.53725493
0.56078434
0.55294120
0.50980395
0.58431375
0.68627453
0.69803923
0.70588237
0.55686277
0.32156864
0.34509805
0.41960785
0.41960785
0.41176471
0.35686275
0.24313726
0.18823530
0.17647059
0.17647059
0.18039216
0.18039216
0.18823530
0.16470589
0.09019608
0.43137255
0.65098041
0.67843139
0.57254905
0.42745098
0.34117648
0.32941177
0.35294119
0.31372550
0.30196080
0.29411766
0.23529412
0.41568628
0.65098041
0.69019610
0.73725492
0.58823532
0.28627452
0.30196080
0.43137255
0.44705883
0.45882353
0.43529412
0.19607843
0.18039216
0.17254902
0.18039216
0.18823530
0.18823530
0.19607843
0.18823530
0.07843138
0.30980393
0.64313728
0.67058825
0.55294120
0.36470589
0.17647059
0.12549020
0.14117648
0.13725491
0.11764706
0.14509805
0.12549020
0.16078432
0.49803922
0.67450982
0.72549021
0.68627453
0.43921569
0.29803923
0.41176471
0.46666667
0.44313726
0.43137255
0.16862746
0.16078432
0.16470589
0.17254902
0.18039216
0.16862746
0.18823530
0.18823530
0.10196079
0.26666668
0.65490198
0.67450982
0.55294120
0.46274510
0.24313726
0.14509805
0.13333334
0.16862746
0.16862746
0.16862746
0.16470589
0.07450981
0.21960784
0.51372552
0.63921571
0.58431375
0.46274510
0.33725491
0.32941177
0.41176471
0.38823530
0.38823530
0.16470589
0.16470589
0.15686275
0.15294118
0.18823530
0.21960784
0.25490198
0.28627452
0.21960784
0.30588236
0.65490198
0.64313728
0.53725493
0.54509807
0.31372550
0.19607843
0.18823530
0.21568628
0.20784314
0.17254902
0.16470589
0.14117648
0.10980392
0.21568628
0.32941177
0.25098041
0.22352941
0.23921569
0.20784314
0.23921569
0.35686275
0.41960785
0.17647059
0.17254902
0.18823530
0.22352941
0.27843139
0.31764707
0.32549021
0.35294119
0.31764707
0.36470589
0.66274512
0.61568630
0.51764709
0.48627451
0.33333334
0.28235295
0.25882354
0.25882354
0.23921569
0.21176471
0.20392157
0.20784314
0.24705882
0.20392157
0.21568628
0.22352941
0.23529412
0.23921569
0.22352941
0.18823530
0.21960784
0.32156864
0.20784314
0.22745098
0.27450982
0.30588236
0.29803923
0.30196080
0.30980393
0.32156864
0.29019609
0.34117648
0.62352943
0.61176473
0.47450981
0.37254903
0.30588236
0.30588236
0.26666668
0.27058825
0.29019609
0.27450982
0.27843139
0.27843139
0.23529412
0.19215687
0.20000000
0.20392157
0.20392157
0.19607843
0.21568628
0.23529412
0.18431373
0.16078432
0.28627452
0.33725491
0.34509805
0.32549021
0.29411766
0.28627452
0.28627452
0.29803923
0.26274511
0.26666668
0.56470591
0.60392159
0.38431373
0.21960784
0.25882354
0.33333334
0.32549021
0.35294119
0.40392157
0.38823530
0.36862746
0.28627452
0.19215687
0.20000000
0.20000000
0.19607843
0.19607843
0.20392157
0.20392157
0.21960784
0.20784314
0.18039216
0.34509805
0.34509805
0.34509805
0.32156864
0.29411766
0.29019609
0.30196080
0.30196080
0.27843139
0.31764707
0.54509807
0.55294120
0.29019609
0.14901961
0.28235295
0.34509805
0.34509805
0.39607844
0.44313726
0.43529412
0.37254903
0.20784314
0.17647059
0.20392157
0.21176471
0.21568628
0.21960784
0.23137255
0.23137255
0.21176471
0.19215687
0.21568628
0.34509805
0.33725491
0.34509805
0.34509805
0.34509805
0.36078432
0.36078432
0.34901962
0.36078432
0.43529412
0.54901963
0.45098040
0.30980393
0.33725491
0.37647060
0.38823530
0.39215687
0.38823530
0.36470589
0.37647060
0.30196080
0.19215687
0.20000000
0.19215687
0.21176471
0.22352941
0.22745098
0.22352941
0.22745098
0.20392157
0.16862746
0.21568628
0.35686275
0.36078432
0.38431373
0.40000001
0.40000001
0.40000001
0.38039216
0.36862746
0.41568628
0.47058824
0.46666667
0.35294119
0.37254903
0.43921569
0.41568628
0.40000001
0.38823530
0.36470589
0.36862746
0.36078432
0.22352941
0.20000000
0.21960784
0.20784314
0.22745098
0.23529412
0.23921569
0.23137255
0.22352941
0.23921569
0.21568628
0.20000000
0.41568628
0.39215687
0.39215687
0.38823530
0.35686275
0.38039216
0.40784314
0.36078432
0.34901962
0.39215687
0.36862746
0.37254903
0.40784314
0.39607844
0.38431373
0.40000001
0.40784314
0.43137255
0.43921569
0.26274511
0.17647059
0.21960784
0.23529412
0.23529412
0.23921569
0.24705882
0.24313726
0.23921569
0.23137255
0.36078432
0.29803923
0.19607843
1 0 0 0 0 -1 0 0 0 0 0
0 1 0 0 0 -1 0 0 0 0 0
0 0 1 0 0 -1 0 0 0 0 0
0 0 0 1 0 -1 0 0 0 0 0
0 0 0 0 1 -1 0 0 0 0 0
0 0 0 0 0 -1 1 0 0 0 0
0 0 0 0 0 -1 0 1 0 0 0
0 0 0 0 0 -1 0 0 1 0 0
0 0 0 0 0 -1 0 0 0 1 0
