0.87843138
0.91764706
0.92549020
0.54509807
0.31372550
0.37254903
0.78431374
0.85098040
0.47843137
0.45490196
0.76470590
0.77254903
0.49019608
0.67058825
0.89803922
0.89019608
0.89803922
0.90196079
0.90980393
0.90980393
0.91764706
0.90980393
0.92156863
0.92549020
0.91372550
0.89411765
0.84705883
0.75294119
0.72156864
0.77254903
0.77647060
0.77254903
0.85490197
0.92156863
0.93333334
0.61176473
0.35686275
0.40000001
0.77254903
0.87450981
0.57254905
0.56078434
0.80000001
0.84313726
0.65882355
0.76470590
0.90980393
0.90980393
0.90196079
0.89411765
0.89411765
0.89019608
0.90196079
0.90980393
0.91764706
0.91372550
0.90588236
0.87450981
0.87450981
0.81960785
0.74901962
0.80392158
0.78431374
0.79215688
0.85098040
0.92156863
0.92156863
0.85098040
0.78823531
0.77647060
0.87450981
0.92156863
0.81568629
0.80392158
0.88235295
0.87058824
0.69803923
0.81960785
0.90588236
0.88627452
0.89803922
0.88235295
0.86666667
0.88235295
0.89803922
0.90196079
0.90980393
0.90588236
0.88627452
0.82352942
0.81176472
0.81568629
0.76470590
0.81176472
0.81568629
0.82745099
0.82745099
0.93333334
0.93333334
0.81960785
0.66274512
0.66274512
0.82352942
0.91372550
0.70588237
0.62352943
0.81960785
0.82352942
0.45882353
0.71372551
0.87843138
0.83137256
0.87450981
0.87058824
0.87058824
0.89803922
0.88627452
0.88627452
0.89019608
0.88627452
0.88235295
0.83529413
0.80392158
0.78823531
0.82352942
0.85098040
0.83921570
0.83137256
0.81960785
0.94509804
0.95294118
0.72156864
0.39607844
0.37254903
0.70588237
0.92549020
0.56470591
0.43921569
0.73725492
0.85490197
0.48627451
0.68235296
0.82352942
0.81960785
0.88627452
0.87450981
0.88627452
0.89803922
0.90196079
0.88235295
0.87450981
0.88235295
0.92549020
0.88235295
0.80000001
0.76470590
0.92549020
0.93725491
0.92941177
0.89019608
0.76862746
0.95686275
0.95294118
0.76862746
0.39215687
0.35294119
0.71372551
0.89019608
0.53725493
0.40392157
0.50196081
0.52941179
0.33725491
0.43137255
0.47843137
0.54509807
0.73725492
0.85490197
0.87450981
0.85882354
0.80784315
0.86274511
0.88235295
0.92156863
0.87058824
0.77254903
0.72156864
0.66666669
0.89411765
0.88627452
0.90196079
0.89019608
0.71764708
0.96078432
0.94509804
0.84313726
0.64705884
0.66666669
0.75686276
0.50588238
0.27058825
0.24313726
0.22745098
0.21568628
0.24313726
0.23921569
0.21568628
0.26666668
0.38823530
0.54901963
0.69411767
0.59215689
0.46274510
0.89019608
0.92941177
0.81960785
0.69019610
0.72941178
0.71372551
0.49019608
0.71372551
0.84705883
0.89411765
0.91372550
0.65882355
0.96078432
0.93725491
0.90980393
0.89411765
0.90196079
0.62352943
0.33333334
0.28627452
0.21568628
0.25098041
0.35294119
0.34901962
0.31372550
0.32549021
0.42745098
0.41176471
0.37254903
0.54901963
0.40784314
0.24705882
0.56862748
0.78039217
0.82745099
0.81568629
0.80392158
0.71764708
0.42745098
0.56862748
0.89803922
0.91372550
0.91764706
0.64705884
0.95686275
0.93725491
0.92941177
0.79215688
0.70980394
0.38431373
0.30196080
0.29411766
0.19215687
0.25098041
0.30980393
0.26666668
0.30588236
0.30980393
0.43137255
0.41960785
0.33725491
0.56862748
0.56862748
0.28627452
0.50980395
0.71372551
0.79215688
0.77647060
0.76470590
0.73333335
0.58431375
0.54901963
0.70196080
0.72549021
0.74901962
0.67843139
0.95294118
0.92156863
0.61960787
0.42352942
0.43529412
0.41568628
0.29803923
0.23921569
0.20000000
0.20784314
0.20392157
0.20000000
0.20784314
0.23529412
0.26274511
0.28235295
0.25098041
0.40784314
0.71764708
0.52156866
0.54509807
0.72156864
0.74117649
0.71372551
0.70588237
0.73333335
0.70588237
0.68627453
0.70196080
0.70980394
0.72941178
0.67058825
0.95686275
0.78039217
0.38039216
0.38431373
0.29803923
0.42352942
0.48235294
0.34901962
0.23137255
0.26274511
0.23137255
0.20784314
0.21568628
0.26666668
0.24705882
0.23529412
0.27450982
0.29803923
0.46666667
0.65882355
0.56862748
0.70980394
0.72549021
0.74117649
0.77254903
0.81176472
0.69019610
0.71764708
0.72941178
0.73333335
0.74117649
0.64313728
0.94117647
0.55686277
0.29411766
0.41176471
0.37254903
0.26274511
0.30196080
0.35686275
0.28627452
0.23921569
0.23137255
0.21960784
0.25882354
0.29803923
0.31372550
0.30196080
0.34509805
0.45490196
0.34901962
0.48235294
0.58823532
0.55686277
0.47450981
0.44705883
0.58823532
0.73333335
0.66666669
0.73333335
0.72156864
0.72941178
0.73725492
0.58431375
0.91764706
0.51764709
0.30196080
0.30196080
0.27843139
0.32941177
0.34117648
0.31372550
0.24313726
0.21960784
0.23529412
0.23921569
0.26666668
0.30588236
0.29019609
0.24705882
0.25882354
0.30980393
0.28235295
0.28235295
0.34901962
0.34117648
0.26274511
0.23137255
0.31372550
0.37254903
0.51764709
0.67450982
0.71372551
0.75294119
0.74117649
0.61176473
0.89019608
0.70196080
0.39607844
0.30980393
0.29019609
0.42352942
0.43529412
0.38039216
0.33333334
0.26666668
0.25098041
0.23921569
0.25490198
0.26274511
0.25098041
0.20784314
0.20392157
0.20392157
0.20784314
0.22352941
0.24313726
0.27058825
0.21568628
0.23529412
0.27843139
0.23529412
0.32549021
0.58039218
0.69411767
0.72941178
0.68235296
0.70980394
0.83921570
0.78823531
0.48235294
0.29019609
0.35294119
0.42352942
0.50588238
0.45882353
0.42352942
0.38823530
0.22745098
0.26274511
0.27843139
0.26666668
0.29019609
0.26274511
0.21568628
0.21176471
0.20392157
0.20000000
0.22745098
0.25882354
0.21960784
0.22745098
0.29019609
0.21568628
0.29019609
0.67450982
0.63921571
0.68235296
0.71764708
0.74901962
0.83529413
0.79215688
0.55686277
0.24313726
0.35294119
0.36078432
0.43137255
0.51372552
0.47450981
0.35686275
0.22745098
0.25098041
0.22352941
0.22352941
0.25490198
0.29019609
0.27450982
0.22745098
0.21960784
0.24313726
0.23529412
0.23921569
0.22745098
0.22745098
0.25098041
0.23921569
0.24705882
0.49803922
0.59607846
0.67843139
0.70196080
0.74901962
0.82745099
0.78039217
0.52549022
0.24705882
0.35686275
0.36078432
0.38823530
0.43137255
0.45882353
0.34509805
0.25490198
0.24705882
0.24705882
0.24313726
0.22745098
0.29019609
0.46666667
0.34509805
0.22352941
0.23921569
0.23137255
0.21568628
0.21960784
0.21960784
0.21960784
0.24313726
0.27450982
0.36078432
0.58431375
0.80000001
0.80392158
0.76862746
0.83137256
0.79607844
0.41568628
0.23137255
0.35294119
0.32156864
0.35686275
0.44313726
0.41568628
0.35294119
0.31372550
0.33725491
0.23921569
0.21568628
0.23137255
0.47450981
0.81960785
0.48235294
0.21960784
0.20392157
0.20000000
0.20392157
0.21568628
0.21568628
0.20784314
0.21960784
0.27058825
0.43921569
0.54117650
0.85098040
0.88627452
0.81568629
0.85490197
0.83921570
0.50588238
0.43137255
0.52549022
0.41568628
0.29803923
0.38039216
0.46666667
0.37254903
0.44313726
0.45098040
0.29411766
0.22745098
0.22352941
0.54117650
0.90196079
0.54117650
0.25490198
0.25882354
0.25098041
0.21568628
0.21176471
0.23529412
0.30980393
0.29019609
0.21960784
0.28627452
0.45098040
0.88235295
0.94117647
0.82745099
0.85882354
0.86274511
0.75686276
0.70196080
0.70196080
0.63921571
0.46666667
0.34117648
0.43137255
0.38823530
0.69803923
0.56862748
0.40000001
0.29411766
0.22352941
0.36470589
0.66666669
0.44313726
0.28235295
0.43921569
0.47058824
0.25490198
0.27058825
0.28627452
0.30588236
0.36078432
0.26274511
0.30196080
0.54901963
0.91372550
0.94901961
0.83529413
0.86274511
0.87058824
0.81960785
0.79215688
0.78823531
0.77254903
0.72549021
0.58431375
0.44313726
0.38823530
0.79215688
0.71764708
0.49803922
0.34117648
0.25882354
0.21176471
0.36078432
0.32941177
0.20784314
0.44705883
0.55294120
0.31372550
0.30980393
0.25882354
0.26274511
0.31372550
0.37254903
0.50980395
0.64313728
0.93725491
0.95294118
0.85882354
0.87450981
0.88627452
0.85490197
0.83529413
0.84313726
0.84705883
0.83529413
0.80392158
0.68627453
0.44705883
0.80784315
0.83137256
0.58431375
0.39607844
0.21960784
0.18039216
0.23137255
0.33725491
0.33333334
0.34117648
0.37647060
0.32549021
0.33725491
0.32941177
0.32941177
0.27843139
0.30980393
0.40784314
0.59607846
0.94117647
0.95686275
0.88235295
0.89019608
0.90588236
0.88627452
0.87058824
0.87450981
0.88235295
0.87450981
0.86274511
0.83137256
0.51764709
0.76862746
0.86274511
0.63529414
0.49019608
0.27450982
0.28627452
0.28235295
0.30588236
0.40392157
0.32941177
0.30196080
0.33725491
0.49803922
0.36862746
0.29019609
0.25882354
0.22352941
0.38431373
0.77254903
0.95294118
0.95686275
0.90196079
0.90980393
0.91372550
0.89803922
0.89019608
0.90588236
0.90588236
0.89803922
0.89803922
0.89803922
0.64313728
0.71764708
0.84313726
0.62745100
0.56078434
0.41568628
0.40784314
0.40784314
0.40784314
0.47450981
0.38823530
0.35294119
0.41568628
0.52941179
0.38431373
0.29019609
0.31372550
0.54117650
0.85098040
0.94117647
0.94901961
0.95686275
0.91372550
0.90588236
0.92941177
0.91372550
0.90980393
0.92156863
0.92549020
0.92549020
0.92941177
0.93333334
0.86274511
0.74509805
0.80000001
0.59607846
0.59215689
0.48235294
0.44313726
0.40000001
0.41960785
0.45882353
0.42745098
0.44313726
0.45882353
0.38039216
0.40784314
0.58431375
0.72549021
0.85098040
0.89803922
0.93333334
0.96078432
0.96078432
0.92941177
0.91764706
0.92549020
0.92941177
0.93725491
0.94509804
0.94901961
0.94901961
0.94901961
0.94901961
0.94117647
0.75294119
0.74117649
0.58823532
0.61568630
0.50196081
0.43921569
0.41176471
0.43137255
0.45098040
0.44313726
0.44313726
0.48235294
0.45098040
0.71372551
0.87843138
0.78039217
0.78039217
0.86274511
0.95686275
0.97254902
0.97254902
0.94509804
0.93725491
0.94509804
0.94117647
0.94509804
0.96078432
0.96862745
0.96862745
0.96470588
0.95686275
0.97254902
0.83529413
0.53333336
0.56078434
0.64705884
0.67843139
0.56862748
0.56862748
0.62745100
0.61960787
0.60000002
0.60784316
0.66274512
0.64705884
0.74509805
0.77254903
0.77647060
0.87843138
0.95686275
0.98039216
0.98431373
0.98431373
0.95294118
0.94509804
0.95294118
0.95294118
0.95294118
0.96862745
0.97647059
0.98039216
0.98039216
0.97647059
0.98039216
0.95294118
0.68235296
0.69803923
0.81568629
0.92156863
0.91372550
0.88627452
0.89803922
0.89411765
0.89019608
0.90196079
0.91764706
0.89411765
0.78039217
0.84313726
0.92156863
0.95294118
0.96862745
0.98039216
0.98823529
0.96862745
0.95686275
0.94901961
0.95686275
0.96470588
0.96470588
0.98039216
0.98431373
0.98431373
0.99215686
0.99215686
0.98823529
0.98823529
0.95686275
0.94901961
0.96862745
0.97647059
0.97254902
0.97647059
0.97254902
0.95294118
0.96470588
0.97647059
0.96862745
0.96862745
0.95294118
0.96470588
0.96862745
0.97254902
0.98431373
0.99607843
0.98431373
0.96470588
0.96862745
0.95294118
0.95294118
0.96862745
0.97254902
0.98431373
0.99607843
0.99215686
0.98823529
0.98823529
0.99607843
0.99607843
0.98431373
0.98431373
0.98431373
0.98823529
0.98431373
0.98431373
0.98039216
0.96862745
0.97647059
0.98823529
0.98823529
0.98823529
0.98431373
0.98039216
0.98823529
0.98823529
0.99215686
0.99215686
0.96862745
0.98431373
0.97647059
0.96470588
0.95686275
0.96078432
0.97647059
0.99215686
1.00000000
0.99215686
0.98039216
0.98431373
0.99215686
0.98823529
0.98431373
0.98823529
0.98823529
0.98823529
0.99215686
0.99215686
0.98823529
0.99215686
0.99215686
0.98823529
0.98823529
0.99215686
0.98823529
0.98823529
0.99215686
0.99215686
0.99215686
0.98039216
0.97254902
0.98823529
0.97647059
0.96470588
0.96862745
0.96862745
0.97647059
0.98823529
0.99607843
0.98823529
0.98431373
0.98823529
0.99215686
0.97647059
0.97647059
0.98823529
0.99215686
0.99215686
0.98823529
0.98823529
0.98823529
0.99215686
0.99215686
0.99215686
0.98823529
0.98823529
0.98823529
0.99215686
0.98823529
0.98823529
0.98823529
0.98431373
0.98823529
0.99215686
0.86666667
0.92941177
0.92549020
0.51764709
0.30588236
0.38431373
0.77647060
0.83529413
0.49803922
0.49411765
0.77254903
0.74901962
0.50980395
0.68627453
0.89019608
0.87058824
0.85882354
0.86274511
0.87058824
0.87058824
0.89803922
0.90196079
0.91372550
0.91372550
0.90196079
0.88235295
0.84705883
0.77647060
0.74901962
0.77647060
0.78823531
0.79607844
0.84705883
0.93333334
0.92941177
0.59215689
0.35686275
0.42352942
0.77254903
0.86274511
0.58431375
0.57647061
0.80000001
0.82745099
0.66666669
0.77254903
0.90196079
0.89411765
0.87843138
0.86666667
0.86666667
0.86274511
0.89019608
0.90980393
0.91764706
0.91372550
0.90196079
0.85882354
0.85490197
0.81176472
0.75686276
0.80000001
0.79215688
0.81176472
0.83921570
0.93333334
0.92156863
0.84313726
0.80392158
0.81568629
0.88235295
0.90980393
0.80784315
0.79215688
0.87450981
0.87058824
0.69019610
0.80784315
0.89803922
0.87450981
0.88235295
0.86666667
0.85098040
0.87058824
0.89411765
0.90588236
0.91372550
0.90588236
0.90980393
0.85098040
0.80784315
0.82352942
0.79215688
0.80000001
0.81176472
0.83529413
0.81568629
0.94509804
0.93333334
0.81568629
0.69019610
0.70588237
0.84313726
0.90588236
0.68627453
0.58823532
0.80392158
0.83529413
0.43529412
0.69019610
0.86274511
0.82352942
0.87058824
0.86666667
0.86666667
0.89019608
0.89019608
0.89803922
0.89803922
0.89411765
0.91372550
0.85490197
0.76470590
0.75294119
0.82352942
0.82745099
0.82352942
0.82745099
0.80784315
0.95294118
0.95294118
0.72156864
0.42745098
0.41960785
0.72941178
0.91764706
0.52941179
0.38431373
0.71764708
0.87058824
0.45490196
0.65490198
0.81176472
0.81568629
0.88235295
0.87058824
0.88235295
0.89803922
0.91372550
0.90980393
0.90196079
0.90588236
0.92156863
0.80392158
0.64705884
0.62352943
0.84705883
0.90196079
0.90588236
0.88235295
0.76470590
0.96078432
0.95686275
0.77254903
0.40392157
0.36862746
0.72549021
0.87450981
0.48627451
0.36078432
0.48627451
0.53725493
0.32549021
0.42352942
0.47450981
0.54509807
0.73333335
0.87058824
0.89803922
0.86274511
0.80392158
0.89803922
0.92156863
0.89803922
0.72549021
0.49803922
0.41568628
0.44705883
0.81568629
0.87450981
0.90588236
0.90588236
0.72156864
0.96470588
0.94901961
0.84313726
0.64705884
0.66666669
0.76078433
0.49411765
0.24313726
0.22745098
0.23137255
0.23137255
0.26274511
0.26274511
0.23529412
0.28235295
0.39215687
0.57647061
0.73333335
0.60000002
0.44313726
0.85882354
0.85490197
0.66274512
0.42745098
0.37647060
0.38039216
0.29411766
0.67843139
0.85098040
0.89019608
0.90588236
0.66274512
0.96470588
0.94117647
0.91372550
0.89803922
0.90588236
0.62745100
0.33725491
0.29803923
0.23137255
0.27843139
0.38823530
0.39215687
0.35686275
0.37254903
0.46666667
0.42745098
0.40000001
0.59215689
0.42352942
0.26666668
0.50588238
0.58823532
0.60000002
0.53333336
0.42745098
0.37254903
0.21960784
0.49803922
0.82352942
0.81960785
0.79607844
0.65098041
0.95686275
0.93725491
0.93725491
0.80392158
0.72156864
0.39215687
0.32549021
0.33333334
0.23137255
0.28627452
0.34901962
0.31764707
0.36078432
0.36078432
0.47843137
0.44313726
0.37647060
0.61960787
0.59607846
0.22745098
0.27058825
0.30588236
0.36862746
0.38039216
0.34117648
0.32549021
0.27058825
0.31764707
0.45098040
0.43921569
0.42352942
0.68235296
0.95294118
0.92156863
0.63529414
0.44705883
0.45490196
0.43137255
0.32156864
0.28235295
0.22745098
0.22352941
0.21568628
0.22745098
0.23921569
0.26666668
0.29019609
0.30588236
0.30196080
0.46666667
0.75294119
0.47058824
0.35294119
0.39607844
0.39215687
0.38823530
0.35686275
0.33725491
0.30588236
0.29803923
0.28627452
0.27450982
0.27058825
0.67843139
0.96078432
0.77647060
0.40000001
0.41568628
0.32549021
0.44313726
0.50588238
0.37647060
0.24313726
0.25882354
0.21960784
0.21176471
0.21960784
0.27058825
0.25098041
0.25490198
0.32549021
0.36470589
0.50588238
0.65882355
0.51372552
0.58823532
0.57254905
0.58431375
0.58431375
0.52156866
0.28627452
0.26274511
0.25490198
0.25882354
0.26274511
0.63921571
0.94509804
0.56470591
0.30980393
0.43529412
0.38823530
0.26666668
0.30588236
0.36470589
0.29019609
0.24313726
0.23529412
0.22352941
0.27058825
0.30588236
0.32549021
0.32941177
0.38823530
0.50196081
0.38823530
0.49019608
0.56862748
0.52941179
0.42745098
0.41568628
0.54509807
0.56078434
0.29411766
0.24705882
0.25490198
0.25882354
0.25490198
0.57647061
0.91764706
0.52941179
0.31764707
0.32156864
0.29019609
0.33333334
0.34117648
0.31764707
0.25098041
0.23529412
0.25098041
0.24705882
0.28235295
0.32156864
0.30588236
0.27058825
0.29019609
0.34117648
0.30980393
0.29803923
0.35686275
0.34901962
0.27450982
0.25098041
0.31764707
0.27450982
0.25882354
0.28627452
0.30196080
0.33333334
0.29019609
0.60392159
0.88627452
0.70980394
0.40784314
0.32549021
0.30588236
0.43921569
0.44705883
0.39215687
0.34509805
0.27450982
0.25882354
0.24705882
0.26666668
0.27058825
0.25882354
0.22352941
0.21960784
0.22352941
0.22352941
0.23137255
0.24705882
0.27450982
0.21960784
0.24705882
0.29411766
0.21176471
0.23137255
0.38823530
0.42352942
0.45098040
0.37254903
0.69019610
0.83529413
0.78823531
0.49411765
0.30588236
0.36862746
0.44313726
0.52941179
0.47843137
0.43921569
0.40000001
0.23529412
0.26666668
0.28235295
0.26666668
0.29019609
0.27058825
0.22745098
0.22352941
0.21176471
0.20392157
0.22745098
0.25882354
0.21960784
0.23137255
0.30980393
0.25490198
0.31764707
0.64705884
0.55686277
0.61176473
0.60392159
0.72549021
0.82352942
0.79215688
0.56862748
0.25882354
0.36470589
0.38039216
0.45490196
0.52941179
0.49019608
0.36862746
0.23921569
0.25490198
0.21960784
0.21176471
0.24705882
0.29803923
0.28627452
0.23529412
0.23137255
0.24313726
0.22745098
0.23529412
0.22352941
0.22352941
0.26666668
0.28235295
0.28235295
0.49803922
0.59607846
0.70980394
0.67843139
0.72549021
0.81176472
0.77647060
0.53725493
0.26274511
0.36470589
0.37254903
0.40392157
0.44705883
0.47450981
0.35686275
0.26666668
0.24705882
0.23921569
0.22745098
0.21568628
0.29803923
0.48235294
0.36078432
0.23921569
0.24313726
0.22352941
0.20784314
0.21176471
0.21176471
0.22352941
0.25882354
0.26666668
0.31372550
0.54901963
0.80000001
0.74509805
0.74901962
0.81176472
0.77647060
0.41568628
0.23921569
0.35686275
0.32549021
0.36078432
0.45098040
0.42745098
0.36862746
0.32156864
0.32941177
0.24705882
0.22352941
0.22352941
0.47843137
0.85098040
0.49803922
0.22745098
0.22352941
0.20784314
0.20392157
0.21176471
0.20392157
0.19215687
0.20784314
0.25098041
0.41176471
0.50588238
0.81176472
0.81176472
0.79607844
0.83137256
0.81568629
0.49803922
0.43137255
0.52549022
0.41176471
0.29411766
0.38431373
0.47058824
0.38039216
0.44705883
0.43137255
0.31372550
0.27058825
0.25882354
0.57254905
0.94901961
0.56078434
0.25490198
0.25490198
0.23529412
0.20784314
0.21568628
0.25098041
0.31764707
0.29019609
0.22352941
0.29411766
0.44705883
0.84313726
0.89019608
0.80784315
0.83529413
0.83529413
0.74901962
0.70196080
0.69803923
0.63529414
0.46274510
0.33725491
0.43137255
0.39215687
0.69019610
0.54509807
0.42745098
0.37254903
0.32156864
0.44313726
0.74117649
0.47843137
0.28235295
0.38823530
0.40392157
0.22745098
0.28627452
0.32549021
0.33725491
0.38431373
0.28627452
0.32156864
0.54509807
0.87843138
0.90588236
0.81176472
0.83529413
0.84313726
0.80392158
0.78823531
0.78039217
0.76470590
0.72156864
0.58039218
0.43921569
0.38823530
0.78039217
0.69019610
0.51764709
0.43921569
0.40392157
0.32549021
0.44705883
0.38823530
0.23921569
0.40000001
0.47058824
0.28235295
0.32941177
0.29411766
0.29019609
0.34901962
0.41568628
0.55294120
0.64705884
0.90980393
0.92156863
0.83529413
0.84705883
0.85882354
0.83529413
0.82352942
0.82352942
0.82745099
0.81960785
0.79607844
0.67450982
0.43529412
0.78823531
0.80000001
0.58823532
0.47450981
0.35686275
0.28627452
0.31372550
0.42745098
0.42745098
0.37647060
0.36862746
0.33333334
0.36470589
0.35686275
0.34509805
0.30980393
0.35294119
0.44705883
0.61176473
0.92549020
0.93333334
0.85882354
0.86274511
0.87450981
0.86274511
0.84705883
0.85098040
0.85098040
0.85490197
0.85098040
0.81176472
0.49803922
0.74509805
0.83137256
0.61568630
0.53333336
0.37647060
0.36470589
0.35686275
0.42352942
0.55294120
0.45098040
0.38823530
0.40000001
0.54117650
0.39215687
0.30196080
0.27450982
0.23921569
0.39607844
0.79607844
0.94901961
0.94117647
0.88627452
0.89019608
0.89411765
0.88235295
0.87058824
0.88627452
0.88627452
0.87843138
0.88235295
0.88235295
0.62352943
0.69411767
0.81568629
0.61960787
0.59215689
0.47450981
0.44705883
0.44705883
0.47450981
0.57254905
0.50196081
0.45490196
0.47843137
0.56078434
0.39607844
0.29411766
0.31372550
0.53725493
0.84705883
0.94901961
0.94901961
0.95294118
0.90196079
0.89411765
0.91764706
0.90196079
0.89411765
0.90588236
0.90980393
0.90980393
0.91372550
0.91764706
0.84705883
0.72549021
0.77647060
0.60000002
0.61960787
0.51764709
0.48627451
0.44705883
0.48235294
0.53333336
0.50196081
0.50196081
0.49019608
0.38823530
0.40784314
0.58039218
0.72156864
0.84705883
0.89411765
0.93333334
0.96078432
0.96078432
0.91764706
0.90588236
0.91372550
0.91764706
0.92156863
0.92941177
0.93333334
0.93333334
0.93333334
0.93333334
0.92941177
0.73725492
0.72156864
0.59215689
0.63137257
0.52941179
0.48627451
0.47450981
0.50196081
0.53725493
0.50588238
0.47843137
0.50196081
0.45490196
0.70980394
0.87450981
0.77647060
0.77647060
0.85882354
0.95686275
0.97254902
0.97254902
0.93333334
0.92549020
0.93333334
0.92941177
0.92941177
0.94509804
0.95294118
0.95294118
0.94901961
0.94117647
0.95686275
0.81960785
0.52156866
0.56470591
0.65490198
0.68627453
0.56862748
0.57254905
0.64705884
0.64705884
0.62745100
0.63137257
0.67450982
0.65490198
0.74509805
0.77254903
0.77647060
0.87843138
0.95686275
0.98039216
0.98431373
0.98431373
0.94117647
0.93333334
0.94117647
0.94117647
0.93725491
0.95294118
0.96078432
0.96470588
0.96470588
0.96078432
0.96470588
0.93725491
0.67843139
0.69411767
0.81176472
0.90980393
0.87450981
0.84705883
0.87450981
0.88235295
0.89019608
0.90980393
0.92549020
0.90196079
0.78431374
0.84313726
0.92156863
0.95294118
0.96862745
0.98039216
0.98823529
0.96862745
0.94117647
0.93725491
0.94509804
0.94901961
0.94901961
0.96470588
0.96862745
0.96862745
0.97647059
0.98039216
0.97254902
0.97647059
0.94901961
0.93333334
0.94901961
0.95294118
0.95294118
0.96078432
0.96862745
0.96470588
0.96078432
0.96078432
0.96470588
0.96862745
0.95294118
0.96470588
0.96862745
0.97254902
0.98431373
0.99607843
0.98431373
0.96470588
0.95294118
0.94117647
0.94117647
0.95294118
0.95686275
0.96862745
0.98039216
0.98039216
0.98039216
0.98431373
0.98823529
0.98823529
0.98039216
0.98039216
0.97254902
0.97647059
0.98039216
0.98823529
0.99215686
0.98431373
0.97647059
0.98039216
0.98039216
0.98823529
0.98039216
0.98039216
0.98823529
0.98823529
0.99215686
0.99215686
0.96862745
0.98431373
0.96078432
0.94901961
0.94117647
0.94509804
0.96078432
0.97647059
0.98431373
0.98039216
0.98039216
0.98431373
0.99215686
0.98823529
0.98431373
0.98823529
0.98823529
0.98823529
0.99215686
0.99215686
0.98823529
0.99215686
0.99215686
0.98823529
0.98823529
0.99215686
0.98823529
0.98823529
0.99215686
0.99215686
0.99215686
0.98039216
0.97254902
0.98823529
0.96078432
0.94901961
0.95294118
0.95294118
0.96078432
0.97254902
0.98039216
0.98039216
0.98431373
0.98823529
0.99215686
0.97647059
0.97647059
0.98823529
0.99215686
0.99215686
0.98823529
0.98823529
0.98823529
0.99215686
0.99215686
0.99215686
0.98823529
0.98823529
0.98823529
0.99215686
0.98823529
0.98823529
0.98823529
0.98431373
0.98823529
0.99215686
0.83921570
0.92156863
0.90588236
0.50196081
0.28627452
0.35294119
0.74901962
0.80000001
0.43921569
0.43921569
0.74117649
0.73333335
0.48235294
0.65882355
0.86666667
0.84705883
0.83529413
0.83921570
0.84705883
0.84705883
0.87058824
0.87843138
0.89019608
0.89019608
0.87843138
0.87843138
0.87058824
0.78039217
0.72156864
0.76470590
0.77647060
0.78039217
0.81960785
0.92156863
0.90980393
0.56078434
0.31764707
0.38039216
0.74509805
0.82352942
0.51764709
0.51764709
0.76470590
0.80000001
0.62352943
0.73333335
0.87450981
0.86666667
0.83529413
0.81960785
0.81960785
0.81568629
0.85882354
0.89019608
0.89803922
0.89411765
0.88235295
0.85490197
0.86274511
0.81176472
0.73333335
0.77254903
0.75686276
0.77254903
0.81176472
0.92549020
0.90196079
0.79215688
0.73725492
0.75686276
0.85490197
0.87058824
0.73725492
0.73333335
0.83137256
0.82745099
0.63137257
0.76078433
0.86666667
0.85098040
0.83529413
0.80784315
0.79607844
0.81176472
0.86666667
0.89803922
0.90196079
0.89803922
0.89019608
0.82352942
0.78823531
0.80000001
0.76470590
0.76862746
0.77647060
0.79607844
0.78823531
0.93725491
0.91372550
0.74901962
0.60000002
0.63921571
0.81176472
0.86666667
0.61176473
0.52941179
0.75294119
0.77647060
0.36078432
0.62745100
0.82745099
0.80392158
0.83137256
0.81960785
0.81960785
0.84705883
0.86666667
0.89411765
0.89411765
0.89019608
0.90196079
0.83137256
0.73725492
0.72941178
0.81176472
0.81960785
0.81176472
0.81176472
0.78431374
0.94509804
0.93333334
0.65098041
0.33333334
0.34509805
0.69411767
0.87843138
0.46274510
0.33333334
0.66666669
0.80784315
0.37647060
0.59607846
0.77647060
0.80000001
0.86274511
0.84705883
0.85882354
0.87058824
0.90196079
0.90980393
0.90196079
0.89803922
0.91764706
0.80000001
0.63137257
0.62352943
0.87058824
0.91764706
0.91372550
0.88627452
0.75294119
0.94509804
0.93333334
0.73725492
0.36078432
0.32941177
0.69411767
0.85490197
0.48235294
0.35686275
0.47843137
0.52156866
0.30588236
0.40392157
0.47058824
0.54509807
0.72156864
0.84705883
0.87058824
0.84313726
0.79607844
0.91372550
0.93725491
0.86274511
0.67843139
0.47450981
0.38039216
0.44705883
0.85098040
0.87843138
0.89803922
0.89803922
0.70588237
0.94509804
0.92549020
0.83137256
0.63921571
0.65098041
0.74117649
0.49019608
0.26274511
0.24705882
0.24313726
0.23921569
0.26666668
0.26666668
0.24313726
0.28627452
0.38039216
0.55294120
0.70588237
0.58431375
0.44705883
0.86666667
0.84313726
0.61176473
0.36862746
0.32156864
0.30980393
0.25882354
0.69019610
0.85098040
0.89019608
0.90588236
0.64313728
0.94901961
0.92941177
0.90588236
0.89019608
0.90588236
0.63137257
0.34509805
0.31372550
0.24705882
0.29019609
0.39607844
0.39607844
0.36078432
0.37647060
0.47058824
0.42352942
0.38823530
0.57254905
0.41176471
0.26666668
0.47450981
0.50980395
0.52941179
0.48235294
0.36470589
0.29803923
0.16862746
0.47058824
0.80784315
0.80784315
0.79607844
0.62352943
0.94901961
0.94117647
0.93725491
0.80392158
0.73333335
0.42352942
0.35294119
0.34901962
0.24705882
0.30588236
0.36470589
0.32941177
0.36862746
0.37254903
0.49019608
0.44313726
0.36078432
0.60392159
0.58823532
0.25882354
0.28235295
0.26666668
0.34509805
0.35686275
0.27450982
0.26274511
0.22352941
0.27843139
0.38039216
0.37647060
0.37647060
0.64705884
0.94901961
0.93333334
0.63921571
0.45098040
0.48627451
0.48627451
0.37254903
0.30588236
0.25882354
0.25882354
0.25490198
0.25882354
0.27058825
0.29803923
0.32156864
0.31372550
0.29411766
0.45882353
0.75294119
0.49411765
0.38431373
0.41176471
0.38039216
0.31764707
0.24705882
0.26274511
0.26274511
0.25490198
0.21176471
0.20392157
0.21176471
0.63921571
0.95686275
0.80000001
0.40784314
0.42352942
0.36470589
0.52156866
0.58431375
0.41960785
0.29019609
0.30588236
0.27058825
0.25882354
0.26666668
0.31372550
0.29411766
0.27058825
0.32549021
0.36078432
0.50980395
0.66666669
0.55294120
0.63921571
0.55686277
0.46274510
0.42745098
0.42352942
0.22745098
0.21960784
0.22352941
0.23137255
0.23921569
0.62352943
0.95686275
0.60000002
0.34117648
0.45882353
0.44313726
0.39607844
0.45490196
0.47058824
0.37254903
0.29411766
0.27843139
0.28627452
0.30196080
0.33333334
0.37254903
0.35686275
0.40392157
0.51372552
0.40392157
0.52941179
0.63921571
0.60784316
0.47450981
0.40392157
0.50588238
0.54509807
0.27843139
0.21960784
0.21960784
0.21568628
0.23137255
0.56078434
0.92941177
0.56078434
0.36078432
0.35294119
0.33725491
0.44313726
0.48235294
0.42745098
0.33725491
0.29411766
0.30588236
0.32549021
0.32156864
0.35686275
0.37254903
0.34509805
0.35686275
0.40784314
0.38039216
0.37647060
0.44705883
0.43529412
0.36078432
0.32549021
0.38039216
0.34117648
0.30196080
0.29803923
0.27058825
0.28627452
0.27058825
0.56470591
0.87450981
0.71764708
0.44705883
0.36078432
0.33725491
0.48235294
0.50980395
0.45098040
0.41176471
0.35294119
0.34509805
0.33725491
0.34509805
0.35294119
0.36470589
0.35686275
0.36078432
0.36078432
0.36470589
0.35686275
0.36078432
0.38431373
0.33333334
0.34901962
0.39607844
0.32156864
0.32549021
0.44705883
0.41176471
0.41176471
0.35686275
0.63137257
0.79607844
0.76862746
0.51764709
0.34509805
0.40000001
0.45098040
0.53725493
0.50980395
0.49019608
0.47843137
0.33333334
0.37647060
0.40784314
0.40784314
0.44313726
0.44705883
0.41176471
0.40784314
0.40000001
0.36470589
0.36862746
0.40392157
0.36470589
0.37254903
0.45098040
0.40392157
0.44705883
0.72156864
0.54509807
0.55686277
0.56078434
0.63921571
0.76078433
0.74509805
0.56862748
0.30196080
0.41568628
0.40392157
0.46274510
0.56078434
0.53725493
0.43921569
0.32156864
0.37647060
0.38823530
0.41176471
0.43921569
0.47843137
0.46666667
0.41568628
0.41176471
0.41568628
0.40000001
0.40784314
0.39607844
0.38823530
0.42745098
0.44313726
0.41568628
0.57254905
0.58823532
0.64313728
0.61960787
0.62352943
0.73333335
0.71372551
0.51764709
0.30588236
0.43921569
0.43137255
0.43921569
0.49019608
0.51764709
0.40784314
0.32549021
0.36862746
0.43921569
0.46666667
0.43529412
0.46666667
0.62352943
0.51372552
0.40000001
0.42352942
0.42352942
0.40784314
0.40784314
0.39607844
0.40000001
0.42352942
0.39215687
0.39215687
0.56078434
0.75294119
0.69803923
0.65882355
0.73725492
0.72156864
0.40392157
0.27450982
0.41960785
0.38823530
0.42352942
0.51372552
0.47450981
0.40000001
0.34117648
0.39607844
0.44313726
0.49411765
0.48235294
0.65882355
0.89019608
0.63921571
0.42745098
0.41176471
0.45098040
0.45490196
0.43921569
0.40784314
0.40000001
0.41568628
0.40784314
0.49411765
0.54117650
0.80784315
0.80784315
0.72156864
0.76862746
0.76470590
0.48235294
0.44313726
0.54901963
0.45098040
0.34901962
0.44705883
0.51764709
0.41176471
0.45098040
0.44705883
0.47450981
0.53725493
0.54509807
0.76862746
0.96862745
0.72156864
0.50588238
0.39607844
0.40392157
0.41568628
0.42352942
0.42745098
0.49019608
0.50196081
0.43137255
0.44705883
0.50588238
0.86274511
0.89411765
0.73725492
0.78431374
0.79607844
0.71764708
0.67843139
0.68627453
0.63529414
0.48627451
0.38431373
0.46666667
0.41960785
0.69411767
0.53333336
0.52941179
0.59607846
0.60392159
0.66666669
0.83137256
0.67450982
0.55686277
0.48235294
0.47058824
0.38039216
0.48235294
0.49803922
0.49411765
0.57254905
0.48627451
0.49803922
0.63137257
0.90980393
0.89803922
0.75686276
0.79215688
0.81176472
0.76078433
0.73725492
0.74509805
0.73725492
0.71764708
0.60392159
0.46274510
0.41568628
0.79215688
0.65882355
0.56470591
0.60784316
0.66666669
0.56862748
0.61960787
0.61176473
0.51372552
0.52549022
0.56862748
0.47450981
0.56078434
0.52941179
0.50980395
0.51764709
0.52941179
0.63921571
0.73333335
0.94117647
0.90588236
0.78823531
0.81568629
0.83921570
0.79215688
0.76862746
0.78823531
0.80392158
0.81176472
0.80000001
0.69411767
0.46666667
0.81568629
0.78039217
0.59607846
0.58823532
0.59215689
0.52941179
0.54509807
0.65490198
0.65882355
0.57647061
0.58039218
0.57647061
0.59215689
0.58039218
0.54901963
0.42745098
0.40392157
0.49019608
0.67058825
0.94117647
0.92156863
0.81960785
0.83921570
0.86274511
0.83137256
0.80784315
0.82352942
0.83921570
0.84313726
0.84313726
0.82352942
0.52941179
0.78431374
0.83921570
0.61176473
0.61568630
0.58431375
0.60000002
0.61176473
0.63137257
0.73725492
0.69019610
0.65098041
0.62352943
0.68627453
0.49411765
0.38039216
0.32549021
0.31372550
0.49411765
0.82745099
0.95294118
0.93725491
0.85882354
0.87058824
0.87843138
0.86274511
0.85098040
0.87058824
0.87450981
0.87058824
0.87843138
0.88627452
0.63921571
0.72156864
0.83921570
0.60784316
0.63529414
0.63529414
0.65490198
0.67058825
0.67058825
0.74901962
0.70980394
0.65882355
0.63137257
0.64705884
0.43921569
0.31372550
0.34117648
0.59607846
0.90196079
0.96078432
0.94901961
0.95294118
0.88235295
0.87843138
0.89803922
0.88627452
0.88235295
0.89411765
0.89803922
0.90588236
0.91764706
0.92156863
0.85098040
0.73725492
0.79215688
0.57647061
0.63137257
0.63137257
0.68235296
0.65882355
0.68627453
0.73333335
0.70196080
0.69019610
0.64705884
0.50980395
0.47843137
0.60784316
0.74901962
0.87058824
0.90980393
0.93333334
0.96078432
0.96078432
0.89803922
0.88627452
0.89411765
0.90196079
0.90980393
0.91764706
0.92156863
0.92941177
0.93725491
0.93725491
0.93333334
0.74117649
0.70980394
0.54901963
0.62352943
0.60392159
0.65098041
0.65882355
0.68235296
0.70980394
0.69019610
0.65882355
0.65490198
0.58039218
0.77647060
0.89411765
0.80000001
0.80000001
0.87843138
0.95686275
0.97254902
0.97254902
0.91372550
0.90588236
0.91372550
0.91372550
0.91764706
0.93333334
0.94117647
0.94901961
0.95294118
0.94509804
0.96470588
0.81960785
0.49411765
0.52549022
0.63921571
0.72156864
0.65098041
0.66666669
0.73333335
0.73333335
0.71764708
0.71372551
0.74117649
0.69803923
0.76470590
0.78431374
0.78823531
0.89019608
0.96470588
0.98039216
0.98431373
0.98431373
0.92156863
0.91372550
0.92156863
0.92549020
0.92549020
0.94117647
0.94901961
0.95686275
0.96862745
0.96470588
0.96862745
0.93725491
0.65882355
0.68235296
0.81176472
0.92549020
0.89019608
0.86274511
0.88235295
0.88627452
0.89803922
0.91372550
0.91764706
0.87843138
0.76862746
0.84313726
0.92549020
0.95294118
0.96862745
0.98039216
0.98823529
0.96862745
0.92156863
0.91764706
0.92549020
0.93333334
0.93725491
0.95294118
0.95686275
0.96470588
0.98039216
0.98431373
0.97647059
0.97647059
0.94901961
0.94901961
0.97254902
0.97254902
0.96078432
0.96470588
0.96862745
0.95686275
0.97254902
0.97254902
0.96862745
0.96470588
0.94901961
0.96078432
0.96862745
0.96862745
0.98039216
0.99215686
0.98431373
0.96470588
0.93725491
0.92549020
0.92549020
0.94509804
0.95294118
0.96862745
0.97647059
0.98039216
0.98431373
0.98823529
0.99215686
0.99215686
0.98431373
0.98823529
0.98823529
0.98823529
0.99215686
0.99607843
0.99607843
0.98823529
0.98823529
0.99215686
0.99215686
0.99607843
0.98431373
0.97647059
0.98431373
0.98431373
0.98823529
0.99215686
0.96862745
0.98431373
0.94901961
0.93725491
0.92941177
0.94509804
0.96470588
0.98039216
0.98823529
0.98431373
0.98039216
0.98431373
0.99215686
0.98823529
0.98431373
0.98823529
0.98823529
0.98823529
0.99215686
0.99215686
0.98823529
0.99215686
0.99215686
0.98823529
0.98823529
0.99215686
0.98823529
0.98823529
0.99215686
0.99215686
0.99215686
0.98039216
0.97254902
0.98823529
0.94901961
0.93725491
0.94117647
0.94901961
0.96470588
0.97647059
0.98431373
0.98431373
0.98431373
0.98823529
0.99215686
0.97647059
0.97647059
0.98823529
0.99215686
0.99215686
0.98823529
0.98823529
0.98823529
0.99215686
0.99215686
0.99215686
0.98823529
0.98823529
0.98823529
0.99215686
0.98823529
0.98823529
0.98823529
0.98431373
0.98823529
0.99215686
1 -1 0 0 0 0 0 0 0 0 0
0 -1 1 0 0 0 0 0 0 0 0
0 -1 0 1 0 0 0 0 0 0 0
0 -1 0 0 1 0 0 0 0 0 0
0 -1 0 0 0 1 0 0 0 0 0
0 -1 0 0 0 0 1 0 0 0 0
0 -1 0 0 0 0 0 1 0 0 0
0 -1 0 0 0 0 0 0 1 0 0
0 -1 0 0 0 0 0 0 0 1 0
