0.60784316
0.58039218
0.57647061
0.58039218
0.58431375
0.58823532
0.59215689
0.59215689
0.59607846
0.60392159
0.61176473
0.61568630
0.61568630
0.60000002
0.58823532
0.58823532
0.56862748
0.52941179
0.53333336
0.52156866
0.50980395
0.49411765
0.47843137
0.46666667
0.39607844
0.40000001
0.49803922
0.43921569
0.43529412
0.46666667
0.41960785
0.45882353
0.60000002
0.58039218
0.57254905
0.58039218
0.58431375
0.58823532
0.59215689
0.59215689
0.59607846
0.60392159
0.60392159
0.61176473
0.62352943
0.61176473
0.61176473
0.60392159
0.58823532
0.47058824
0.43137255
0.45490196
0.47450981
0.49019608
0.51372552
0.50980395
0.48235294
0.48235294
0.49803922
0.48627451
0.47450981
0.46666667
0.41176471
0.45882353
0.58431375
0.57647061
0.58039218
0.60392159
0.60000002
0.60000002
0.60784316
0.61176473
0.61568630
0.61176473
0.60000002
0.60392159
0.62745100
0.62745100
0.61176473
0.59215689
0.58039218
0.48627451
0.53333336
0.58823532
0.58431375
0.58039218
0.57254905
0.55686277
0.53725493
0.51372552
0.48627451
0.47058824
0.46274510
0.46274510
0.40784314
0.46274510
0.58039218
0.57647061
0.58823532
0.61176473
0.61176473
0.61568630
0.62745100
0.63529414
0.63529414
0.63137257
0.62352943
0.62745100
0.64313728
0.64313728
0.60000002
0.56470591
0.56470591
0.49803922
0.55294120
0.61568630
0.59607846
0.58431375
0.56862748
0.54901963
0.52549022
0.50588238
0.48235294
0.46666667
0.45882353
0.45098040
0.40392157
0.44705883
0.58039218
0.57647061
0.59607846
0.60392159
0.61568630
0.63137257
0.64313728
0.65098041
0.65098041
0.64705884
0.64313728
0.65098041
0.64705884
0.64705884
0.63137257
0.60392159
0.58431375
0.52941179
0.53333336
0.59607846
0.59215689
0.58039218
0.56078434
0.54117650
0.51764709
0.50588238
0.48235294
0.46666667
0.45882353
0.43921569
0.40784314
0.45098040
0.57254905
0.58039218
0.57254905
0.58431375
0.61960787
0.63529414
0.63921571
0.65098041
0.65882355
0.65882355
0.65490198
0.64705884
0.62745100
0.62745100
0.63137257
0.61176473
0.59215689
0.56078434
0.52549022
0.58823532
0.58431375
0.57254905
0.55294120
0.53333336
0.50980395
0.49019608
0.47058824
0.46666667
0.45098040
0.42745098
0.41568628
0.48235294
0.55686277
0.57647061
0.55294120
0.57254905
0.61960787
0.63529414
0.63921571
0.65098041
0.65882355
0.65490198
0.64705884
0.64705884
0.63921571
0.63529414
0.63921571
0.61568630
0.59607846
0.56862748
0.53725493
0.58039218
0.57647061
0.56470591
0.54901963
0.53333336
0.49803922
0.47450981
0.46666667
0.46274510
0.44313726
0.42352942
0.41960785
0.47843137
0.56078434
0.55686277
0.54509807
0.57647061
0.61568630
0.63529414
0.63921571
0.64705884
0.65882355
0.65098041
0.64705884
0.64313728
0.61960787
0.61960787
0.63529414
0.61960787
0.57647061
0.53725493
0.50196081
0.53333336
0.56078434
0.55294120
0.53725493
0.48627451
0.44313726
0.45490196
0.45882353
0.44705883
0.43137255
0.41960785
0.42745098
0.47843137
0.58823532
0.55294120
0.56078434
0.58431375
0.60392159
0.62352943
0.63137257
0.64313728
0.64313728
0.63529414
0.64313728
0.60392159
0.55686277
0.56862748
0.53725493
0.50196081
0.45490196
0.43137255
0.42352942
0.40000001
0.45098040
0.52156866
0.47450981
0.46666667
0.47843137
0.46666667
0.45098040
0.43529412
0.41176471
0.41176471
0.43137255
0.47450981
0.60000002
0.55294120
0.53725493
0.57647061
0.60000002
0.61568630
0.63529414
0.63921571
0.63529414
0.63137257
0.58039218
0.50588238
0.49019608
0.47450981
0.49803922
0.47058824
0.42745098
0.39607844
0.40784314
0.40000001
0.36078432
0.44705883
0.50196081
0.54117650
0.50196081
0.45882353
0.43137255
0.41176471
0.41176471
0.43137255
0.43529412
0.47843137
0.58823532
0.56470591
0.52941179
0.54509807
0.56862748
0.58823532
0.60392159
0.60392159
0.60784316
0.56862748
0.51764709
0.43529412
0.41960785
0.43529412
0.43921569
0.43921569
0.47450981
0.50588238
0.49411765
0.47843137
0.45098040
0.44705883
0.51764709
0.52941179
0.47058824
0.42745098
0.42352942
0.42745098
0.43137255
0.43137255
0.43137255
0.48235294
0.58431375
0.56862748
0.54509807
0.54117650
0.54901963
0.55686277
0.57254905
0.59215689
0.56078434
0.50980395
0.48627451
0.41568628
0.36470589
0.36862746
0.40784314
0.45882353
0.54901963
0.64313728
0.62352943
0.60784316
0.56862748
0.46666667
0.44705883
0.45882353
0.43921569
0.41960785
0.43921569
0.44313726
0.42745098
0.42745098
0.42745098
0.47843137
0.61568630
0.57254905
0.54509807
0.54901963
0.55294120
0.57254905
0.60784316
0.61960787
0.54901963
0.50588238
0.46274510
0.43921569
0.43921569
0.40000001
0.47843137
0.50980395
0.60392159
0.69019610
0.63529414
0.67450982
0.57647061
0.43921569
0.40784314
0.44313726
0.46274510
0.45882353
0.44705883
0.44313726
0.42352942
0.40784314
0.41568628
0.46666667
0.61960787
0.59215689
0.54117650
0.56470591
0.56470591
0.56078434
0.56862748
0.54117650
0.53725493
0.49803922
0.49803922
0.54901963
0.54509807
0.45098040
0.53725493
0.61568630
0.63921571
0.65490198
0.65882355
0.68235296
0.54901963
0.49019608
0.47450981
0.35686275
0.39215687
0.45098040
0.47843137
0.48235294
0.47058824
0.43921569
0.40784314
0.42352942
0.63921571
0.59607846
0.48627451
0.53333336
0.55686277
0.54117650
0.51372552
0.46666667
0.48627451
0.51764709
0.57647061
0.61176473
0.56078434
0.51764709
0.52941179
0.64313728
0.69019610
0.67058825
0.70196080
0.68627453
0.57647061
0.49019608
0.51764709
0.39607844
0.32941177
0.37254903
0.40392157
0.45882353
0.47450981
0.50588238
0.47450981
0.47058824
0.62745100
0.58039218
0.41960785
0.44313726
0.49803922
0.54117650
0.51372552
0.46274510
0.47058824
0.53333336
0.60784316
0.65490198
0.59607846
0.56078434
0.58431375
0.61176473
0.67843139
0.72549021
0.71764708
0.67843139
0.58823532
0.51764709
0.55686277
0.48235294
0.41568628
0.38039216
0.29411766
0.45490196
0.47058824
0.46274510
0.36862746
0.29411766
0.64705884
0.58431375
0.41960785
0.38039216
0.42745098
0.48627451
0.50196081
0.47450981
0.46274510
0.48235294
0.58431375
0.67450982
0.63921571
0.61960787
0.61960787
0.68235296
0.70980394
0.70588237
0.67843139
0.62745100
0.58039218
0.54117650
0.57647061
0.52941179
0.46274510
0.43921569
0.35294119
0.40784314
0.46274510
0.47058824
0.31372550
0.20784314
0.65490198
0.61960787
0.46666667
0.38039216
0.40392157
0.45882353
0.52941179
0.54117650
0.44705883
0.34117648
0.48235294
0.65098041
0.67843139
0.63921571
0.56470591
0.60784316
0.70196080
0.69019610
0.59215689
0.55686277
0.55686277
0.49411765
0.51372552
0.50588238
0.50980395
0.49411765
0.40392157
0.35686275
0.36470589
0.42745098
0.40000001
0.33333334
0.58039218
0.61960787
0.47450981
0.41176471
0.40784314
0.49019608
0.58431375
0.59607846
0.55294120
0.35294119
0.34509805
0.59607846
0.65098041
0.62745100
0.60000002
0.54509807
0.57254905
0.61960787
0.58039218
0.52156866
0.58039218
0.55294120
0.52941179
0.42352942
0.44705883
0.45098040
0.35294119
0.36862746
0.35686275
0.40784314
0.37254903
0.17254902
0.60784316
0.60000002
0.45098040
0.45490196
0.45490196
0.50196081
0.57254905
0.61176473
0.63529414
0.50196081
0.33333334
0.50980395
0.62745100
0.60000002
0.63921571
0.53333336
0.42745098
0.43137255
0.50196081
0.50196081
0.50980395
0.50980395
0.47843137
0.41568628
0.37254903
0.34509805
0.32941177
0.36078432
0.40000001
0.41176471
0.15686275
0.09411765
0.70196080
0.51764709
0.38039216
0.48627451
0.50980395
0.52941179
0.54509807
0.62352943
0.67843139
0.65490198
0.44705883
0.41568628
0.65490198
0.65882355
0.61176473
0.50196081
0.43921569
0.44313726
0.49019608
0.48235294
0.41176471
0.42745098
0.43137255
0.45098040
0.44313726
0.39215687
0.36078432
0.36078432
0.43137255
0.72941178
0.54117650
0.31372550
0.77647060
0.54509807
0.43529412
0.52156866
0.59215689
0.60392159
0.56470591
0.62745100
0.69411767
0.72549021
0.60784316
0.42745098
0.56078434
0.63137257
0.55686277
0.54117650
0.52156866
0.49803922
0.51764709
0.51372552
0.43137255
0.42745098
0.45098040
0.46274510
0.46666667
0.44705883
0.41960785
0.38431373
0.37647060
0.68235296
0.95686275
0.90980393
0.81176472
0.68235296
0.60784316
0.65490198
0.65882355
0.67058825
0.58823532
0.60392159
0.69019610
0.72941178
0.69803923
0.50588238
0.48235294
0.52941179
0.52549022
0.57254905
0.56862748
0.54117650
0.54901963
0.49019608
0.43529412
0.44705883
0.44313726
0.45490196
0.45882353
0.47843137
0.47843137
0.42352942
0.36862746
0.29803923
0.42745098
0.70196080
0.83137256
0.75686276
0.66274512
0.68235296
0.69019610
0.69803923
0.60000002
0.55686277
0.64313728
0.71372551
0.72549021
0.62352943
0.44313726
0.50980395
0.58039218
0.60784316
0.60392159
0.63137257
0.65098041
0.50588238
0.43529412
0.44313726
0.43529412
0.44313726
0.46666667
0.49803922
0.49803922
0.46274510
0.39607844
0.33725491
0.25882354
0.36078432
0.83921570
0.77647060
0.73725492
0.69411767
0.70980394
0.67843139
0.57647061
0.55294120
0.56862748
0.67843139
0.73333335
0.66274512
0.45882353
0.49411765
0.69411767
0.69411767
0.68627453
0.73725492
0.61960787
0.47843137
0.43137255
0.43529412
0.43529412
0.45490196
0.48235294
0.50196081
0.50980395
0.49411765
0.43137255
0.37647060
0.36078432
0.35294119
0.83921570
0.73333335
0.80000001
0.77254903
0.70588237
0.61568630
0.55686277
0.55686277
0.55294120
0.63137257
0.72941178
0.69411767
0.61960787
0.55294120
0.65098041
0.67843139
0.73333335
0.71764708
0.51372552
0.44313726
0.44313726
0.44705883
0.45098040
0.48235294
0.49803922
0.50588238
0.51764709
0.51372552
0.46274510
0.39215687
0.34901962
0.32156864
0.83529413
0.69411767
0.62745100
0.78823531
0.76862746
0.63529414
0.61176473
0.60784316
0.57647061
0.61960787
0.70196080
0.72549021
0.69803923
0.61960787
0.61960787
0.67058825
0.66274512
0.58431375
0.49019608
0.45490196
0.45490196
0.45882353
0.46666667
0.49019608
0.50196081
0.50196081
0.50588238
0.50980395
0.47058824
0.40392157
0.37254903
0.31764707
0.81568629
0.67058825
0.49803922
0.59607846
0.69019610
0.68627453
0.69411767
0.65098041
0.58039218
0.61568630
0.69803923
0.74509805
0.71372551
0.64313728
0.60784316
0.65490198
0.54509807
0.47450981
0.48627451
0.47058824
0.45882353
0.46274510
0.46666667
0.47058824
0.48627451
0.49019608
0.48627451
0.48627451
0.45882353
0.40784314
0.38431373
0.32941177
0.80392158
0.63921571
0.46274510
0.52941179
0.65098041
0.70980394
0.68627453
0.61960787
0.58039218
0.62745100
0.70980394
0.73725492
0.79215688
0.74117649
0.64705884
0.67450982
0.57647061
0.49019608
0.41568628
0.45490196
0.47058824
0.45490196
0.45490196
0.45490196
0.46274510
0.47058824
0.46274510
0.45098040
0.43529412
0.40784314
0.39215687
0.35294119
0.77647060
0.60784316
0.51764709
0.58823532
0.67450982
0.65882355
0.61568630
0.58823532
0.58431375
0.62745100
0.71372551
0.73725492
0.77647060
0.76862746
0.70980394
0.70196080
0.60392159
0.50196081
0.39215687
0.40784314
0.43529412
0.43137255
0.42745098
0.42352942
0.43137255
0.45098040
0.45098040
0.44313726
0.42745098
0.41176471
0.40784314
0.36078432
0.76862746
0.64313728
0.60392159
0.63921571
0.65882355
0.64313728
0.62745100
0.60000002
0.56470591
0.56470591
0.64313728
0.73333335
0.74117649
0.78431374
0.72156864
0.67058825
0.58431375
0.56470591
0.49411765
0.41176471
0.38431373
0.39215687
0.41960785
0.40784314
0.39607844
0.42352942
0.43529412
0.42745098
0.40784314
0.40000001
0.40000001
0.35686275
0.74509805
0.65098041
0.63137257
0.64313728
0.64313728
0.60392159
0.56862748
0.53725493
0.52549022
0.51764709
0.58039218
0.69019610
0.70588237
0.76862746
0.74509805
0.68235296
0.62352943
0.61960787
0.58039218
0.46666667
0.42745098
0.39607844
0.38823530
0.40000001
0.39215687
0.40784314
0.41960785
0.41568628
0.39607844
0.38823530
0.39607844
0.35686275
0.10196079
0.09019608
0.09019608
0.08627451
0.08627451
0.09019608
0.09411765
0.09411765
0.09803922
0.10196079
0.09411765
0.09803922
0.10588235
0.11372549
0.10196079
0.10196079
0.09803922
0.30196080
0.47058824
0.44705883
0.42352942
0.40392157
0.40000001
0.39607844
0.32156864
0.32549021
0.43529412
0.34509805
0.31372550
0.40784314
0.36470589
0.42745098
0.09803922
0.09411765
0.08627451
0.08627451
0.08627451
0.09019608
0.09411765
0.09411765
0.09803922
0.10196079
0.09411765
0.09411765
0.09803922
0.10588235
0.10588235
0.10196079
0.08235294
0.18823530
0.36862746
0.38431373
0.40392157
0.41960785
0.44313726
0.43921569
0.40784314
0.41176471
0.42352942
0.41176471
0.41176471
0.40784314
0.35686275
0.43137255
0.09019608
0.09019608
0.07843138
0.09019608
0.08627451
0.08627451
0.09411765
0.10196079
0.10196079
0.10588235
0.10588235
0.09803922
0.09803922
0.10196079
0.10588235
0.10196079
0.08627451
0.13333334
0.43529412
0.53725493
0.52941179
0.51372552
0.50588238
0.49019608
0.47058824
0.45098040
0.42352942
0.40392157
0.40000001
0.40000001
0.34901962
0.43137255
0.08627451
0.09019608
0.08235294
0.09411765
0.09411765
0.09019608
0.09411765
0.10196079
0.10196079
0.10196079
0.10588235
0.10980392
0.10980392
0.11372549
0.10980392
0.09803922
0.10196079
0.07450981
0.32156864
0.57254905
0.54117650
0.52549022
0.50980395
0.48627451
0.46666667
0.44705883
0.42352942
0.40392157
0.39607844
0.38823530
0.34117648
0.41176471
0.09019608
0.08235294
0.09411765
0.09019608
0.10196079
0.09803922
0.09803922
0.10196079
0.10588235
0.10588235
0.10980392
0.11764706
0.11764706
0.11372549
0.11372549
0.10980392
0.09803922
0.06666667
0.19607843
0.54509807
0.54901963
0.52941179
0.51372552
0.49411765
0.47058824
0.45098040
0.42352942
0.40392157
0.39607844
0.38039216
0.35294119
0.41568628
0.08627451
0.08235294
0.09019608
0.09411765
0.10196079
0.10196079
0.10588235
0.11372549
0.11764706
0.11764706
0.11764706
0.11372549
0.10196079
0.10196079
0.10196079
0.10588235
0.10588235
0.08627451
0.18823530
0.53333336
0.54509807
0.52941179
0.50980395
0.49019608
0.46666667
0.44705883
0.42352942
0.40392157
0.39215687
0.38039216
0.36862746
0.44705883
0.07843138
0.09803922
0.09019608
0.09411765
0.10196079
0.10196079
0.10588235
0.11372549
0.11764706
0.11372549
0.10980392
0.11372549
0.11764706
0.10588235
0.10980392
0.10980392
0.10196079
0.08627451
0.22352941
0.54117650
0.53333336
0.52156866
0.50588238
0.49019608
0.45490196
0.43137255
0.41960785
0.40000001
0.38431373
0.38039216
0.37647060
0.44705883
0.08627451
0.09411765
0.08235294
0.09803922
0.10196079
0.10196079
0.10588235
0.11372549
0.12156863
0.11372549
0.10588235
0.10196079
0.11372549
0.13725491
0.12941177
0.12941177
0.14509805
0.13333334
0.17254902
0.42745098
0.52549022
0.51764709
0.49019608
0.44313726
0.40000001
0.41176471
0.41176471
0.39215687
0.37647060
0.37647060
0.38431373
0.45490196
0.10196079
0.08235294
0.09019608
0.10196079
0.09803922
0.09803922
0.10196079
0.10980392
0.10980392
0.10980392
0.10588235
0.10980392
0.20392157
0.27843139
0.21960784
0.18431373
0.16078432
0.16078432
0.15686275
0.18823530
0.32941177
0.46666667
0.42745098
0.42352942
0.43529412
0.42352942
0.40784314
0.38823530
0.36470589
0.36862746
0.39215687
0.46666667
0.10196079
0.09019608
0.09019608
0.09803922
0.09411765
0.09019608
0.10196079
0.10588235
0.10196079
0.10588235
0.14117648
0.16862746
0.23921569
0.25098041
0.27058825
0.24313726
0.18431373
0.16470589
0.18039216
0.15686275
0.13333334
0.31372550
0.45882353
0.49803922
0.45882353
0.41568628
0.38431373
0.36470589
0.36862746
0.38823530
0.39607844
0.46666667
0.08627451
0.08627451
0.07058824
0.07058824
0.07843138
0.09019608
0.09803922
0.09411765
0.08627451
0.13725491
0.22352941
0.19607843
0.20000000
0.21568628
0.20784314
0.20784314
0.25490198
0.30196080
0.27450982
0.24313726
0.22745098
0.24313726
0.41960785
0.49411765
0.43529412
0.38431373
0.38039216
0.38431373
0.38431373
0.38823530
0.39215687
0.47058824
0.08627451
0.08235294
0.06666667
0.06274510
0.06666667
0.08235294
0.08627451
0.08235294
0.09803922
0.21568628
0.25098041
0.17254902
0.15686275
0.15686275
0.18431373
0.23529412
0.34117648
0.44705883
0.40392157
0.36470589
0.35686275
0.23921569
0.32549021
0.43921569
0.40000001
0.37647060
0.39215687
0.38823530
0.37647060
0.38039216
0.38823530
0.46666667
0.10196079
0.08235294
0.06666667
0.07058824
0.07843138
0.08627451
0.09411765
0.10196079
0.19215687
0.27450982
0.21960784
0.20392157
0.23137255
0.18823530
0.25490198
0.28627452
0.39607844
0.49019608
0.41960785
0.43529412
0.36470589
0.21568628
0.25490198
0.37647060
0.41568628
0.41568628
0.39607844
0.37647060
0.35686275
0.36078432
0.37647060
0.45882353
0.16470589
0.10196079
0.07843138
0.07058824
0.07450981
0.10196079
0.12549020
0.16470589
0.28627452
0.25882354
0.25490198
0.33333334
0.33725491
0.22352941
0.32156864
0.40392157
0.43529412
0.45490196
0.45098040
0.43921569
0.32549021
0.26666668
0.24705882
0.18039216
0.29411766
0.40392157
0.43529412
0.43921569
0.41960785
0.36862746
0.34509805
0.39607844
0.59215689
0.31764707
0.10588235
0.12156863
0.14509805
0.23529412
0.24705882
0.22745098
0.25882354
0.26666668
0.33333334
0.40392157
0.33725491
0.29411766
0.32156864
0.43529412
0.49019608
0.47058824
0.49803922
0.43921569
0.33725491
0.24705882
0.27058825
0.16078432
0.12549020
0.21960784
0.34901962
0.41960785
0.43137255
0.46274510
0.43137255
0.38431373
0.76862746
0.54117650
0.13725491
0.18431373
0.24705882
0.33333334
0.27843139
0.22352941
0.24313726
0.27843139
0.37254903
0.43529412
0.36078432
0.35294119
0.38039216
0.40784314
0.48235294
0.52156866
0.51372552
0.43529412
0.34117648
0.25882354
0.30196080
0.22352941
0.15686275
0.16078432
0.20000000
0.39607844
0.40784314
0.42352942
0.32941177
0.21568628
0.79607844
0.65882355
0.21960784
0.15294118
0.20784314
0.26274511
0.26274511
0.23921569
0.27843139
0.28235295
0.36862746
0.44313726
0.41568628
0.42352942
0.42352942
0.47843137
0.51372552
0.50196081
0.46666667
0.39215687
0.33333334
0.27843139
0.32156864
0.27058825
0.20784314
0.20392157
0.22352941
0.36862746
0.40392157
0.40784314
0.25098041
0.14117648
0.76078433
0.71764708
0.31764707
0.12941177
0.17254902
0.22352941
0.28627452
0.29411766
0.27450982
0.31372550
0.33333334
0.43137255
0.47058824
0.44705883
0.37254903
0.40000001
0.50588238
0.48235294
0.37647060
0.32156864
0.30980393
0.23529412
0.25098041
0.25490198
0.28235295
0.25882354
0.27450982
0.38823530
0.37647060
0.41568628
0.32941177
0.26666668
0.56470591
0.73333335
0.36862746
0.14509805
0.15686275
0.23921569
0.34509805
0.35686275
0.30980393
0.34901962
0.40000001
0.39215687
0.43529412
0.43529412
0.40392157
0.33333334
0.37254903
0.40784314
0.36078432
0.28235295
0.32941177
0.28627452
0.26274511
0.21176471
0.24313726
0.26274511
0.31372550
0.42745098
0.39607844
0.42745098
0.33725491
0.13333334
0.52549022
0.69411767
0.32941177
0.19215687
0.19607843
0.25098041
0.33333334
0.38431373
0.39607844
0.37647060
0.43921569
0.42352942
0.40392157
0.39607844
0.44313726
0.31764707
0.20784314
0.20784314
0.25882354
0.24313726
0.27843139
0.40392157
0.41176471
0.33725491
0.25490198
0.27058825
0.38823530
0.42352942
0.45098040
0.39607844
0.11764706
0.06666667
0.52156866
0.45098040
0.17254902
0.22352941
0.26666668
0.28627452
0.30588236
0.38039216
0.44705883
0.43529412
0.43137255
0.46274510
0.44313726
0.43137255
0.40000001
0.27058825
0.20784314
0.21960784
0.25490198
0.25098041
0.34509805
0.50980395
0.53333336
0.53333336
0.49803922
0.45098040
0.44313726
0.44313726
0.49803922
0.69411767
0.48627451
0.26274511
0.54901963
0.33333334
0.19215687
0.29803923
0.36862746
0.36470589
0.32156864
0.36862746
0.45098040
0.49019608
0.43529412
0.49803922
0.47058824
0.38039216
0.32941177
0.29019609
0.29019609
0.27450982
0.28627452
0.38431373
0.49803922
0.52549022
0.54509807
0.56862748
0.56862748
0.55294120
0.51372552
0.47843137
0.45098040
0.67843139
0.93333334
0.89411765
0.57254905
0.46274510
0.40000001
0.45490196
0.44313726
0.42745098
0.33333334
0.34509805
0.44313726
0.50588238
0.47450981
0.50588238
0.54901963
0.32156864
0.27843139
0.32549021
0.33333334
0.32941177
0.38039216
0.49019608
0.54117650
0.54901963
0.55686277
0.57647061
0.57254905
0.58039218
0.58039218
0.52156866
0.44313726
0.33725491
0.43529412
0.70196080
0.59215689
0.54117650
0.46274510
0.48627451
0.47843137
0.45490196
0.34117648
0.29411766
0.39215687
0.49411765
0.49411765
0.47058824
0.58431375
0.41568628
0.33725491
0.38431373
0.38823530
0.44313726
0.52549022
0.52941179
0.55294120
0.56078434
0.56078434
0.57647061
0.59607846
0.61568630
0.61960787
0.57647061
0.48235294
0.42352942
0.32549021
0.39215687
0.59215689
0.55686277
0.52549022
0.48235294
0.50588238
0.44705883
0.32549021
0.29803923
0.31764707
0.44313726
0.50980395
0.46666667
0.50196081
0.47843137
0.49019608
0.48627451
0.49411765
0.56078434
0.54117650
0.54509807
0.56078434
0.56862748
0.56862748
0.59215689
0.61568630
0.63137257
0.63921571
0.61960787
0.53725493
0.46274510
0.44705883
0.40392157
0.57254905
0.49803922
0.55686277
0.53333336
0.48627451
0.38823530
0.31764707
0.31372550
0.29803923
0.37647060
0.49803922
0.50588238
0.50588238
0.49019608
0.48235294
0.49019608
0.55294120
0.56078434
0.49803922
0.56862748
0.58039218
0.58431375
0.58431375
0.60784316
0.62352943
0.63137257
0.64313728
0.63921571
0.58431375
0.49411765
0.43137255
0.38039216
0.57254905
0.44705883
0.36470589
0.51764709
0.50196081
0.38431373
0.37254903
0.36078432
0.32156864
0.36078432
0.45098040
0.52156866
0.49803922
0.45098040
0.45490196
0.49803922
0.52941179
0.52156866
0.52156866
0.58823532
0.58823532
0.59607846
0.60000002
0.61568630
0.62745100
0.62745100
0.63137257
0.63529414
0.59607846
0.52549022
0.46666667
0.39607844
0.56078434
0.41568628
0.23137255
0.32549021
0.41960785
0.42745098
0.44705883
0.40000001
0.32549021
0.35686275
0.45490196
0.52156866
0.50196081
0.44313726
0.42745098
0.47843137
0.46274510
0.52549022
0.57254905
0.59607846
0.58823532
0.59607846
0.60000002
0.60392159
0.61568630
0.61960787
0.61960787
0.61568630
0.59215689
0.53333336
0.47843137
0.41568628
0.56078434
0.38039216
0.20392157
0.27058825
0.39607844
0.45490196
0.43137255
0.36470589
0.32549021
0.37254903
0.47843137
0.52156866
0.56862748
0.53725493
0.45882353
0.48627451
0.41960785
0.49019608
0.54901963
0.57647061
0.59215689
0.58039218
0.58431375
0.59215689
0.60000002
0.60784316
0.60000002
0.58823532
0.57254905
0.53333336
0.49019608
0.44313726
0.52941179
0.35294119
0.26274511
0.32941177
0.41960785
0.40784314
0.36078432
0.33333334
0.32941177
0.37647060
0.47843137
0.51764709
0.55294120
0.56470591
0.52156866
0.51764709
0.37647060
0.33333334
0.41960785
0.52156866
0.54901963
0.55686277
0.55686277
0.56078434
0.56862748
0.58823532
0.58823532
0.58039218
0.56470591
0.53725493
0.50588238
0.46666667
0.52156866
0.40000001
0.36470589
0.38823530
0.40392157
0.39215687
0.37647060
0.34901962
0.30980393
0.30588236
0.38823530
0.49803922
0.52549022
0.57254905
0.51764709
0.48627451
0.37254903
0.30588236
0.31372550
0.43921569
0.50980395
0.52549022
0.53333336
0.52549022
0.52941179
0.56078434
0.56862748
0.56470591
0.54117650
0.52549022
0.51372552
0.46666667
0.49803922
0.41568628
0.39607844
0.40392157
0.39607844
0.35294119
0.30980393
0.28235295
0.27058825
0.25882354
0.32156864
0.45882353
0.49019608
0.54901963
0.52941179
0.49803922
0.41568628
0.38823530
0.34117648
0.31764707
0.40784314
0.48235294
0.48627451
0.50980395
0.52549022
0.54509807
0.55686277
0.55294120
0.53333336
0.51764709
0.51764709
0.46274510
0.14509805
0.12941177
0.12941177
0.12941177
0.12941177
0.13333334
0.13725491
0.13725491
0.14117648
0.14901961
0.14509805
0.14509805
0.15294118
0.15294118
0.15294118
0.15686275
0.14509805
0.32549021
0.49411765
0.47058824
0.45098040
0.43529412
0.42745098
0.41960785
0.34117648
0.33333334
0.43921569
0.36078432
0.34117648
0.42745098
0.38039216
0.43921569
0.14117648
0.13333334
0.12941177
0.12941177
0.12941177
0.13333334
0.13725491
0.13725491
0.14117648
0.14509805
0.14509805
0.14509805
0.15294118
0.15294118
0.16470589
0.16078432
0.14509805
0.22745098
0.39215687
0.40784314
0.43529412
0.45882353
0.47058824
0.46274510
0.42745098
0.41960785
0.43137255
0.43137255
0.44705883
0.43137255
0.37647060
0.44313726
0.12941177
0.12941177
0.12156863
0.14117648
0.13725491
0.13725491
0.14509805
0.14901961
0.14901961
0.15294118
0.14901961
0.14509805
0.15294118
0.15686275
0.16470589
0.15686275
0.14117648
0.16862746
0.45882353
0.56862748
0.55294120
0.53725493
0.52941179
0.51372552
0.49019608
0.46666667
0.44313726
0.43921569
0.43921569
0.43529412
0.38431373
0.45882353
0.12549020
0.12941177
0.12549020
0.14509805
0.14509805
0.14509805
0.14901961
0.15686275
0.15686275
0.15686275
0.15686275
0.16078432
0.16470589
0.16862746
0.16470589
0.14509805
0.14901961
0.12549020
0.36078432
0.60392159
0.56862748
0.56078434
0.54509807
0.52549022
0.49803922
0.46666667
0.45098040
0.44313726
0.43529412
0.42745098
0.38039216
0.44313726
0.12941177
0.12941177
0.14117648
0.14117648
0.14901961
0.15294118
0.15686275
0.16470589
0.16470589
0.16470589
0.16862746
0.17647059
0.17254902
0.17647059
0.17647059
0.16470589
0.15294118
0.12549020
0.24313726
0.58039218
0.58039218
0.57254905
0.55686277
0.53333336
0.50196081
0.47058824
0.45098040
0.44313726
0.43529412
0.41960785
0.38823530
0.44705883
0.12549020
0.13333334
0.14117648
0.14117648
0.15294118
0.15686275
0.16078432
0.16862746
0.17647059
0.17647059
0.18431373
0.18039216
0.16862746
0.16862746
0.17254902
0.16470589
0.15686275
0.13725491
0.22352941
0.56470591
0.57647061
0.56078434
0.54117650
0.52156866
0.49803922
0.47450981
0.45490196
0.44313726
0.43137255
0.41176471
0.40392157
0.48627451
0.11372549
0.14509805
0.13725491
0.13725491
0.15294118
0.15686275
0.16078432
0.17254902
0.17647059
0.17647059
0.18039216
0.18431373
0.18431373
0.17647059
0.17647059
0.17254902
0.16078432
0.13725491
0.25490198
0.56862748
0.56862748
0.55294120
0.53725493
0.52156866
0.48627451
0.46274510
0.45098040
0.43921569
0.42352942
0.41176471
0.41176471
0.48627451
0.12156863
0.13333334
0.12941177
0.14117648
0.15686275
0.16078432
0.16078432
0.16862746
0.17647059
0.17254902
0.17254902
0.16862746
0.17254902
0.18823530
0.18039216
0.17647059
0.17254902
0.14901961
0.18823530
0.45098040
0.55294120
0.55294120
0.51372552
0.47058824
0.43529412
0.44313726
0.44705883
0.43529412
0.41960785
0.40784314
0.41960785
0.49019608
0.14117648
0.12549020
0.13725491
0.15294118
0.16078432
0.15686275
0.15294118
0.16470589
0.16470589
0.16078432
0.16470589
0.15294118
0.20000000
0.25098041
0.18823530
0.15294118
0.12549020
0.11764706
0.09803922
0.16470589
0.32549021
0.49019608
0.44705883
0.45098040
0.47450981
0.45490196
0.44313726
0.43529412
0.40784314
0.40000001
0.42352942
0.49803922
0.14509805
0.13333334
0.13333334
0.14901961
0.15294118
0.14901961
0.15686275
0.16078432
0.15686275
0.15686275
0.16470589
0.15686275
0.18039216
0.17647059
0.18823530
0.16078432
0.12941177
0.10980392
0.09803922
0.09411765
0.09019608
0.29411766
0.47058824
0.52549022
0.49803922
0.44705883
0.42352942
0.41176471
0.41176471
0.41960785
0.42745098
0.49803922
0.13333334
0.13333334
0.11372549
0.12156863
0.13333334
0.14117648
0.14117648
0.14509805
0.14117648
0.14901961
0.18431373
0.14901961
0.14117648
0.16470589
0.14117648
0.13725491
0.18431373
0.21960784
0.18823530
0.16470589
0.16470589
0.18039216
0.41568628
0.51372552
0.46274510
0.41568628
0.41176471
0.42352942
0.42352942
0.41960785
0.42352942
0.50196081
0.12941177
0.13333334
0.11764706
0.11372549
0.12156863
0.12549020
0.12549020
0.13725491
0.12941177
0.16078432
0.16470589
0.11372549
0.10196079
0.12549020
0.13333334
0.17647059
0.25882354
0.34117648
0.29411766
0.26274511
0.27058825
0.16470589
0.30980393
0.46274510
0.43921569
0.40784314
0.42352942
0.42352942
0.41176471
0.41176471
0.41960785
0.49803922
0.14509805
0.12941177
0.11764706
0.12156863
0.12941177
0.13333334
0.14117648
0.14901961
0.16862746
0.18431373
0.11764706
0.12549020
0.15686275
0.13725491
0.20000000
0.22745098
0.31764707
0.38431373
0.29411766
0.30980393
0.27058825
0.14509805
0.22352941
0.39215687
0.46274510
0.45098040
0.43137255
0.41568628
0.39607844
0.39607844
0.40784314
0.49019608
0.21176471
0.14901961
0.12549020
0.12156863
0.12549020
0.13333334
0.14509805
0.15686275
0.21568628
0.16078432
0.15686275
0.24313726
0.24705882
0.16862746
0.25098041
0.30980393
0.34509805
0.35686275
0.33333334
0.32156864
0.23137255
0.19215687
0.19215687
0.15294118
0.29411766
0.42352942
0.47058824
0.47058824
0.45490196
0.41568628
0.39607844
0.43529412
0.68235296
0.38823530
0.12156863
0.12941177
0.15294118
0.20000000
0.18823530
0.16078432
0.17647059
0.17254902
0.24313726
0.31764707
0.25098041
0.23137255
0.23529412
0.32549021
0.39607844
0.37254903
0.38431373
0.33333334
0.24313726
0.15686275
0.18823530
0.10980392
0.09019608
0.18823530
0.35294119
0.45098040
0.46666667
0.50588238
0.47843137
0.38039216
0.89411765
0.62352943
0.12941177
0.13333334
0.18039216
0.24705882
0.19215687
0.14509805
0.16078432
0.18431373
0.27843139
0.35294119
0.27843139
0.28627452
0.29411766
0.29411766
0.38431373
0.42745098
0.40000001
0.32549021
0.23529412
0.15294118
0.19215687
0.14509805
0.10588235
0.09019608
0.20392157
0.44313726
0.45098040
0.46666667
0.37254903
0.21960784
0.93725491
0.76470590
0.18823530
0.09019608
0.12941177
0.17254902
0.18039216
0.15686275
0.20000000
0.18823530
0.26666668
0.34901962
0.32156864
0.34117648
0.33725491
0.35294119
0.40392157
0.40784314
0.35686275
0.27843139
0.23137255
0.17254902
0.19607843
0.17254902
0.14509805
0.13333334
0.21960784
0.44313726
0.46274510
0.45882353
0.29411766
0.18039216
0.89411765
0.82745099
0.29411766
0.06274510
0.10196079
0.13725491
0.19215687
0.20000000
0.20000000
0.23529412
0.24705882
0.31372550
0.36470589
0.35686275
0.28627452
0.29411766
0.40000001
0.38823530
0.27450982
0.22352941
0.21960784
0.12549020
0.14117648
0.15686275
0.18823530
0.17254902
0.27058825
0.47843137
0.45098040
0.47843137
0.36862746
0.29803923
0.61960787
0.84313726
0.36862746
0.06274510
0.09019608
0.16078432
0.23137255
0.24705882
0.21960784
0.28235295
0.34901962
0.29411766
0.33333334
0.34901962
0.31764707
0.25490198
0.28627452
0.31764707
0.27450982
0.20392157
0.23529412
0.17254902
0.16862746
0.14901961
0.18039216
0.20000000
0.34509805
0.54117650
0.49803922
0.50588238
0.36470589
0.16078432
0.50980395
0.79215688
0.31764707
0.09019608
0.10980392
0.15294118
0.22352941
0.26666668
0.27450982
0.28627452
0.38431373
0.34509805
0.29803923
0.29803923
0.35686275
0.24313726
0.14901961
0.15294118
0.19607843
0.16862746
0.21176471
0.38823530
0.41960785
0.36078432
0.27058825
0.29019609
0.47058824
0.54509807
0.56078434
0.45098040
0.14509805
0.10196079
0.43137255
0.47450981
0.13725491
0.11372549
0.16862746
0.18431373
0.19607843
0.27450982
0.33333334
0.32156864
0.32941177
0.39607844
0.34509805
0.31764707
0.32156864
0.20000000
0.14509805
0.16078432
0.18039216
0.18431373
0.36862746
0.61568630
0.64313728
0.64313728
0.60784316
0.54901963
0.54901963
0.57254905
0.61568630
0.72941178
0.50980395
0.29411766
0.45882353
0.27450982
0.13333334
0.19607843
0.25882354
0.25490198
0.21176471
0.27450982
0.34901962
0.36078432
0.33333334
0.44705883
0.39215687
0.28627452
0.25490198
0.21960784
0.21568628
0.19607843
0.19607843
0.38823530
0.63921571
0.67058825
0.67058825
0.70196080
0.69803923
0.67058825
0.63529414
0.61568630
0.57254905
0.70588237
0.92156863
0.89019608
0.48235294
0.38039216
0.32156864
0.35686275
0.32156864
0.30196080
0.22745098
0.25098041
0.33725491
0.38431373
0.36862746
0.44705883
0.47843137
0.23529412
0.20000000
0.24705882
0.25490198
0.24313726
0.29803923
0.54901963
0.70196080
0.69803923
0.69803923
0.71764708
0.70588237
0.70980394
0.70980394
0.65490198
0.58039218
0.42352942
0.44313726
0.69803923
0.49803922
0.46274510
0.38039216
0.38823530
0.35686275
0.32549021
0.23529412
0.20000000
0.29019609
0.38431373
0.37254903
0.35686275
0.51764709
0.34117648
0.25098041
0.29411766
0.29411766
0.33725491
0.45490196
0.60392159
0.71372551
0.71764708
0.71372551
0.72941178
0.74509805
0.75686276
0.76078433
0.72156864
0.63529414
0.55294120
0.42745098
0.45882353
0.50588238
0.47843137
0.44705883
0.38823530
0.37647060
0.31764707
0.21960784
0.19607843
0.20784314
0.33333334
0.39607844
0.36078432
0.43529412
0.39215687
0.38823530
0.38823530
0.38431373
0.44705883
0.50196081
0.63529414
0.71764708
0.72941178
0.73333335
0.75294119
0.77254903
0.78431374
0.79215688
0.77254903
0.68627453
0.59215689
0.58823532
0.50980395
0.49803922
0.43529412
0.50588238
0.46666667
0.38823530
0.27450982
0.20784314
0.20000000
0.18039216
0.25882354
0.38823530
0.40000001
0.41960785
0.39607844
0.38039216
0.38823530
0.44313726
0.46666667
0.52549022
0.71372551
0.74117649
0.74117649
0.74117649
0.76862746
0.78431374
0.79215688
0.80392158
0.79215688
0.73333335
0.62352943
0.57647061
0.49019608
0.49411765
0.38039216
0.30196080
0.47058824
0.44313726
0.29411766
0.26274511
0.24705882
0.20392157
0.23921569
0.32941177
0.40784314
0.38823530
0.35686275
0.36862746
0.40784314
0.46274510
0.50588238
0.58823532
0.74117649
0.74509805
0.75294119
0.75686276
0.77647060
0.78823531
0.78823531
0.79215688
0.78823531
0.74509805
0.67058825
0.62352943
0.52549022
0.48235294
0.33725491
0.14509805
0.24705882
0.33725491
0.32156864
0.33333334
0.28627452
0.21176471
0.23529412
0.32156864
0.40784314
0.38823530
0.35294119
0.34901962
0.39215687
0.43921569
0.61176473
0.69019610
0.75294119
0.74901962
0.74901962
0.75686276
0.76078433
0.77647060
0.78039217
0.77647060
0.77254903
0.74509805
0.68627453
0.63921571
0.56078434
0.47450981
0.30980393
0.11372549
0.17254902
0.28235295
0.32941177
0.31372550
0.24705882
0.20784314
0.24705882
0.34117648
0.40000001
0.45490196
0.44313726
0.36470589
0.39215687
0.35294119
0.55686277
0.71372551
0.74509805
0.74509805
0.73333335
0.74117649
0.74901962
0.75686276
0.76470590
0.75686276
0.74901962
0.72941178
0.68627453
0.64705884
0.59215689
0.44705883
0.26666668
0.15294118
0.21568628
0.29019609
0.27450982
0.24313726
0.21568628
0.21176471
0.25098041
0.34509805
0.39607844
0.43921569
0.46666667
0.41568628
0.40784314
0.26666668
0.28627452
0.50196081
0.67843139
0.69411767
0.70980394
0.71372551
0.71764708
0.72549021
0.74509805
0.74509805
0.73725492
0.71764708
0.69019610
0.66274512
0.60784316
0.44313726
0.29019609
0.23137255
0.25490198
0.26666668
0.25490198
0.24313726
0.22352941
0.20000000
0.20000000
0.27450982
0.38823530
0.40784314
0.46274510
0.40784314
0.39215687
0.26274511
0.19607843
0.27058825
0.55294120
0.68235296
0.67058825
0.67058825
0.68235296
0.69019610
0.71372551
0.72549021
0.71764708
0.69803923
0.67843139
0.66666669
0.60784316
0.41176471
0.28627452
0.25098041
0.26274511
0.25490198
0.23529412
0.21176471
0.18431373
0.16470589
0.14901961
0.21960784
0.34901962
0.37254903
0.42745098
0.41176471
0.40784314
0.32156864
0.27450982
0.23529412
0.28627452
0.49803922
0.61176473
0.63137257
0.66274512
0.68627453
0.70196080
0.71372551
0.70980394
0.69019610
0.67058825
0.67058825
0.60784316
1 0 0 0 0 -1 0 0 0 0 0
0 1 0 0 0 -1 0 0 0 0 0
0 0 1 0 0 -1 0 0 0 0 0
0 0 0 1 0 -1 0 0 0 0 0
0 0 0 0 1 -1 0 0 0 0 0
0 0 0 0 0 -1 1 0 0 0 0
0 0 0 0 0 -1 0 1 0 0 0
0 0 0 0 0 -1 0 0 1 0 0
0 0 0 0 0 -1 0 0 0 1 0
