0.65098041
0.63529414
0.64705884
0.65098041
0.68627453
0.72549021
0.71372551
0.70196080
0.80000001
0.83529413
0.74509805
0.71764708
0.61960787
0.46666667
0.67058825
0.74117649
0.76470590
0.76078433
0.81176472
0.78039217
0.72549021
0.71372551
0.70588237
0.73725492
0.81176472
0.83921570
0.78039217
0.72549021
0.71372551
0.71764708
0.70980394
0.70588237
0.70196080
0.69803923
0.69019610
0.65882355
0.65490198
0.65882355
0.64313728
0.65490198
0.74509805
0.77254903
0.72156864
0.72941178
0.57647061
0.50588238
0.70196080
0.70980394
0.70588237
0.70980394
0.74117649
0.74117649
0.70588237
0.66666669
0.67843139
0.70980394
0.73725492
0.72549021
0.69019610
0.65882355
0.62745100
0.60784316
0.58039218
0.57254905
0.67450982
0.61960787
0.66274512
0.65490198
0.61960787
0.58823532
0.57254905
0.56862748
0.55294120
0.54509807
0.52549022
0.55294120
0.56078434
0.54117650
0.56470591
0.49411765
0.50588238
0.56470591
0.57254905
0.52549022
0.50980395
0.50588238
0.50196081
0.53333336
0.57254905
0.56078434
0.51372552
0.45098040
0.38823530
0.32941177
0.29411766
0.29411766
0.41960785
0.34117648
0.36078432
0.37254903
0.34509805
0.30588236
0.29019609
0.27058825
0.20784314
0.18039216
0.19607843
0.23921569
0.44313726
0.49019608
0.35294119
0.24705882
0.34509805
0.49411765
0.50980395
0.38431373
0.34509805
0.40784314
0.44705883
0.38431373
0.40000001
0.38431373
0.35686275
0.32941177
0.36078432
0.34901962
0.30980393
0.34901962
0.26666668
0.29019609
0.28235295
0.26666668
0.25490198
0.23137255
0.21176471
0.20784314
0.19607843
0.21568628
0.24705882
0.31372550
0.52941179
0.42745098
0.45098040
0.54509807
0.67058825
0.67843139
0.52941179
0.38431373
0.40784314
0.51764709
0.55686277
0.45490196
0.47450981
0.50196081
0.48627451
0.47058824
0.53333336
0.52941179
0.46666667
0.51764709
0.33725491
0.37647060
0.40784314
0.40784314
0.41176471
0.43921569
0.41960785
0.44313726
0.48235294
0.50196081
0.53725493
0.60784316
0.66274512
0.69411767
0.80000001
0.79215688
0.75294119
0.69019610
0.54901963
0.51372552
0.56862748
0.65490198
0.60784316
0.54509807
0.54901963
0.63137257
0.59215689
0.55686277
0.60784316
0.59215689
0.56078434
0.56078434
0.47843137
0.46274510
0.52156866
0.53725493
0.51764709
0.52156866
0.48235294
0.55686277
0.59215689
0.54901963
0.56862748
0.65098041
0.81568629
0.90588236
0.76078433
0.69803923
0.69019610
0.64313728
0.56078434
0.56470591
0.55686277
0.61176473
0.51764709
0.50980395
0.47843137
0.52941179
0.47450981
0.45098040
0.41960785
0.40392157
0.35294119
0.36470589
0.30980393
0.26274511
0.28627452
0.28627452
0.26666668
0.25098041
0.23921569
0.30196080
0.30588236
0.25490198
0.28627452
0.41176471
0.78823531
0.76862746
0.67843139
0.72549021
0.70588237
0.59607846
0.47843137
0.45882353
0.47058824
0.49803922
0.41568628
0.32549021
0.32549021
0.49411765
0.53725493
0.30588236
0.16470589
0.14509805
0.14901961
0.18823530
0.17647059
0.18039216
0.18039216
0.17254902
0.16470589
0.16470589
0.18039216
0.20392157
0.19607843
0.18823530
0.21568628
0.30980393
0.76470590
0.77647060
0.70980394
0.72549021
0.70980394
0.60784316
0.45882353
0.49019608
0.50980395
0.50980395
0.50588238
0.57254905
0.67450982
0.78823531
0.89411765
0.76470590
0.32549021
0.21568628
0.19607843
0.20392157
0.21176471
0.22352941
0.22745098
0.23529412
0.23529412
0.24313726
0.26274511
0.27843139
0.30196080
0.29803923
0.30980393
0.35686275
0.76862746
0.78039217
0.72549021
0.70980394
0.70588237
0.68627453
0.67843139
0.56862748
0.56078434
0.54901963
0.77254903
0.68235296
0.45098040
0.40392157
0.66666669
0.94901961
0.74901962
0.60392159
0.34901962
0.25098041
0.23137255
0.23137255
0.23529412
0.22745098
0.23137255
0.24705882
0.25882354
0.27450982
0.30196080
0.30980393
0.35686275
0.37254903
0.63529414
0.76862746
0.72549021
0.71764708
0.73333335
0.80000001
0.87843138
0.79607844
0.62745100
0.60000002
0.41960785
0.25490198
0.38039216
0.63921571
0.80784315
0.90196079
0.93725491
0.90980393
0.63137257
0.25098041
0.25882354
0.23921569
0.23921569
0.24313726
0.25098041
0.26666668
0.28627452
0.30588236
0.31764707
0.34901962
0.43921569
0.43529412
0.74117649
0.79607844
0.77254903
0.81176472
0.84705883
0.84705883
0.83137256
0.96470588
0.89803922
0.83137256
0.56078434
0.64705884
0.85490197
0.95686275
0.96470588
0.98039216
0.94901961
0.79607844
0.60784316
0.29019609
0.24705882
0.24705882
0.24705882
0.27058825
0.27843139
0.29411766
0.32549021
0.35686275
0.36470589
0.38039216
0.49019608
0.40784314
0.80784315
0.90980393
0.90980393
0.94901961
0.96470588
0.97647059
0.99215686
1.00000000
1.00000000
0.98039216
0.95686275
0.94901961
0.95294118
0.98431373
0.99607843
0.92549020
0.70980394
0.45490196
0.35294119
0.27843139
0.25490198
0.27058825
0.26666668
0.26666668
0.27843139
0.30196080
0.36862746
0.44705883
0.41176471
0.38823530
0.32156864
0.35686275
0.81960785
0.98431373
0.99607843
1.00000000
0.98823529
0.99215686
1.00000000
0.98823529
0.96862745
0.92156863
0.94117647
0.98039216
0.99215686
0.99607843
0.85098040
0.60000002
0.42745098
0.44313726
0.45098040
0.31372550
0.25098041
0.26274511
0.25882354
0.27450982
0.29803923
0.41568628
0.69803923
0.78823531
0.59215689
0.21568628
0.22352941
0.69019610
0.96470588
0.99215686
0.99607843
1.00000000
0.99215686
0.98431373
0.95686275
0.93725491
0.93333334
0.97254902
1.00000000
1.00000000
0.92156863
0.76470590
0.60392159
0.55686277
0.56862748
0.50588238
0.40392157
0.28627452
0.22352941
0.23529412
0.27450982
0.32549021
0.43137255
0.81568629
0.99607843
1.00000000
0.91372550
0.30588236
0.27450982
0.81960785
0.97254902
0.99215686
1.00000000
0.99607843
0.97647059
0.94901961
0.94509804
0.97254902
0.99607843
1.00000000
0.97647059
0.83921570
0.66274512
0.64705884
0.71372551
0.65098041
0.48235294
0.34117648
0.26274511
0.22745098
0.25882354
0.27843139
0.29803923
0.35686275
0.76862746
0.99607843
0.99215686
0.98823529
0.98823529
0.57254905
0.39607844
0.94509804
0.99215686
0.98431373
0.98431373
0.98039216
0.96470588
0.98431373
1.00000000
1.00000000
1.00000000
0.90588236
0.73333335
0.65490198
0.76470590
0.80000001
0.65490198
0.43137255
0.25882354
0.20784314
0.22352941
0.20784314
0.29411766
0.32549021
0.33333334
0.55294120
0.96862745
0.99215686
0.99607843
0.99607843
0.99215686
0.81176472
0.63529414
0.98039216
0.95686275
0.96862745
0.98431373
0.99215686
0.99607843
1.00000000
0.99607843
0.93333334
0.80000001
0.68627453
0.72156864
0.81176472
0.78431374
0.60000002
0.39215687
0.25882354
0.19215687
0.19215687
0.21176471
0.21176471
0.34901962
0.39215687
0.45490196
0.83137256
0.98431373
0.99607843
1.00000000
0.98823529
0.98431373
0.93333334
0.89803922
0.98039216
0.96078432
0.98823529
0.99607843
1.00000000
1.00000000
0.96862745
0.85490197
0.72156864
0.71372551
0.78823531
0.80784315
0.68627453
0.49803922
0.36078432
0.29411766
0.27058825
0.22745098
0.20392157
0.21176471
0.22352941
0.49803922
0.56862748
0.73333335
0.97647059
0.97647059
0.96078432
0.96078432
0.96078432
0.96078432
0.96862745
0.98823529
0.99607843
0.99607843
1.00000000
1.00000000
0.94901961
0.84313726
0.76078433
0.74901962
0.80000001
0.83137256
0.73333335
0.53725493
0.42745098
0.37254903
0.36078432
0.38431373
0.33725491
0.25490198
0.22745098
0.23921569
0.23529412
0.63921571
0.73333335
0.87058824
0.93725491
0.93725491
0.94901961
0.97254902
0.98823529
0.98431373
0.99607843
1.00000000
1.00000000
0.98823529
0.91764706
0.82352942
0.74901962
0.76078433
0.81568629
0.83529413
0.76470590
0.61568630
0.50588238
0.47450981
0.45882353
0.42745098
0.48627451
0.45490196
0.34509805
0.24313726
0.20392157
0.20000000
0.21176471
0.79215688
0.85098040
0.91372550
0.96078432
0.98431373
1.00000000
1.00000000
1.00000000
1.00000000
0.99607843
0.96470588
0.89411765
0.80000001
0.73333335
0.75686276
0.81960785
0.85882354
0.80392158
0.65490198
0.55294120
0.51764709
0.56078434
0.53725493
0.49803922
0.54509807
0.54509807
0.40000001
0.31372550
0.21960784
0.19215687
0.19607843
0.20392157
0.92156863
0.92549020
0.98823529
1.00000000
1.00000000
1.00000000
1.00000000
0.97647059
0.93333334
0.85490197
0.76862746
0.73725492
0.77647060
0.85490197
0.87843138
0.82352942
0.69019610
0.56862748
0.53333336
0.61568630
0.63529414
0.54901963
0.53725493
0.61960787
0.61176473
0.43921569
0.42352942
0.32941177
0.21960784
0.21568628
0.22745098
0.22352941
0.84313726
0.89411765
0.98039216
0.96470588
0.91764706
0.87058824
0.83137256
0.78823531
0.79215688
0.80784315
0.85882354
0.89019608
0.85882354
0.78431374
0.69411767
0.61568630
0.60392159
0.67058825
0.70980394
0.62745100
0.54509807
0.57254905
0.66666669
0.66274512
0.49019608
0.47450981
0.50588238
0.30196080
0.20392157
0.18823530
0.19607843
0.22745098
0.81176472
0.83529413
0.79215688
0.77254903
0.76078433
0.77647060
0.80784315
0.87843138
0.91764706
0.92156863
0.87843138
0.78039217
0.65490198
0.58431375
0.61960787
0.70980394
0.78431374
0.72156864
0.58431375
0.52156866
0.60784316
0.70588237
0.69411767
0.51764709
0.49803922
0.55294120
0.51372552
0.26274511
0.20000000
0.17254902
0.17254902
0.20000000
0.83137256
0.82352942
0.74901962
0.83529413
0.90980393
0.92549020
0.92156863
0.88627452
0.83529413
0.73333335
0.66274512
0.66274512
0.69019610
0.78823531
0.81568629
0.74901962
0.59215689
0.51764709
0.54509807
0.65882355
0.73725492
0.67450982
0.50980395
0.52549022
0.59607846
0.62352943
0.43529412
0.27450982
0.20000000
0.19607843
0.19215687
0.20392157
0.82352942
0.83529413
0.83529413
0.82745099
0.84313726
0.83529413
0.87058824
0.87058824
0.83137256
0.84313726
0.86274511
0.87058824
0.80392158
0.66274512
0.54901963
0.50588238
0.54117650
0.63921571
0.70980394
0.66274512
0.56470591
0.52549022
0.56862748
0.64313728
0.67058825
0.51764709
0.33333334
0.25098041
0.18823530
0.18039216
0.17254902
0.20000000
0.83921570
0.85490197
0.85882354
0.83529413
0.81568629
0.83921570
0.88627452
0.94117647
0.94117647
0.90588236
0.78823531
0.62745100
0.50980395
0.49803922
0.56862748
0.67450982
0.71764708
0.67450982
0.55294120
0.47450981
0.49411765
0.59215689
0.69803923
0.69803923
0.52156866
0.41568628
0.25490198
0.20392157
0.20000000
0.17254902
0.16078432
0.16470589
0.88235295
0.86666667
0.84313726
0.83529413
0.81960785
0.81568629
0.83529413
0.85882354
0.83137256
0.71372551
0.54117650
0.53725493
0.59215689
0.68235296
0.72549021
0.62745100
0.47058824
0.41176471
0.47058824
0.56862748
0.65490198
0.71764708
0.64313728
0.47450981
0.47843137
0.30196080
0.17647059
0.16862746
0.17254902
0.15686275
0.15294118
0.14901961
0.85882354
0.82745099
0.79215688
0.76862746
0.74509805
0.72941178
0.77647060
0.80392158
0.73725492
0.64313728
0.53725493
0.50980395
0.54509807
0.52549022
0.49411765
0.45098040
0.46666667
0.53725493
0.61568630
0.61960787
0.57254905
0.49803922
0.43137255
0.45882353
0.41176471
0.17254902
0.14509805
0.17254902
0.18039216
0.18039216
0.18431373
0.18039216
0.76862746
0.75686276
0.72941178
0.69803923
0.65490198
0.63529414
0.69411767
0.63137257
0.52156866
0.44705883
0.36078432
0.36470589
0.35686275
0.35294119
0.36470589
0.38431373
0.38431373
0.37254903
0.39607844
0.35686275
0.31764707
0.36078432
0.42745098
0.40392157
0.25490198
0.18039216
0.18823530
0.20000000
0.18431373
0.17647059
0.18039216
0.17254902
0.64705884
0.63137257
0.61960787
0.60392159
0.58823532
0.50980395
0.49411765
0.38431373
0.29411766
0.27450982
0.24313726
0.21568628
0.18431373
0.21176471
0.25882354
0.21568628
0.12156863
0.13333334
0.17254902
0.17647059
0.20784314
0.24705882
0.25882354
0.23137255
0.20000000
0.21176471
0.21176471
0.17254902
0.14117648
0.14509805
0.14509805
0.14117648
0.54117650
0.52156866
0.53333336
0.54509807
0.58431375
0.62352943
0.61176473
0.59215689
0.65882355
0.69019610
0.60784316
0.60784316
0.52549022
0.29019609
0.59607846
0.65490198
0.64313728
0.65882355
0.67843139
0.64705884
0.60784316
0.60392159
0.60000002
0.63529414
0.70980394
0.73333335
0.67843139
0.63529414
0.63529414
0.63921571
0.62352943
0.61960787
0.58431375
0.58039218
0.57254905
0.56862748
0.58431375
0.58823532
0.57254905
0.56078434
0.60000002
0.62745100
0.58039218
0.59215689
0.41176471
0.25882354
0.56470591
0.64313728
0.60784316
0.59215689
0.59215689
0.59215689
0.58431375
0.57647061
0.57647061
0.59607846
0.61568630
0.62745100
0.60784316
0.59215689
0.57254905
0.53333336
0.49019608
0.48235294
0.54509807
0.48627451
0.53333336
0.56078434
0.54901963
0.51764709
0.50196081
0.49411765
0.49019608
0.48627451
0.45882353
0.45882353
0.32156864
0.22745098
0.36862746
0.43921569
0.43137255
0.42745098
0.40784314
0.36078432
0.37647060
0.40000001
0.37647060
0.38039216
0.40000001
0.42352942
0.38823530
0.34509805
0.29411766
0.21960784
0.17254902
0.17254902
0.28235295
0.20000000
0.22352941
0.25098041
0.23529412
0.19607843
0.18039216
0.19215687
0.20392157
0.19607843
0.19215687
0.17647059
0.13725491
0.14117648
0.12156863
0.19215687
0.28627452
0.35294119
0.34117648
0.21568628
0.19215687
0.26274511
0.27450982
0.17254902
0.16078432
0.15686275
0.13725491
0.12549020
0.16862746
0.16862746
0.14117648
0.18039216
0.12156863
0.14509805
0.13725491
0.11372549
0.09803922
0.07450981
0.05490196
0.06666667
0.10588235
0.15686275
0.15686275
0.14509805
0.15686275
0.09803922
0.23137255
0.48627451
0.61568630
0.54117650
0.36470589
0.21568628
0.24705882
0.32941177
0.33725491
0.20000000
0.19607843
0.18823530
0.18039216
0.17254902
0.25098041
0.28627452
0.25490198
0.30980393
0.18039216
0.22352941
0.25490198
0.23529412
0.23137255
0.25882354
0.23529412
0.23921569
0.25882354
0.31372550
0.30980393
0.28627452
0.23921569
0.43137255
0.62745100
0.71372551
0.69019610
0.55686277
0.38823530
0.35686275
0.41568628
0.45098040
0.38431373
0.29803923
0.27843139
0.31372550
0.27058825
0.24705882
0.31372550
0.34117648
0.34509805
0.34509805
0.31372550
0.29803923
0.35686275
0.36862746
0.35294119
0.35294119
0.31372550
0.35294119
0.34117648
0.33725491
0.30980393
0.29019609
0.40000001
0.72941178
0.65098041
0.60000002
0.61176473
0.52549022
0.41568628
0.43137255
0.41960785
0.42745098
0.32941177
0.31764707
0.27843139
0.29019609
0.23529412
0.22352941
0.20392157
0.21568628
0.18431373
0.19607843
0.14117648
0.09411765
0.12156863
0.14117648
0.13333334
0.11764706
0.10588235
0.16078432
0.17254902
0.16078432
0.14901961
0.14509805
0.39607844
0.65882355
0.61960787
0.60784316
0.62352943
0.49411765
0.34901962
0.33725491
0.34901962
0.35686275
0.27843139
0.19607843
0.20392157
0.36470589
0.41176471
0.19607843
0.06666667
0.04313726
0.03921569
0.07450981
0.07450981
0.07843138
0.07843138
0.09019608
0.09411765
0.09411765
0.10980392
0.13333334
0.14509805
0.15686275
0.16078432
0.17647059
0.49019608
0.67058825
0.63921571
0.61568630
0.62352943
0.51764709
0.34509805
0.38039216
0.40000001
0.41176471
0.41960785
0.50588238
0.61960787
0.74901962
0.85098040
0.71764708
0.27058825
0.15686275
0.12941177
0.14509805
0.18431373
0.19607843
0.20392157
0.21568628
0.21568628
0.22745098
0.24313726
0.25490198
0.25490198
0.25098041
0.26274511
0.30196080
0.64705884
0.66274512
0.62352943
0.62352943
0.63137257
0.60784316
0.59215689
0.47058824
0.46666667
0.48235294
0.71764708
0.64705884
0.43529412
0.40392157
0.65098041
0.90980393
0.68235296
0.54509807
0.30588236
0.22745098
0.20784314
0.20784314
0.21176471
0.20784314
0.21568628
0.23137255
0.24313726
0.25098041
0.25882354
0.26666668
0.31372550
0.32156864
0.53725493
0.67450982
0.63921571
0.64705884
0.67058825
0.73725492
0.81176472
0.71372551
0.54509807
0.54117650
0.37254903
0.22352941
0.36470589
0.61568630
0.76862746
0.84313726
0.85490197
0.84313726
0.59215689
0.22745098
0.23529412
0.21568628
0.21568628
0.21960784
0.22352941
0.23921569
0.25882354
0.27450982
0.27843139
0.30588236
0.39607844
0.39215687
0.66666669
0.72549021
0.70980394
0.75294119
0.80392158
0.80000001
0.77647060
0.90196079
0.83529413
0.78431374
0.51764709
0.61960787
0.83529413
0.90196079
0.90196079
0.90588236
0.85882354
0.72549021
0.56862748
0.26666668
0.22352941
0.22352941
0.22352941
0.24313726
0.24705882
0.26274511
0.29411766
0.32156864
0.32156864
0.33725491
0.44705883
0.36470589
0.76470590
0.85882354
0.86274511
0.90588236
0.93333334
0.94901961
0.96078432
0.96470588
0.96862745
0.93725491
0.92156863
0.91372550
0.92156863
0.91764706
0.91372550
0.83137256
0.61568630
0.38431373
0.31372550
0.25490198
0.23137255
0.24705882
0.24313726
0.23529412
0.23921569
0.26274511
0.32941177
0.40392157
0.36862746
0.34509805
0.27843139
0.31372550
0.78823531
0.95294118
0.96470588
0.96470588
0.96470588
0.96862745
0.97254902
0.96078432
0.92156863
0.87450981
0.89411765
0.92941177
0.93725491
0.90196079
0.73333335
0.49803922
0.34117648
0.38039216
0.41176471
0.29019609
0.22745098
0.23921569
0.23529412
0.23921569
0.25098041
0.36862746
0.65490198
0.74509805
0.55294120
0.17254902
0.18039216
0.65098041
0.94901961
0.96862745
0.95686275
0.96078432
0.96470588
0.94901961
0.92156863
0.88627452
0.87450981
0.91372550
0.94117647
0.92549020
0.83137256
0.63921571
0.48235294
0.45882353
0.49803922
0.45882353
0.36470589
0.26274511
0.20000000
0.21176471
0.25098041
0.28627452
0.38431373
0.77254903
0.95686275
0.98039216
0.87450981
0.26666668
0.23529412
0.78431374
0.94901961
0.96862745
0.95686275
0.94509804
0.92941177
0.90196079
0.88627452
0.90588236
0.94117647
0.93725491
0.88627452
0.72549021
0.53725493
0.50980395
0.59607846
0.56862748
0.43529412
0.30196080
0.22352941
0.20000000
0.23529412
0.25490198
0.27843139
0.31372550
0.71764708
0.95686275
0.95686275
0.95686275
0.96078432
0.53725493
0.36078432
0.91372550
0.96470588
0.94509804
0.92549020
0.90196079
0.90196079
0.92941177
0.94509804
0.94509804
0.91372550
0.80000001
0.60784316
0.50980395
0.60392159
0.65490198
0.54117650
0.36470589
0.23529412
0.18039216
0.18431373
0.18431373
0.26666668
0.29019609
0.29803923
0.50980395
0.92156863
0.95686275
0.95686275
0.96078432
0.96078432
0.77254903
0.58823532
0.94117647
0.92156863
0.92549020
0.91764706
0.92156863
0.93725491
0.93725491
0.90588236
0.83529413
0.68627453
0.55686277
0.58039218
0.65882355
0.62352943
0.45882353
0.28627452
0.20000000
0.18039216
0.17254902
0.17647059
0.18823530
0.29019609
0.32156864
0.38431373
0.79215688
0.96470588
0.96862745
0.96470588
0.94901961
0.94509804
0.87450981
0.82745099
0.91372550
0.93725491
0.94901961
0.93725491
0.93333334
0.91372550
0.84705883
0.71372551
0.58431375
0.57647061
0.65490198
0.68235296
0.56078434
0.37647060
0.24313726
0.20392157
0.21568628
0.20784314
0.18823530
0.18431373
0.20000000
0.42745098
0.48627451
0.64313728
0.93725491
0.95686275
0.92549020
0.91764706
0.91372550
0.91764706
0.91764706
0.92549020
0.93333334
0.96078432
0.94509804
0.92156863
0.84313726
0.70588237
0.60784316
0.59607846
0.64313728
0.67843139
0.59607846
0.40784314
0.31764707
0.27058825
0.25098041
0.29803923
0.28235295
0.23137255
0.21176471
0.21568628
0.21176471
0.56862748
0.64705884
0.78039217
0.87843138
0.89803922
0.90196079
0.92549020
0.95294118
0.95294118
0.96078432
0.95294118
0.94509804
0.92156863
0.82745099
0.70196080
0.60000002
0.60784316
0.66274512
0.68235296
0.61176473
0.46666667
0.36470589
0.34509805
0.34117648
0.31764707
0.37647060
0.36862746
0.29019609
0.21960784
0.18823530
0.17647059
0.18823530
0.71372551
0.76078433
0.81960785
0.90196079
0.94117647
0.95686275
0.95686275
0.96078432
0.96862745
0.94901961
0.89411765
0.80784315
0.68235296
0.59607846
0.59607846
0.64313728
0.69411767
0.65490198
0.50196081
0.40000001
0.36470589
0.41568628
0.40000001
0.37647060
0.43529412
0.43137255
0.31372550
0.25882354
0.19607843
0.17647059
0.17254902
0.18039216
0.83921570
0.83137256
0.90588236
0.94901961
0.96078432
0.94901961
0.93333334
0.88627452
0.82352942
0.72941178
0.63137257
0.58823532
0.61960787
0.68627453
0.69411767
0.62352943
0.51764709
0.41960785
0.38431373
0.46666667
0.48627451
0.40000001
0.40000001
0.49411765
0.49803922
0.32941177
0.33725491
0.27450982
0.19607843
0.19607843
0.20392157
0.20000000
0.75294119
0.79607844
0.88235295
0.87058824
0.82352942
0.75686276
0.70588237
0.64705884
0.61960787
0.61960787
0.65882355
0.68235296
0.67843139
0.60000002
0.50196081
0.41568628
0.43529412
0.52156866
0.56078434
0.47843137
0.39607844
0.41568628
0.52549022
0.53333336
0.36862746
0.36470589
0.41960785
0.24705882
0.18039216
0.16862746
0.17254902
0.20392157
0.72156864
0.73333335
0.67450982
0.65098041
0.63137257
0.64313728
0.65882355
0.70588237
0.71372551
0.70196080
0.64313728
0.54509807
0.46666667
0.40784314
0.43921569
0.52549022
0.61960787
0.57254905
0.43529412
0.37254903
0.45490196
0.54901963
0.54509807
0.38431373
0.37254903
0.44313726
0.42745098
0.20784314
0.18039216
0.15294118
0.14901961
0.17647059
0.73333335
0.71372551
0.63137257
0.70588237
0.76470590
0.77254903
0.75686276
0.71372551
0.65490198
0.53725493
0.45882353
0.45098040
0.51764709
0.62745100
0.65882355
0.59607846
0.44313726
0.37254903
0.40000001
0.51372552
0.58823532
0.50588238
0.35686275
0.38431373
0.46666667
0.51372552
0.34509805
0.21960784
0.17647059
0.18039216
0.16862746
0.18039216
0.72156864
0.72549021
0.71372551
0.68627453
0.68627453
0.66666669
0.69411767
0.70196080
0.69411767
0.69803923
0.70588237
0.70196080
0.65490198
0.52156866
0.41960785
0.38039216
0.40392157
0.49411765
0.56470591
0.51764709
0.41176471
0.35686275
0.41568628
0.50196081
0.53725493
0.40392157
0.24705882
0.19607843
0.16862746
0.16078432
0.14901961
0.17647059
0.72941178
0.74117649
0.73333335
0.69411767
0.66274512
0.68235296
0.72549021
0.78823531
0.81176472
0.77254903
0.64313728
0.47843137
0.37254903
0.36470589
0.43921569
0.54901963
0.58039218
0.52549022
0.40784314
0.32941177
0.34117648
0.42352942
0.54117650
0.55686277
0.38823530
0.32941177
0.19215687
0.16470589
0.17647059
0.15294118
0.13725491
0.14117648
0.76078433
0.74509805
0.72156864
0.70980394
0.69019610
0.68627453
0.70980394
0.72549021
0.67843139
0.56078434
0.38431373
0.38039216
0.45882353
0.55294120
0.59607846
0.49803922
0.33333334
0.27058825
0.32941177
0.42745098
0.50588238
0.56078434
0.49019608
0.33725491
0.35686275
0.25882354
0.15294118
0.14509805
0.14901961
0.13333334
0.12941177
0.12549020
0.74509805
0.71372551
0.67843139
0.64313728
0.61568630
0.60000002
0.65098041
0.67450982
0.60000002
0.50196081
0.39607844
0.37254903
0.42352942
0.40784314
0.37647060
0.33333334
0.34509805
0.41176471
0.49411765
0.49803922
0.44313726
0.35686275
0.30196080
0.34117648
0.30980393
0.13333334
0.12156863
0.14901961
0.15686275
0.15686275
0.16078432
0.15686275
0.66274512
0.65098041
0.62352943
0.57647061
0.52941179
0.51372552
0.57254905
0.51372552
0.40784314
0.33333334
0.24705882
0.25490198
0.25882354
0.25882354
0.27058825
0.29019609
0.28627452
0.27450982
0.29803923
0.25882354
0.21568628
0.25098041
0.32156864
0.31372550
0.17647059
0.14509805
0.16470589
0.17647059
0.16078432
0.15294118
0.15686275
0.14901961
0.55294120
0.53725493
0.52941179
0.49411765
0.47058824
0.39215687
0.37647060
0.28235295
0.21176471
0.19215687
0.16078432
0.13333334
0.10980392
0.14117648
0.18823530
0.14509805
0.05490196
0.07058824
0.10980392
0.11372549
0.13725491
0.16078432
0.18039216
0.16470589
0.14509805
0.18431373
0.18823530
0.14901961
0.11764706
0.12156863
0.12156863
0.11764706
0.60392159
0.58431375
0.59607846
0.60392159
0.63921571
0.67843139
0.66666669
0.64705884
0.72549021
0.75686276
0.67450982
0.66274512
0.58039218
0.36078432
0.63137257
0.69803923
0.70588237
0.69803923
0.71372551
0.70588237
0.69019610
0.68627453
0.67058825
0.69019610
0.76078433
0.80000001
0.74901962
0.69803923
0.69411767
0.68235296
0.65490198
0.64705884
0.63921571
0.63529414
0.62745100
0.63137257
0.65490198
0.65882355
0.64313728
0.64313728
0.70588237
0.73333335
0.68627453
0.69019610
0.44705883
0.32156864
0.61568630
0.69019610
0.66274512
0.62745100
0.61960787
0.63529414
0.65882355
0.66666669
0.66274512
0.67450982
0.68627453
0.69019610
0.66666669
0.64313728
0.61960787
0.58039218
0.54117650
0.52941179
0.58823532
0.52941179
0.57647061
0.61568630
0.61176473
0.58039218
0.56470591
0.56470591
0.57647061
0.57647061
0.54901963
0.54509807
0.33333334
0.28627452
0.44313726
0.49803922
0.48235294
0.46274510
0.42352942
0.39215687
0.43137255
0.47843137
0.45098040
0.45098040
0.46666667
0.46666667
0.42352942
0.37254903
0.31764707
0.25490198
0.21568628
0.21568628
0.30588236
0.22745098
0.25098041
0.27450982
0.25882354
0.22352941
0.20784314
0.21960784
0.23529412
0.21960784
0.22352941
0.21176471
0.12941177
0.19607843
0.21176471
0.26666668
0.34117648
0.38823530
0.35294119
0.23137255
0.22745098
0.30588236
0.31372550
0.21176471
0.20000000
0.16470589
0.13725491
0.12156863
0.16078432
0.16862746
0.14901961
0.18431373
0.12549020
0.14901961
0.14509805
0.10588235
0.07843138
0.05882353
0.03529412
0.05490196
0.09803922
0.13725491
0.14901961
0.15294118
0.14509805
0.14509805
0.33725491
0.57647061
0.67843139
0.58431375
0.37647060
0.23137255
0.26666668
0.33333334
0.34509805
0.20784314
0.19215687
0.17254902
0.15294118
0.14117648
0.21568628
0.25098041
0.22352941
0.27843139
0.17647059
0.21568628
0.24705882
0.21176471
0.19215687
0.21960784
0.19607843
0.21568628
0.25490198
0.30196080
0.30980393
0.30980393
0.23921569
0.46666667
0.73725492
0.81960785
0.76862746
0.61568630
0.41568628
0.37647060
0.43137255
0.45098040
0.37647060
0.28627452
0.26274511
0.28627452
0.23921569
0.21176471
0.27058825
0.29803923
0.30196080
0.30196080
0.29411766
0.27843139
0.33725491
0.34117648
0.31764707
0.32156864
0.27843139
0.33333334
0.34117648
0.32156864
0.31372550
0.31764707
0.41568628
0.76470590
0.76078433
0.71764708
0.70980394
0.60000002
0.45098040
0.45098040
0.44313726
0.44705883
0.34117648
0.32156864
0.27058825
0.28235295
0.21960784
0.20784314
0.18431373
0.18823530
0.15686275
0.16862746
0.11372549
0.06666667
0.09411765
0.12156863
0.11764706
0.10588235
0.09411765
0.14901961
0.15294118
0.12549020
0.12941177
0.16078432
0.42745098
0.69411767
0.72941178
0.73725492
0.72941178
0.58039218
0.39215687
0.36078432
0.38823530
0.41568628
0.32549021
0.22745098
0.22352941
0.37647060
0.42352942
0.20392157
0.06666667
0.04705882
0.04705882
0.08235294
0.08235294
0.08627451
0.08627451
0.11372549
0.12549020
0.12549020
0.14117648
0.16078432
0.16470589
0.16862746
0.18039216
0.21568628
0.53333336
0.71764708
0.73725492
0.74117649
0.73333335
0.60784316
0.40784314
0.42745098
0.45490196
0.47058824
0.47843137
0.56470591
0.67450982
0.79215688
0.88627452
0.74901962
0.30588236
0.19215687
0.17254902
0.18823530
0.23137255
0.24313726
0.24705882
0.27450982
0.28235295
0.29411766
0.30980393
0.32156864
0.32941177
0.32549021
0.33725491
0.37647060
0.69411767
0.72549021
0.71372551
0.73333335
0.72941178
0.69019610
0.66666669
0.54117650
0.52156866
0.52549022
0.77647060
0.71764708
0.51372552
0.46274510
0.70588237
0.95686275
0.74117649
0.60784316
0.37254903
0.28627452
0.25490198
0.25490198
0.25882354
0.26666668
0.27450982
0.29019609
0.30196080
0.31372550
0.32941177
0.33333334
0.38431373
0.38823530
0.58431375
0.72941178
0.72156864
0.74901962
0.76470590
0.81176472
0.87450981
0.77254903
0.59215689
0.58431375
0.42352942
0.29019609
0.43529412
0.67450982
0.82745099
0.90588236
0.92156863
0.91372550
0.65882355
0.29019609
0.28235295
0.26274511
0.26274511
0.27450982
0.28627452
0.30196080
0.32156864
0.33725491
0.34117648
0.37254903
0.46274510
0.45490196
0.70588237
0.76862746
0.77647060
0.84313726
0.88235295
0.86666667
0.83137256
0.94509804
0.87450981
0.81960785
0.56078434
0.67450982
0.89019608
0.96078432
0.96078432
0.97254902
0.92941177
0.79607844
0.63529414
0.32549021
0.27058825
0.27058825
0.27058825
0.29803923
0.30588236
0.32156864
0.35294119
0.38431373
0.38431373
0.40392157
0.50980395
0.42352942
0.79607844
0.89411765
0.91764706
0.96862745
0.98823529
0.99215686
0.99215686
0.99607843
1.00000000
0.96862745
0.95294118
0.95294118
0.96078432
0.96862745
0.97254902
0.89803922
0.69019610
0.45882353
0.38039216
0.31764707
0.27843139
0.29411766
0.29019609
0.28627452
0.29803923
0.31764707
0.38823530
0.46274510
0.42745098
0.40392157
0.33725491
0.36862746
0.81568629
0.98039216
1.00000000
1.00000000
1.00000000
1.00000000
1.00000000
0.98431373
0.95294118
0.90588236
0.92156863
0.96078432
0.96862745
0.94901961
0.78823531
0.56078434
0.41176471
0.45098040
0.47843137
0.35294119
0.27450982
0.28627452
0.28235295
0.28627452
0.30588236
0.41960785
0.70196080
0.79607844
0.60000002
0.22352941
0.23137255
0.69803923
0.96470588
0.99215686
0.98823529
1.00000000
1.00000000
0.98823529
0.95294118
0.91372550
0.90196079
0.94509804
0.96862745
0.94509804
0.84705883
0.67058825
0.52549022
0.51764709
0.56862748
0.52549022
0.43137255
0.32156864
0.24705882
0.25882354
0.29803923
0.32941177
0.42745098
0.81568629
0.99215686
1.00000000
0.91372550
0.30588236
0.27843139
0.81960785
0.97254902
0.99215686
0.98431373
0.98039216
0.96862745
0.94509804
0.92549020
0.93333334
0.96862745
0.97647059
0.91372550
0.74509805
0.55294120
0.53333336
0.62745100
0.61568630
0.49411765
0.36862746
0.29019609
0.26274511
0.28235295
0.30196080
0.32156864
0.35686275
0.75686276
0.99215686
0.98823529
0.98431373
0.98431373
0.57254905
0.39607844
0.94117647
0.99215686
0.97254902
0.95294118
0.92941177
0.94117647
0.97254902
0.98431373
0.97254902
0.94117647
0.84313726
0.63921571
0.52941179
0.61568630
0.67058825
0.56470591
0.40392157
0.28627452
0.24313726
0.25098041
0.24705882
0.31764707
0.34509805
0.34901962
0.55686277
0.96078432
0.98823529
0.99215686
0.99215686
0.99215686
0.80784315
0.62745100
0.97254902
0.95294118
0.95686275
0.94901961
0.95294118
0.97254902
0.97254902
0.94509804
0.86274511
0.71372551
0.59607846
0.61176473
0.67450982
0.62745100
0.47058824
0.30588236
0.23921569
0.23137255
0.23529412
0.23921569
0.24705882
0.36078432
0.38823530
0.44313726
0.83921570
0.99607843
1.00000000
0.99215686
0.98039216
0.98431373
0.92156863
0.88235295
0.96470588
0.96470588
0.98039216
0.97647059
0.98039216
0.94901961
0.86666667
0.73333335
0.60000002
0.58823532
0.66666669
0.69019610
0.56470591
0.37647060
0.25882354
0.22745098
0.25098041
0.25882354
0.23921569
0.23921569
0.25098041
0.50196081
0.55294120
0.70588237
0.97647059
0.98823529
0.95686275
0.94117647
0.93725491
0.95686275
0.96078432
0.97254902
0.98039216
0.98431373
0.97647059
0.96078432
0.89019608
0.73333335
0.61960787
0.60784316
0.65490198
0.69019610
0.60000002
0.41176471
0.31372550
0.26666668
0.26666668
0.32156864
0.32156864
0.28235295
0.26274511
0.26274511
0.25882354
0.64313728
0.71372551
0.83529413
0.92549020
0.93725491
0.93333334
0.94509804
0.96862745
0.98039216
0.99215686
0.98431373
0.98039216
0.93725491
0.84313726
0.72549021
0.63137257
0.62745100
0.67058825
0.69019610
0.61960787
0.47450981
0.36862746
0.34509805
0.33725491
0.31372550
0.39215687
0.39215687
0.32941177
0.27058825
0.23921569
0.22352941
0.23529412
0.78431374
0.82352942
0.87450981
0.94117647
0.97254902
0.98431373
0.97254902
0.97254902
0.98431373
0.96862745
0.91764706
0.83137256
0.69019610
0.60000002
0.61176473
0.66274512
0.70196080
0.65490198
0.50196081
0.40000001
0.36470589
0.41568628
0.39607844
0.36862746
0.42352942
0.44313726
0.33725491
0.30196080
0.25098041
0.22745098
0.21960784
0.22745098
0.90196079
0.88627452
0.95686275
0.99215686
0.99215686
0.97254902
0.94901961
0.89803922
0.83921570
0.75294119
0.65882355
0.61568630
0.61960787
0.68627453
0.70196080
0.63529414
0.52156866
0.41568628
0.38039216
0.46274510
0.48235294
0.39607844
0.39215687
0.48235294
0.48235294
0.34117648
0.36078432
0.31372550
0.25098041
0.24705882
0.25098041
0.24705882
0.81568629
0.85098040
0.92941177
0.90588236
0.85098040
0.77647060
0.71372551
0.65490198
0.63921571
0.64313728
0.68627453
0.70980394
0.67450982
0.59215689
0.49803922
0.41568628
0.43137255
0.51764709
0.55686277
0.47450981
0.39215687
0.41568628
0.51764709
0.52156866
0.36078432
0.37254903
0.44313726
0.28627452
0.23529412
0.21960784
0.21960784
0.25098041
0.78039217
0.78431374
0.71764708
0.68235296
0.65490198
0.65490198
0.66274512
0.70980394
0.72549021
0.71764708
0.66274512
0.56470591
0.45882353
0.39607844
0.43137255
0.51764709
0.61176473
0.56470591
0.42352942
0.36078432
0.44313726
0.54117650
0.53725493
0.36862746
0.35294119
0.45098040
0.45098040
0.24705882
0.23137255
0.20784314
0.19607843
0.22352941
0.79215688
0.76078433
0.66666669
0.73333335
0.78431374
0.78431374
0.75686276
0.70980394
0.64313728
0.52941179
0.45098040
0.44705883
0.50980395
0.61568630
0.64705884
0.58431375
0.42745098
0.34901962
0.37647060
0.49411765
0.56862748
0.49411765
0.34117648
0.36470589
0.44313726
0.52156866
0.37254903
0.25882354
0.23137255
0.23137255
0.21568628
0.22745098
0.77647060
0.77254903
0.74901962
0.70980394
0.70196080
0.67843139
0.69411767
0.68627453
0.65882355
0.66274512
0.67450982
0.67843139
0.64313728
0.51372552
0.40784314
0.36470589
0.38431373
0.47058824
0.54117650
0.49411765
0.39215687
0.34117648
0.39607844
0.47843137
0.51372552
0.41568628
0.27058825
0.23921569
0.21960784
0.21568628
0.19607843
0.22352941
0.78823531
0.79607844
0.78431374
0.73333335
0.69019610
0.70196080
0.73333335
0.78039217
0.78431374
0.74901962
0.62352943
0.45882353
0.35294119
0.34117648
0.41568628
0.52549022
0.55686277
0.50196081
0.38431373
0.30588236
0.32156864
0.40784314
0.52549022
0.54117650
0.37647060
0.35294119
0.22352941
0.20784314
0.22745098
0.20392157
0.18431373
0.18823530
0.83137256
0.81568629
0.79215688
0.76470590
0.73333335
0.71764708
0.72549021
0.73333335
0.68235296
0.56470591
0.38823530
0.38431373
0.42352942
0.51372552
0.55686277
0.45882353
0.30588236
0.25098041
0.30980393
0.40784314
0.48627451
0.54509807
0.48235294
0.33333334
0.36078432
0.29411766
0.19607843
0.19215687
0.19607843
0.18039216
0.17647059
0.17254902
0.81568629
0.78431374
0.74901962
0.70196080
0.65882355
0.63137257
0.67058825
0.68235296
0.60000002
0.50196081
0.39607844
0.36862746
0.40000001
0.38039216
0.34901962
0.30588236
0.32549021
0.40392157
0.48235294
0.48627451
0.43137255
0.34901962
0.30196080
0.34901962
0.32549021
0.17647059
0.16862746
0.19607843
0.20392157
0.20392157
0.20784314
0.20392157
0.72941178
0.71764708
0.69019610
0.63529414
0.56862748
0.54117650
0.58823532
0.52156866
0.40392157
0.32941177
0.24705882
0.25098041
0.24705882
0.24705882
0.25882354
0.27843139
0.28235295
0.27450982
0.29803923
0.25882354
0.21568628
0.25490198
0.33725491
0.33725491
0.21176471
0.19215687
0.21176471
0.22352941
0.20784314
0.20000000
0.20392157
0.19607843
0.61568630
0.60000002
0.58823532
0.54509807
0.50980395
0.41960785
0.39215687
0.28627452
0.20392157
0.18431373
0.15686275
0.12549020
0.10588235
0.13725491
0.18431373
0.14117648
0.05882353
0.07450981
0.11372549
0.12156863
0.14509805
0.18431373
0.21176471
0.20784314
0.19215687
0.23137255
0.23529412
0.19607843
0.16470589
0.16862746
0.16862746
0.16470589
1 0 0 0 0 0 0 0 -1 0 0
0 1 0 0 0 0 0 0 -1 0 0
0 0 1 0 0 0 0 0 -1 0 0
0 0 0 1 0 0 0 0 -1 0 0
0 0 0 0 1 0 0 0 -1 0 0
0 0 0 0 0 1 0 0 -1 0 0
0 0 0 0 0 0 1 0 -1 0 0
0 0 0 0 0 0 0 1 -1 0 0
0 0 0 0 0 0 0 0 -1 1 0
