0.20000000
0.18431373
0.15686275
0.25098041
0.26666668
0.20784314
0.16862746
0.15294118
0.22352941
0.34901962
0.40784314
0.58039218
0.61960787
0.58823532
0.60000002
0.50196081
0.41960785
0.33725491
0.33725491
0.30196080
0.40392157
0.58039218
0.52549022
0.43529412
0.39215687
0.24705882
0.10196079
0.09019608
0.09411765
0.25490198
0.59607846
0.81568629
0.17647059
0.18039216
0.16862746
0.27450982
0.29411766
0.25098041
0.17647059
0.17254902
0.28627452
0.34509805
0.36078432
0.49803922
0.64313728
0.64313728
0.67450982
0.68235296
0.54901963
0.37254903
0.35294119
0.36862746
0.52941179
0.62352943
0.34117648
0.22745098
0.31372550
0.28627452
0.08627451
0.24705882
0.29019609
0.31764707
0.66666669
0.90980393
0.18823530
0.16470589
0.16078432
0.29019609
0.35686275
0.30196080
0.20784314
0.20392157
0.32549021
0.31764707
0.29803923
0.30980393
0.49803922
0.34901962
0.29019609
0.34901962
0.49803922
0.52941179
0.45490196
0.49411765
0.61568630
0.65098041
0.38431373
0.22352941
0.34509805
0.42352942
0.10196079
0.35686275
0.49411765
0.44705883
0.74117649
0.89411765
0.19215687
0.19607843
0.14509805
0.30196080
0.44313726
0.35686275
0.25098041
0.22352941
0.32549021
0.31372550
0.27450982
0.29803923
0.56078434
0.31372550
0.20784314
0.23529412
0.52941179
0.72156864
0.64313728
0.61960787
0.56470591
0.70196080
0.59607846
0.48235294
0.61176473
0.49803922
0.13333334
0.32549021
0.47058824
0.59607846
0.74901962
0.88627452
0.16078432
0.16078432
0.18431373
0.41960785
0.51764709
0.45098040
0.29411766
0.23529412
0.32941177
0.38823530
0.20784314
0.30980393
0.61960787
0.32156864
0.24313726
0.31372550
0.46666667
0.51372552
0.54901963
0.64705884
0.57254905
0.72156864
0.78431374
0.76470590
0.71764708
0.32549021
0.14509805
0.26274511
0.34509805
0.67058825
0.74509805
0.65490198
0.16470589
0.12549020
0.30980393
0.62745100
0.50588238
0.37647060
0.27843139
0.22745098
0.30980393
0.42352942
0.23921569
0.33333334
0.61568630
0.34117648
0.27058825
0.33333334
0.46666667
0.45882353
0.40392157
0.60784316
0.63137257
0.74901962
0.85098040
0.85098040
0.78039217
0.47058824
0.21568628
0.29019609
0.34901962
0.62745100
0.72549021
0.56078434
0.14117648
0.13725491
0.43921569
0.70196080
0.48235294
0.25490198
0.22352941
0.25490198
0.25882354
0.33725491
0.38431373
0.52156866
0.56862748
0.40392157
0.41176471
0.43137255
0.56078434
0.65882355
0.47450981
0.67058825
0.67843139
0.63137257
0.57254905
0.79215688
0.89019608
0.70588237
0.30196080
0.34117648
0.40784314
0.48235294
0.60392159
0.56470591
0.14509805
0.19607843
0.50588238
0.69411767
0.35686275
0.14901961
0.16470589
0.23921569
0.24705882
0.30980393
0.42745098
0.55686277
0.45882353
0.49019608
0.49411765
0.55686277
0.70980394
0.85882354
0.63921571
0.73725492
0.75294119
0.63529414
0.47450981
0.72156864
0.85882354
0.54117650
0.28235295
0.40000001
0.41176471
0.36470589
0.50588238
0.55294120
0.18823530
0.32156864
0.55294120
0.69803923
0.31764707
0.15294118
0.17647059
0.19607843
0.23529412
0.33333334
0.37647060
0.32549021
0.29411766
0.52549022
0.58039218
0.49411765
0.68235296
0.82352942
0.72941178
0.82745099
0.80000001
0.73333335
0.71372551
0.80392158
0.85098040
0.66274512
0.40392157
0.41960785
0.29803923
0.22745098
0.39215687
0.51764709
0.24705882
0.38039216
0.56862748
0.70196080
0.36078432
0.22352941
0.25882354
0.21960784
0.23529412
0.39215687
0.46666667
0.29803923
0.21568628
0.36078432
0.50588238
0.28627452
0.42352942
0.46666667
0.56078434
0.72549021
0.66666669
0.58823532
0.66274512
0.69803923
0.67843139
0.62745100
0.37254903
0.36470589
0.25882354
0.20784314
0.32941177
0.48627451
0.19215687
0.31764707
0.47450981
0.59215689
0.35294119
0.24313726
0.21568628
0.28235295
0.28235295
0.38431373
0.45882353
0.32549021
0.27450982
0.18431373
0.14117648
0.20784314
0.31764707
0.25098041
0.38431373
0.49803922
0.50980395
0.40784314
0.43529412
0.44705883
0.35686275
0.27450982
0.25882354
0.34117648
0.25098041
0.20000000
0.27450982
0.47450981
0.18039216
0.23921569
0.30588236
0.40392157
0.45098040
0.32549021
0.25490198
0.45490196
0.38431373
0.26666668
0.23921569
0.29411766
0.34509805
0.24313726
0.24705882
0.31372550
0.38431373
0.40000001
0.40784314
0.29411766
0.36862746
0.33725491
0.37254903
0.40392157
0.32156864
0.30588236
0.29019609
0.41176471
0.31372550
0.24705882
0.32156864
0.46274510
0.23137255
0.22352941
0.15294118
0.30196080
0.49019608
0.42352942
0.38823530
0.53725493
0.49803922
0.30588236
0.21176471
0.43137255
0.48627451
0.36470589
0.37647060
0.35686275
0.45098040
0.69019610
0.54901963
0.30196080
0.40784314
0.39215687
0.44705883
0.40784314
0.36862746
0.32941177
0.28627452
0.41960785
0.38431373
0.38039216
0.45490196
0.45882353
0.23137255
0.28235295
0.23529412
0.33333334
0.38039216
0.39215687
0.39607844
0.48235294
0.66274512
0.45882353
0.27450982
0.62745100
0.65882355
0.61960787
0.59215689
0.51372552
0.53333336
0.74509805
0.74117649
0.44705883
0.46274510
0.44705883
0.50980395
0.33725491
0.30980393
0.29803923
0.30588236
0.40000001
0.34117648
0.35294119
0.42352942
0.43137255
0.27843139
0.32941177
0.39215687
0.44313726
0.23921569
0.29411766
0.47058824
0.45490196
0.69803923
0.56862748
0.34117648
0.70588237
0.68627453
0.56862748
0.49411765
0.43921569
0.44705883
0.55294120
0.60784316
0.41960785
0.39607844
0.54901963
0.49803922
0.29411766
0.24705882
0.24705882
0.30196080
0.32941177
0.27450982
0.29803923
0.30588236
0.33333334
0.23529412
0.29411766
0.43137255
0.47058824
0.22745098
0.25490198
0.52941179
0.44313726
0.67843139
0.59215689
0.38431373
0.67843139
0.45882353
0.27843139
0.26666668
0.16078432
0.19607843
0.40784314
0.47843137
0.38039216
0.33725491
0.44705883
0.50588238
0.40784314
0.32941177
0.23137255
0.17647059
0.19215687
0.21960784
0.27450982
0.25098041
0.23529412
0.26274511
0.29803923
0.40784314
0.36862746
0.23921569
0.28235295
0.40784314
0.31372550
0.58823532
0.58431375
0.38431373
0.45882353
0.35294119
0.37647060
0.36862746
0.14117648
0.22745098
0.33333334
0.53333336
0.40392157
0.34117648
0.37254903
0.35294119
0.32941177
0.32941177
0.25490198
0.21176471
0.19607843
0.23529412
0.30980393
0.28235295
0.26274511
0.36470589
0.38431373
0.42352942
0.42352942
0.42352942
0.47843137
0.51372552
0.45882353
0.66274512
0.53725493
0.30588236
0.32549021
0.42745098
0.49411765
0.44313726
0.31372550
0.33333334
0.25490198
0.32941177
0.36862746
0.35686275
0.34901962
0.29803923
0.25490198
0.24313726
0.28235295
0.39607844
0.36862746
0.28235295
0.31372550
0.23921569
0.29019609
0.35686275
0.40000001
0.45490196
0.50980395
0.53333336
0.56470591
0.61960787
0.63529414
0.69019610
0.41568628
0.23137255
0.32549021
0.40000001
0.45098040
0.38823530
0.47058824
0.37647060
0.28235295
0.26274511
0.32941177
0.36862746
0.35686275
0.33333334
0.29019609
0.25098041
0.25882354
0.30196080
0.33725491
0.30196080
0.31372550
0.23137255
0.30196080
0.54509807
0.60784316
0.60392159
0.56862748
0.50980395
0.45882353
0.45098040
0.42745098
0.40000001
0.23137255
0.18431373
0.30196080
0.30588236
0.31372550
0.30196080
0.35294119
0.30588236
0.27058825
0.25490198
0.28627452
0.35294119
0.36078432
0.35294119
0.32549021
0.29019609
0.27843139
0.23921569
0.29411766
0.26666668
0.25882354
0.20784314
0.25490198
0.78823531
0.81176472
0.77647060
0.63529414
0.46274510
0.34509805
0.29803923
0.26666668
0.24705882
0.20784314
0.19215687
0.24313726
0.23529412
0.23137255
0.22352941
0.20392157
0.22352941
0.21960784
0.22352941
0.25490198
0.27843139
0.31372550
0.32549021
0.31764707
0.41960785
0.44313726
0.40392157
0.32941177
0.22745098
0.20000000
0.15686275
0.15294118
0.81568629
0.78039217
0.54509807
0.30588236
0.17254902
0.18823530
0.21960784
0.19215687
0.16078432
0.16078432
0.14901961
0.14901961
0.14509805
0.14509805
0.14509805
0.16470589
0.17254902
0.18431373
0.21568628
0.23529412
0.26666668
0.30588236
0.32549021
0.36470589
0.54901963
0.78431374
0.72549021
0.32156864
0.24313726
0.15686275
0.06666667
0.06274510
0.81960785
0.59607846
0.26666668
0.12941177
0.14117648
0.16862746
0.14117648
0.10980392
0.10588235
0.12941177
0.12941177
0.13333334
0.12941177
0.12941177
0.13725491
0.14509805
0.14509805
0.16862746
0.12549020
0.09803922
0.16862746
0.23137255
0.27058825
0.33333334
0.38823530
0.62745100
0.63529414
0.26666668
0.23137255
0.12941177
0.03921569
0.03529412
0.80000001
0.43137255
0.18431373
0.16862746
0.36470589
0.30980393
0.15686275
0.13725491
0.12941177
0.14509805
0.14117648
0.14509805
0.14509805
0.14509805
0.14509805
0.14117648
0.12941177
0.10980392
0.08235294
0.14509805
0.12941177
0.15686275
0.21568628
0.22745098
0.26274511
0.30196080
0.29019609
0.25490198
0.22745098
0.13333334
0.07058824
0.06666667
0.74901962
0.38823530
0.16470589
0.26274511
0.54117650
0.43137255
0.20000000
0.16470589
0.14509805
0.15294118
0.15294118
0.14901961
0.14509805
0.14509805
0.14901961
0.14509805
0.14509805
0.08627451
0.20784314
0.36470589
0.25490198
0.16862746
0.22352941
0.18039216
0.23529412
0.20392157
0.14117648
0.18431373
0.16078432
0.11372549
0.08235294
0.08235294
0.67843139
0.37647060
0.14509805
0.33725491
0.62745100
0.51372552
0.21176471
0.16470589
0.16078432
0.14901961
0.15686275
0.15294118
0.14901961
0.15294118
0.14901961
0.16470589
0.16862746
0.10980392
0.36470589
0.49019608
0.32156864
0.16470589
0.17254902
0.15294118
0.16078432
0.13333334
0.10980392
0.14117648
0.37254903
0.18823530
0.07058824
0.07450981
0.66666669
0.40392157
0.14901961
0.40392157
0.66666669
0.57254905
0.21960784
0.15686275
0.15686275
0.14901961
0.14901961
0.14509805
0.15294118
0.15686275
0.15686275
0.16470589
0.15294118
0.16862746
0.50588238
0.54901963
0.45098040
0.19215687
0.15686275
0.16862746
0.16470589
0.14901961
0.13333334
0.09803922
0.34509805
0.20784314
0.07843138
0.09803922
0.61176473
0.47450981
0.18039216
0.38431373
0.59607846
0.38823530
0.17647059
0.14901961
0.14117648
0.14509805
0.15294118
0.15686275
0.15686275
0.14901961
0.14901961
0.14901961
0.13725491
0.21176471
0.65490198
0.69411767
0.41960785
0.19607843
0.18431373
0.21176471
0.18823530
0.24313726
0.19607843
0.05098039
0.07450981
0.16862746
0.14901961
0.15686275
0.56078434
0.50196081
0.27058825
0.25098041
0.53333336
0.31372550
0.10588235
0.10196079
0.09803922
0.09411765
0.09411765
0.11372549
0.13333334
0.13725491
0.14509805
0.14901961
0.13333334
0.22745098
0.59215689
0.73725492
0.45882353
0.18039216
0.14117648
0.14509805
0.12549020
0.13333334
0.11372549
0.06274510
0.14509805
0.28235295
0.25882354
0.23529412
0.64313728
0.59215689
0.45882353
0.35294119
0.39215687
0.29019609
0.19607843
0.15686275
0.12549020
0.09411765
0.07058824
0.07450981
0.09411765
0.10588235
0.12549020
0.12549020
0.10980392
0.18823530
0.60784316
0.63529414
0.47843137
0.15686275
0.12549020
0.08235294
0.06274510
0.12941177
0.18823530
0.18431373
0.21960784
0.24313726
0.24313726
0.25098041
0.69019610
0.69411767
0.69803923
0.67450982
0.61568630
0.57254905
0.54901963
0.50980395
0.45490196
0.38823530
0.33725491
0.29019609
0.24705882
0.20392157
0.16862746
0.13725491
0.10980392
0.12156863
0.42745098
0.50980395
0.28235295
0.10196079
0.08627451
0.05098039
0.04705882
0.13333334
0.21176471
0.25882354
0.33725491
0.43137255
0.44705883
0.43921569
0.64313728
0.65490198
0.67450982
0.69803923
0.70588237
0.71372551
0.71372551
0.72156864
0.72156864
0.69411767
0.67058825
0.64313728
0.60784316
0.58039218
0.52549022
0.46274510
0.39607844
0.34117648
0.29803923
0.32549021
0.20392157
0.15686275
0.12941177
0.12156863
0.12941177
0.14117648
0.19607843
0.29019609
0.40392157
0.49803922
0.52156866
0.53333336
0.27843139
0.25882354
0.25882354
0.33725491
0.35686275
0.30588236
0.28235295
0.25490198
0.31764707
0.43921569
0.51764709
0.60784316
0.62352943
0.60784316
0.60000002
0.51372552
0.41960785
0.34509805
0.34509805
0.30980393
0.44705883
0.56470591
0.50588238
0.45490196
0.43137255
0.32941177
0.20784314
0.20392157
0.20000000
0.34117648
0.61568630
0.81568629
0.25490198
0.25098041
0.25490198
0.34117648
0.39215687
0.36470589
0.26666668
0.26666668
0.38431373
0.42745098
0.46274510
0.51764709
0.61960787
0.66274512
0.69803923
0.71372551
0.55294120
0.38039216
0.34901962
0.35686275
0.55294120
0.58823532
0.34117648
0.27450982
0.35294119
0.35294119
0.19215687
0.36470589
0.40000001
0.39607844
0.67843139
0.90588236
0.26666668
0.23137255
0.21176471
0.30980393
0.43529412
0.41176471
0.29019609
0.28627452
0.41176471
0.38431373
0.37647060
0.33333334
0.44313726
0.34901962
0.30980393
0.36078432
0.48235294
0.52941179
0.43921569
0.47450981
0.63921571
0.62352943
0.40000001
0.27450982
0.38039216
0.47450981
0.19215687
0.45490196
0.57647061
0.49803922
0.74117649
0.89019608
0.27058825
0.25490198
0.20784314
0.32941177
0.47450981
0.40392157
0.34117648
0.30588236
0.39607844
0.36078432
0.33333334
0.32549021
0.48235294
0.30196080
0.20784314
0.20000000
0.47450981
0.71372551
0.61960787
0.60000002
0.60392159
0.68235296
0.58823532
0.49411765
0.61960787
0.54117650
0.20784314
0.40392157
0.52549022
0.61960787
0.74901962
0.88235295
0.23921569
0.22352941
0.23921569
0.44705883
0.56470591
0.52156866
0.40000001
0.32156864
0.38431373
0.41176471
0.25490198
0.33725491
0.52549022
0.32156864
0.23529412
0.23137255
0.38039216
0.49803922
0.53725493
0.61176473
0.60000002
0.68235296
0.69411767
0.71764708
0.69803923
0.38039216
0.23137255
0.34901962
0.40784314
0.69411767
0.74509805
0.65098041
0.24313726
0.19607843
0.30588236
0.59215689
0.62745100
0.59607846
0.42745098
0.32156864
0.38431373
0.48235294
0.28627452
0.35686275
0.52941179
0.38823530
0.31372550
0.26274511
0.37647060
0.42745098
0.39215687
0.55686277
0.61568630
0.68235296
0.72941178
0.76862746
0.69411767
0.45490196
0.29411766
0.38823530
0.39215687
0.64313728
0.71372551
0.54901963
0.22352941
0.22352941
0.41960785
0.65098041
0.61568630
0.53333336
0.40784314
0.34901962
0.38039216
0.48627451
0.43529412
0.54901963
0.52941179
0.51372552
0.56078434
0.46666667
0.52941179
0.60000002
0.43529412
0.61960787
0.65882355
0.68235296
0.68627453
0.80392158
0.72156864
0.65882355
0.36470589
0.41960785
0.34509805
0.45098040
0.57254905
0.54509807
0.21960784
0.25882354
0.49019608
0.65490198
0.42745098
0.33725491
0.29803923
0.31372550
0.34509805
0.41176471
0.43921569
0.58823532
0.46666667
0.56078434
0.56862748
0.58431375
0.67058825
0.78823531
0.57254905
0.67450982
0.74117649
0.63921571
0.60784316
0.79215688
0.77254903
0.69411767
0.42352942
0.48627451
0.37254903
0.35294119
0.46666667
0.52941179
0.24705882
0.34901962
0.52156866
0.64313728
0.31372550
0.22352941
0.23529412
0.25882354
0.29411766
0.33725491
0.34117648
0.36862746
0.31764707
0.46666667
0.49803922
0.41568628
0.58823532
0.75294119
0.64705884
0.71764708
0.71764708
0.49411765
0.56470591
0.76078433
0.80000001
0.65098041
0.46666667
0.51764709
0.31764707
0.25882354
0.35686275
0.49803922
0.30196080
0.40000001
0.52549022
0.61960787
0.31372550
0.24313726
0.29019609
0.28235295
0.27843139
0.35294119
0.43529412
0.34509805
0.23921569
0.30588236
0.47058824
0.21176471
0.31764707
0.40784314
0.47843137
0.56078434
0.54901963
0.33725491
0.52941179
0.61176473
0.64313728
0.54901963
0.38823530
0.44313726
0.26666668
0.21176471
0.30196080
0.47843137
0.25882354
0.36078432
0.44313726
0.51764709
0.31764707
0.27058825
0.25882354
0.34117648
0.31764707
0.37647060
0.49019608
0.37254903
0.25882354
0.16862746
0.18431373
0.18431373
0.25098041
0.20784314
0.31764707
0.40000001
0.49411765
0.30196080
0.41176471
0.43529412
0.35686275
0.30196080
0.34509805
0.40000001
0.22745098
0.14901961
0.25098041
0.48627451
0.26274511
0.31372550
0.34509805
0.40392157
0.43137255
0.35686275
0.30980393
0.48627451
0.39607844
0.31764707
0.34901962
0.32941177
0.27450982
0.20392157
0.20000000
0.29411766
0.39215687
0.37647060
0.37254903
0.27058825
0.42745098
0.36078432
0.37647060
0.42745098
0.35686275
0.30980393
0.38823530
0.45490196
0.31372550
0.20000000
0.30588236
0.50196081
0.32549021
0.32156864
0.23137255
0.36470589
0.54117650
0.48627451
0.47450981
0.58431375
0.49411765
0.37647060
0.38039216
0.45490196
0.43137255
0.34509805
0.30980393
0.38823530
0.49411765
0.66666669
0.50980395
0.30588236
0.47058824
0.45882353
0.49019608
0.45490196
0.43529412
0.38823530
0.36470589
0.44313726
0.40000001
0.36470589
0.45098040
0.49019608
0.34117648
0.37647060
0.24313726
0.33725491
0.49019608
0.48627451
0.47450981
0.57647061
0.65098041
0.49803922
0.43921569
0.63529414
0.65490198
0.60784316
0.57647061
0.57254905
0.55686277
0.73333335
0.69411767
0.45882353
0.52549022
0.49411765
0.55686277
0.40392157
0.38039216
0.36862746
0.37647060
0.42745098
0.36078432
0.36078432
0.45882353
0.45490196
0.38039216
0.39215687
0.27450982
0.30588236
0.32549021
0.35686275
0.41568628
0.49019608
0.64705884
0.51372552
0.43137255
0.69019610
0.68627453
0.56470591
0.49019608
0.48235294
0.47450981
0.56862748
0.59607846
0.44313726
0.45098040
0.58039218
0.52549022
0.36470589
0.32156864
0.32549021
0.38039216
0.37647060
0.30980393
0.34117648
0.38823530
0.38823530
0.33725491
0.34117648
0.25490198
0.25882354
0.27843139
0.28235295
0.40392157
0.43921569
0.60784316
0.47058824
0.41176471
0.67058825
0.47450981
0.30196080
0.27058825
0.18823530
0.23921569
0.45882353
0.50196081
0.43137255
0.40392157
0.48627451
0.52549022
0.47058824
0.42352942
0.32549021
0.27058825
0.26274511
0.27843139
0.35294119
0.36470589
0.31372550
0.38823530
0.38823530
0.32156864
0.25882354
0.31764707
0.33333334
0.37647060
0.36078432
0.55686277
0.48627451
0.40392157
0.48235294
0.41176471
0.43921569
0.40000001
0.16470589
0.25882354
0.38823530
0.58431375
0.50196081
0.43529412
0.43529412
0.41568628
0.41176471
0.42745098
0.35294119
0.31372550
0.28627452
0.31372550
0.40392157
0.37647060
0.31372550
0.50980395
0.51372552
0.42745098
0.35686275
0.43921569
0.46274510
0.47058824
0.43529412
0.57647061
0.48235294
0.34901962
0.37254903
0.52549022
0.59215689
0.50980395
0.35686275
0.35294119
0.30980393
0.39607844
0.48627451
0.47058824
0.44313726
0.39215687
0.34901962
0.33725491
0.37254903
0.48627451
0.45098040
0.36470589
0.41176471
0.31764707
0.30196080
0.47058824
0.51372552
0.49411765
0.45098040
0.47450981
0.50196081
0.53725493
0.56470591
0.61176473
0.42352942
0.28627452
0.36862746
0.51372552
0.56862748
0.47843137
0.53333336
0.40784314
0.35686275
0.36470589
0.45882353
0.47843137
0.46666667
0.43921569
0.38431373
0.33725491
0.33333334
0.37254903
0.40000001
0.37254903
0.41960785
0.30588236
0.29803923
0.60000002
0.66666669
0.64705884
0.56862748
0.50980395
0.47058824
0.43921569
0.43137255
0.42745098
0.30196080
0.25098041
0.35686275
0.41176471
0.42352942
0.40000001
0.43529412
0.36862746
0.36470589
0.37647060
0.41960785
0.46274510
0.48235294
0.47450981
0.42352942
0.38039216
0.32549021
0.27058825
0.34509805
0.36470589
0.41960785
0.35294119
0.35294119
0.80392158
0.82745099
0.78823531
0.65098041
0.49803922
0.39607844
0.34901962
0.32941177
0.32941177
0.28627452
0.27058825
0.32549021
0.32549021
0.32549021
0.31372550
0.29411766
0.31764707
0.32156864
0.34117648
0.37254903
0.40000001
0.45882353
0.49019608
0.52549022
0.57254905
0.34117648
0.28235295
0.39607844
0.32549021
0.36470589
0.39215687
0.38823530
0.82352942
0.78431374
0.56078434
0.34117648
0.21960784
0.23921569
0.26666668
0.24705882
0.22352941
0.22352941
0.21568628
0.21960784
0.21960784
0.21960784
0.21568628
0.23921569
0.25490198
0.27058825
0.30196080
0.33333334
0.38823530
0.45882353
0.50588238
0.61960787
0.69803923
0.43529412
0.34117648
0.36470589
0.31764707
0.29411766
0.31764707
0.32156864
0.82745099
0.60000002
0.28235295
0.16078432
0.17647059
0.20000000
0.18039216
0.14509805
0.14509805
0.16862746
0.17254902
0.18431373
0.18039216
0.18039216
0.18823530
0.19607843
0.21176471
0.22745098
0.17647059
0.15294118
0.25490198
0.35294119
0.40392157
0.51372552
0.49411765
0.30588236
0.25490198
0.27058825
0.32549021
0.25882354
0.25098041
0.25882354
0.80784315
0.43529412
0.18823530
0.17254902
0.36862746
0.31372550
0.18823530
0.16078432
0.15686275
0.16470589
0.16862746
0.17254902
0.17647059
0.17647059
0.17647059
0.17254902
0.17647059
0.14901961
0.10588235
0.16078432
0.16862746
0.22745098
0.29803923
0.37254903
0.38431373
0.26274511
0.22352941
0.27058825
0.31372550
0.21960784
0.21960784
0.22745098
0.75686276
0.39607844
0.16470589
0.25882354
0.53333336
0.42745098
0.21960784
0.18431373
0.17254902
0.17254902
0.17254902
0.17647059
0.17254902
0.17254902
0.17647059
0.17254902
0.17647059
0.10980392
0.21568628
0.36078432
0.27058825
0.20784314
0.26666668
0.29803923
0.31764707
0.24705882
0.19607843
0.19607843
0.24705882
0.20392157
0.20000000
0.19215687
0.69019610
0.38431373
0.14509805
0.34117648
0.63921571
0.52941179
0.23137255
0.18823530
0.20000000
0.17647059
0.18039216
0.18431373
0.18431373
0.18039216
0.18039216
0.19607843
0.19215687
0.12549020
0.37254903
0.49019608
0.34509805
0.20000000
0.18823530
0.20784314
0.21568628
0.17254902
0.13725491
0.16862746
0.41960785
0.25882354
0.18431373
0.16862746
0.67450982
0.40784314
0.14901961
0.41176471
0.67843139
0.58823532
0.24313726
0.18823530
0.20000000
0.17647059
0.17254902
0.17254902
0.18039216
0.18431373
0.18823530
0.19215687
0.18039216
0.18823530
0.52156866
0.56862748
0.47450981
0.21960784
0.19607843
0.24313726
0.24705882
0.18823530
0.14509805
0.12941177
0.35686275
0.24313726
0.18039216
0.17647059
0.61568630
0.47058824
0.18431373
0.39215687
0.60392159
0.40000001
0.19215687
0.17254902
0.17254902
0.16862746
0.16862746
0.17254902
0.17254902
0.17254902
0.17254902
0.17254902
0.16470589
0.23529412
0.67058825
0.71764708
0.43529412
0.20784314
0.24313726
0.29803923
0.25490198
0.27058825
0.20784314
0.06666667
0.09019608
0.20392157
0.21960784
0.20392157
0.56078434
0.49019608
0.26666668
0.26666668
0.54901963
0.32941177
0.10980392
0.10980392
0.10588235
0.10196079
0.10588235
0.12549020
0.14509805
0.15686275
0.16470589
0.16862746
0.15294118
0.23921569
0.60000002
0.75294119
0.46666667
0.18823530
0.18039216
0.19215687
0.16470589
0.16078432
0.12941177
0.07843138
0.15686275
0.30196080
0.29019609
0.25490198
0.63529414
0.57254905
0.44313726
0.35294119
0.38823530
0.28627452
0.19215687
0.15294118
0.11764706
0.09411765
0.07450981
0.07843138
0.09803922
0.11764706
0.13333334
0.13333334
0.12156863
0.19607843
0.60784316
0.64313728
0.48235294
0.16470589
0.14901961
0.10196079
0.08235294
0.14901961
0.20000000
0.19215687
0.22745098
0.24705882
0.23921569
0.25098041
0.68235296
0.67843139
0.67058825
0.64313728
0.58823532
0.54901963
0.54117650
0.50196081
0.44313726
0.38039216
0.33333334
0.28627452
0.23921569
0.19607843
0.15686275
0.12549020
0.10980392
0.12156863
0.42745098
0.51372552
0.28627452
0.10588235
0.09803922
0.05490196
0.04705882
0.14901961
0.22352941
0.26274511
0.34117648
0.43137255
0.43529412
0.43137255
0.64313728
0.64705884
0.65490198
0.67058825
0.67843139
0.69019610
0.70980394
0.70980394
0.70196080
0.67843139
0.65882355
0.63137257
0.58823532
0.54901963
0.49803922
0.43137255
0.38039216
0.33333334
0.29803923
0.32549021
0.20392157
0.15686275
0.13725491
0.12156863
0.12156863
0.15294118
0.20392157
0.29019609
0.40784314
0.49803922
0.51764709
0.52941179
0.13333334
0.12941177
0.11764706
0.20000000
0.21568628
0.14117648
0.11764706
0.11372549
0.16470589
0.26666668
0.33333334
0.52941179
0.58431375
0.58823532
0.57647061
0.48627451
0.39215687
0.29411766
0.29803923
0.27058825
0.41568628
0.50588238
0.42745098
0.41176471
0.38431373
0.24313726
0.08627451
0.11372549
0.18823530
0.24313726
0.57647061
0.78431374
0.11372549
0.13725491
0.13725491
0.21568628
0.25098041
0.20392157
0.14117648
0.12156863
0.19607843
0.23529412
0.29411766
0.48235294
0.61568630
0.65490198
0.69803923
0.71372551
0.53333336
0.32941177
0.30980393
0.33333334
0.51764709
0.53333336
0.30196080
0.25098041
0.33725491
0.30196080
0.09019608
0.29803923
0.41176471
0.35294119
0.68627453
0.90980393
0.13333334
0.13333334
0.12156863
0.21568628
0.31764707
0.26274511
0.15686275
0.13725491
0.24705882
0.24313726
0.26274511
0.30588236
0.41960785
0.32941177
0.31372550
0.36078432
0.46666667
0.48627451
0.40784314
0.45490196
0.59215689
0.56078434
0.37254903
0.26274511
0.38431373
0.44313726
0.08627451
0.38039216
0.58039218
0.48627451
0.76470590
0.89411765
0.14901961
0.16078432
0.11764706
0.24705882
0.40392157
0.30980393
0.18823530
0.15686275
0.27843139
0.29019609
0.27450982
0.29019609
0.41960785
0.26274511
0.20784314
0.18431373
0.45882353
0.66274512
0.58039218
0.56470591
0.53725493
0.60000002
0.54117650
0.47450981
0.61960787
0.49019608
0.07843138
0.30588236
0.49019608
0.60000002
0.76078433
0.87843138
0.12549020
0.12549020
0.14901961
0.37647060
0.52549022
0.46274510
0.26666668
0.18431373
0.29019609
0.36078432
0.21960784
0.30588236
0.45490196
0.28235295
0.24313726
0.21176471
0.35686275
0.43529412
0.48235294
0.56078434
0.52941179
0.58431375
0.60392159
0.67843139
0.68627453
0.29803923
0.08627451
0.23921569
0.33725491
0.67058825
0.75686276
0.65490198
0.13725491
0.08627451
0.23137255
0.55294120
0.58039218
0.52549022
0.31764707
0.19215687
0.27058825
0.39607844
0.23921569
0.34509805
0.48627451
0.37254903
0.33725491
0.25490198
0.34117648
0.35686275
0.32156864
0.49803922
0.55686277
0.59607846
0.62745100
0.70588237
0.65098041
0.34117648
0.14117648
0.27843139
0.30196080
0.61176473
0.74117649
0.57647061
0.11764706
0.09803922
0.34509805
0.61568630
0.55686277
0.46274510
0.29803923
0.21568628
0.25098041
0.38431373
0.39607844
0.55686277
0.50196081
0.48627451
0.54117650
0.42745098
0.45882353
0.52941179
0.36078432
0.54901963
0.58431375
0.59215689
0.58431375
0.73333335
0.67843139
0.54117650
0.21568628
0.28627452
0.26666668
0.46666667
0.60784316
0.56470591
0.12549020
0.17254902
0.43137255
0.60392159
0.37647060
0.28627452
0.20392157
0.18431373
0.22352941
0.34509805
0.43529412
0.60000002
0.40392157
0.45490196
0.48235294
0.48235294
0.58039218
0.72156864
0.50196081
0.59607846
0.65098041
0.57647061
0.53333336
0.75294119
0.78431374
0.61568630
0.25882354
0.29803923
0.31764707
0.45490196
0.50196081
0.53333336
0.15294118
0.29803923
0.48627451
0.59607846
0.29019609
0.21568628
0.20000000
0.17647059
0.22352941
0.30196080
0.35294119
0.37647060
0.25490198
0.38823530
0.44705883
0.35686275
0.53333336
0.69019610
0.58039218
0.64705884
0.64705884
0.51372552
0.56862748
0.72156864
0.81176472
0.63529414
0.29803923
0.32941177
0.23921569
0.30196080
0.37647060
0.49411765
0.17647059
0.32549021
0.48627451
0.60000002
0.32156864
0.27058825
0.31764707
0.26666668
0.28627452
0.33725491
0.43529412
0.34901962
0.21960784
0.29411766
0.46274510
0.22745098
0.29803923
0.34901962
0.41960785
0.52156866
0.50588238
0.38039216
0.52941179
0.60000002
0.65490198
0.53333336
0.27450982
0.35686275
0.20784314
0.19215687
0.30196080
0.47058824
0.11372549
0.23529412
0.36862746
0.48627451
0.31372550
0.27843139
0.27843139
0.34117648
0.36078432
0.39215687
0.51372552
0.37647060
0.26274511
0.15686275
0.14117648
0.18823530
0.24313726
0.16862746
0.27058825
0.36470589
0.46274510
0.32549021
0.39215687
0.41568628
0.34901962
0.23921569
0.21568628
0.29803923
0.16862746
0.16862746
0.23921569
0.48235294
0.13333334
0.16078432
0.20000000
0.29411766
0.37647060
0.30196080
0.22745098
0.41176471
0.39215687
0.40784314
0.47843137
0.34509805
0.27843139
0.19607843
0.16862746
0.27843139
0.37647060
0.35686275
0.33725491
0.24705882
0.42745098
0.37647060
0.33725491
0.27843139
0.19607843
0.18039216
0.20392157
0.30588236
0.20784314
0.18823530
0.28235295
0.50196081
0.22352941
0.17254902
0.07450981
0.19215687
0.36862746
0.31372550
0.24705882
0.40392157
0.42745098
0.53333336
0.59215689
0.45882353
0.41176471
0.32941177
0.29411766
0.36078432
0.46666667
0.64705884
0.45882353
0.29411766
0.50980395
0.48627451
0.41960785
0.22352941
0.19607843
0.20392157
0.19215687
0.35686275
0.31372550
0.30980393
0.41960785
0.49803922
0.21176471
0.24313726
0.16078432
0.18823530
0.21568628
0.21568628
0.19607843
0.32549021
0.55294120
0.65490198
0.65098041
0.60392159
0.60784316
0.56862748
0.54901963
0.53725493
0.54509807
0.70980394
0.59215689
0.43921569
0.56078434
0.49803922
0.44705883
0.18039216
0.18431373
0.18823530
0.20784314
0.35686275
0.28627452
0.32156864
0.43529412
0.46666667
0.20392157
0.27843139
0.26666668
0.23137255
0.09411765
0.14117648
0.25098041
0.25882354
0.53333336
0.60000002
0.58039218
0.67058825
0.65882355
0.54117650
0.49019608
0.47843137
0.51372552
0.60784316
0.56470591
0.47843137
0.44313726
0.49411765
0.40000001
0.16862746
0.14509805
0.18039216
0.25882354
0.33333334
0.28235295
0.34117648
0.38039216
0.42745098
0.16470589
0.25882354
0.28235295
0.23137255
0.12156863
0.13725491
0.30588236
0.26666668
0.49019608
0.44705883
0.47843137
0.66666669
0.47450981
0.29411766
0.28235295
0.20000000
0.25098041
0.49803922
0.56862748
0.53725493
0.40784314
0.39607844
0.42352942
0.31372550
0.20784314
0.21176471
0.20784314
0.24313726
0.29803923
0.37254903
0.36078432
0.37254903
0.19215687
0.23137255
0.25490198
0.18039216
0.16470589
0.16862746
0.18039216
0.21568628
0.41960785
0.36470589
0.41568628
0.48235294
0.41176471
0.41568628
0.39215687
0.16470589
0.26666668
0.40392157
0.62352943
0.58823532
0.53725493
0.48627451
0.35686275
0.27843139
0.28235295
0.25882354
0.24313726
0.25098041
0.33333334
0.40784314
0.36862746
0.35686275
0.24313726
0.23529412
0.21960784
0.20000000
0.25882354
0.25882354
0.18823530
0.26274511
0.40000001
0.35294119
0.35294119
0.37254903
0.52156866
0.57254905
0.49411765
0.35294119
0.36470589
0.33725491
0.48235294
0.60784316
0.64705884
0.60392159
0.42745098
0.30980393
0.27450982
0.32549021
0.43921569
0.40784314
0.38431373
0.40392157
0.31764707
0.33333334
0.23921569
0.25882354
0.27058825
0.27450982
0.31372550
0.31372550
0.30588236
0.34509805
0.40392157
0.35294119
0.32549021
0.36862746
0.51764709
0.57647061
0.49019608
0.54901963
0.42352942
0.40000001
0.49803922
0.62352943
0.65882355
0.63137257
0.56862748
0.47450981
0.38039216
0.35686275
0.37254903
0.38431373
0.40392157
0.41568628
0.33725491
0.33333334
0.48627451
0.54509807
0.54901963
0.50980395
0.47450981
0.44705883
0.43137255
0.38431373
0.39607844
0.35294119
0.34509805
0.42352942
0.47843137
0.49803922
0.47058824
0.51372552
0.47450981
0.49411765
0.54901963
0.59607846
0.62745100
0.63529414
0.63921571
0.59607846
0.55294120
0.40392157
0.30980393
0.39607844
0.42352942
0.46274510
0.44705883
0.43529412
0.76862746
0.79607844
0.78039217
0.65882355
0.52549022
0.45882353
0.44705883
0.42352942
0.42352942
0.39607844
0.38431373
0.44313726
0.44705883
0.44705883
0.43529412
0.41568628
0.45098040
0.48627451
0.51372552
0.54117650
0.56862748
0.62745100
0.66274512
0.70196080
0.74901962
0.44313726
0.35294119
0.47450981
0.40784314
0.48235294
0.52549022
0.50980395
0.80392158
0.78039217
0.59607846
0.38039216
0.26274511
0.30980393
0.36078432
0.33725491
0.30980393
0.30588236
0.30588236
0.31372550
0.32549021
0.33725491
0.33725491
0.36078432
0.39215687
0.41568628
0.42745098
0.45490196
0.53725493
0.63137257
0.69411767
0.78431374
0.83137256
0.54117650
0.42745098
0.41176471
0.40000001
0.42352942
0.43921569
0.43921569
0.80784315
0.61176473
0.33333334
0.21176471
0.21176471
0.25490198
0.25490198
0.22745098
0.21176471
0.23921569
0.25490198
0.27058825
0.27843139
0.29019609
0.29803923
0.30980393
0.34117648
0.34117648
0.24313726
0.21176471
0.34901962
0.49803922
0.59215689
0.69803923
0.63921571
0.41960785
0.36470589
0.32941177
0.38431373
0.36078432
0.36078432
0.37254903
0.78823531
0.44705883
0.23137255
0.20392157
0.37254903
0.32941177
0.23921569
0.23529412
0.21568628
0.23921569
0.25882354
0.27058825
0.27450982
0.27450982
0.27058825
0.27058825
0.28627452
0.22352941
0.13333334
0.17254902
0.20392157
0.32156864
0.44705883
0.54509807
0.53725493
0.37647060
0.31764707
0.36470589
0.36078432
0.29411766
0.32156864
0.33333334
0.73725492
0.39215687
0.18823530
0.26666668
0.51764709
0.41960785
0.25490198
0.25882354
0.23529412
0.23921569
0.25098041
0.26274511
0.25882354
0.25098041
0.25098041
0.25490198
0.25882354
0.15294118
0.22352941
0.35686275
0.27843139
0.25882354
0.36470589
0.42352942
0.45882353
0.36470589
0.27843139
0.29019609
0.27843139
0.25098041
0.28235295
0.28235295
0.66666669
0.36470589
0.15294118
0.34509805
0.62352943
0.51764709
0.25098041
0.25882354
0.27058825
0.22352941
0.22352941
0.23529412
0.23921569
0.24705882
0.24705882
0.26274511
0.25098041
0.14901961
0.37647060
0.49411765
0.35294119
0.23921569
0.26666668
0.29803923
0.30196080
0.23921569
0.17254902
0.21176471
0.44705883
0.30588236
0.25098041
0.23137255
0.66666669
0.40000001
0.15686275
0.41960785
0.67843139
0.58823532
0.25882354
0.23529412
0.25882354
0.23137255
0.22352941
0.22745098
0.24313726
0.25098041
0.23529412
0.25882354
0.22745098
0.20784314
0.52156866
0.55686277
0.46274510
0.24313726
0.27843139
0.33725491
0.32549021
0.22352941
0.15294118
0.14117648
0.37647060
0.28627452
0.22745098
0.21176471
0.60784316
0.46666667
0.18823530
0.40392157
0.61568630
0.41176471
0.21568628
0.21176471
0.22352941
0.22745098
0.22745098
0.23137255
0.23529412
0.22352941
0.21176471
0.22745098
0.20392157
0.25882354
0.67843139
0.70196080
0.40784314
0.22745098
0.32549021
0.39607844
0.35294119
0.31372550
0.21568628
0.07843138
0.10196079
0.22352941
0.24705882
0.21568628
0.53333336
0.46666667
0.25882354
0.27450982
0.55294120
0.33333334
0.12549020
0.13333334
0.14509805
0.13725491
0.13333334
0.15294118
0.17254902
0.18039216
0.19607843
0.19215687
0.17647059
0.26666668
0.62352943
0.76470590
0.46274510
0.20784314
0.23529412
0.25490198
0.23137255
0.18823530
0.13333334
0.08235294
0.16470589
0.30588236
0.29019609
0.25098041
0.59215689
0.53333336
0.41568628
0.32549021
0.36470589
0.26274511
0.16862746
0.13725491
0.11372549
0.09019608
0.07058824
0.07843138
0.09411765
0.12941177
0.16470589
0.14117648
0.12549020
0.21176471
0.63921571
0.67058825
0.49411765
0.17647059
0.17254902
0.12156863
0.11372549
0.16470589
0.19607843
0.19215687
0.22352941
0.23921569
0.21960784
0.23137255
0.64705884
0.64313728
0.63137257
0.60000002
0.54509807
0.50196081
0.48627451
0.45098040
0.39607844
0.34901962
0.30588236
0.25882354
0.21960784
0.18823530
0.15686275
0.11764706
0.09803922
0.12156863
0.44705883
0.53725493
0.29411766
0.10196079
0.09411765
0.04705882
0.05098039
0.14117648
0.21568628
0.25490198
0.33725491
0.41568628
0.41176471
0.41176471
0.62352943
0.63137257
0.63529414
0.63921571
0.65098041
0.65490198
0.66274512
0.66274512
0.65490198
0.63529414
0.61960787
0.58823532
0.55294120
0.49411765
0.41960785
0.38823530
0.36078432
0.32156864
0.29411766
0.32549021
0.19607843
0.14117648
0.10980392
0.10196079
0.10980392
0.13333334
0.18823530
0.27843139
0.39215687
0.48627451
0.50588238
0.51764709
1 -1 0 0 0 0 0 0 0 0 0
0 -1 1 0 0 0 0 0 0 0 0
0 -1 0 1 0 0 0 0 0 0 0
0 -1 0 0 1 0 0 0 0 0 0
0 -1 0 0 0 1 0 0 0 0 0
0 -1 0 0 0 0 1 0 0 0 0
0 -1 0 0 0 0 0 1 0 0 0
0 -1 0 0 0 0 0 0 1 0 0
0 -1 0 0 0 0 0 0 0 1 0
