0.56862748
0.58823532
0.61176473
0.62745100
0.64313728
0.66666669
0.68235296
0.69411767
0.69019610
0.69019610
0.70588237
0.72941178
0.74117649
0.74117649
0.74117649
0.74509805
0.74901962
0.75686276
0.75294119
0.73725492
0.73333335
0.73333335
0.72549021
0.72156864
0.72941178
0.73725492
0.74509805
0.74901962
0.75686276
0.77254903
0.82352942
0.91764706
0.55686277
0.57647061
0.60784316
0.62745100
0.64705884
0.66666669
0.68235296
0.69411767
0.69411767
0.69411767
0.70588237
0.73333335
0.74901962
0.74901962
0.75294119
0.76470590
0.80392158
0.81568629
0.77647060
0.75686276
0.74901962
0.74509805
0.73333335
0.73725492
0.74901962
0.75686276
0.76470590
0.76862746
0.76078433
0.77254903
0.80000001
0.87058824
0.54509807
0.56470591
0.59215689
0.61176473
0.63137257
0.65490198
0.66666669
0.67450982
0.68235296
0.67843139
0.68627453
0.70980394
0.72549021
0.74509805
0.70980394
0.67450982
0.78823531
0.78823531
0.74509805
0.73725492
0.74117649
0.74117649
0.73725492
0.73725492
0.74509805
0.75294119
0.76470590
0.77254903
0.76078433
0.75294119
0.76470590
0.79607844
0.54117650
0.55294120
0.57647061
0.59607846
0.61176473
0.63529414
0.65098041
0.65882355
0.65882355
0.65882355
0.66274512
0.68627453
0.69803923
0.72549021
0.68235296
0.57647061
0.72941178
0.73725492
0.72549021
0.73333335
0.74117649
0.74509805
0.74509805
0.74901962
0.74901962
0.75686276
0.77647060
0.77647060
0.77647060
0.76470590
0.77647060
0.79215688
0.52549022
0.52549022
0.54117650
0.55686277
0.57647061
0.59215689
0.60784316
0.62352943
0.62352943
0.62352943
0.63529414
0.65098041
0.67450982
0.70196080
0.70980394
0.61568630
0.71764708
0.73333335
0.73333335
0.74117649
0.74117649
0.74901962
0.75686276
0.77254903
0.77647060
0.77647060
0.78039217
0.77647060
0.78431374
0.78431374
0.80784315
0.82745099
0.50980395
0.50588238
0.51372552
0.52549022
0.54117650
0.54901963
0.54901963
0.56470591
0.58823532
0.60000002
0.60392159
0.61960787
0.65490198
0.68627453
0.72549021
0.67058825
0.76470590
0.76470590
0.73725492
0.73725492
0.73333335
0.74509805
0.76078433
0.78823531
0.79215688
0.77254903
0.77254903
0.77647060
0.78823531
0.80000001
0.84313726
0.87450981
0.49411765
0.48627451
0.49411765
0.50196081
0.51372552
0.52156866
0.52549022
0.52549022
0.56078434
0.58823532
0.58823532
0.60000002
0.64313728
0.67058825
0.73725492
0.70196080
0.77254903
0.77254903
0.72941178
0.72549021
0.73725492
0.74901962
0.76862746
0.78823531
0.76862746
0.74117649
0.74901962
0.75686276
0.78039217
0.81568629
0.85098040
0.87058824
0.47843137
0.47058824
0.47843137
0.49411765
0.50196081
0.50980395
0.52156866
0.51764709
0.55686277
0.60000002
0.58431375
0.60392159
0.65882355
0.68627453
0.74117649
0.69803923
0.74901962
0.75686276
0.71372551
0.71372551
0.74117649
0.74901962
0.78823531
0.80392158
0.76470590
0.72549021
0.72156864
0.73333335
0.77647060
0.81960785
0.83137256
0.83529413
0.45882353
0.45098040
0.46274510
0.48627451
0.50196081
0.50196081
0.51764709
0.52941179
0.58431375
0.67058825
0.64705884
0.67058825
0.69411767
0.70196080
0.73333335
0.67843139
0.72941178
0.73725492
0.71372551
0.72941178
0.74901962
0.76078433
0.78823531
0.79607844
0.76862746
0.74509805
0.71372551
0.71764708
0.76862746
0.79607844
0.80392158
0.80784315
0.44313726
0.42745098
0.44705883
0.47450981
0.50980395
0.53333336
0.57254905
0.59607846
0.64705884
0.74509805
0.75686276
0.74509805
0.71372551
0.70588237
0.72549021
0.62352943
0.68627453
0.72549021
0.72156864
0.74509805
0.74117649
0.72156864
0.75686276
0.76470590
0.76470590
0.76078433
0.72941178
0.72941178
0.76862746
0.78431374
0.79607844
0.80000001
0.43529412
0.42745098
0.45882353
0.49411765
0.56078434
0.65490198
0.69411767
0.71372551
0.71764708
0.75294119
0.75686276
0.72941178
0.69803923
0.69411767
0.66274512
0.52549022
0.58431375
0.65490198
0.65098041
0.67843139
0.67843139
0.61176473
0.68235296
0.75686276
0.76078433
0.77254903
0.77254903
0.77647060
0.79607844
0.80392158
0.81568629
0.81568629
0.43529412
0.43921569
0.47843137
0.51372552
0.59607846
0.76862746
0.75294119
0.73725492
0.74117649
0.74117649
0.70980394
0.69803923
0.68235296
0.65882355
0.51764709
0.55294120
0.54901963
0.50980395
0.35294119
0.40784314
0.45098040
0.48627451
0.60784316
0.76078433
0.76470590
0.78431374
0.79215688
0.79607844
0.80392158
0.81960785
0.83137256
0.83137256
0.42352942
0.43921569
0.50980395
0.60392159
0.64705884
0.80392158
0.80784315
0.75686276
0.74509805
0.75686276
0.72156864
0.72156864
0.69411767
0.66274512
0.48627451
0.58039218
0.55294120
0.43137255
0.21176471
0.30196080
0.36862746
0.42745098
0.57254905
0.75686276
0.77254903
0.79215688
0.79607844
0.80784315
0.81568629
0.83137256
0.84313726
0.84313726
0.41568628
0.45882353
0.56862748
0.67843139
0.70196080
0.77254903
0.81568629
0.85098040
0.79215688
0.76862746
0.76470590
0.74117649
0.70196080
0.69411767
0.51372552
0.56470591
0.54117650
0.42352942
0.23921569
0.32941177
0.40000001
0.41176471
0.53725493
0.76470590
0.78039217
0.78823531
0.80000001
0.82352942
0.82745099
0.83137256
0.84313726
0.84313726
0.45882353
0.50980395
0.61176473
0.65490198
0.67450982
0.70196080
0.76470590
0.90196079
0.82745099
0.75686276
0.77647060
0.73725492
0.69019610
0.67843139
0.50196081
0.56470591
0.53725493
0.44705883
0.30588236
0.32549021
0.38823530
0.44313726
0.49803922
0.74117649
0.77647060
0.78823531
0.79215688
0.80000001
0.81176472
0.82352942
0.83529413
0.84313726
0.54509807
0.58039218
0.62745100
0.66274512
0.72549021
0.74509805
0.78431374
0.86666667
0.77254903
0.70980394
0.74901962
0.72549021
0.68627453
0.65490198
0.48235294
0.56862748
0.53725493
0.52941179
0.51372552
0.41568628
0.46666667
0.54117650
0.58823532
0.70980394
0.74117649
0.74901962
0.74901962
0.76078433
0.79215688
0.81568629
0.82745099
0.83529413
0.59215689
0.60392159
0.63529414
0.69411767
0.78039217
0.80784315
0.80000001
0.78823531
0.69019610
0.64313728
0.69803923
0.70980394
0.68235296
0.65098041
0.47843137
0.56862748
0.53333336
0.53725493
0.57647061
0.54117650
0.56470591
0.57647061
0.61960787
0.66666669
0.67450982
0.68235296
0.69411767
0.72156864
0.76862746
0.81176472
0.78823531
0.80784315
0.58039218
0.58823532
0.62745100
0.68627453
0.74901962
0.75294119
0.75686276
0.73725492
0.66274512
0.60392159
0.63529414
0.66274512
0.67843139
0.63921571
0.47843137
0.56862748
0.52941179
0.51764709
0.53725493
0.52156866
0.58431375
0.54901963
0.54901963
0.60000002
0.56078434
0.58039218
0.63921571
0.66666669
0.70588237
0.76862746
0.69411767
0.79215688
0.66274512
0.63137257
0.62352943
0.64313728
0.68235296
0.70980394
0.72941178
0.73725492
0.66274512
0.57254905
0.58431375
0.60392159
0.63921571
0.62352943
0.47843137
0.57254905
0.50980395
0.52941179
0.57647061
0.46666667
0.37254903
0.54117650
0.58431375
0.59607846
0.57254905
0.57254905
0.61176473
0.62745100
0.63137257
0.66274512
0.62352943
0.81176472
0.84313726
0.82352942
0.81568629
0.77254903
0.72549021
0.71764708
0.71764708
0.67843139
0.61568630
0.63529414
0.65098041
0.63137257
0.63921571
0.63529414
0.50196081
0.55686277
0.50196081
0.50588238
0.58431375
0.54117650
0.21176471
0.50196081
0.58823532
0.60392159
0.63529414
0.63529414
0.62745100
0.62352943
0.61176473
0.58039218
0.61960787
0.83529413
0.89411765
0.90196079
0.85490197
0.76862746
0.64313728
0.50980395
0.43137255
0.28627452
0.31764707
0.60784316
0.62352943
0.51372552
0.62352943
0.69411767
0.50980395
0.56470591
0.53333336
0.51764709
0.57647061
0.56470591
0.28627452
0.51372552
0.57254905
0.64313728
0.71372551
0.72156864
0.69411767
0.67450982
0.63529414
0.56078434
0.62745100
0.84313726
0.78823531
0.61960787
0.50196081
0.39215687
0.30196080
0.23137255
0.20784314
0.19215687
0.24705882
0.29411766
0.29411766
0.25490198
0.40000001
0.51764709
0.43921569
0.49019608
0.47843137
0.54509807
0.58039218
0.57647061
0.50588238
0.55686277
0.57254905
0.68627453
0.64313728
0.60392159
0.68235296
0.70980394
0.69803923
0.63921571
0.62745100
0.82352942
0.42745098
0.25882354
0.25490198
0.28627452
0.23529412
0.21176471
0.22352941
0.25098041
0.28235295
0.19607843
0.14117648
0.18431373
0.37647060
0.40000001
0.38823530
0.29019609
0.29019609
0.42745098
0.45490196
0.46666667
0.48235294
0.54901963
0.59607846
0.48235294
0.27450982
0.24313726
0.40392157
0.61960787
0.66274512
0.65098041
0.65098041
0.81176472
0.23921569
0.25098041
0.23921569
0.22352941
0.21568628
0.20392157
0.21176471
0.23137255
0.21568628
0.16078432
0.12156863
0.14901961
0.38823530
0.47058824
0.34509805
0.26274511
0.30588236
0.37254903
0.37647060
0.38823530
0.38431373
0.54509807
0.50588238
0.20000000
0.14117648
0.12549020
0.12941177
0.42745098
0.62745100
0.59215689
0.54117650
0.69803923
0.26274511
0.25882354
0.20000000
0.18823530
0.16862746
0.17647059
0.25490198
0.23529412
0.20392157
0.12941177
0.10196079
0.12549020
0.36862746
0.51764709
0.32156864
0.30588236
0.40784314
0.46666667
0.45882353
0.41176471
0.36470589
0.32156864
0.23137255
0.15686275
0.17254902
0.16862746
0.10588235
0.21960784
0.48235294
0.45882353
0.39607844
0.43921569
0.31372550
0.30196080
0.18823530
0.17254902
0.12156863
0.20784314
0.28627452
0.16862746
0.20784314
0.13333334
0.05490196
0.08627451
0.27843139
0.36862746
0.23529412
0.28235295
0.41960785
0.52941179
0.54901963
0.46666667
0.42352942
0.13333334
0.12156863
0.17254902
0.31764707
0.43529412
0.20000000
0.10980392
0.20000000
0.18431373
0.19215687
0.30588236
0.31764707
0.47450981
0.36078432
0.13725491
0.08627451
0.22352941
0.36862746
0.25882354
0.25490198
0.10980392
0.03529412
0.13333334
0.23921569
0.23529412
0.19215687
0.25490198
0.33725491
0.41176471
0.42745098
0.38039216
0.36078432
0.17647059
0.18823530
0.20392157
0.44313726
0.52549022
0.32156864
0.11372549
0.16078432
0.14117648
0.13333334
0.29411766
0.24705882
0.42745098
0.31764707
0.09019608
0.07450981
0.16470589
0.41176471
0.43921569
0.25882354
0.08235294
0.04705882
0.15686275
0.22745098
0.24705882
0.25098041
0.24313726
0.25098041
0.27058825
0.27450982
0.27450982
0.27843139
0.24705882
0.20000000
0.25490198
0.46666667
0.38431373
0.31764707
0.13725491
0.16470589
0.15294118
0.21960784
0.30588236
0.21568628
0.19215687
0.16078432
0.07843138
0.07843138
0.13333334
0.24705882
0.29803923
0.14901961
0.05882353
0.05882353
0.09803922
0.12156863
0.14901961
0.15294118
0.12549020
0.10196079
0.09411765
0.10196079
0.12549020
0.15294118
0.14901961
0.14509805
0.21960784
0.41568628
0.36078432
0.26666668
0.12549020
0.14509805
0.20000000
0.25490198
0.29411766
0.28627452
0.25490198
0.22745098
0.19607843
0.18823530
0.18823530
0.16470589
0.16078432
0.13333334
0.10980392
0.13333334
0.16470589
0.16470589
0.15686275
0.13725491
0.11764706
0.07843138
0.05490196
0.04705882
0.04313726
0.05882353
0.05490196
0.08627451
0.16078432
0.31372550
0.33725491
0.18431373
0.07843138
0.10588235
0.17647059
0.23137255
0.26274511
0.27843139
0.27843139
0.27058825
0.26274511
0.26274511
0.24313726
0.23137255
0.23921569
0.21960784
0.21960784
0.25490198
0.29019609
0.29019609
0.27058825
0.24313726
0.22352941
0.18431373
0.15294118
0.12156863
0.11764706
0.12156863
0.09803922
0.10196079
0.13725491
0.18823530
0.19215687
0.12941177
0.11372549
0.16078432
0.21568628
0.26274511
0.29411766
0.22745098
0.22352941
0.21960784
0.22352941
0.23921569
0.23921569
0.24705882
0.25490198
0.25098041
0.25882354
0.26666668
0.28627452
0.30980393
0.31764707
0.29803923
0.29411766
0.29019609
0.28235295
0.25882354
0.26274511
0.27058825
0.26666668
0.26274511
0.26274511
0.24313726
0.21960784
0.24705882
0.27450982
0.30588236
0.32549021
0.33333334
0.34901962
0.58823532
0.60392159
0.62352943
0.63921571
0.64705884
0.66274512
0.68235296
0.69411767
0.69411767
0.69411767
0.70980394
0.73333335
0.72941178
0.72941178
0.72941178
0.73333335
0.74509805
0.75686276
0.74509805
0.72549021
0.72156864
0.72156864
0.71372551
0.71372551
0.71764708
0.72549021
0.73333335
0.74117649
0.74509805
0.74901962
0.80000001
0.88627452
0.57647061
0.59215689
0.61960787
0.64313728
0.65098041
0.66274512
0.68235296
0.69411767
0.69803923
0.69803923
0.71372551
0.73725492
0.73725492
0.73725492
0.74117649
0.75294119
0.79215688
0.80000001
0.76470590
0.74117649
0.73725492
0.73333335
0.72156864
0.72549021
0.73725492
0.74509805
0.75686276
0.76078433
0.74901962
0.74901962
0.77647060
0.84313726
0.56470591
0.57647061
0.60392159
0.62745100
0.63921571
0.65098041
0.66666669
0.67450982
0.68235296
0.67843139
0.68627453
0.70980394
0.71764708
0.73725492
0.69803923
0.66666669
0.76862746
0.77254903
0.73725492
0.72156864
0.72941178
0.72941178
0.72156864
0.72549021
0.73333335
0.74117649
0.75294119
0.76470590
0.75294119
0.74901962
0.75686276
0.78431374
0.56078434
0.56470591
0.58431375
0.60392159
0.62352943
0.63921571
0.65098041
0.65882355
0.65882355
0.65490198
0.66274512
0.68627453
0.70196080
0.72549021
0.67843139
0.57647061
0.71372551
0.73333335
0.72156864
0.72156864
0.73333335
0.73725492
0.73333335
0.72941178
0.73333335
0.74901962
0.76862746
0.76862746
0.77254903
0.76862746
0.76078433
0.77647060
0.54509807
0.53725493
0.54509807
0.56862748
0.58823532
0.60000002
0.61176473
0.62745100
0.62745100
0.63137257
0.64313728
0.65882355
0.67450982
0.70196080
0.70196080
0.61568630
0.70196080
0.72941178
0.72941178
0.72549021
0.73333335
0.74117649
0.74117649
0.75294119
0.76078433
0.76862746
0.77254903
0.76862746
0.77647060
0.78039217
0.78431374
0.80000001
0.52941179
0.51764709
0.52156866
0.53333336
0.55294120
0.56078434
0.56862748
0.58431375
0.60392159
0.61568630
0.62352943
0.63529414
0.65882355
0.68235296
0.71764708
0.67058825
0.74901962
0.76078433
0.73333335
0.72549021
0.72549021
0.73725492
0.74509805
0.76862746
0.77647060
0.76470590
0.76470590
0.76862746
0.77647060
0.78431374
0.81176472
0.84313726
0.51372552
0.50196081
0.50980395
0.51372552
0.52549022
0.53725493
0.54117650
0.54117650
0.57254905
0.59215689
0.60784316
0.61960787
0.64705884
0.67058825
0.72941178
0.70588237
0.76862746
0.76470590
0.71764708
0.70980394
0.72941178
0.73725492
0.75294119
0.77254903
0.75294119
0.72941178
0.74509805
0.75294119
0.76470590
0.79607844
0.82352942
0.83529413
0.49803922
0.49019608
0.49803922
0.50980395
0.51372552
0.52156866
0.53333336
0.53333336
0.56078434
0.60392159
0.60784316
0.62352943
0.65882355
0.69019610
0.73333335
0.69803923
0.74901962
0.74509805
0.70196080
0.70196080
0.72941178
0.74117649
0.77647060
0.78823531
0.74901962
0.71764708
0.71764708
0.73333335
0.76078433
0.79607844
0.80784315
0.80784315
0.47843137
0.47058824
0.48235294
0.49803922
0.50980395
0.51372552
0.52941179
0.54117650
0.59215689
0.67058825
0.64705884
0.67058825
0.69803923
0.70980394
0.72549021
0.68235296
0.72549021
0.72549021
0.70196080
0.71372551
0.74117649
0.75686276
0.77647060
0.78039217
0.75686276
0.73333335
0.70588237
0.71764708
0.74901962
0.76862746
0.78039217
0.79215688
0.46274510
0.45098040
0.46274510
0.49019608
0.51764709
0.54117650
0.58039218
0.60392159
0.64705884
0.73333335
0.73333335
0.72549021
0.71764708
0.71372551
0.71372551
0.62352943
0.68627453
0.72549021
0.72549021
0.74509805
0.73725492
0.70588237
0.74509805
0.75294119
0.75294119
0.74901962
0.71764708
0.72156864
0.74901962
0.76078433
0.77254903
0.78431374
0.45490196
0.45098040
0.46666667
0.50588238
0.56078434
0.65490198
0.69803923
0.70980394
0.70588237
0.74117649
0.74509805
0.72156864
0.70196080
0.69411767
0.65098041
0.52549022
0.59215689
0.68235296
0.68235296
0.69019610
0.69019610
0.59215689
0.67058825
0.74901962
0.74509805
0.75294119
0.75294119
0.76078433
0.77647060
0.78431374
0.79607844
0.79215688
0.45490196
0.46274510
0.49019608
0.52156866
0.59215689
0.76078433
0.74901962
0.72941178
0.72941178
0.73333335
0.71372551
0.70196080
0.68235296
0.65882355
0.51372552
0.56078434
0.56470591
0.54901963
0.39607844
0.43529412
0.47843137
0.49019608
0.60392159
0.75294119
0.75294119
0.76470590
0.77647060
0.78039217
0.78823531
0.80000001
0.81568629
0.80784315
0.44313726
0.46274510
0.52156866
0.60392159
0.63529414
0.78431374
0.79215688
0.74509805
0.73333335
0.74509805
0.70980394
0.71372551
0.69803923
0.66274512
0.48627451
0.59215689
0.57254905
0.47058824
0.27843139
0.36862746
0.42745098
0.45882353
0.58039218
0.74901962
0.76078433
0.77254903
0.77647060
0.79215688
0.80000001
0.81568629
0.83137256
0.82352942
0.43529412
0.46666667
0.57647061
0.68235296
0.69019610
0.74901962
0.80000001
0.82745099
0.78039217
0.75294119
0.74509805
0.72156864
0.70588237
0.69803923
0.52156866
0.58431375
0.57254905
0.46274510
0.32156864
0.40392157
0.47843137
0.46666667
0.54509807
0.75294119
0.76470590
0.77254903
0.78431374
0.80392158
0.80392158
0.81176472
0.82745099
0.82745099
0.47058824
0.51764709
0.61960787
0.66666669
0.67843139
0.69411767
0.75294119
0.85882354
0.80392158
0.73725492
0.75686276
0.71764708
0.69019610
0.68235296
0.51372552
0.58823532
0.56470591
0.47450981
0.37254903
0.37647060
0.41960785
0.47843137
0.51372552
0.73333335
0.76862746
0.78039217
0.78431374
0.78431374
0.79215688
0.80000001
0.81568629
0.82352942
0.54901963
0.58431375
0.63529414
0.67058825
0.71372551
0.72941178
0.77254903
0.82745099
0.75686276
0.69411767
0.72156864
0.70588237
0.69019610
0.65490198
0.49411765
0.58823532
0.54901963
0.54117650
0.56078434
0.44705883
0.47450981
0.56470591
0.61960787
0.72941178
0.75686276
0.76078433
0.75294119
0.76078433
0.78431374
0.79215688
0.80392158
0.81176472
0.59215689
0.60784316
0.64705884
0.68627453
0.75294119
0.78039217
0.78431374
0.77254903
0.69803923
0.64313728
0.67450982
0.69411767
0.68627453
0.65098041
0.49019608
0.58823532
0.54509807
0.54509807
0.60000002
0.55294120
0.57647061
0.58431375
0.63529414
0.70196080
0.70588237
0.71372551
0.71764708
0.72941178
0.76862746
0.79215688
0.76862746
0.78823531
0.58823532
0.59215689
0.63529414
0.68235296
0.73725492
0.73725492
0.73725492
0.72941178
0.67058825
0.61176473
0.63137257
0.66274512
0.68235296
0.64313728
0.49019608
0.58823532
0.54509807
0.52941179
0.54509807
0.52549022
0.58823532
0.54117650
0.54901963
0.63529414
0.59607846
0.61568630
0.66666669
0.68235296
0.71372551
0.76470590
0.68235296
0.77254903
0.65490198
0.61960787
0.61568630
0.63921571
0.68627453
0.69803923
0.70980394
0.71764708
0.65882355
0.57647061
0.59607846
0.61568630
0.64313728
0.62745100
0.49019608
0.59607846
0.53725493
0.55686277
0.59607846
0.48235294
0.38431373
0.55686277
0.60000002
0.62745100
0.60784316
0.60784316
0.63921571
0.64313728
0.64705884
0.66666669
0.62352943
0.79607844
0.79215688
0.77647060
0.76470590
0.73725492
0.70196080
0.69803923
0.70196080
0.65882355
0.60392159
0.63137257
0.64313728
0.62352943
0.63921571
0.64313728
0.51764709
0.58039218
0.53725493
0.54509807
0.61176473
0.56470591
0.23529412
0.53725493
0.61960787
0.63921571
0.67450982
0.67450982
0.65882355
0.64313728
0.62745100
0.58823532
0.62352943
0.81568629
0.83529413
0.84705883
0.80000001
0.71372551
0.61960787
0.50980395
0.43137255
0.28235295
0.31372550
0.60392159
0.61568630
0.50980395
0.63529414
0.69803923
0.52156866
0.58431375
0.56470591
0.54901963
0.59607846
0.58039218
0.31764707
0.53725493
0.60392159
0.69019610
0.75686276
0.76470590
0.73725492
0.71372551
0.67058825
0.58823532
0.63921571
0.82352942
0.75686276
0.58431375
0.46666667
0.37254903
0.31764707
0.25490198
0.21960784
0.20000000
0.25882354
0.30196080
0.30588236
0.27058825
0.41568628
0.52549022
0.44705883
0.50196081
0.48627451
0.54901963
0.58823532
0.58823532
0.53333336
0.58039218
0.60784316
0.72156864
0.65490198
0.62352943
0.70588237
0.74509805
0.72941178
0.67058825
0.65882355
0.81176472
0.41960785
0.25490198
0.25098041
0.29411766
0.25490198
0.23137255
0.23137255
0.26666668
0.30980393
0.21568628
0.14901961
0.20000000
0.38823530
0.40784314
0.39215687
0.29019609
0.28627452
0.42352942
0.45490196
0.46666667
0.49411765
0.58039218
0.63137257
0.49411765
0.27450982
0.25098041
0.41568628
0.64313728
0.69019610
0.68235296
0.65882355
0.80392158
0.23921569
0.25882354
0.24705882
0.23137255
0.22745098
0.21960784
0.22745098
0.24705882
0.25098041
0.18039216
0.12549020
0.15294118
0.38823530
0.47450981
0.34117648
0.25490198
0.31372550
0.38039216
0.38039216
0.38823530
0.38823530
0.56078434
0.52156866
0.20784314
0.14901961
0.14117648
0.14901961
0.43921569
0.64313728
0.59215689
0.45098040
0.68235296
0.25882354
0.26274511
0.20784314
0.19607843
0.17647059
0.19607843
0.28235295
0.26274511
0.23921569
0.14509805
0.10196079
0.12156863
0.36078432
0.52549022
0.32941177
0.30196080
0.41960785
0.47450981
0.46274510
0.41960785
0.37254903
0.32156864
0.22745098
0.16862746
0.19607843
0.19215687
0.12156863
0.22745098
0.49019608
0.45490196
0.30196080
0.42745098
0.30980393
0.30980393
0.20784314
0.18431373
0.12941177
0.22352941
0.32549021
0.20784314
0.23921569
0.14901961
0.05098039
0.08627451
0.27843139
0.37254903
0.24313726
0.27450982
0.42745098
0.52549022
0.54117650
0.46274510
0.42352942
0.12941177
0.12156863
0.18431373
0.35294119
0.47450981
0.21568628
0.11764706
0.20784314
0.20392157
0.19607843
0.31372550
0.31764707
0.49411765
0.38431373
0.14901961
0.09411765
0.23137255
0.41568628
0.30980393
0.28235295
0.12549020
0.03137255
0.13725491
0.24705882
0.23137255
0.19215687
0.24705882
0.33333334
0.39607844
0.41176471
0.36470589
0.36078432
0.17647059
0.18823530
0.21568628
0.45882353
0.54117650
0.34117648
0.12156863
0.16470589
0.14901961
0.15294118
0.29803923
0.24705882
0.43921569
0.32549021
0.09411765
0.07843138
0.17254902
0.44313726
0.47843137
0.28627452
0.10196079
0.04705882
0.16078432
0.23529412
0.25098041
0.25882354
0.25098041
0.25098041
0.26274511
0.26274511
0.25882354
0.27058825
0.23921569
0.19607843
0.26274511
0.46666667
0.38431373
0.32941177
0.14509805
0.16862746
0.15686275
0.22352941
0.30980393
0.21568628
0.19607843
0.15294118
0.08627451
0.09803922
0.14509805
0.26666668
0.32156864
0.16862746
0.07058824
0.05882353
0.10196079
0.12549020
0.15686275
0.15686275
0.12941177
0.10196079
0.09411765
0.09411765
0.11372549
0.14117648
0.13725491
0.14117648
0.22745098
0.43137255
0.38039216
0.27058825
0.13333334
0.15294118
0.20392157
0.25882354
0.29803923
0.27058825
0.24313726
0.21176471
0.19215687
0.19215687
0.18823530
0.17254902
0.17647059
0.14117648
0.11372549
0.13725491
0.16862746
0.17254902
0.16078432
0.14117648
0.12156863
0.08627451
0.06274510
0.04705882
0.04313726
0.05882353
0.05098039
0.09019608
0.16862746
0.32549021
0.34901962
0.18823530
0.08235294
0.10980392
0.18039216
0.23529412
0.25882354
0.25490198
0.26274511
0.26274511
0.25490198
0.24313726
0.23529412
0.23529412
0.24705882
0.22352941
0.21568628
0.25882354
0.29803923
0.29803923
0.27450982
0.24705882
0.22745098
0.19215687
0.15294118
0.12549020
0.12941177
0.12941177
0.10980392
0.11764706
0.14901961
0.18823530
0.19215687
0.13333334
0.10980392
0.16078432
0.21960784
0.26274511
0.28235295
0.21176471
0.21176471
0.21960784
0.21960784
0.22352941
0.23137255
0.24705882
0.25882354
0.25098041
0.25490198
0.27058825
0.29019609
0.30980393
0.31764707
0.30196080
0.29803923
0.29019609
0.26666668
0.25882354
0.27058825
0.27450982
0.27058825
0.27450982
0.26274511
0.23529412
0.21960784
0.24705882
0.27058825
0.30196080
0.32549021
0.32941177
0.32941177
0.80784315
0.81568629
0.83921570
0.85490197
0.84705883
0.85490197
0.87450981
0.88627452
0.87843138
0.87843138
0.87843138
0.88627452
0.89411765
0.89803922
0.89803922
0.90196079
0.91372550
0.92941177
0.91372550
0.90980393
0.89803922
0.89019608
0.87843138
0.87843138
0.89019608
0.89019608
0.89803922
0.89411765
0.90196079
0.91764706
0.94117647
0.96470588
0.80000001
0.80784315
0.83529413
0.85882354
0.85490197
0.85882354
0.87843138
0.88627452
0.88627452
0.88627452
0.88627452
0.89411765
0.90588236
0.90980393
0.90980393
0.92156863
0.95686275
0.96470588
0.93333334
0.92941177
0.91764706
0.90196079
0.89803922
0.89803922
0.90196079
0.91764706
0.92156863
0.91764706
0.91372550
0.92941177
0.93333334
0.95686275
0.78431374
0.79215688
0.82352942
0.83921570
0.83921570
0.84705883
0.85882354
0.86666667
0.87058824
0.86666667
0.86274511
0.87843138
0.89019608
0.90980393
0.86274511
0.81176472
0.92941177
0.93333334
0.90196079
0.90196079
0.90196079
0.89019608
0.89411765
0.89019608
0.89019608
0.90588236
0.91372550
0.91764706
0.90980393
0.91372550
0.92156863
0.93725491
0.78431374
0.78823531
0.80784315
0.81568629
0.82352942
0.83529413
0.84705883
0.85490197
0.85490197
0.84705883
0.84705883
0.87058824
0.88627452
0.90980393
0.83921570
0.68627453
0.87450981
0.89803922
0.88627452
0.89019608
0.89411765
0.89411765
0.89411765
0.89019608
0.89411765
0.90588236
0.92549020
0.92549020
0.92156863
0.91372550
0.92549020
0.93725491
0.76862746
0.76078433
0.77254903
0.77647060
0.78823531
0.80392158
0.81960785
0.83529413
0.83529413
0.83137256
0.83529413
0.85098040
0.87058824
0.89803922
0.86274511
0.70196080
0.85490197
0.89803922
0.89411765
0.89803922
0.89411765
0.89803922
0.90196079
0.91372550
0.91764706
0.92549020
0.92941177
0.92156863
0.92941177
0.91764706
0.92941177
0.94509804
0.75294119
0.73725492
0.74509805
0.74509805
0.75294119
0.76862746
0.78039217
0.79607844
0.81960785
0.82745099
0.82745099
0.83921570
0.86666667
0.89019608
0.88235295
0.74117649
0.89411765
0.92941177
0.89803922
0.89411765
0.88627452
0.89411765
0.90196079
0.92941177
0.93333334
0.92156863
0.91764706
0.92156863
0.93333334
0.92156863
0.93725491
0.96470588
0.73725492
0.72156864
0.72941178
0.72941178
0.73725492
0.74901962
0.75686276
0.75686276
0.79215688
0.81960785
0.82352942
0.83137256
0.85098040
0.87058824
0.89803922
0.78431374
0.90588236
0.92549020
0.89803922
0.88627452
0.89019608
0.90196079
0.90980393
0.92156863
0.91372550
0.89411765
0.89411765
0.90980393
0.92156863
0.93725491
0.94901961
0.96470588
0.71764708
0.70980394
0.71764708
0.72549021
0.72941178
0.73725492
0.74901962
0.74901962
0.78431374
0.81960785
0.82352942
0.83529413
0.85098040
0.87843138
0.90196079
0.78431374
0.88627452
0.91372550
0.88627452
0.87843138
0.89019608
0.89411765
0.92549020
0.92941177
0.90588236
0.87843138
0.87058824
0.89019608
0.91764706
0.94509804
0.94117647
0.94509804
0.69803923
0.69019610
0.70196080
0.71764708
0.72549021
0.72941178
0.74117649
0.76078433
0.80784315
0.86274511
0.84705883
0.86666667
0.87843138
0.88627452
0.89411765
0.76862746
0.87450981
0.90588236
0.89019608
0.89411765
0.89411765
0.89803922
0.92156863
0.92549020
0.90196079
0.89019608
0.87058824
0.87450981
0.90980393
0.92941177
0.92549020
0.93725491
0.68627453
0.66666669
0.68235296
0.70588237
0.74117649
0.75294119
0.78431374
0.80784315
0.83921570
0.90588236
0.90588236
0.89803922
0.88627452
0.88627452
0.88235295
0.69803923
0.82745099
0.87450981
0.87058824
0.87450981
0.85098040
0.80000001
0.87058824
0.90196079
0.89803922
0.90588236
0.88235295
0.88235295
0.91372550
0.92549020
0.92156863
0.93333334
0.67843139
0.66666669
0.69019610
0.71372551
0.78431374
0.85098040
0.87450981
0.88627452
0.87843138
0.90980393
0.91372550
0.89803922
0.88627452
0.87843138
0.79607844
0.56078434
0.65098041
0.71372551
0.70588237
0.69803923
0.69019610
0.58431375
0.76470590
0.90196079
0.89803922
0.90980393
0.91372550
0.92156863
0.93725491
0.94509804
0.94117647
0.93725491
0.67450982
0.67843139
0.71372551
0.72941178
0.79607844
0.92549020
0.90196079
0.89019608
0.89803922
0.90588236
0.89411765
0.88627452
0.88235295
0.85490197
0.60000002
0.54901963
0.56078434
0.52156866
0.38039216
0.41176471
0.44313726
0.46274510
0.70196080
0.90980393
0.90588236
0.92156863
0.92941177
0.92941177
0.93725491
0.95294118
0.94509804
0.94117647
0.66274512
0.67843139
0.74509805
0.81176472
0.81568629
0.92549020
0.92941177
0.89411765
0.90196079
0.91372550
0.87450981
0.87843138
0.87843138
0.85098040
0.54117650
0.57254905
0.55686277
0.44313726
0.27843139
0.36078432
0.41568628
0.42745098
0.66274512
0.90588236
0.91372550
0.92941177
0.92941177
0.92941177
0.94117647
0.95294118
0.94901961
0.94509804
0.65490198
0.68627453
0.78431374
0.87843138
0.87450981
0.90588236
0.92941177
0.94901961
0.92156863
0.91372550
0.89803922
0.89411765
0.87843138
0.87450981
0.56862748
0.56078434
0.54901963
0.43529412
0.30588236
0.38823530
0.43529412
0.41960785
0.60000002
0.89411765
0.91372550
0.91372550
0.92156863
0.93725491
0.94117647
0.94117647
0.94117647
0.93725491
0.69019610
0.72941178
0.81176472
0.85490197
0.86274511
0.86666667
0.88627452
0.95686275
0.93333334
0.90196079
0.92156863
0.89411765
0.87058824
0.86274511
0.55686277
0.56078434
0.54901963
0.45882353
0.36078432
0.36078432
0.38431373
0.44313726
0.55686277
0.84705883
0.89411765
0.90980393
0.91764706
0.91372550
0.92549020
0.93725491
0.93725491
0.94117647
0.75686276
0.78431374
0.81960785
0.83921570
0.87450981
0.89019608
0.90588236
0.93725491
0.90980393
0.88627452
0.90980393
0.87843138
0.86666667
0.83529413
0.53725493
0.56078434
0.53725493
0.52941179
0.54509807
0.42745098
0.44313726
0.53725493
0.62352943
0.77254903
0.81960785
0.85882354
0.87843138
0.88627452
0.91372550
0.93725491
0.93725491
0.94117647
0.80000001
0.81176472
0.83137256
0.84313726
0.89411765
0.91372550
0.91764706
0.90196079
0.87450981
0.85490197
0.87058824
0.86666667
0.85882354
0.83529413
0.53725493
0.56470591
0.52941179
0.52549022
0.57647061
0.52549022
0.54901963
0.54901963
0.60784316
0.68627453
0.70196080
0.72156864
0.75294119
0.80392158
0.87843138
0.92941177
0.89803922
0.90196079
0.78823531
0.80392158
0.83529413
0.85490197
0.88235295
0.88235295
0.89019608
0.87450981
0.85882354
0.83137256
0.83529413
0.84313726
0.85098040
0.82352942
0.53333336
0.56078434
0.51764709
0.49411765
0.51372552
0.49411765
0.56862748
0.50196081
0.51372552
0.61568630
0.57647061
0.59607846
0.65490198
0.69411767
0.75686276
0.84705883
0.76862746
0.86274511
0.81960785
0.79607844
0.79607844
0.80784315
0.84313726
0.86274511
0.87843138
0.88235295
0.85098040
0.80392158
0.80392158
0.81960785
0.82352942
0.79607844
0.52156866
0.55294120
0.50196081
0.51764709
0.56470591
0.45882353
0.36078432
0.52156866
0.57254905
0.61176473
0.58823532
0.58823532
0.62745100
0.63529414
0.63529414
0.68235296
0.65098041
0.87450981
0.89803922
0.86666667
0.87058824
0.86666667
0.85098040
0.85098040
0.84705883
0.80392158
0.75294119
0.82352942
0.83137256
0.82745099
0.82352942
0.80392158
0.53725493
0.53333336
0.49803922
0.50588238
0.58823532
0.54901963
0.21176471
0.50588238
0.59607846
0.61960787
0.65490198
0.65098041
0.64313728
0.63529414
0.63137257
0.57647061
0.62745100
0.89803922
0.91372550
0.89411765
0.85490197
0.77647060
0.66666669
0.54117650
0.47843137
0.32156864
0.34509805
0.67450982
0.68627453
0.58823532
0.72156864
0.82745099
0.54117650
0.54117650
0.52156866
0.51764709
0.58039218
0.56862748
0.29019609
0.51372552
0.58039218
0.66666669
0.73725492
0.73725492
0.72156864
0.70196080
0.66666669
0.57647061
0.63921571
0.90196079
0.79215688
0.61176473
0.48627451
0.36470589
0.27058825
0.19607843
0.19607843
0.17647059
0.22352941
0.28627452
0.27450982
0.23921569
0.41960785
0.55686277
0.42745098
0.44705883
0.42745098
0.49803922
0.54509807
0.54509807
0.48627451
0.54901963
0.58823532
0.69411767
0.62745100
0.60392159
0.69803923
0.73333335
0.71764708
0.66274512
0.66666669
0.89019608
0.41176471
0.24313726
0.23921569
0.26666668
0.20784314
0.18039216
0.22352941
0.24705882
0.25490198
0.18431373
0.12941177
0.15294118
0.33725491
0.36862746
0.34509805
0.24705882
0.23529412
0.35686275
0.39215687
0.40784314
0.43529412
0.53333336
0.60000002
0.46666667
0.24705882
0.23529412
0.41176471
0.63529414
0.68235296
0.66666669
0.64705884
0.87843138
0.21568628
0.21960784
0.21568628
0.20784314
0.18431373
0.17647059
0.19607843
0.20784314
0.20000000
0.14901961
0.11764706
0.11372549
0.32156864
0.44313726
0.31764707
0.21960784
0.25882354
0.31764707
0.31764707
0.33725491
0.32549021
0.51372552
0.48627451
0.18431373
0.12549020
0.11372549
0.13725491
0.43137255
0.63921571
0.57254905
0.38823530
0.73333335
0.22745098
0.23137255
0.16862746
0.17254902
0.14901961
0.16470589
0.23529412
0.20000000
0.20000000
0.12156863
0.09411765
0.10196079
0.30980393
0.47450981
0.28235295
0.25098041
0.34509805
0.40392157
0.40392157
0.36470589
0.30980393
0.29411766
0.21568628
0.15294118
0.18431373
0.18823530
0.11372549
0.21568628
0.47843137
0.43529412
0.23137255
0.41960785
0.28235295
0.29803923
0.17254902
0.16470589
0.11764706
0.19607843
0.28627452
0.16470589
0.21568628
0.13725491
0.04313726
0.07058824
0.21960784
0.28235295
0.17254902
0.22352941
0.35294119
0.45882353
0.48627451
0.41176471
0.36862746
0.11764706
0.10588235
0.16470589
0.35686275
0.48235294
0.20784314
0.10588235
0.19607843
0.19215687
0.16470589
0.27843139
0.28235295
0.46274510
0.36470589
0.15294118
0.09411765
0.21176471
0.38039216
0.27843139
0.26666668
0.11764706
0.02352941
0.12156863
0.18823530
0.16470589
0.15686275
0.20000000
0.26274511
0.32941177
0.35686275
0.31764707
0.29019609
0.14117648
0.15686275
0.20392157
0.44705883
0.49803922
0.31372550
0.10980392
0.15294118
0.14509805
0.12941177
0.25098041
0.20784314
0.39215687
0.31764707
0.10588235
0.08627451
0.16078432
0.41568628
0.45098040
0.26274511
0.08627451
0.03921569
0.13333334
0.19607843
0.21176471
0.21568628
0.19607843
0.19607843
0.19607843
0.20392157
0.21176471
0.20000000
0.18823530
0.17647059
0.26274511
0.43921569
0.32549021
0.29019609
0.12156863
0.14509805
0.13333334
0.18823530
0.25490198
0.19215687
0.17647059
0.15686275
0.08235294
0.08235294
0.12156863
0.23529412
0.29411766
0.15686275
0.06666667
0.05882353
0.08235294
0.09803922
0.12941177
0.12941177
0.10196079
0.07843138
0.06274510
0.07450981
0.10196079
0.11372549
0.12549020
0.13333334
0.20392157
0.40000001
0.33333334
0.22352941
0.09411765
0.11764706
0.17254902
0.22745098
0.25490198
0.23921569
0.21960784
0.19607843
0.16470589
0.15294118
0.15294118
0.13333334
0.14117648
0.11764706
0.09411765
0.11764706
0.13333334
0.12549020
0.12156863
0.11764706
0.10196079
0.06666667
0.05098039
0.05098039
0.04313726
0.05490196
0.05490196
0.08235294
0.14901961
0.30196080
0.31372550
0.15686275
0.06666667
0.09019608
0.14901961
0.20392157
0.23137255
0.20392157
0.21960784
0.21960784
0.20784314
0.20000000
0.19215687
0.19607843
0.20392157
0.17647059
0.17254902
0.21176471
0.23921569
0.23921569
0.21960784
0.20392157
0.18823530
0.15294118
0.12549020
0.10196079
0.09803922
0.10980392
0.09411765
0.10588235
0.15294118
0.18039216
0.17254902
0.12156863
0.10980392
0.14901961
0.18039216
0.22352941
0.24705882
0.16470589
0.16862746
0.17254902
0.17254902
0.18039216
0.18823530
0.20784314
0.21176471
0.20392157
0.20784314
0.21568628
0.23529412
0.26274511
0.27058825
0.24705882
0.24313726
0.23921569
0.22745098
0.21176471
0.21960784
0.23137255
0.22745098
0.24313726
0.25098041
0.22352941
0.20784314
0.23137255
0.24313726
0.27058825
0.28235295
0.28235295
0.28235295
1 0 0 0 0 0 0 0 0 -1 0
0 1 0 0 0 0 0 0 0 -1 0
0 0 1 0 0 0 0 0 0 -1 0
0 0 0 1 0 0 0 0 0 -1 0
0 0 0 0 1 0 0 0 0 -1 0
0 0 0 0 0 1 0 0 0 -1 0
0 0 0 0 0 0 1 0 0 -1 0
0 0 0 0 0 0 0 1 0 -1 0
0 0 0 0 0 0 0 0 1 -1 0
