0.34509805
0.32549021
0.39607844
0.40784314
0.35294119
0.34509805
0.42745098
0.44313726
0.40784314
0.40392157
0.41176471
0.34901962
0.36862746
0.41568628
0.37647060
0.34117648
0.30588236
0.40392157
0.40392157
0.37647060
0.38431373
0.44705883
0.47058824
0.40784314
0.40784314
0.42745098
0.38823530
0.36078432
0.46666667
0.44313726
0.40000001
0.36078432
0.36078432
0.43137255
0.51372552
0.46666667
0.39215687
0.50980395
0.57254905
0.49411765
0.41568628
0.37647060
0.39215687
0.36470589
0.35294119
0.39215687
0.35686275
0.33333334
0.33333334
0.41568628
0.38823530
0.39215687
0.40392157
0.39607844
0.45098040
0.41568628
0.46274510
0.42352942
0.38823530
0.39215687
0.43137255
0.43921569
0.41960785
0.41568628
0.44313726
0.66274512
0.71372551
0.65490198
0.62745100
0.68235296
0.60392159
0.43137255
0.36470589
0.39215687
0.43529412
0.38039216
0.35686275
0.38431373
0.39215687
0.37647060
0.32941177
0.35294119
0.37647060
0.40000001
0.35294119
0.35294119
0.43921569
0.40784314
0.45490196
0.47450981
0.38039216
0.38431373
0.36470589
0.34509805
0.38823530
0.41960785
0.45882353
0.57647061
0.60784316
0.70980394
0.69803923
0.70588237
0.60392159
0.39607844
0.38823530
0.54117650
0.52549022
0.45490196
0.36078432
0.35686275
0.40392157
0.40000001
0.38431373
0.40000001
0.43137255
0.41568628
0.40000001
0.38823530
0.41568628
0.41960785
0.42745098
0.45882353
0.39215687
0.36078432
0.39215687
0.44705883
0.44313726
0.41176471
0.40784314
0.54117650
0.47450981
0.50980395
0.60000002
0.62352943
0.54509807
0.43921569
0.45098040
0.56470591
0.55686277
0.50196081
0.45490196
0.36862746
0.36470589
0.37254903
0.41568628
0.41960785
0.41176471
0.38431373
0.42745098
0.41568628
0.43529412
0.43137255
0.41960785
0.46666667
0.44705883
0.45882353
0.53333336
0.51764709
0.45098040
0.44705883
0.42745098
0.54117650
0.68627453
0.51764709
0.35294119
0.45490196
0.56862748
0.45882353
0.48235294
0.54901963
0.56078434
0.50196081
0.48627451
0.45882353
0.44705883
0.36862746
0.36862746
0.38823530
0.41568628
0.42352942
0.41960785
0.41568628
0.43529412
0.43921569
0.46274510
0.48627451
0.45490196
0.43529412
0.45098040
0.41176471
0.41176471
0.43137255
0.43529412
0.39215687
0.64705884
0.73333335
0.29803923
0.18039216
0.39215687
0.41568628
0.54901963
0.58039218
0.52156866
0.50196081
0.46274510
0.46274510
0.45882353
0.47058824
0.40784314
0.38431373
0.42352942
0.41960785
0.41568628
0.41960785
0.43529412
0.48235294
0.46666667
0.43529412
0.44705883
0.40784314
0.41176471
0.41176471
0.38823530
0.41568628
0.42352942
0.40000001
0.45882353
0.74901962
0.48627451
0.09019608
0.14117648
0.35294119
0.57254905
0.57254905
0.52156866
0.54117650
0.45490196
0.43529412
0.44705883
0.51764709
0.51764709
0.39215687
0.37647060
0.46274510
0.43921569
0.40392157
0.42352942
0.47843137
0.43529412
0.40784314
0.40000001
0.39215687
0.42745098
0.39215687
0.39607844
0.42352942
0.37647060
0.34509805
0.36078432
0.56470591
0.67843139
0.39215687
0.31764707
0.33333334
0.44705883
0.53725493
0.60392159
0.58823532
0.50980395
0.44313726
0.43137255
0.45490196
0.49411765
0.48627451
0.50588238
0.58039218
0.56470591
0.52941179
0.43137255
0.41960785
0.43137255
0.45882353
0.41960785
0.40784314
0.46274510
0.36470589
0.36470589
0.38431373
0.36862746
0.33333334
0.28627452
0.36862746
0.58431375
0.60392159
0.39215687
0.33725491
0.31372550
0.42745098
0.56862748
0.59607846
0.58039218
0.50588238
0.45490196
0.44705883
0.44313726
0.47058824
0.50588238
0.51764709
0.55294120
0.59607846
0.60392159
0.51764709
0.42745098
0.41176471
0.36078432
0.42745098
0.45098040
0.36078432
0.32549021
0.36862746
0.32156864
0.25882354
0.21568628
0.16862746
0.39215687
0.62352943
0.50588238
0.36470589
0.31372550
0.43137255
0.56862748
0.51764709
0.51764709
0.54117650
0.54117650
0.53333336
0.50588238
0.47058824
0.51764709
0.53333336
0.50980395
0.46666667
0.52549022
0.69411767
0.64313728
0.52156866
0.43137255
0.41176471
0.42352942
0.40392157
0.38823530
0.36078432
0.24313726
0.12549020
0.09803922
0.10588235
0.28627452
0.50196081
0.65098041
0.53725493
0.34901962
0.38039216
0.58039218
0.55686277
0.42352942
0.41568628
0.54117650
0.60000002
0.54901963
0.50196081
0.54509807
0.51764709
0.52549022
0.48627451
0.38039216
0.51372552
0.71764708
0.69019610
0.50588238
0.39607844
0.41960785
0.40392157
0.33725491
0.28627452
0.24313726
0.14509805
0.11764706
0.12941177
0.16862746
0.25882354
0.47843137
0.54901963
0.46274510
0.36862746
0.56078434
0.59215689
0.47843137
0.40000001
0.46274510
0.50588238
0.53725493
0.55686277
0.58039218
0.54117650
0.52941179
0.50980395
0.39607844
0.36078432
0.47058824
0.66666669
0.71764708
0.63137257
0.51372552
0.42745098
0.32156864
0.29411766
0.31372550
0.30196080
0.20000000
0.18039216
0.12941177
0.14901961
0.34509805
0.38823530
0.48235294
0.54509807
0.59215689
0.55294120
0.55294120
0.48627451
0.45098040
0.44313726
0.45882353
0.52941179
0.58039218
0.58039218
0.58431375
0.51372552
0.38823530
0.34901962
0.37254903
0.53333336
0.69019610
0.75294119
0.68627453
0.53725493
0.40392157
0.32941177
0.34117648
0.28235295
0.17254902
0.19607843
0.15686275
0.12941177
0.32941177
0.33333334
0.47058824
0.54901963
0.54509807
0.55294120
0.61176473
0.57254905
0.50588238
0.49803922
0.46666667
0.46666667
0.49019608
0.51764709
0.54901963
0.48627451
0.44705883
0.38431373
0.36078432
0.40392157
0.50196081
0.61960787
0.72549021
0.73725492
0.60392159
0.46274510
0.34117648
0.25098041
0.27058825
0.27058825
0.28235295
0.31372550
0.34901962
0.37254903
0.56862748
0.61960787
0.55686277
0.60392159
0.64313728
0.59215689
0.53333336
0.50980395
0.50980395
0.48235294
0.46274510
0.45882353
0.43921569
0.48235294
0.48235294
0.47058824
0.44313726
0.39607844
0.40000001
0.43137255
0.48627451
0.58039218
0.65490198
0.49411765
0.31764707
0.32549021
0.32549021
0.29803923
0.35686275
0.43137255
0.38039216
0.32156864
0.54901963
0.79215688
0.67058825
0.54901963
0.60000002
0.56862748
0.52549022
0.52549022
0.49803922
0.50980395
0.50196081
0.47450981
0.43137255
0.43921569
0.38039216
0.41960785
0.57254905
0.49019608
0.39215687
0.35686275
0.34509805
0.38039216
0.43921569
0.29019609
0.25882354
0.28235295
0.35294119
0.27843139
0.34117648
0.40392157
0.29803923
0.33725491
0.41568628
0.75686276
0.75294119
0.57647061
0.52156866
0.54117650
0.55686277
0.51372552
0.46666667
0.48627451
0.48235294
0.48235294
0.47450981
0.43529412
0.39607844
0.41568628
0.48627451
0.51764709
0.43137255
0.45490196
0.56470591
0.51764709
0.52156866
0.36862746
0.28627452
0.37254903
0.32941177
0.30980393
0.38823530
0.33725491
0.29411766
0.32941177
0.39607844
0.65098041
0.76078433
0.67058825
0.65490198
0.65490198
0.64313728
0.55686277
0.50980395
0.52156866
0.54509807
0.57254905
0.53333336
0.48235294
0.41960785
0.39215687
0.42745098
0.50980395
0.59607846
0.60000002
0.57254905
0.50980395
0.52549022
0.44313726
0.34509805
0.37254903
0.41960785
0.41568628
0.44705883
0.42745098
0.35686275
0.21568628
0.35294119
0.56470591
0.72156864
0.64705884
0.63529414
0.67058825
0.65490198
0.59215689
0.58431375
0.60784316
0.65490198
0.63529414
0.51372552
0.41960785
0.36078432
0.40000001
0.54901963
0.58039218
0.54117650
0.50980395
0.47450981
0.42745098
0.42745098
0.36862746
0.73333335
0.72156864
0.56470591
0.38823530
0.39607844
0.44705883
0.44313726
0.32549021
0.21960784
0.42352942
0.68627453
0.59607846
0.44313726
0.37647060
0.40784314
0.50196081
0.56078434
0.55686277
0.56862748
0.47843137
0.41568628
0.40392157
0.45490196
0.54509807
0.57647061
0.48627451
0.40784314
0.40392157
0.43137255
0.40000001
0.40392157
0.27450982
0.77647060
0.81176472
0.60392159
0.36862746
0.38039216
0.39607844
0.36470589
0.36862746
0.21176471
0.40784314
0.61960787
0.54509807
0.32156864
0.15294118
0.21176471
0.30588236
0.41568628
0.46666667
0.45490196
0.45490196
0.42352942
0.48627451
0.59607846
0.54117650
0.48235294
0.44313726
0.40392157
0.38039216
0.40392157
0.40392157
0.32549021
0.15294118
0.61960787
0.70196080
0.56470591
0.40000001
0.40392157
0.38039216
0.32941177
0.26274511
0.36470589
0.55686277
0.60392159
0.48627451
0.25490198
0.09803922
0.10588235
0.09411765
0.23529412
0.41176471
0.44313726
0.45882353
0.53333336
0.61568630
0.54901963
0.46274510
0.43529412
0.40392157
0.38823530
0.39607844
0.41568628
0.37647060
0.18823530
0.10196079
0.50196081
0.64313728
0.52941179
0.34901962
0.43137255
0.37254903
0.25882354
0.21960784
0.49019608
0.62352943
0.56862748
0.36470589
0.21568628
0.16470589
0.18823530
0.11372549
0.32549021
0.49411765
0.42745098
0.52156866
0.61960787
0.56862748
0.49019608
0.40784314
0.37254903
0.37254903
0.35294119
0.35686275
0.37254903
0.24313726
0.10980392
0.16862746
0.44705883
0.59215689
0.51764709
0.45098040
0.47450981
0.41960785
0.30980393
0.34509805
0.56078434
0.58431375
0.47450981
0.34509805
0.21176471
0.21960784
0.27450982
0.32549021
0.49019608
0.53333336
0.44313726
0.56470591
0.54117650
0.45490196
0.39215687
0.36862746
0.36862746
0.37647060
0.36470589
0.30980393
0.20784314
0.12941177
0.17647059
0.22352941
0.35686275
0.47843137
0.50588238
0.49411765
0.43137255
0.43921569
0.47843137
0.42352942
0.54117650
0.51764709
0.34509805
0.23921569
0.23529412
0.28627452
0.27450982
0.38039216
0.52549022
0.47450981
0.44313726
0.45098040
0.42745098
0.38823530
0.35294119
0.35686275
0.36078432
0.37254903
0.35294119
0.21176471
0.11764706
0.18431373
0.27058825
0.31372550
0.31372550
0.42352942
0.53725493
0.44705883
0.54509807
0.62352943
0.59607846
0.46274510
0.48627451
0.43921569
0.29803923
0.29019609
0.30196080
0.29803923
0.28627452
0.38431373
0.50196081
0.44705883
0.42745098
0.39215687
0.38039216
0.34901962
0.32941177
0.31372550
0.29019609
0.29411766
0.24705882
0.10980392
0.16078432
0.21960784
0.28235295
0.43137255
0.23529412
0.33725491
0.49803922
0.44313726
0.47843137
0.49411765
0.48235294
0.47058824
0.41176471
0.32156864
0.29803923
0.32156864
0.34509805
0.29411766
0.27058825
0.30588236
0.40000001
0.44313726
0.44313726
0.37254903
0.35686275
0.36862746
0.27058825
0.18431373
0.16078432
0.15294118
0.11372549
0.18431373
0.20392157
0.16862746
0.25490198
0.28627452
0.21960784
0.29803923
0.44313726
0.37254903
0.36862746
0.35686275
0.33333334
0.29411766
0.24705882
0.33333334
0.29019609
0.23137255
0.21960784
0.21176471
0.22745098
0.21176471
0.30980393
0.39607844
0.35294119
0.21568628
0.17647059
0.17647059
0.14117648
0.08627451
0.17647059
0.25098041
0.13333334
0.16078432
0.17647059
0.16470589
0.21568628
0.25882354
0.25882354
0.29019609
0.46666667
0.34901962
0.39215687
0.41176471
0.38823530
0.27058825
0.22352941
0.29803923
0.25490198
0.24705882
0.32549021
0.27450982
0.28627452
0.32156864
0.38431373
0.30196080
0.16470589
0.10196079
0.13333334
0.12941177
0.13333334
0.08627451
0.07450981
0.17647059
0.16862746
0.16470589
0.25882354
0.24705882
0.20000000
0.25882354
0.36078432
0.36862746
0.44705883
0.40392157
0.40000001
0.36078432
0.31372550
0.18039216
0.23921569
0.27058825
0.30588236
0.32549021
0.41568628
0.34509805
0.23137255
0.18823530
0.24313726
0.14117648
0.07450981
0.16078432
0.20000000
0.18039216
0.12549020
0.15686275
0.14117648
0.14117648
0.18431373
0.15294118
0.21176471
0.27058825
0.24705882
0.18431373
0.33333334
0.37254903
0.42745098
0.39215687
0.38039216
0.29803923
0.22745098
0.23921569
0.25098041
0.23921569
0.24705882
0.24705882
0.19607843
0.16078432
0.14509805
0.16470589
0.16862746
0.17254902
0.16862746
0.16078432
0.18823530
0.21176471
0.19607843
0.25490198
0.32941177
0.24313726
0.14117648
0.12941177
0.14509805
0.17647059
0.22745098
0.18039216
0.50588238
0.54117650
0.66666669
0.60784316
0.49803922
0.50980395
0.56078434
0.50980395
0.51764709
0.54117650
0.53333336
0.47450981
0.50196081
0.57254905
0.50588238
0.43137255
0.40392157
0.54509807
0.51372552
0.41960785
0.39607844
0.50196081
0.61960787
0.57647061
0.53333336
0.56078434
0.44313726
0.45098040
0.67450982
0.61960787
0.54509807
0.48235294
0.50196081
0.63921571
0.69411767
0.55294120
0.43529412
0.47058824
0.43921569
0.36078432
0.33333334
0.49019608
0.56470591
0.47843137
0.54117650
0.61960787
0.50196081
0.39215687
0.45490196
0.56862748
0.52941179
0.50588238
0.45882353
0.41568628
0.50588238
0.53333336
0.61176473
0.53333336
0.47450981
0.51372552
0.60000002
0.59215689
0.59215689
0.61176473
0.48235294
0.67058825
0.69019610
0.54117650
0.52549022
0.53333336
0.34901962
0.17254902
0.18431373
0.45882353
0.56862748
0.48235294
0.47843137
0.54117650
0.56470591
0.45098040
0.44705883
0.50980395
0.59215689
0.54509807
0.41568628
0.36862746
0.42745098
0.48627451
0.59607846
0.62745100
0.53725493
0.51764709
0.46274510
0.45490196
0.50588238
0.56470591
0.42352942
0.44705883
0.47058824
0.51372552
0.52941179
0.54117650
0.43529412
0.20392157
0.15686275
0.40392157
0.47450981
0.51764709
0.47450981
0.47843137
0.58039218
0.53333336
0.59607846
0.63921571
0.64313728
0.53333336
0.50588238
0.47450981
0.50980395
0.63137257
0.65098041
0.64313728
0.49803922
0.44705883
0.48627451
0.51764709
0.53333336
0.50588238
0.41176471
0.38431373
0.25490198
0.26666668
0.44705883
0.51372552
0.38823530
0.27058825
0.23921569
0.38039216
0.39215687
0.36862746
0.40392157
0.47450981
0.54117650
0.51372552
0.62352943
0.65098041
0.56862748
0.49803922
0.62352943
0.58431375
0.50980395
0.56470591
0.59607846
0.64705884
0.60784316
0.52941179
0.51764709
0.49803922
0.51764709
0.56078434
0.54901963
0.44313726
0.47058824
0.24313726
0.18039216
0.39607844
0.39607844
0.25098041
0.30980393
0.40000001
0.42352942
0.27058825
0.24313726
0.39607844
0.52549022
0.53725493
0.47843137
0.51764709
0.63137257
0.59215689
0.59215689
0.52941179
0.44705883
0.52941179
0.63529414
0.71372551
0.65490198
0.55294120
0.50588238
0.45098040
0.48235294
0.53333336
0.62352943
0.40000001
0.50588238
0.52549022
0.15686275
0.14901961
0.30588236
0.21960784
0.34509805
0.39215687
0.34117648
0.27058825
0.18431373
0.22352941
0.30588236
0.50588238
0.48627451
0.50588238
0.69411767
0.67843139
0.54117650
0.50980395
0.52156866
0.60392159
0.63921571
0.64705884
0.62352943
0.60392159
0.67843139
0.61960787
0.50196081
0.45098040
0.66274512
0.54509807
0.41176471
0.61568630
0.37647060
0.01960784
0.06274510
0.14901961
0.33333334
0.34509805
0.27450982
0.28627452
0.19215687
0.14901961
0.15686275
0.29411766
0.41176471
0.34901962
0.44313726
0.67058825
0.55686277
0.52156866
0.59215689
0.58823532
0.55294120
0.55686277
0.57254905
0.60000002
0.67843139
0.60392159
0.56078434
0.56078434
0.59607846
0.58823532
0.41568628
0.43529412
0.58823532
0.22352941
0.07450981
0.09411765
0.21176471
0.32156864
0.38823530
0.39607844
0.30196080
0.17254902
0.14901961
0.15686275
0.21568628
0.23529412
0.30196080
0.50980395
0.54117650
0.53333336
0.48627451
0.53725493
0.63137257
0.63137257
0.58431375
0.60392159
0.69411767
0.53333336
0.46274510
0.58823532
0.55294120
0.54509807
0.40000001
0.26274511
0.49019608
0.45098040
0.13333334
0.09803922
0.09019608
0.21568628
0.34509805
0.34509805
0.30980393
0.23137255
0.18039216
0.16862746
0.15294118
0.17647059
0.21176471
0.25882354
0.34117648
0.43921569
0.49019608
0.49411765
0.51764709
0.58823532
0.55686277
0.64705884
0.72941178
0.60392159
0.44705883
0.49019608
0.46274510
0.35294119
0.28235295
0.17647059
0.36470589
0.52941179
0.32156864
0.14117648
0.07843138
0.20784314
0.36078432
0.23921569
0.20784314
0.27450982
0.27843139
0.25882354
0.21960784
0.18823530
0.24313726
0.26274511
0.23137255
0.19215687
0.28627452
0.48627451
0.49803922
0.49411765
0.49803922
0.55294120
0.62745100
0.62745100
0.60784316
0.50980395
0.31764707
0.12549020
0.10196079
0.18431373
0.33333334
0.42745098
0.53333336
0.38431373
0.14117648
0.14117648
0.38431373
0.31372550
0.16470589
0.16078432
0.26666668
0.34509805
0.28235295
0.23529412
0.27450982
0.23921569
0.23137255
0.17647059
0.07058824
0.22745098
0.47843137
0.44313726
0.32941177
0.40000001
0.57647061
0.60392159
0.51372552
0.40784314
0.30196080
0.17647059
0.12941177
0.10588235
0.13725491
0.21568628
0.40392157
0.44313726
0.30588236
0.16862746
0.37647060
0.37647060
0.24705882
0.12549020
0.14509805
0.23529412
0.27058825
0.29411766
0.31372550
0.26666668
0.25098041
0.22745098
0.10588235
0.07843138
0.21176471
0.38823530
0.40000001
0.40784314
0.52549022
0.59607846
0.45490196
0.38431373
0.40000001
0.39607844
0.23529412
0.19215687
0.13333334
0.13333334
0.30980393
0.31372550
0.37647060
0.41176471
0.45098040
0.37254903
0.36862746
0.27450982
0.18823530
0.18431373
0.18039216
0.26666668
0.34117648
0.34117648
0.34117648
0.27058825
0.13725491
0.09411765
0.09411765
0.24313726
0.37254903
0.37647060
0.45882353
0.45490196
0.43921569
0.45882353
0.52941179
0.41568628
0.23529412
0.21960784
0.16862746
0.14509805
0.30588236
0.23137255
0.38039216
0.40392157
0.41176471
0.43529412
0.45490196
0.40000001
0.29411766
0.27058825
0.21568628
0.19607843
0.23137255
0.26666668
0.29411766
0.24313726
0.23529412
0.15686275
0.07058824
0.10980392
0.21568628
0.30196080
0.43921569
0.49019608
0.42745098
0.47843137
0.57254905
0.35294119
0.32549021
0.31764707
0.36078432
0.36862746
0.25098041
0.18039216
0.42352942
0.47058824
0.39607844
0.49019608
0.49803922
0.43137255
0.33725491
0.30980393
0.29803923
0.22745098
0.20392157
0.20784314
0.17254902
0.17647059
0.20784314
0.21960784
0.16470589
0.10980392
0.13333334
0.16470589
0.21176471
0.31764707
0.39215687
0.37647060
0.43921569
0.43529412
0.45490196
0.39607844
0.38431373
0.38431373
0.30588236
0.22352941
0.35686275
0.55686277
0.44705883
0.40784314
0.47843137
0.44313726
0.36078432
0.35686275
0.32156864
0.29411766
0.28235295
0.25882354
0.19215687
0.15686275
0.12549020
0.17254902
0.30980393
0.21176471
0.09019608
0.09803922
0.15686275
0.17254902
0.22352941
0.21960784
0.31372550
0.38431373
0.50196081
0.34509805
0.32941177
0.38431373
0.35294119
0.44705883
0.27450982
0.50196081
0.50980395
0.47843137
0.47058824
0.47058824
0.40784314
0.35294119
0.30588236
0.28627452
0.28627452
0.25882354
0.22745098
0.21960784
0.19607843
0.19607843
0.22745098
0.22745098
0.13725491
0.21176471
0.36862746
0.31764707
0.33333334
0.28235295
0.32941177
0.38431373
0.37254903
0.32549021
0.46666667
0.48235294
0.41176471
0.43529412
0.35686275
0.48235294
0.52941179
0.57254905
0.67058825
0.67843139
0.61568630
0.48235294
0.40000001
0.38431373
0.41568628
0.45098040
0.38823530
0.27058825
0.19215687
0.12941177
0.14509805
0.27450982
0.37647060
0.34901962
0.27843139
0.18823530
0.24705882
0.27058825
0.44313726
0.50588238
0.50980395
0.49411765
0.64313728
0.69019610
0.51764709
0.26666668
0.39607844
0.42352942
0.47843137
0.51764709
0.63529414
0.66274512
0.65098041
0.58823532
0.56078434
0.56470591
0.61568630
0.52549022
0.30588236
0.15294118
0.08627451
0.14509805
0.32156864
0.36862746
0.29803923
0.21176471
0.13725491
0.10588235
0.15686275
0.21176471
0.76470590
0.80392158
0.67450982
0.54117650
0.62745100
0.66274512
0.63529414
0.47450981
0.23137255
0.23921569
0.43529412
0.43921569
0.35294119
0.24705882
0.31764707
0.47058824
0.55686277
0.56078434
0.50980395
0.26274511
0.10980392
0.08627451
0.20784314
0.37647060
0.41176471
0.24705882
0.11764706
0.09411765
0.12156863
0.14117648
0.14117648
0.15686275
0.69411767
0.72156864
0.60000002
0.54117650
0.57254905
0.50588238
0.46274510
0.54117650
0.23529412
0.23137255
0.39215687
0.39215687
0.24313726
0.07843138
0.09803922
0.20000000
0.31764707
0.34509805
0.24705882
0.13333334
0.13725491
0.27450982
0.38823530
0.30196080
0.20000000
0.13333334
0.09803922
0.08235294
0.11372549
0.14509805
0.10588235
0.04705882
0.56078434
0.61960787
0.55294120
0.55294120
0.54117650
0.54117650
0.39215687
0.33333334
0.34901962
0.34901962
0.39215687
0.36470589
0.20784314
0.06274510
0.05882353
0.03137255
0.11372549
0.21176471
0.17647059
0.16078432
0.31372550
0.40392157
0.28235295
0.13725491
0.09411765
0.09411765
0.09411765
0.09803922
0.10980392
0.10980392
0.06666667
0.04705882
0.47450981
0.60784316
0.57647061
0.44313726
0.54509807
0.53333336
0.36078432
0.30196080
0.36862746
0.36862746
0.36470589
0.26666668
0.19607843
0.14901961
0.19215687
0.08627451
0.17647059
0.29411766
0.21176471
0.30980393
0.42352942
0.27058825
0.16078432
0.09019608
0.07450981
0.09411765
0.09803922
0.08235294
0.06274510
0.05098039
0.05098039
0.17254902
0.40000001
0.54509807
0.56862748
0.52549022
0.58431375
0.50980395
0.38431373
0.29411766
0.32156864
0.36078432
0.30196080
0.28235295
0.23921569
0.23137255
0.28235295
0.27450982
0.32549021
0.32549021
0.26666668
0.33725491
0.24705882
0.15294118
0.08627451
0.06666667
0.08627451
0.08627451
0.07843138
0.07058824
0.03921569
0.05882353
0.17254902
0.27843139
0.30588236
0.41960785
0.55686277
0.57647061
0.48235294
0.42745098
0.45490196
0.24313726
0.29803923
0.31764707
0.20000000
0.22745098
0.30196080
0.30588236
0.29019609
0.30588236
0.39215687
0.27450982
0.20392157
0.18823530
0.12156863
0.11372549
0.07843138
0.07450981
0.07450981
0.08627451
0.09803922
0.05098039
0.05882353
0.18823530
0.34117648
0.43529412
0.25098041
0.36078432
0.56862748
0.52156866
0.44705883
0.41960785
0.36470589
0.22745098
0.29803923
0.21960784
0.14117648
0.25490198
0.34509805
0.32156864
0.29411766
0.27450982
0.38039216
0.29803923
0.21960784
0.17647059
0.14117648
0.11372549
0.08235294
0.05882353
0.03529412
0.07058824
0.12156863
0.06666667
0.12156863
0.23921569
0.39607844
0.58039218
0.16862746
0.28235295
0.56078434
0.50196081
0.34901962
0.29411766
0.24313726
0.21960784
0.22745098
0.10588235
0.11372549
0.21960784
0.29411766
0.23137255
0.17254902
0.14509805
0.27450982
0.36862746
0.30196080
0.18039216
0.12941177
0.10980392
0.06274510
0.04313726
0.05882353
0.10588235
0.07450981
0.17647059
0.17647059
0.16470589
0.34117648
0.41960785
0.14901961
0.24313726
0.47058824
0.46666667
0.41960785
0.32156864
0.25098041
0.18823530
0.20000000
0.26274511
0.21960784
0.20392157
0.20784314
0.16862746
0.13725491
0.09411765
0.13333334
0.21568628
0.19607843
0.07843138
0.06274510
0.06274510
0.06666667
0.03921569
0.18039216
0.32549021
0.12549020
0.14901961
0.14509805
0.12941177
0.25490198
0.36078432
0.17254902
0.21568628
0.47450981
0.48627451
0.57647061
0.60392159
0.49411765
0.27450982
0.29411766
0.34901962
0.24705882
0.24705882
0.33725491
0.21568628
0.15686275
0.21176471
0.20000000
0.10588235
0.04313726
0.05882353
0.16470589
0.17647059
0.13333334
0.05098039
0.06666667
0.20784314
0.16078432
0.13725491
0.21176471
0.27058825
0.23921569
0.29803923
0.34901962
0.37254903
0.56862748
0.60000002
0.56470591
0.55294120
0.42352942
0.22352941
0.30980393
0.23137255
0.19215687
0.20392157
0.32156864
0.24705882
0.09019608
0.08235294
0.12549020
0.07450981
0.07058824
0.16078432
0.20784314
0.18823530
0.16862746
0.19607843
0.14901961
0.14509805
0.17254902
0.09803922
0.12941177
0.26666668
0.24313726
0.15294118
0.37647060
0.43137255
0.58823532
0.57254905
0.46274510
0.41176471
0.32156864
0.26274511
0.27843139
0.17647059
0.20392157
0.23137255
0.14901961
0.12941177
0.15686275
0.16470589
0.14117648
0.20000000
0.21176471
0.19607843
0.23921569
0.27058825
0.28235295
0.33333334
0.36470589
0.27450982
0.13333334
0.07450981
0.05490196
0.12941177
0.23137255
0.21176471
0.16470589
0.16470589
0.21176471
0.18431373
0.19215687
0.16470589
0.21568628
0.21568628
0.17254902
0.16470589
0.17647059
0.12156863
0.14117648
0.16862746
0.13333334
0.16078432
0.12156863
0.20392157
0.15294118
0.10588235
0.11372549
0.18039216
0.23529412
0.17254902
0.14901961
0.17647059
0.16078432
0.14901961
0.25098041
0.20392157
0.18039216
0.14901961
0.12549020
0.27058825
0.35294119
0.22352941
0.16862746
0.19607843
0.24705882
0.23529412
0.12156863
0.12941177
0.18431373
0.12941177
0.15294118
0.16078432
0.09019608
0.09803922
0.12941177
0.19607843
0.14901961
0.16078432
0.18039216
0.16078432
0.16862746
0.13725491
0.21960784
0.15294118
0.11372549
0.12156863
0.16862746
0.15294118
0.17254902
0.21176471
0.18431373
0.50588238
0.51764709
0.32156864
0.27843139
0.28627452
0.23137255
0.13333334
0.10980392
0.14117648
0.18039216
0.12156863
0.12156863
0.13725491
0.12941177
0.10980392
0.09803922
0.14117648
0.19215687
0.15686275
0.14509805
0.13333334
0.12941177
0.12549020
0.21960784
0.21960784
0.11372549
0.10196079
0.14509805
0.12941177
0.13725491
0.18039216
0.19215687
0.32549021
0.36862746
0.34117648
0.31372550
0.32156864
0.27058825
0.10588235
0.07843138
0.17647059
0.17254902
0.18431373
0.14117648
0.10588235
0.14509805
0.12156863
0.13333334
0.17254902
0.21960784
0.15294118
0.14901961
0.13333334
0.15294118
0.23921569
0.25098041
0.21960784
0.14117648
0.11372549
0.15686275
0.21960784
0.20000000
0.14901961
0.19607843
0.21960784
0.14509805
0.18039216
0.31764707
0.29803923
0.18823530
0.11372549
0.07450981
0.18431373
0.17647059
0.13725491
0.14901961
0.10588235
0.10196079
0.09019608
0.16078432
0.18039216
0.14901961
0.11764706
0.14901961
0.13725491
0.14117648
0.20392157
0.20784314
0.21960784
0.17647059
0.21568628
0.24705882
0.21960784
0.18823530
0.19215687
0.19607843
0.26274511
0.26666668
0.08627451
0.12549020
0.20392157
0.17647059
0.10196079
0.13333334
0.18039216
0.20392157
0.11372549
0.09019608
0.10980392
0.12941177
0.08627451
0.10980392
0.15294118
0.15686275
0.12549020
0.16078432
0.13333334
0.10588235
0.16078432
0.21176471
0.25882354
0.17254902
0.15294118
0.18823530
0.12549020
0.12549020
0.16078432
0.19215687
0.16862746
0.32549021
0.31372550
0.09019608
0.09411765
0.16862746
0.09803922
0.19215687
0.18039216
0.13333334
0.11764706
0.07058824
0.07058824
0.07843138
0.12941177
0.08627451
0.12941177
0.23921569
0.18039216
0.14117648
0.12549020
0.12941177
0.20392157
0.22745098
0.22352941
0.18823530
0.16078432
0.22745098
0.20000000
0.11372549
0.12156863
0.22352941
0.19215687
0.20000000
0.47450981
0.28627452
0.00784314
0.03529412
0.06666667
0.19215687
0.14509805
0.09019608
0.14117648
0.07843138
0.04705882
0.03921569
0.09803922
0.10588235
0.07843138
0.14901961
0.23529412
0.15294118
0.10196079
0.13333334
0.18431373
0.19215687
0.18431373
0.18823530
0.16862746
0.19607843
0.17647059
0.16470589
0.18039216
0.19215687
0.15686275
0.10588235
0.32549021
0.45882353
0.13333334
0.06666667
0.05490196
0.12941177
0.12941177
0.20392157
0.22745098
0.15686275
0.07450981
0.05490196
0.03921569
0.05490196
0.07843138
0.11764706
0.29019609
0.34509805
0.26274511
0.11764706
0.12156863
0.21568628
0.23921569
0.21568628
0.19607843
0.23137255
0.14117648
0.20392157
0.21568628
0.14117648
0.14117648
0.10588235
0.14901961
0.35686275
0.35294119
0.09019608
0.05098039
0.04313726
0.07843138
0.17647059
0.19607843
0.17254902
0.11372549
0.06274510
0.06274510
0.05882353
0.07450981
0.06666667
0.12549020
0.24313726
0.32156864
0.31372550
0.23137255
0.18431373
0.20000000
0.14509805
0.23137255
0.29411766
0.19215687
0.17254902
0.17254902
0.11372549
0.09019608
0.08627451
0.04705882
0.21960784
0.43529412
0.21960784
0.05098039
0.05882353
0.14509805
0.20784314
0.09803922
0.07843138
0.12549020
0.12549020
0.11764706
0.10196079
0.06666667
0.09019608
0.09411765
0.08235294
0.09803922
0.20000000
0.37254903
0.31764707
0.19607843
0.18039216
0.18823530
0.16470589
0.18039216
0.21568628
0.16078432
0.12156863
0.04705882
0.04313726
0.02745098
0.11764706
0.34117648
0.39607844
0.25490198
0.09411765
0.11372549
0.25882354
0.17647059
0.06666667
0.09019608
0.13333334
0.15294118
0.10196079
0.06666667
0.09019608
0.07058824
0.08627451
0.06274510
0.00784314
0.14901961
0.26274511
0.16470589
0.13333334
0.11372549
0.12549020
0.14117648
0.12549020
0.10196079
0.12156863
0.07058824
0.05882353
0.05490196
0.05882353
0.12156863
0.24313726
0.29411766
0.22352941
0.12941177
0.25882354
0.23921569
0.14509805
0.07450981
0.05490196
0.09803922
0.12549020
0.12549020
0.11764706
0.09803922
0.11764706
0.10588235
0.03921569
0.03921569
0.07450981
0.12549020
0.11764706
0.09803922
0.13725491
0.16470589
0.08627451
0.08235294
0.07450981
0.12156863
0.09019608
0.06274510
0.05882353
0.04705882
0.12549020
0.15294118
0.27450982
0.33725491
0.31764707
0.23137255
0.23529412
0.16470589
0.09803922
0.11372549
0.09411765
0.09803922
0.12941177
0.15686275
0.19215687
0.13725491
0.05490196
0.04705882
0.06274510
0.10588235
0.11764706
0.11372549
0.12156863
0.14117648
0.10980392
0.10588235
0.10980392
0.09019608
0.07058824
0.08235294
0.09019608
0.07058824
0.16862746
0.13333334
0.23921569
0.27450982
0.29411766
0.32549021
0.31372550
0.26274511
0.18431373
0.17647059
0.12156863
0.07058824
0.06274510
0.09411765
0.14117648
0.10588235
0.10588235
0.05490196
0.06666667
0.08627451
0.07058824
0.11372549
0.20784314
0.27450982
0.19607843
0.18823530
0.17254902
0.09019608
0.10196079
0.09411765
0.11764706
0.12941177
0.10588235
0.12941177
0.27058825
0.27450982
0.24705882
0.38039216
0.36470589
0.29411766
0.21176471
0.18431373
0.17647059
0.12549020
0.09803922
0.09803922
0.07843138
0.09411765
0.11372549
0.09019608
0.07058824
0.09019608
0.07843138
0.07843138
0.11372549
0.14509805
0.20000000
0.18431373
0.11764706
0.10980392
0.10980392
0.10196079
0.12156863
0.14117648
0.08627451
0.10196079
0.20392157
0.34117648
0.24705882
0.28235295
0.34509805
0.29411766
0.22745098
0.22352941
0.19215687
0.17254902
0.14901961
0.11764706
0.07058824
0.08627451
0.05882353
0.07450981
0.14901961
0.10588235
0.06666667
0.04313726
0.05882353
0.06274510
0.11372549
0.10588235
0.10196079
0.10196079
0.11764706
0.10980392
0.11372549
0.15294118
0.10980392
0.13333334
0.12941177
0.38431373
0.30196080
0.37647060
0.36862746
0.32156864
0.29411766
0.22745098
0.17254902
0.16078432
0.11372549
0.09411765
0.09411765
0.08627451
0.07843138
0.10980392
0.12156863
0.09411765
0.07843138
0.09411765
0.12941177
0.09019608
0.13725491
0.11372549
0.09411765
0.16078432
0.14117648
0.10196079
0.14901961
0.13333334
0.11372549
0.13725491
0.12156863
0.26666668
0.31372550
0.46666667
0.60392159
0.59607846
0.55686277
0.40392157
0.28627452
0.23921569
0.21960784
0.27058825
0.24313726
0.12941177
0.08235294
0.06274510
0.07058824
0.14509805
0.20392157
0.16078432
0.09019608
0.06274510
0.09411765
0.08627451
0.17647059
0.21176471
0.22352941
0.16078432
0.24705882
0.24313726
0.15686275
0.06274510
0.12941177
0.20784314
0.27843139
0.37254903
0.58431375
0.60784316
0.60000002
0.54117650
0.47450981
0.38823530
0.38039216
0.33725491
0.18823530
0.06274510
0.03137255
0.09411765
0.22745098
0.23137255
0.16078432
0.10588235
0.05490196
0.03529412
0.06274510
0.07058824
0.50980395
0.56862748
0.34509805
0.11764706
0.21960784
0.26666668
0.24705882
0.11764706
0.07843138
0.12549020
0.24313726
0.25098041
0.24313726
0.19607843
0.25490198
0.40392157
0.43529412
0.32941177
0.24313726
0.10588235
0.05882353
0.06666667
0.14509805
0.24705882
0.25490198
0.12549020
0.06274510
0.05882353
0.07058824
0.04705882
0.05882353
0.07450981
0.33725491
0.44313726
0.34901962
0.14509805
0.18823530
0.17254902
0.15686275
0.18431373
0.06666667
0.07058824
0.19215687
0.20784314
0.10196079
0.03529412
0.07058824
0.16470589
0.21960784
0.16078432
0.08627451
0.07058824
0.10980392
0.20392157
0.29019609
0.18039216
0.07843138
0.06274510
0.04705882
0.03137255
0.06274510
0.07058824
0.04313726
0.01568628
0.23137255
0.32156864
0.33333334
0.23137255
0.19215687
0.16470589
0.15294118
0.12549020
0.10980392
0.14117648
0.22352941
0.20784314
0.09803922
0.03921569
0.04705882
0.02352941
0.06274510
0.09019608
0.07058824
0.08235294
0.19607843
0.25882354
0.18039216
0.07058824
0.03137255
0.05882353
0.05490196
0.04705882
0.05490196
0.06274510
0.05490196
0.02745098
0.18431373
0.30588236
0.32941177
0.15686275
0.17647059
0.16078432
0.11764706
0.07450981
0.14509805
0.18039216
0.18823530
0.12156863
0.09019608
0.08235294
0.12941177
0.05098039
0.09411765
0.14509805
0.08627451
0.18431373
0.27450982
0.14509805
0.08235294
0.04705882
0.03529412
0.06274510
0.05098039
0.03921569
0.05098039
0.05098039
0.05882353
0.07843138
0.16470589
0.30588236
0.30980393
0.21176471
0.22352941
0.16862746
0.11372549
0.09411765
0.16862746
0.20392157
0.14117648
0.14117648
0.10588235
0.09411765
0.16078432
0.16862746
0.18039216
0.21176471
0.16862746
0.24705882
0.17254902
0.06666667
0.03529412
0.04313726
0.05882353
0.06274510
0.04705882
0.04705882
0.03137255
0.03137255
0.09803922
0.09411765
0.10980392
0.24705882
0.30588236
0.25490198
0.19607843
0.12941177
0.17647059
0.11372549
0.18039216
0.19215687
0.10588235
0.10588235
0.12941177
0.12549020
0.12941177
0.20000000
0.24705882
0.14509805
0.12941177
0.12156863
0.06666667
0.05098039
0.05098039
0.06274510
0.04705882
0.05882353
0.07843138
0.03921569
0.03921569
0.07058824
0.12941177
0.16470589
0.10980392
0.18823530
0.29803923
0.22352941
0.22352941
0.18823530
0.15294118
0.07450981
0.15686275
0.13333334
0.07450981
0.11372549
0.16470589
0.16862746
0.11764706
0.15294118
0.23921569
0.13725491
0.11764706
0.11372549
0.10196079
0.05490196
0.04313726
0.03921569
0.03137255
0.09019608
0.11764706
0.03529412
0.08235294
0.10588235
0.13333334
0.24705882
0.05098039
0.16078432
0.29803923
0.23137255
0.15686275
0.10196079
0.07843138
0.11764706
0.14901961
0.06274510
0.07058824
0.12941177
0.18823530
0.13725491
0.06666667
0.07058824
0.20392157
0.27450982
0.18039216
0.09019608
0.07843138
0.06274510
0.04313726
0.03137255
0.03529412
0.05882353
0.04705882
0.11764706
0.11764706
0.08235294
0.13333334
0.12156863
0.02745098
0.13333334
0.29019609
0.20000000
0.18823530
0.14509805
0.10588235
0.09803922
0.09019608
0.11764706
0.09411765
0.08627451
0.09803922
0.06666667
0.07843138
0.05098039
0.10196079
0.18039216
0.13333334
0.03529412
0.03921569
0.03529412
0.05490196
0.03529412
0.11372549
0.13725491
0.03137255
0.09019608
0.08235294
0.09019608
0.12156863
0.10196079
0.05882353
0.09803922
0.31764707
0.21176471
0.23921569
0.25098041
0.17254902
0.11372549
0.12549020
0.14509805
0.10588235
0.10980392
0.16470589
0.09019608
0.05882353
0.12549020
0.12549020
0.08627451
0.05490196
0.03137255
0.08627451
0.10196079
0.08235294
0.06274510
0.07450981
0.07843138
0.05490196
0.04313726
0.09019608
0.10980392
0.06666667
0.09411765
0.21568628
0.23137255
0.32156864
0.24705882
0.20784314
0.20000000
0.14901961
0.07058824
0.15294118
0.12941177
0.10196079
0.09803922
0.17647059
0.13333334
0.04313726
0.05098039
0.08627451
0.05490196
0.03921569
0.07450981
0.09019608
0.08627451
0.05098039
0.09803922
0.07058824
0.07843138
0.09803922
0.04313726
0.07843138
0.09803922
0.05490196
0.04313726
0.18823530
0.21960784
0.25882354
0.19607843
0.17647059
0.15294118
0.09803922
0.08235294
0.12549020
0.12156863
0.10588235
0.11764706
0.08235294
0.05490196
0.06666667
0.07058824
0.07843138
0.07843138
0.09411765
0.08627451
0.10588235
0.10588235
0.09019608
0.13333334
0.17647059
0.14117648
0.07058824
0.03921569
0.04313726
0.05490196
0.07450981
0.07058824
1 0 0 0 0 0 -1 0 0 0 0
0 1 0 0 0 0 -1 0 0 0 0
0 0 1 0 0 0 -1 0 0 0 0
0 0 0 1 0 0 -1 0 0 0 0
0 0 0 0 1 0 -1 0 0 0 0
0 0 0 0 0 1 -1 0 0 0 0
0 0 0 0 0 0 -1 1 0 0 0
0 0 0 0 0 0 -1 0 1 0 0
0 0 0 0 0 0 -1 0 0 1 0
