0.78431374
0.80784315
0.81960785
0.78823531
0.67843139
0.47843137
0.57254905
0.67450982
0.67843139
0.60784316
0.60392159
0.66666669
0.77254903
0.76862746
0.69019610
0.59215689
0.63137257
0.69019610
0.73725492
0.69803923
0.67843139
0.72549021
0.80392158
0.83921570
0.81960785
0.74901962
0.73333335
0.71764708
0.78039217
0.87058824
0.83137256
0.72549021
0.73725492
0.78823531
0.79607844
0.78039217
0.69411767
0.39215687
0.36078432
0.41568628
0.47058824
0.55686277
0.64313728
0.64313728
0.69411767
0.63137257
0.58823532
0.49803922
0.34117648
0.54509807
0.63137257
0.61176473
0.65490198
0.68627453
0.75686276
0.80784315
0.76078433
0.81960785
0.85490197
0.82745099
0.78823531
0.81960785
0.80784315
0.67450982
0.74509805
0.76862746
0.76078433
0.75686276
0.54901963
0.36862746
0.44705883
0.42745098
0.40392157
0.72941178
0.63137257
0.63529414
0.68235296
0.64705884
0.57254905
0.59215689
0.47058824
0.59215689
0.65098041
0.62745100
0.69411767
0.73725492
0.75686276
0.75294119
0.77647060
0.82352942
0.81960785
0.81568629
0.81960785
0.80392158
0.68235296
0.49803922
0.72941178
0.71372551
0.72156864
0.61568630
0.34901962
0.38431373
0.47843137
0.46666667
0.45098040
0.47058824
0.38039216
0.44705883
0.67058825
0.72549021
0.70588237
0.70980394
0.70196080
0.71372551
0.72941178
0.72156864
0.74509805
0.75686276
0.74509805
0.73725492
0.75686276
0.76078433
0.76470590
0.75686276
0.74901962
0.72941178
0.67843139
0.64313728
0.70980394
0.69019610
0.68627453
0.48235294
0.40392157
0.39607844
0.38431373
0.36862746
0.39215687
0.31764707
0.27058825
0.27450982
0.44313726
0.73333335
0.74901962
0.73333335
0.73333335
0.74509805
0.74901962
0.74509805
0.74509805
0.74117649
0.73333335
0.73725492
0.73333335
0.72941178
0.72941178
0.72941178
0.72549021
0.72156864
0.72156864
0.72156864
0.70588237
0.71372551
0.64313728
0.50980395
0.44705883
0.30980393
0.22352941
0.31372550
0.36078432
0.41960785
0.34901962
0.26666668
0.27450982
0.50980395
0.72941178
0.75686276
0.73725492
0.72941178
0.72156864
0.73333335
0.74509805
0.74509805
0.72549021
0.70980394
0.72549021
0.73333335
0.73725492
0.74509805
0.73333335
0.70980394
0.69411767
0.70196080
0.71372551
0.70196080
0.54117650
0.51372552
0.37254903
0.26666668
0.36078432
0.43529412
0.40784314
0.50588238
0.47058824
0.28627452
0.21176471
0.21176471
0.40000001
0.63529414
0.75686276
0.75686276
0.73333335
0.72941178
0.72941178
0.72156864
0.70980394
0.67843139
0.67058825
0.72549021
0.73725492
0.73333335
0.72941178
0.72549021
0.72941178
0.74901962
0.69019610
0.67450982
0.47058824
0.39215687
0.39215687
0.57647061
0.70196080
0.65098041
0.47450981
0.62352943
0.55294120
0.31764707
0.16078432
0.12941177
0.13333334
0.25882354
0.60000002
0.71372551
0.69411767
0.67058825
0.63529414
0.52549022
0.43137255
0.43137255
0.42745098
0.61960787
0.72549021
0.62745100
0.77254903
0.76862746
0.74509805
0.73725492
0.69803923
0.71372551
0.59215689
0.45490196
0.61960787
0.72156864
0.72156864
0.70588237
0.50196081
0.56470591
0.55294120
0.33333334
0.20784314
0.40000001
0.62352943
0.39215687
0.33725491
0.38431373
0.44313726
0.43137255
0.36470589
0.38431373
0.45490196
0.43529412
0.52549022
0.65490198
0.71372551
0.41568628
0.47450981
0.65882355
0.75294119
0.75686276
0.70196080
0.70196080
0.70196080
0.63921571
0.70196080
0.72941178
0.71764708
0.72156864
0.60392159
0.47058824
0.43921569
0.27058825
0.23921569
0.47058824
0.80392158
0.70588237
0.43137255
0.45882353
0.50588238
0.50196081
0.47843137
0.56470591
0.63529414
0.52549022
0.63529414
0.67450982
0.70588237
0.64313728
0.37254903
0.39607844
0.74901962
0.77647060
0.67843139
0.69019610
0.67058825
0.56078434
0.67450982
0.69803923
0.69019610
0.70588237
0.68627453
0.46274510
0.33725491
0.28235295
0.40392157
0.53333336
0.61960787
0.71372551
0.58823532
0.61176473
0.66666669
0.63137257
0.62745100
0.63921571
0.64313728
0.60000002
0.69803923
0.70980394
0.64313728
0.69803923
0.63137257
0.33333334
0.59215689
0.76470590
0.72549021
0.72941178
0.67843139
0.58039218
0.71764708
0.68627453
0.67058825
0.67058825
0.71764708
0.54509807
0.36470589
0.52941179
0.66666669
0.70196080
0.73725492
0.72941178
0.61568630
0.61568630
0.69019610
0.70980394
0.76470590
0.72156864
0.63921571
0.60000002
0.67450982
0.71372551
0.58431375
0.48627451
0.62745100
0.41960785
0.45882353
0.72941178
0.76862746
0.76862746
0.74117649
0.72156864
0.81568629
0.77647060
0.74901962
0.74901962
0.80392158
0.64705884
0.51764709
0.75686276
0.74901962
0.73725492
0.72156864
0.70980394
0.61960787
0.60784316
0.68627453
0.76078433
0.82352942
0.77254903
0.67058825
0.55686277
0.63137257
0.67843139
0.56078434
0.36862746
0.45490196
0.37254903
0.43921569
0.74509805
0.72549021
0.72549021
0.71372551
0.73333335
0.78039217
0.79607844
0.80000001
0.79607844
0.80392158
0.66666669
0.58823532
0.76470590
0.75294119
0.68627453
0.63529414
0.66666669
0.65098041
0.64313728
0.67843139
0.78039217
0.76862746
0.65490198
0.68235296
0.53333336
0.54509807
0.61960787
0.50980395
0.28627452
0.32941177
0.25490198
0.45490196
0.78039217
0.70588237
0.70980394
0.67843139
0.70980394
0.75294119
0.77647060
0.77254903
0.76078433
0.76078433
0.63921571
0.49411765
0.66274512
0.69411767
0.59607846
0.60784316
0.68627453
0.67450982
0.66274512
0.67450982
0.75686276
0.74509805
0.56078434
0.45098040
0.37647060
0.43529412
0.50980395
0.36862746
0.21960784
0.26666668
0.20784314
0.50980395
0.81176472
0.74509805
0.71372551
0.70588237
0.74901962
0.73725492
0.71372551
0.68627453
0.69803923
0.70588237
0.65098041
0.45490196
0.50980395
0.42745098
0.41176471
0.60784316
0.72549021
0.67058825
0.61176473
0.60784316
0.60784316
0.56470591
0.40000001
0.28235295
0.35686275
0.28235295
0.37647060
0.26274511
0.18431373
0.20392157
0.18823530
0.59215689
0.81960785
0.76470590
0.71372551
0.72549021
0.76862746
0.72156864
0.67450982
0.65098041
0.67450982
0.69803923
0.71764708
0.60392159
0.48235294
0.23921569
0.26666668
0.47058824
0.52156866
0.49803922
0.43529412
0.40392157
0.36078432
0.31764707
0.38823530
0.56078434
0.56078434
0.33333334
0.30980393
0.22352941
0.11764706
0.12941177
0.20392157
0.67058825
0.79215688
0.72549021
0.66666669
0.69411767
0.71764708
0.71372551
0.69803923
0.69803923
0.71372551
0.70196080
0.72549021
0.70588237
0.55294120
0.39215687
0.24705882
0.25882354
0.49411765
0.53333336
0.51764709
0.48235294
0.49019608
0.55294120
0.67843139
0.72941178
0.72941178
0.55294120
0.29803923
0.35686275
0.20000000
0.08235294
0.26666668
0.70980394
0.75686276
0.67058825
0.64313728
0.69803923
0.69803923
0.69411767
0.68627453
0.68235296
0.68627453
0.63921571
0.64313728
0.67843139
0.50980395
0.35294119
0.17647059
0.26666668
0.71764708
0.77647060
0.73333335
0.69411767
0.68235296
0.68627453
0.72549021
0.72941178
0.73725492
0.67450982
0.30196080
0.38431373
0.30196080
0.07450981
0.36862746
0.73333335
0.74509805
0.59607846
0.64313728
0.69411767
0.68235296
0.68627453
0.67058825
0.65882355
0.66666669
0.63137257
0.60784316
0.65490198
0.49803922
0.21176471
0.10588235
0.30980393
0.63137257
0.69019610
0.66274512
0.65098041
0.66666669
0.70196080
0.71372551
0.70196080
0.71764708
0.72941178
0.52941179
0.36862746
0.14901961
0.21960784
0.54509807
0.71372551
0.73725492
0.60392159
0.69803923
0.70588237
0.70980394
0.71372551
0.70980394
0.70980394
0.70588237
0.69019610
0.67843139
0.69019610
0.54117650
0.36470589
0.23529412
0.34509805
0.60784316
0.67450982
0.66666669
0.67843139
0.69803923
0.69411767
0.70196080
0.70196080
0.70588237
0.69803923
0.74509805
0.53333336
0.25098041
0.67058825
0.69411767
0.65882355
0.68235296
0.67843139
0.72156864
0.71372551
0.72156864
0.71764708
0.72156864
0.72549021
0.72549021
0.72941178
0.72941178
0.75294119
0.67843139
0.76470590
0.56470591
0.43921569
0.70980394
0.74901962
0.72156864
0.71372551
0.72156864
0.71372551
0.70980394
0.70980394
0.69803923
0.68627453
0.73725492
0.51372552
0.60392159
0.92549020
0.73725492
0.63529414
0.63921571
0.69019610
0.68627453
0.70196080
0.70980394
0.70980394
0.72156864
0.73333335
0.73333335
0.73333335
0.73725492
0.74117649
0.79215688
0.91764706
0.70980394
0.68627453
0.78823531
0.75294119
0.74901962
0.74117649
0.75686276
0.76078433
0.75294119
0.75294119
0.74117649
0.71764708
0.64705884
0.50196081
0.61960787
0.89803922
0.77254903
0.68235296
0.67058825
0.70196080
0.69803923
0.70980394
0.71372551
0.71764708
0.72549021
0.72156864
0.70588237
0.69019610
0.69019610
0.70588237
0.77647060
0.88627452
0.76470590
0.83137256
0.81568629
0.76862746
0.76862746
0.76470590
0.76470590
0.75686276
0.75294119
0.74117649
0.72549021
0.69411767
0.64313728
0.64705884
0.60784316
0.88235295
0.78823531
0.72156864
0.72941178
0.69019610
0.67843139
0.68235296
0.68235296
0.68627453
0.68235296
0.68235296
0.68235296
0.68627453
0.70196080
0.70196080
0.74117649
0.85490197
0.65098041
0.72156864
0.75686276
0.54509807
0.58823532
0.63137257
0.67843139
0.70980394
0.72156864
0.72941178
0.73333335
0.74117649
0.76470590
0.82352942
0.80000001
0.89019608
0.80392158
0.74117649
0.72549021
0.66274512
0.65490198
0.67058825
0.68627453
0.69411767
0.69803923
0.70196080
0.70588237
0.71372551
0.71764708
0.64705884
0.63921571
0.83529413
0.56862748
0.67058825
0.68235296
0.16078432
0.14901961
0.20000000
0.29019609
0.37647060
0.43921569
0.49803922
0.51372552
0.51764709
0.60784316
0.84705883
0.68627453
0.83529413
0.68235296
0.58431375
0.63921571
0.68235296
0.67843139
0.69019610
0.69803923
0.69411767
0.69411767
0.68235296
0.68235296
0.68235296
0.69019610
0.66666669
0.71372551
0.87450981
0.72156864
0.76078433
0.71764708
0.14509805
0.07843138
0.12941177
0.11764706
0.10588235
0.12549020
0.14117648
0.14901961
0.13725491
0.37254903
0.78431374
0.41176471
0.76470590
0.45098040
0.18039216
0.30980393
0.68627453
0.68627453
0.69411767
0.69019610
0.68627453
0.67843139
0.67843139
0.68235296
0.68627453
0.69411767
0.70196080
0.77647060
0.88235295
0.74117649
0.75294119
0.66666669
0.13725491
0.34509805
0.55294120
0.53725493
0.49019608
0.45882353
0.44705883
0.44705883
0.45098040
0.65490198
0.80784315
0.36862746
0.76078433
0.40000001
0.14901961
0.41176471
0.65882355
0.66274512
0.67058825
0.67450982
0.67843139
0.68235296
0.69411767
0.70196080
0.71372551
0.72941178
0.73725492
0.83529413
0.81960785
0.56862748
0.65490198
0.69411767
0.36862746
0.65490198
0.73725492
0.73333335
0.72941178
0.72941178
0.73725492
0.73725492
0.72941178
0.83921570
0.68627453
0.40392157
0.71764708
0.31764707
0.49019608
0.71372551
0.65098041
0.65882355
0.66666669
0.67450982
0.68235296
0.69411767
0.70196080
0.71764708
0.72156864
0.72549021
0.74117649
0.81176472
0.69019610
0.58431375
0.71764708
0.72941178
0.67058825
0.72156864
0.71372551
0.70980394
0.70980394
0.70588237
0.72156864
0.73725492
0.75294119
0.80000001
0.63529414
0.63921571
0.72156864
0.44313726
0.67450982
0.71764708
0.67843139
0.69019610
0.69803923
0.69411767
0.70196080
0.70588237
0.70196080
0.70980394
0.72549021
0.72549021
0.72549021
0.73333335
0.72156864
0.74117649
0.73333335
0.71764708
0.72156864
0.70196080
0.69803923
0.71764708
0.72549021
0.72941178
0.74117649
0.73725492
0.74901962
0.75294119
0.75294119
0.80000001
0.71372551
0.69803923
0.72549021
0.70588237
0.70980394
0.70588237
0.70196080
0.69019610
0.69019610
0.69803923
0.69411767
0.69803923
0.71372551
0.71764708
0.70980394
0.70588237
0.71372551
0.69803923
0.68235296
0.67450982
0.67843139
0.69411767
0.70980394
0.72941178
0.73333335
0.74117649
0.74509805
0.74117649
0.74901962
0.75294119
0.75686276
0.74509805
0.73725492
0.73333335
0.70980394
0.69019610
0.73333335
0.76470590
0.77254903
0.75294119
0.65490198
0.41960785
0.50588238
0.62352943
0.66666669
0.60392159
0.58823532
0.63921571
0.73333335
0.73333335
0.66666669
0.58039218
0.62352943
0.68235296
0.72941178
0.69019610
0.67058825
0.70196080
0.75294119
0.78039217
0.78431374
0.72941178
0.72549021
0.71372551
0.76470590
0.83137256
0.78823531
0.69803923
0.70588237
0.75686276
0.76470590
0.74901962
0.65490198
0.32941177
0.28235295
0.33725491
0.44313726
0.55686277
0.64313728
0.63921571
0.69019610
0.62745100
0.59215689
0.51372552
0.36078432
0.56078434
0.64313728
0.62352943
0.65882355
0.68235296
0.71372551
0.75686276
0.71764708
0.78823531
0.83137256
0.80784315
0.76078433
0.78431374
0.77647060
0.65098041
0.73333335
0.75294119
0.74509805
0.72941178
0.49411765
0.30196080
0.35686275
0.31764707
0.33725491
0.70196080
0.61960787
0.65098041
0.70588237
0.66274512
0.59607846
0.62745100
0.50588238
0.62352943
0.67450982
0.64313728
0.70588237
0.73725492
0.73333335
0.72156864
0.74901962
0.80000001
0.79607844
0.80000001
0.80392158
0.78823531
0.67450982
0.49411765
0.73725492
0.71764708
0.72941178
0.59607846
0.28235295
0.30980393
0.38039216
0.33333334
0.34901962
0.40784314
0.34509805
0.45098040
0.69411767
0.74117649
0.72941178
0.74117649
0.73725492
0.74901962
0.75686276
0.74509805
0.75686276
0.76078433
0.74901962
0.73725492
0.75686276
0.76078433
0.76470590
0.76862746
0.76078433
0.74117649
0.69803923
0.66274512
0.73725492
0.71372551
0.70196080
0.46274510
0.32549021
0.32156864
0.29019609
0.23529412
0.27450982
0.23529412
0.21568628
0.25490198
0.44705883
0.73725492
0.76078433
0.75686276
0.76078433
0.77647060
0.77647060
0.76862746
0.75294119
0.74901962
0.76470590
0.77254903
0.76078433
0.75686276
0.75294119
0.76078433
0.76078433
0.75294119
0.76078433
0.76470590
0.73725492
0.73725492
0.61568630
0.42745098
0.36078432
0.25098041
0.16078432
0.21960784
0.25490198
0.32941177
0.28235295
0.21960784
0.23921569
0.49019608
0.72549021
0.76862746
0.76470590
0.76078433
0.74901962
0.75294119
0.75686276
0.75686276
0.74901962
0.74117649
0.74901962
0.75294119
0.75686276
0.76470590
0.75686276
0.73725492
0.73333335
0.73725492
0.74509805
0.72549021
0.49803922
0.41960785
0.30588236
0.23921569
0.34117648
0.38431373
0.30980393
0.40392157
0.38039216
0.21176471
0.15686275
0.19607843
0.39607844
0.63137257
0.75686276
0.77647060
0.77647060
0.76470590
0.75686276
0.74117649
0.70588237
0.66666669
0.65882355
0.70980394
0.72549021
0.73725492
0.73725492
0.73725492
0.74901962
0.74901962
0.72156864
0.69803923
0.43529412
0.32941177
0.36470589
0.58823532
0.71764708
0.63137257
0.39215687
0.50196081
0.43137255
0.20784314
0.08627451
0.11372549
0.11764706
0.21960784
0.54117650
0.68235296
0.69411767
0.66274512
0.61960787
0.49803922
0.36862746
0.35686275
0.35686275
0.55294120
0.67058825
0.60000002
0.76078433
0.76470590
0.73725492
0.71372551
0.72941178
0.73333335
0.57254905
0.42745098
0.62352943
0.74509805
0.74901962
0.70980394
0.43529412
0.43921569
0.40784314
0.20000000
0.10980392
0.35294119
0.56078434
0.29019609
0.19607843
0.24313726
0.31764707
0.29803923
0.21960784
0.23137255
0.30588236
0.29411766
0.39607844
0.53333336
0.60000002
0.32941177
0.42745098
0.64313728
0.73333335
0.74117649
0.73333335
0.72156864
0.70196080
0.63921571
0.71764708
0.74509805
0.73333335
0.73333335
0.55686277
0.35686275
0.29019609
0.12941177
0.13725491
0.36862746
0.67450982
0.53725493
0.21960784
0.23529412
0.28235295
0.27058825
0.23529412
0.31764707
0.41960785
0.33333334
0.45490196
0.50980395
0.54117650
0.49019608
0.29019609
0.36470589
0.72941178
0.76862746
0.69411767
0.69803923
0.67843139
0.57254905
0.68627453
0.69803923
0.69411767
0.71764708
0.66274512
0.36470589
0.18823530
0.14509805
0.29411766
0.38823530
0.43921569
0.49803922
0.33725491
0.34901962
0.40784314
0.37647060
0.37254903
0.37647060
0.39215687
0.37254903
0.49411765
0.52549022
0.45490196
0.49803922
0.50980395
0.28627452
0.58039218
0.75686276
0.71372551
0.71372551
0.66274512
0.56470591
0.71764708
0.68627453
0.67843139
0.68627453
0.70980394
0.46666667
0.22352941
0.38431373
0.54509807
0.55294120
0.55294120
0.50196081
0.36470589
0.34901962
0.43921569
0.49803922
0.55294120
0.47058824
0.36862746
0.35294119
0.46666667
0.52941179
0.39607844
0.28235295
0.45490196
0.34117648
0.45490196
0.72549021
0.74509805
0.74509805
0.71372551
0.69411767
0.78823531
0.75686276
0.73725492
0.74509805
0.78823531
0.57647061
0.38431373
0.61568630
0.62745100
0.57647061
0.51372552
0.46274510
0.34901962
0.34117648
0.45098040
0.57647061
0.63529414
0.53725493
0.40000001
0.30980393
0.42352942
0.49019608
0.38431373
0.18431373
0.28235295
0.29019609
0.43529412
0.74117649
0.70588237
0.69803923
0.68627453
0.69411767
0.72941178
0.75294119
0.76470590
0.76862746
0.78431374
0.60784316
0.47058824
0.63921571
0.63921571
0.51372552
0.40392157
0.39215687
0.36078432
0.36470589
0.43137255
0.57254905
0.55686277
0.41176471
0.42745098
0.29803923
0.34509805
0.44705883
0.36078432
0.13333334
0.18431373
0.18823530
0.44313726
0.76862746
0.67843139
0.67843139
0.64705884
0.67058825
0.70588237
0.73725492
0.73725492
0.73725492
0.75686276
0.60000002
0.38823530
0.54901963
0.58823532
0.43137255
0.37254903
0.40392157
0.39215687
0.38431373
0.40000001
0.51764709
0.52156866
0.32941177
0.24705882
0.19215687
0.26666668
0.37254903
0.25490198
0.10196079
0.15686275
0.16078432
0.48627451
0.77647060
0.70980394
0.67450982
0.66666669
0.71764708
0.71764708
0.70196080
0.68235296
0.70196080
0.72549021
0.62352943
0.36470589
0.40000001
0.33333334
0.27058825
0.38823530
0.45098040
0.41176471
0.34509805
0.33333334
0.38039216
0.38039216
0.23921569
0.18039216
0.26666668
0.17647059
0.28627452
0.19215687
0.09803922
0.12941177
0.15686275
0.56078434
0.77254903
0.72941178
0.67450982
0.68627453
0.74509805
0.72941178
0.68627453
0.67058825
0.69803923
0.72156864
0.70588237
0.53333336
0.39215687
0.15686275
0.15294118
0.29803923
0.30980393
0.29803923
0.24313726
0.21176471
0.21960784
0.21960784
0.32156864
0.54509807
0.54509807
0.28235295
0.24313726
0.16470589
0.05098039
0.08235294
0.19215687
0.64313728
0.74509805
0.70196080
0.63921571
0.67450982
0.70588237
0.72156864
0.70588237
0.70588237
0.72156864
0.70588237
0.71764708
0.67843139
0.50588238
0.32549021
0.16862746
0.17254902
0.41176471
0.45490196
0.45490196
0.44313726
0.45882353
0.52941179
0.65882355
0.71372551
0.72549021
0.52941179
0.23921569
0.28627452
0.14901961
0.07058824
0.27843139
0.69803923
0.72156864
0.66666669
0.63137257
0.69411767
0.69803923
0.70196080
0.69411767
0.69019610
0.69411767
0.65098041
0.65098041
0.67450982
0.48627451
0.30588236
0.12549020
0.22745098
0.69803923
0.75686276
0.72549021
0.70196080
0.68627453
0.67843139
0.71372551
0.71372551
0.73725492
0.66274512
0.25098041
0.31372550
0.25490198
0.06274510
0.38431373
0.72941178
0.71372551
0.61176473
0.65490198
0.70588237
0.69803923
0.69803923
0.68627453
0.67058825
0.67843139
0.65882355
0.63529414
0.67058825
0.49019608
0.18039216
0.07450981
0.29019609
0.63529414
0.70196080
0.67843139
0.66666669
0.67843139
0.70196080
0.70588237
0.69411767
0.72156864
0.72941178
0.49411765
0.30980393
0.10588235
0.20392157
0.55294120
0.71372551
0.71372551
0.62352943
0.72156864
0.72941178
0.73333335
0.73333335
0.73333335
0.72941178
0.72549021
0.72156864
0.70980394
0.70980394
0.53725493
0.34117648
0.21960784
0.33725491
0.61960787
0.69803923
0.69019610
0.70588237
0.71764708
0.70196080
0.69803923
0.69803923
0.70980394
0.70980394
0.72549021
0.48235294
0.21568628
0.65490198
0.69803923
0.66666669
0.67843139
0.69411767
0.74117649
0.73333335
0.74117649
0.74117649
0.74509805
0.74901962
0.75294119
0.75294119
0.74901962
0.76470590
0.66666669
0.74117649
0.54509807
0.42745098
0.71372551
0.76078433
0.74117649
0.74117649
0.74117649
0.72156864
0.71372551
0.70588237
0.70196080
0.70588237
0.72549021
0.46666667
0.58039218
0.90588236
0.73333335
0.64705884
0.65490198
0.70980394
0.70588237
0.72156864
0.72941178
0.72941178
0.74509805
0.75294119
0.75686276
0.74901962
0.74901962
0.74509805
0.77254903
0.89019608
0.70588237
0.67843139
0.78431374
0.75686276
0.76470590
0.76862746
0.77254903
0.76862746
0.76078433
0.74901962
0.74509805
0.74117649
0.64705884
0.47058824
0.59215689
0.87450981
0.76470590
0.69019610
0.69411767
0.73725492
0.72941178
0.73333335
0.73725492
0.74117649
0.74509805
0.74117649
0.72549021
0.71372551
0.71372551
0.71764708
0.76862746
0.87450981
0.78431374
0.83921570
0.80784315
0.77647060
0.79215688
0.78823531
0.78431374
0.76862746
0.75686276
0.73725492
0.73333335
0.72156864
0.65098041
0.62745100
0.57647061
0.85882354
0.78039217
0.73333335
0.74509805
0.74117649
0.71764708
0.71372551
0.71372551
0.71764708
0.71372551
0.71372551
0.71372551
0.72156864
0.73725492
0.72941178
0.74901962
0.85098040
0.66274512
0.72156864
0.75686276
0.58431375
0.63529414
0.65882355
0.70196080
0.72941178
0.73725492
0.74509805
0.76078433
0.76470590
0.75294119
0.78823531
0.78039217
0.87843138
0.80784315
0.76078433
0.74117649
0.72156864
0.70196080
0.70588237
0.72156864
0.72941178
0.73725492
0.73725492
0.74117649
0.75294119
0.75686276
0.67843139
0.65490198
0.83529413
0.57254905
0.67058825
0.69411767
0.21176471
0.21960784
0.25882354
0.34509805
0.42745098
0.48627451
0.54509807
0.56862748
0.56078434
0.61568630
0.82745099
0.67450982
0.83137256
0.69019610
0.60392159
0.65882355
0.72941178
0.71764708
0.72156864
0.72549021
0.72941178
0.72549021
0.71764708
0.71764708
0.71764708
0.72156864
0.69019610
0.71764708
0.86666667
0.72941178
0.76078433
0.72549021
0.18823530
0.14901961
0.20392157
0.18431373
0.16862746
0.18039216
0.19215687
0.20784314
0.19215687
0.40392157
0.78823531
0.40392157
0.76470590
0.45882353
0.20000000
0.32549021
0.71764708
0.71372551
0.70980394
0.70196080
0.69803923
0.69411767
0.69411767
0.69803923
0.70196080
0.70980394
0.70980394
0.76470590
0.85882354
0.74117649
0.74509805
0.66274512
0.16862746
0.39215687
0.58823532
0.56470591
0.50588238
0.47058824
0.45098040
0.46274510
0.47843137
0.66274512
0.80000001
0.37254903
0.76862746
0.41568628
0.17647059
0.42745098
0.68235296
0.67450982
0.67843139
0.67843139
0.68235296
0.69019610
0.69803923
0.70588237
0.71764708
0.72941178
0.73333335
0.81568629
0.79215688
0.55686277
0.63529414
0.67450982
0.38039216
0.67058825
0.73333335
0.72549021
0.71372551
0.70588237
0.70588237
0.71372551
0.71372551
0.81176472
0.65490198
0.40000001
0.71764708
0.32941177
0.51764709
0.73333335
0.66666669
0.67058825
0.67843139
0.68627453
0.69803923
0.70588237
0.70980394
0.72549021
0.72549021
0.72156864
0.73333335
0.79607844
0.67450982
0.57647061
0.69019610
0.69803923
0.66274512
0.72156864
0.70588237
0.70588237
0.70588237
0.69803923
0.70980394
0.71764708
0.73333335
0.77254903
0.60784316
0.61960787
0.70196080
0.43529412
0.68627453
0.73725492
0.69019610
0.70196080
0.70980394
0.70588237
0.71764708
0.71764708
0.71372551
0.72156864
0.72941178
0.71764708
0.71764708
0.72156864
0.71372551
0.74901962
0.72941178
0.70588237
0.72549021
0.70980394
0.69803923
0.71764708
0.72549021
0.72941178
0.73333335
0.72941178
0.73725492
0.74117649
0.74117649
0.79215688
0.70980394
0.70196080
0.74117649
0.72941178
0.72156864
0.71764708
0.71372551
0.70196080
0.70196080
0.70980394
0.70588237
0.71372551
0.71372551
0.70980394
0.70588237
0.70196080
0.70980394
0.70980394
0.69803923
0.68627453
0.69411767
0.70980394
0.71764708
0.73725492
0.74509805
0.74901962
0.74901962
0.73725492
0.74509805
0.75294119
0.75686276
0.74901962
0.74117649
0.74509805
0.72941178
0.71764708
0.65490198
0.67843139
0.69019610
0.65882355
0.55294120
0.35686275
0.45490196
0.55686277
0.56078434
0.47450981
0.45882353
0.53333336
0.65098041
0.62745100
0.53725493
0.43921569
0.49803922
0.55294120
0.55686277
0.46666667
0.43529412
0.50196081
0.63137257
0.69019610
0.68627453
0.63137257
0.63137257
0.61568630
0.68627453
0.76862746
0.64705884
0.47843137
0.61960787
0.67450982
0.69019610
0.67058825
0.58039218
0.29019609
0.26274511
0.31372550
0.35294119
0.42745098
0.50980395
0.51764709
0.57254905
0.49411765
0.43529412
0.34509805
0.21176471
0.38823530
0.41176471
0.35686275
0.38823530
0.43921569
0.56862748
0.65490198
0.62745100
0.71372551
0.76862746
0.73725492
0.68235296
0.69411767
0.59607846
0.40784314
0.61960787
0.65098041
0.65490198
0.65490198
0.45098040
0.28627452
0.36470589
0.31764707
0.31764707
0.65490198
0.52941179
0.50588238
0.52549022
0.50588238
0.42745098
0.44313726
0.34117648
0.45098040
0.46666667
0.42352942
0.48235294
0.53333336
0.58039218
0.60000002
0.64313728
0.71372551
0.72549021
0.72156864
0.69411767
0.67058825
0.47843137
0.27450982
0.58823532
0.59215689
0.61176473
0.51764709
0.26666668
0.31372550
0.38823530
0.32941177
0.36078432
0.42352942
0.31764707
0.35686275
0.54509807
0.59215689
0.56470591
0.56862748
0.57647061
0.58823532
0.58823532
0.58039218
0.59607846
0.60784316
0.59607846
0.59215689
0.61960787
0.63137257
0.64705884
0.63529414
0.61176473
0.60784316
0.52156866
0.48235294
0.55294120
0.55686277
0.56862748
0.38039216
0.33333334
0.33725491
0.29019609
0.20784314
0.25490198
0.24313726
0.23137255
0.25098041
0.39607844
0.61568630
0.61176473
0.59607846
0.60784316
0.61960787
0.61960787
0.62352943
0.61568630
0.60392159
0.60000002
0.60000002
0.59215689
0.58039218
0.58431375
0.57254905
0.57254905
0.61176473
0.61176473
0.60392159
0.53725493
0.56078434
0.50980395
0.38823530
0.36470589
0.28627452
0.17647059
0.17647059
0.20784314
0.32156864
0.29411766
0.23137255
0.22352941
0.41176471
0.60784316
0.62352943
0.59215689
0.58431375
0.58823532
0.59215689
0.58823532
0.58039218
0.57254905
0.56078434
0.56078434
0.56078434
0.56862748
0.57254905
0.56078434
0.56078434
0.56470591
0.56862748
0.52941179
0.54117650
0.40784314
0.39607844
0.27843139
0.20392157
0.28627452
0.30588236
0.25490198
0.38823530
0.38431373
0.21960784
0.14901961
0.16862746
0.33725491
0.52941179
0.61960787
0.61176473
0.59607846
0.58823532
0.57647061
0.56862748
0.56078434
0.52941179
0.51764709
0.56862748
0.57647061
0.56862748
0.56078434
0.55294120
0.56078434
0.55686277
0.48627451
0.50588238
0.34117648
0.28627452
0.27450982
0.43529412
0.55294120
0.50196081
0.32156864
0.47843137
0.43529412
0.22352941
0.09411765
0.13725491
0.11764706
0.18039216
0.47058824
0.56078434
0.54509807
0.52549022
0.49411765
0.38823530
0.28627452
0.28235295
0.28235295
0.48235294
0.58431375
0.47058824
0.61568630
0.59607846
0.54117650
0.50980395
0.49019608
0.52549022
0.45098040
0.34509805
0.47450981
0.53333336
0.52941179
0.54117650
0.33333334
0.39215687
0.40784314
0.21568628
0.11764706
0.37254903
0.56862748
0.26666668
0.14901961
0.17254902
0.23529412
0.22745098
0.16862746
0.18823530
0.25490198
0.23921569
0.34901962
0.49411765
0.55294120
0.24705882
0.33333334
0.50980395
0.55294120
0.55686277
0.49803922
0.50196081
0.54509807
0.50196081
0.52941179
0.53725493
0.52549022
0.54509807
0.42352942
0.29019609
0.27843139
0.14117648
0.13333334
0.33725491
0.63137257
0.48627451
0.16078432
0.16862746
0.20784314
0.20000000
0.16862746
0.25098041
0.34509805
0.25882354
0.39215687
0.45490196
0.50196081
0.45490196
0.24705882
0.28235295
0.58823532
0.60784316
0.47843137
0.47843137
0.50196081
0.40784314
0.48627451
0.51372552
0.51372552
0.52549022
0.50196081
0.28235295
0.17254902
0.14901961
0.27450982
0.30980393
0.34901962
0.41176471
0.25490198
0.24705882
0.28235295
0.25098041
0.23529412
0.23137255
0.27450982
0.27450982
0.41176471
0.45098040
0.39607844
0.47450981
0.48627451
0.24313726
0.47843137
0.60000002
0.51764709
0.52156866
0.50196081
0.41568628
0.53333336
0.50588238
0.49803922
0.49803922
0.52941179
0.36470589
0.20784314
0.37647060
0.49019608
0.47450981
0.45882353
0.40000001
0.25882354
0.21176471
0.28627452
0.38431373
0.43921569
0.32549021
0.21960784
0.24313726
0.39607844
0.46274510
0.32941177
0.21568628
0.37647060
0.30196080
0.37647060
0.56862748
0.53725493
0.54509807
0.54117650
0.53333336
0.61176473
0.57647061
0.55686277
0.56078434
0.61176473
0.47058824
0.36078432
0.59607846
0.55294120
0.49019608
0.40392157
0.32941177
0.21176471
0.19607843
0.31372550
0.48235294
0.54117650
0.40000001
0.20392157
0.14509805
0.34117648
0.44313726
0.34509805
0.11764706
0.19607843
0.25882354
0.35686275
0.57647061
0.47450981
0.48627451
0.49019608
0.51764709
0.54901963
0.57254905
0.58039218
0.58431375
0.60784316
0.49411765
0.42745098
0.60392159
0.56470591
0.41568628
0.27450982
0.23137255
0.19607843
0.20784314
0.29803923
0.46274510
0.44313726
0.26666668
0.25490198
0.16470589
0.27450982
0.41568628
0.34117648
0.09411765
0.12549020
0.16862746
0.35686275
0.59215689
0.43921569
0.46274510
0.43921569
0.47450981
0.51372552
0.54117650
0.54117650
0.53725493
0.55686277
0.45490196
0.32156864
0.50980395
0.53725493
0.34901962
0.23921569
0.22745098
0.21568628
0.21568628
0.25098041
0.38823530
0.38823530
0.18431373
0.16470589
0.15294118
0.24313726
0.34509805
0.23529412
0.09019608
0.12549020
0.15294118
0.39607844
0.59607846
0.47843137
0.47450981
0.46666667
0.50980395
0.50196081
0.48235294
0.46274510
0.47843137
0.49019608
0.44313726
0.27843139
0.36862746
0.31372550
0.21568628
0.26666668
0.27843139
0.23529412
0.19215687
0.20000000
0.27058825
0.27843139
0.14117648
0.11764706
0.22745098
0.15294118
0.26274511
0.18823530
0.11372549
0.11764706
0.16470589
0.46666667
0.58431375
0.50588238
0.48235294
0.48627451
0.52549022
0.49803922
0.45490196
0.43529412
0.46274510
0.48235294
0.50196081
0.41568628
0.35294119
0.16078432
0.12941177
0.20784314
0.15686275
0.14901961
0.12156863
0.11372549
0.13333334
0.13725491
0.23529412
0.41176471
0.40000001
0.20392157
0.23529412
0.18431373
0.07450981
0.08627451
0.18431373
0.52941179
0.55294120
0.48235294
0.44705883
0.44313726
0.45882353
0.49019608
0.47843137
0.47843137
0.49411765
0.49411765
0.51372552
0.51372552
0.43137255
0.33725491
0.17647059
0.12941177
0.28235295
0.32156864
0.34509805
0.32549021
0.32549021
0.36470589
0.47843137
0.52549022
0.49411765
0.39607844
0.23529412
0.29411766
0.16078432
0.08235294
0.20392157
0.53333336
0.52941179
0.45882353
0.44705883
0.47450981
0.45490196
0.47843137
0.47058824
0.46666667
0.47058824
0.43529412
0.43921569
0.49019608
0.40000001
0.32549021
0.14509805
0.19215687
0.54117650
0.57254905
0.56078434
0.52156866
0.49019608
0.47450981
0.50196081
0.50588238
0.49019608
0.49803922
0.21176471
0.30980393
0.27843139
0.07450981
0.27843139
0.53333336
0.50980395
0.41960785
0.47450981
0.50196081
0.47450981
0.48627451
0.47450981
0.46274510
0.46666667
0.43921569
0.40784314
0.47843137
0.40392157
0.20000000
0.09411765
0.24705882
0.45882353
0.45882353
0.44705883
0.43921569
0.45490196
0.48235294
0.49411765
0.47843137
0.47843137
0.52549022
0.39607844
0.29019609
0.14117648
0.20784314
0.42352942
0.49803922
0.50196081
0.43921569
0.53725493
0.52941179
0.52941179
0.53333336
0.52941179
0.52941179
0.52549022
0.51764709
0.49019608
0.51764709
0.44313726
0.34509805
0.21568628
0.29019609
0.45098040
0.45098040
0.45098040
0.47058824
0.49019608
0.49019608
0.49019608
0.48627451
0.48627451
0.48235294
0.58039218
0.45490196
0.23921569
0.63529414
0.54901963
0.43921569
0.46274510
0.50588238
0.54509807
0.53333336
0.54509807
0.54901963
0.55294120
0.55686277
0.56078434
0.57254905
0.56078434
0.58039218
0.56078434
0.71372551
0.51372552
0.37647060
0.57254905
0.55294120
0.54117650
0.54117650
0.54117650
0.52941179
0.51764709
0.50980395
0.50588238
0.46274510
0.54509807
0.43921569
0.57647061
0.86274511
0.56862748
0.42352942
0.43921569
0.51372552
0.50588238
0.51764709
0.52941179
0.54117650
0.55294120
0.56470591
0.56470591
0.57647061
0.56862748
0.56470591
0.65882355
0.83921570
0.62745100
0.60392159
0.66274512
0.58823532
0.59607846
0.59607846
0.60000002
0.59215689
0.57647061
0.57254905
0.57647061
0.51764709
0.46666667
0.41176471
0.56862748
0.81568629
0.61176473
0.48627451
0.49019608
0.53725493
0.53333336
0.53725493
0.54117650
0.54901963
0.55294120
0.54901963
0.53725493
0.52549022
0.51764709
0.53333336
0.64705884
0.80000001
0.66666669
0.73725492
0.70980394
0.62352943
0.61568630
0.61568630
0.60392159
0.58039218
0.56470591
0.55294120
0.54509807
0.52156866
0.48627451
0.52156866
0.52156866
0.78039217
0.64705884
0.53725493
0.54509807
0.54509807
0.53333336
0.52941179
0.52941179
0.53333336
0.52941179
0.52941179
0.52941179
0.53333336
0.54117650
0.54509807
0.62745100
0.78431374
0.57254905
0.65098041
0.68235296
0.45098040
0.47843137
0.51372552
0.54117650
0.55294120
0.54901963
0.52156866
0.52156866
0.55686277
0.60784316
0.69411767
0.69411767
0.77254903
0.66274512
0.55686277
0.54901963
0.52156866
0.50980395
0.51764709
0.53333336
0.54117650
0.54901963
0.54901963
0.55686277
0.56078434
0.55686277
0.49019608
0.52941179
0.75686276
0.44313726
0.58039218
0.65490198
0.16470589
0.16078432
0.20784314
0.27843139
0.33725491
0.38039216
0.41568628
0.41960785
0.42352942
0.51372552
0.75686276
0.60784316
0.76078433
0.58823532
0.45882353
0.49411765
0.51764709
0.51372552
0.51764709
0.52549022
0.52549022
0.52156866
0.51372552
0.51372552
0.51372552
0.50980395
0.49411765
0.58431375
0.76470590
0.53333336
0.62745100
0.69803923
0.20392157
0.15686275
0.19607843
0.16862746
0.13725491
0.14509805
0.17647059
0.17254902
0.12549020
0.33333334
0.73725492
0.38039216
0.74509805
0.42352942
0.13725491
0.20000000
0.48627451
0.48627451
0.48627451
0.47843137
0.47843137
0.47058824
0.47058824
0.47450981
0.48235294
0.48235294
0.48627451
0.60784316
0.74509805
0.54901963
0.61176473
0.61568630
0.14117648
0.31764707
0.47450981
0.45882353
0.40784314
0.38039216
0.36470589
0.36470589
0.36862746
0.58039218
0.74901962
0.34901962
0.75294119
0.40000001
0.14117648
0.32156864
0.43921569
0.44313726
0.44705883
0.44705883
0.45490196
0.46274510
0.47450981
0.48627451
0.49019608
0.49803922
0.51764709
0.65490198
0.67058825
0.40784314
0.50980395
0.57254905
0.25882354
0.49019608
0.50980395
0.51372552
0.51764709
0.51764709
0.49803922
0.50196081
0.53725493
0.69019610
0.58039218
0.34901962
0.68235296
0.28235295
0.43137255
0.59607846
0.43529412
0.44313726
0.45098040
0.45882353
0.46666667
0.48235294
0.50196081
0.52156866
0.50588238
0.50196081
0.54117650
0.63529414
0.52941179
0.41960785
0.53333336
0.52941179
0.47450981
0.51372552
0.48627451
0.48627451
0.49019608
0.48235294
0.48627451
0.50196081
0.54901963
0.62352943
0.48235294
0.52941179
0.63137257
0.34117648
0.52549022
0.54509807
0.46274510
0.48235294
0.48627451
0.48235294
0.48627451
0.49411765
0.50196081
0.51764709
0.51764709
0.51372552
0.52549022
0.54117650
0.53725493
0.56078434
0.53725493
0.50980395
0.51372552
0.49803922
0.49019608
0.50980395
0.51764709
0.52156866
0.53333336
0.53333336
0.55686277
0.57254905
0.57254905
0.61960787
0.56078434
0.54509807
0.53725493
0.52156866
0.50196081
0.50196081
0.49803922
0.48235294
0.47843137
0.48627451
0.48235294
0.49019608
0.50588238
0.50980395
0.49803922
0.49019608
0.49803922
0.49411765
0.47843137
0.46666667
0.47058824
0.49803922
0.52156866
0.53725493
0.54509807
0.55294120
0.56862748
0.56470591
0.56862748
0.57254905
0.56470591
0.54901963
0.56470591
0.57254905
0.53725493
0.51764709
1 0 0 0 0 0 0 -1 0 0 0
0 1 0 0 0 0 0 -1 0 0 0
0 0 1 0 0 0 0 -1 0 0 0
0 0 0 1 0 0 0 -1 0 0 0
0 0 0 0 1 0 0 -1 0 0 0
0 0 0 0 0 1 0 -1 0 0 0
0 0 0 0 0 0 1 -1 0 0 0
0 0 0 0 0 0 0 -1 1 0 0
0 0 0 0 0 0 0 -1 0 1 0
