0.78431374
0.70980394
0.77647060
0.75686276
0.74901962
0.73333335
0.68235296
0.66666669
0.68627453
0.88235295
0.89019608
0.69803923
0.96862745
0.98823529
0.98039216
0.96862745
0.96078432
0.95686275
0.96078432
0.96470588
0.94901961
0.93333334
0.92549020
0.88627452
0.94117647
0.98039216
0.97647059
0.97647059
0.97647059
0.97254902
0.96470588
0.96470588
0.82745099
0.76078433
0.78039217
0.70588237
0.71764708
0.72941178
0.73333335
0.69803923
0.63137257
0.66666669
0.65490198
0.67843139
0.82352942
0.81568629
0.83529413
0.80392158
0.67843139
0.64313728
0.63529414
0.63529414
0.58823532
0.54901963
0.55686277
0.52549022
0.75686276
0.96862745
0.95686275
0.95686275
0.95686275
0.95294118
0.94901961
0.94901961
0.80392158
0.76862746
0.80392158
0.79607844
0.74901962
0.70588237
0.69803923
0.70588237
0.72549021
0.57647061
0.46666667
0.57647061
0.47058824
0.44705883
0.47058824
0.46666667
0.40784314
0.39215687
0.38823530
0.36470589
0.34117648
0.32156864
0.29803923
0.36078432
0.71372551
0.96862745
0.94901961
0.94901961
0.95294118
0.94901961
0.94901961
0.94901961
0.74117649
0.70588237
0.78039217
0.74509805
0.74901962
0.76862746
0.74509805
0.76078433
0.72549021
0.39607844
0.30980393
0.46666667
0.21176471
0.20784314
0.23529412
0.23529412
0.21960784
0.20000000
0.21176471
0.20000000
0.18039216
0.16470589
0.12549020
0.28235295
0.49411765
0.70196080
0.91372550
0.94901961
0.94117647
0.94901961
0.94901961
0.94901961
0.78431374
0.73333335
0.77254903
0.69803923
0.69411767
0.68235296
0.71372551
0.74509805
0.73725492
0.28235295
0.18431373
0.40392157
0.09019608
0.13333334
0.16078432
0.13725491
0.12156863
0.12549020
0.15294118
0.15294118
0.14509805
0.14117648
0.10588235
0.26666668
0.32156864
0.32549021
0.57254905
0.87843138
0.94117647
0.93333334
0.93725491
0.93725491
0.80000001
0.73333335
0.77254903
0.76078433
0.74117649
0.69411767
0.67843139
0.64313728
0.66274512
0.35294119
0.35686275
0.43529412
0.15294118
0.18823530
0.19607843
0.17647059
0.16862746
0.16862746
0.14117648
0.10588235
0.10196079
0.12549020
0.10196079
0.25490198
0.33333334
0.33333334
0.29019609
0.45098040
0.76862746
0.92156863
0.93333334
0.91764706
0.70588237
0.61568630
0.73725492
0.64313728
0.56470591
0.53725493
0.49803922
0.50196081
0.59215689
0.49411765
0.63529414
0.47843137
0.34901962
0.34117648
0.34901962
0.34509805
0.33333334
0.38431373
0.36862746
0.27843139
0.18039216
0.11764706
0.09411765
0.24313726
0.29019609
0.35294119
0.31764707
0.25882354
0.44313726
0.77647060
0.69019610
0.73725492
0.71764708
0.67450982
0.50196081
0.29803923
0.27450982
0.27058825
0.25882354
0.40000001
0.50588238
0.36470589
0.54509807
0.36078432
0.38823530
0.38039216
0.37254903
0.37647060
0.37254903
0.38823530
0.38431373
0.43137255
0.44313726
0.25490198
0.04705882
0.25490198
0.29019609
0.33333334
0.29411766
0.29019609
0.49019608
0.76862746
0.41176471
0.48627451
0.74901962
0.69411767
0.34117648
0.30980393
0.36470589
0.25882354
0.20784314
0.50980395
0.48627451
0.39607844
0.52549022
0.38823530
0.45098040
0.43921569
0.43137255
0.42745098
0.43529412
0.42745098
0.34117648
0.36078432
0.47843137
0.40000001
0.09411765
0.21568628
0.27450982
0.32941177
0.29019609
0.28627452
0.49411765
0.83137256
0.42352942
0.42745098
0.67058825
0.56078434
0.35294119
0.42352942
0.50196081
0.32549021
0.29019609
0.58823532
0.43921569
0.44313726
0.50588238
0.41176471
0.44705883
0.42352942
0.43529412
0.44705883
0.45882353
0.43529412
0.34509805
0.41176471
0.71764708
0.57254905
0.09019608
0.16470589
0.26274511
0.32941177
0.28235295
0.27450982
0.44313726
0.77647060
0.42745098
0.40784314
0.70588237
0.54117650
0.34901962
0.41960785
0.47450981
0.33725491
0.38431373
0.60000002
0.38039216
0.48235294
0.44313726
0.43921569
0.46274510
0.43921569
0.43921569
0.44705883
0.44705883
0.42745098
0.30980393
0.41176471
0.80000001
0.64313728
0.09411765
0.15294118
0.25098041
0.32549021
0.27450982
0.27058825
0.42745098
0.72156864
0.41176471
0.40784314
0.69019610
0.50196081
0.30980393
0.41176471
0.46274510
0.36470589
0.44705883
0.61568630
0.42352942
0.54509807
0.39607844
0.46666667
0.47058824
0.43529412
0.43137255
0.43137255
0.42745098
0.42352942
0.27843139
0.41176471
0.79607844
0.60784316
0.10196079
0.14509805
0.24705882
0.31372550
0.26666668
0.27058825
0.46666667
0.74117649
0.39215687
0.36862746
0.63137257
0.41176471
0.30980393
0.40000001
0.42352942
0.40784314
0.50196081
0.61176473
0.45490196
0.55686277
0.40000001
0.47058824
0.47450981
0.44313726
0.41960785
0.42745098
0.43137255
0.39215687
0.29019609
0.37254903
0.68627453
0.59215689
0.10588235
0.20000000
0.28235295
0.28627452
0.25882354
0.25490198
0.51372552
0.79215688
0.36078432
0.32156864
0.63529414
0.38039216
0.35686275
0.42745098
0.35294119
0.37647060
0.50980395
0.49411765
0.32549021
0.52549022
0.34901962
0.42745098
0.46274510
0.45882353
0.46666667
0.50196081
0.48627451
0.37254903
0.33725491
0.38039216
0.48235294
0.48235294
0.08627451
0.18039216
0.24705882
0.24313726
0.22745098
0.22745098
0.41568628
0.70196080
0.31372550
0.29411766
0.54901963
0.27058825
0.24705882
0.26274511
0.30980393
0.42352942
0.55686277
0.52156866
0.56078434
0.54509807
0.39215687
0.37254903
0.37647060
0.41960785
0.43921569
0.46274510
0.44313726
0.33333334
0.27843139
0.29411766
0.37254903
0.36862746
0.09803922
0.14117648
0.24705882
0.22745098
0.19215687
0.20000000
0.19607843
0.28627452
0.23921569
0.29411766
0.47450981
0.17254902
0.10196079
0.13725491
0.43137255
0.47058824
0.62745100
0.62745100
0.66274512
0.63921571
0.58823532
0.33333334
0.16862746
0.19607843
0.21568628
0.22352941
0.21176471
0.24705882
0.28235295
0.35294119
0.50196081
0.33333334
0.22745098
0.17647059
0.27450982
0.23921569
0.19215687
0.18039216
0.14901961
0.17647059
0.21568628
0.33333334
0.47058824
0.27843139
0.20392157
0.30588236
0.52156866
0.24705882
0.47058824
0.35294119
0.47843137
0.44313726
0.43137255
0.60000002
0.18823530
0.10980392
0.10980392
0.09411765
0.10980392
0.17254902
0.25098041
0.33725491
0.53333336
0.31764707
0.29803923
0.25098041
0.34901962
0.31372550
0.28627452
0.26274511
0.25098041
0.27058825
0.27843139
0.38431373
0.23529412
0.21960784
0.17254902
0.34901962
0.45882353
0.23137255
0.43529412
0.28235295
0.49411765
0.32549021
0.23921569
0.66274512
0.40392157
0.10980392
0.18039216
0.28627452
0.13333334
0.13333334
0.18823530
0.30588236
0.47058824
0.27843139
0.16470589
0.31372550
0.45098040
0.36078432
0.37254903
0.39215687
0.39215687
0.38823530
0.41176471
0.41176471
0.19607843
0.35686275
0.45882353
0.43529412
0.26666668
0.24705882
0.46274510
0.50588238
0.59607846
0.33725491
0.27058825
0.55686277
0.28627452
0.08235294
0.16078432
0.25098041
0.12549020
0.16862746
0.20784314
0.36078432
0.52156866
0.40000001
0.28235295
0.36078432
0.57254905
0.54117650
0.54117650
0.52156866
0.47450981
0.48627451
0.47058824
0.42352942
0.32549021
0.40392157
0.56470591
0.45098040
0.15686275
0.29411766
0.34509805
0.36862746
0.39607844
0.33333334
0.31764707
0.32156864
0.17647059
0.38039216
0.40392157
0.32941177
0.18823530
0.18039216
0.21176471
0.29411766
0.45490196
0.41176471
0.22745098
0.19215687
0.18823530
0.15686275
0.16078432
0.16862746
0.22352941
0.19607843
0.22745098
0.26274511
0.31372550
0.10980392
0.13725491
0.15686275
0.15686275
0.35686275
0.35686275
0.10980392
0.05490196
0.29019609
0.39215687
0.23529412
0.14901961
0.56078434
0.65882355
0.60392159
0.26274511
0.16862746
0.20392157
0.30588236
0.48235294
0.30588236
0.03137255
0.16078432
0.09803922
0.00000000
0.06666667
0.11764706
0.35294119
0.29803923
0.35294119
0.24313726
0.59215689
0.38039216
0.30588236
0.29803923
0.22352941
0.32156864
0.22745098
0.11764706
0.09803922
0.14901961
0.46274510
0.26274511
0.13725491
0.20784314
0.25490198
0.27450982
0.18431373
0.17647059
0.27058825
0.32156864
0.43529412
0.44313726
0.20000000
0.15686275
0.18039216
0.13333334
0.12549020
0.16862746
0.36862746
0.34901962
0.35686275
0.25098041
0.81960785
0.81568629
0.76078433
0.69019610
0.62745100
0.50980395
0.53333336
0.55686277
0.51764709
0.34509805
0.33333334
0.23921569
0.20000000
0.18823530
0.15686275
0.10588235
0.12156863
0.18039216
0.28235295
0.31372550
0.36862746
0.44705883
0.31764707
0.15294118
0.28627452
0.29411766
0.11764706
0.18039216
0.38431373
0.36470589
0.39607844
0.26666668
0.79607844
0.81568629
0.80392158
0.74117649
0.75686276
0.32549021
0.32941177
0.39607844
0.47843137
0.73333335
0.76078433
0.71372551
0.69019610
0.63921571
0.60392159
0.56862748
0.39607844
0.17254902
0.15294118
0.23921569
0.39607844
0.45882353
0.34901962
0.15294118
0.26666668
0.29411766
0.14117648
0.16470589
0.47058824
0.41176471
0.42352942
0.31372550
0.62352943
0.73725492
0.73725492
0.70196080
0.80784315
0.56078434
0.42745098
0.37254903
0.35294119
0.67058825
0.80392158
0.76470590
0.88627452
0.88235295
0.89803922
0.89803922
0.60784316
0.17647059
0.12156863
0.22352941
0.45490196
0.65490198
0.38823530
0.14509805
0.14901961
0.15686275
0.12941177
0.10588235
0.51372552
0.38039216
0.36078432
0.36078432
0.20000000
0.31372550
0.41176471
0.43137255
0.52156866
0.64705884
0.66666669
0.68627453
0.78823531
0.83137256
0.78039217
0.76862746
0.87450981
0.85490197
0.86666667
0.86274511
0.58039218
0.23137255
0.19607843
0.23137255
0.46666667
0.59607846
0.38039216
0.16862746
0.06274510
0.06666667
0.10588235
0.08235294
0.38823530
0.43137255
0.44313726
0.51372552
0.21960784
0.22352941
0.26274511
0.28627452
0.24313726
0.14901961
0.16078432
0.22352941
0.33725491
0.44313726
0.49019608
0.57254905
0.68627453
0.74117649
0.80000001
0.85098040
0.57647061
0.30196080
0.38431373
0.34509805
0.50980395
0.54509807
0.36862746
0.23137255
0.23137255
0.26666668
0.27450982
0.29803923
0.41960785
0.52156866
0.55686277
0.56078434
0.32941177
0.32156864
0.32941177
0.29411766
0.26274511
0.12549020
0.07058824
0.03529412
0.01568628
0.03137255
0.04313726
0.05882353
0.12156863
0.19215687
0.27450982
0.34509805
0.27843139
0.18431373
0.24705882
0.28235295
0.46274510
0.52549022
0.38039216
0.29019609
0.34901962
0.43137255
0.44313726
0.48627451
0.56078434
0.55686277
0.54509807
0.54117650
0.37254903
0.34509805
0.29411766
0.23137255
0.19607843
0.13725491
0.14117648
0.13725491
0.13333334
0.09411765
0.02352941
0.01568628
0.00784314
0.01176471
0.01960784
0.03529412
0.07450981
0.10588235
0.11372549
0.18431373
0.44313726
0.50196081
0.44313726
0.42352942
0.42352942
0.44313726
0.47058824
0.50588238
0.52941179
0.51372552
0.49803922
0.50588238
0.40784314
0.37647060
0.33725491
0.29019609
0.25882354
0.20000000
0.20000000
0.16470589
0.09803922
0.06666667
0.03921569
0.03137255
0.04313726
0.05490196
0.06274510
0.06274510
0.09803922
0.15294118
0.20784314
0.28235295
0.43137255
0.51764709
0.51372552
0.52156866
0.48627451
0.46274510
0.45882353
0.48235294
0.52549022
0.49019608
0.47843137
0.49803922
0.46666667
0.45882353
0.45882353
0.43921569
0.42745098
0.37647060
0.34117648
0.23137255
0.16470589
0.12941177
0.13333334
0.15294118
0.14117648
0.15294118
0.14901961
0.16470589
0.20784314
0.28627452
0.36078432
0.41960785
0.46666667
0.49019608
0.47450981
0.49411765
0.51372552
0.55294120
0.53725493
0.47450981
0.49019608
0.47450981
0.46666667
0.52156866
0.55686277
0.54117650
0.54509807
0.54509807
0.53725493
0.51764709
0.49411765
0.44313726
0.39607844
0.32941177
0.30196080
0.30196080
0.29019609
0.31764707
0.34509805
0.35686275
0.33333334
0.38823530
0.43137255
0.45882353
0.47450981
0.47058824
0.47843137
0.49411765
0.52156866
0.53333336
0.54509807
0.50980395
0.51372552
0.47058824
0.47450981
0.51764709
0.66274512
0.56078434
0.65490198
0.62745100
0.58039218
0.57254905
0.52941179
0.57647061
0.61568630
0.84313726
0.86666667
0.65882355
0.95686275
0.98039216
0.97254902
0.96078432
0.95686275
0.95294118
0.95294118
0.95686275
0.94509804
0.92941177
0.91764706
0.90980393
0.94117647
0.97647059
0.97254902
0.97254902
0.97254902
0.96862745
0.96078432
0.96078432
0.71764708
0.63137257
0.66274512
0.57254905
0.56078434
0.57647061
0.56078434
0.52941179
0.47450981
0.55686277
0.59607846
0.63529414
0.83529413
0.83529413
0.85098040
0.82352942
0.72156864
0.69803923
0.69019610
0.69019610
0.66274512
0.63529414
0.62352943
0.58039218
0.76862746
0.96078432
0.94901961
0.95294118
0.95294118
0.94901961
0.94509804
0.94509804
0.70196080
0.65490198
0.69803923
0.67843139
0.60784316
0.54117650
0.54509807
0.54117650
0.57254905
0.53725493
0.49803922
0.59215689
0.54901963
0.54509807
0.55686277
0.55686277
0.51372552
0.49411765
0.49411765
0.47058824
0.45490196
0.43921569
0.41960785
0.44313726
0.73725492
0.96470588
0.94509804
0.94901961
0.94901961
0.94509804
0.94509804
0.94509804
0.61176473
0.58039218
0.68235296
0.63529414
0.63529414
0.62352943
0.58823532
0.60392159
0.58431375
0.42745098
0.39215687
0.50196081
0.32156864
0.33725491
0.34117648
0.34117648
0.34117648
0.32156864
0.33333334
0.32156864
0.30588236
0.29411766
0.27843139
0.38823530
0.51764709
0.71764708
0.92549020
0.94901961
0.93725491
0.94509804
0.94509804
0.94509804
0.64705884
0.61960787
0.68627453
0.57254905
0.58823532
0.56078434
0.58039218
0.61568630
0.61568630
0.35294119
0.27450982
0.43529412
0.20392157
0.25098041
0.24705882
0.21960784
0.21568628
0.25882354
0.29019609
0.28235295
0.27450982
0.27058825
0.25098041
0.37647060
0.37647060
0.35686275
0.60392159
0.90980393
0.95686275
0.94509804
0.94901961
0.94117647
0.68235296
0.63137257
0.68627453
0.64313728
0.62352943
0.56470591
0.56470591
0.54509807
0.58823532
0.36470589
0.38823530
0.46666667
0.25490198
0.29019609
0.29019609
0.27058825
0.28235295
0.29803923
0.28235295
0.24313726
0.24313726
0.26666668
0.25098041
0.36470589
0.40392157
0.38039216
0.33725491
0.50588238
0.80000001
0.94509804
0.94901961
0.94117647
0.57254905
0.48627451
0.64313728
0.59215689
0.56078434
0.54509807
0.52941179
0.53725493
0.60000002
0.46666667
0.60784316
0.50196081
0.45882353
0.45490196
0.46274510
0.46274510
0.46666667
0.44705883
0.43137255
0.37647060
0.27058825
0.20392157
0.18039216
0.33333334
0.38431373
0.41568628
0.38039216
0.32941177
0.48627451
0.79215688
0.72156864
0.78039217
0.57647061
0.52156866
0.45490196
0.33725491
0.34901962
0.35294119
0.34509805
0.46666667
0.55294120
0.40784314
0.56862748
0.41960785
0.47450981
0.46666667
0.45490196
0.45882353
0.45490196
0.43137255
0.43529412
0.49411765
0.48627451
0.27843139
0.05490196
0.29803923
0.37254903
0.40784314
0.38823530
0.36862746
0.53725493
0.77254903
0.47058824
0.54509807
0.61568630
0.56078434
0.35686275
0.33333334
0.35686275
0.26274511
0.24313726
0.55294120
0.54509807
0.44705883
0.58431375
0.45882353
0.51764709
0.50980395
0.51372552
0.51764709
0.52156866
0.49411765
0.41568628
0.43137255
0.53333336
0.42352942
0.10196079
0.25098041
0.35294119
0.40392157
0.38823530
0.36470589
0.54509807
0.85098040
0.47058824
0.48235294
0.53725493
0.43529412
0.37254903
0.43921569
0.50980395
0.33333334
0.33333334
0.64705884
0.50196081
0.49019608
0.56078434
0.49411765
0.52549022
0.51372552
0.52549022
0.53725493
0.53725493
0.51764709
0.41960785
0.49411765
0.74509805
0.57254905
0.09019608
0.21568628
0.34509805
0.40392157
0.37647060
0.36078432
0.50588238
0.81176472
0.46666667
0.45882353
0.58431375
0.44705883
0.38431373
0.44313726
0.48627451
0.35294119
0.43921569
0.66274512
0.44705883
0.52549022
0.50980395
0.50588238
0.51372552
0.50980395
0.52941179
0.54117650
0.53725493
0.50196081
0.38823530
0.50196081
0.81176472
0.63921571
0.09411765
0.21176471
0.33725491
0.40000001
0.37254903
0.36470589
0.49411765
0.76078433
0.45882353
0.45882353
0.57647061
0.44313726
0.36470589
0.43137255
0.45490196
0.38823530
0.51764709
0.65882355
0.48235294
0.58431375
0.47450981
0.52156866
0.52549022
0.51372552
0.52156866
0.52549022
0.53725493
0.51372552
0.36470589
0.50196081
0.80784315
0.60392159
0.09803922
0.19607843
0.32941177
0.39215687
0.36470589
0.36470589
0.54117650
0.77647060
0.43529412
0.42352942
0.52156866
0.37254903
0.34901962
0.41960785
0.46666667
0.47058824
0.58039218
0.65882355
0.50588238
0.59215689
0.47058824
0.54901963
0.52549022
0.50980395
0.50980395
0.51764709
0.53333336
0.49019608
0.37254903
0.44705883
0.69411767
0.59215689
0.10588235
0.23137255
0.35686275
0.37254903
0.35294119
0.34901962
0.59607846
0.82352942
0.40000001
0.38823530
0.54901963
0.36078432
0.36470589
0.49411765
0.57254905
0.48235294
0.54901963
0.56862748
0.40392157
0.57254905
0.41960785
0.50980395
0.53333336
0.54117650
0.57647061
0.61176473
0.60392159
0.47843137
0.39607844
0.43529412
0.49019608
0.48235294
0.08235294
0.22352941
0.33333334
0.34509805
0.32941177
0.32549021
0.47843137
0.74509805
0.37647060
0.36862746
0.45882353
0.32156864
0.30588236
0.34509805
0.41568628
0.48235294
0.58039218
0.55294120
0.60392159
0.59215689
0.44705883
0.45098040
0.45882353
0.49019608
0.52941179
0.57254905
0.55294120
0.43921569
0.35294119
0.38823530
0.46274510
0.38039216
0.09411765
0.18039216
0.32549021
0.32941177
0.29411766
0.30588236
0.25882354
0.33725491
0.30980393
0.37254903
0.36470589
0.25882354
0.23137255
0.20784314
0.47058824
0.50588238
0.64705884
0.63137257
0.68235296
0.65098041
0.60392159
0.41960785
0.27843139
0.28235295
0.29019609
0.31764707
0.33333334
0.36470589
0.34901962
0.48627451
0.61960787
0.37254903
0.21960784
0.21960784
0.36862746
0.35686275
0.32549021
0.31764707
0.24705882
0.23137255
0.28235295
0.40784314
0.37647060
0.28235295
0.25098041
0.40392157
0.54117650
0.27058825
0.47450981
0.35686275
0.48235294
0.45490196
0.43529412
0.63529414
0.31372550
0.25882354
0.24313726
0.25098041
0.25882354
0.27450982
0.32941177
0.50980395
0.65882355
0.33725491
0.26274511
0.27843139
0.42352942
0.42745098
0.41568628
0.39215687
0.34509805
0.32941177
0.34509805
0.44313726
0.20000000
0.25098041
0.21960784
0.42745098
0.47843137
0.24705882
0.43529412
0.27058825
0.47058824
0.32941177
0.23921569
0.63921571
0.47450981
0.26274511
0.28235295
0.30588236
0.26666668
0.28627452
0.29411766
0.46274510
0.63137257
0.33725491
0.18823530
0.34901962
0.50588238
0.44705883
0.45490196
0.46274510
0.45490196
0.43921569
0.46666667
0.46666667
0.18823530
0.40392157
0.50196081
0.48235294
0.33333334
0.27843139
0.46666667
0.48235294
0.54901963
0.31372550
0.25882354
0.55294120
0.36078432
0.23529412
0.27058825
0.25098041
0.25490198
0.33333334
0.30980393
0.45098040
0.58431375
0.43921569
0.29803923
0.38431373
0.60392159
0.57254905
0.56470591
0.54117650
0.49019608
0.50980395
0.49803922
0.45490196
0.30980393
0.45490196
0.57254905
0.48235294
0.26666668
0.33725491
0.34901962
0.35686275
0.38039216
0.33333334
0.30588236
0.36470589
0.27843139
0.44313726
0.46666667
0.40392157
0.33725491
0.35294119
0.32549021
0.35686275
0.47450981
0.43529412
0.21960784
0.18431373
0.18039216
0.14509805
0.14509805
0.15686275
0.22745098
0.20000000
0.23529412
0.27058825
0.32941177
0.23137255
0.22352941
0.26274511
0.29019609
0.40392157
0.35686275
0.11372549
0.05882353
0.29803923
0.39215687
0.31372550
0.27450982
0.59607846
0.63921571
0.59215689
0.37254903
0.35294119
0.32941177
0.37647060
0.50980395
0.30588236
0.01176471
0.14509805
0.08627451
0.00000000
0.06274510
0.12156863
0.37647060
0.30588236
0.36470589
0.24313726
0.59607846
0.43921569
0.39215687
0.38431373
0.28235295
0.33333334
0.23137255
0.09411765
0.06666667
0.14901961
0.44705883
0.31764707
0.25882354
0.31372550
0.32941177
0.35686275
0.31764707
0.36078432
0.36470589
0.38431373
0.45882353
0.45098040
0.19607843
0.14117648
0.17254902
0.13333334
0.12549020
0.17647059
0.38039216
0.35294119
0.36078432
0.24313726
0.79607844
0.79215688
0.76078433
0.69411767
0.61176473
0.48627451
0.52549022
0.50980395
0.45490196
0.34509805
0.32941177
0.25490198
0.25098041
0.29803923
0.28627452
0.25882354
0.27450982
0.36470589
0.36078432
0.34901962
0.38823530
0.46274510
0.33333334
0.14901961
0.27843139
0.28627452
0.10980392
0.18431373
0.38431373
0.37647060
0.38431373
0.23921569
0.78431374
0.80000001
0.77254903
0.72156864
0.74509805
0.30196080
0.30588236
0.36470589
0.45098040
0.72156864
0.74509805
0.70196080
0.69019610
0.64313728
0.63137257
0.61176473
0.47843137
0.33333334
0.25098041
0.29019609
0.41960785
0.45098040
0.35294119
0.15294118
0.26274511
0.27843139
0.12549020
0.16470589
0.46666667
0.42745098
0.43529412
0.29803923
0.60392159
0.70588237
0.67450982
0.63921571
0.78823531
0.56862748
0.43529412
0.37254903
0.34509805
0.65490198
0.78039217
0.74509805
0.87843138
0.85098040
0.87058824
0.85882354
0.63137257
0.30980393
0.23529412
0.27450982
0.46274510
0.64313728
0.39607844
0.14509805
0.14117648
0.14901961
0.12156863
0.11372549
0.50980395
0.39607844
0.38431373
0.34117648
0.16470589
0.26666668
0.35686275
0.37647060
0.48235294
0.61176473
0.63137257
0.65882355
0.76078433
0.78039217
0.72156864
0.72156864
0.85490197
0.81960785
0.85882354
0.84705883
0.59215689
0.33725491
0.29803923
0.27843139
0.46666667
0.59215689
0.39215687
0.16862746
0.05490196
0.06274510
0.10588235
0.08235294
0.37647060
0.39215687
0.41176471
0.46274510
0.17647059
0.18823530
0.23529412
0.25882354
0.22352941
0.12549020
0.13725491
0.20392157
0.30196080
0.38823530
0.43529412
0.52549022
0.64705884
0.68627453
0.76470590
0.80392158
0.56862748
0.33333334
0.38823530
0.34117648
0.50980395
0.54509807
0.37254903
0.22352941
0.21176471
0.24705882
0.25882354
0.27843139
0.38823530
0.46666667
0.50196081
0.50588238
0.29803923
0.29019609
0.29411766
0.25882354
0.24313726
0.11764706
0.05098039
0.02352941
0.00000000
0.01568628
0.03529412
0.05098039
0.10196079
0.16078432
0.22745098
0.29019609
0.25490198
0.16470589
0.20784314
0.25490198
0.44313726
0.52941179
0.38039216
0.27058825
0.32941177
0.40000001
0.41176471
0.44313726
0.50196081
0.50588238
0.49411765
0.48235294
0.33725491
0.30980393
0.25490198
0.20000000
0.16470589
0.11764706
0.10980392
0.10980392
0.09411765
0.06666667
0.02352941
0.01568628
0.00784314
0.01176471
0.01568628
0.03137255
0.04705882
0.07450981
0.09019608
0.16470589
0.42352942
0.48627451
0.42352942
0.39607844
0.41176471
0.44313726
0.46666667
0.49803922
0.49411765
0.45882353
0.43921569
0.46274510
0.35686275
0.32549021
0.28235295
0.25098041
0.22352941
0.16470589
0.15294118
0.13725491
0.08235294
0.05882353
0.03921569
0.02745098
0.03921569
0.05098039
0.04705882
0.04313726
0.07058824
0.12156863
0.16862746
0.23921569
0.40392157
0.47843137
0.46666667
0.47450981
0.44705883
0.44313726
0.44313726
0.45882353
0.48627451
0.44313726
0.43529412
0.48235294
0.39607844
0.38823530
0.38823530
0.36862746
0.35686275
0.31372550
0.28627452
0.19215687
0.14509805
0.12156863
0.10980392
0.11372549
0.11764706
0.13725491
0.12549020
0.13333334
0.16862746
0.25098041
0.32549021
0.36470589
0.40784314
0.42745098
0.41176471
0.42745098
0.44705883
0.48627451
0.48235294
0.41568628
0.43921569
0.44313726
0.43529412
0.50588238
0.50588238
0.47058824
0.47058824
0.47843137
0.47450981
0.44705883
0.43137255
0.39607844
0.35686275
0.30588236
0.27058825
0.25490198
0.25882354
0.28627452
0.30196080
0.30588236
0.28627452
0.34901962
0.40000001
0.41568628
0.41568628
0.41568628
0.41568628
0.42745098
0.45490196
0.46274510
0.47843137
0.45098040
0.45882353
0.42352942
0.42745098
0.47450981
0.29411766
0.19215687
0.26666668
0.25882354
0.24313726
0.28235295
0.30196080
0.45882353
0.56470591
0.78431374
0.84313726
0.66274512
0.98039216
0.99607843
0.99215686
0.98039216
0.96862745
0.96470588
0.96862745
0.97254902
0.96470588
0.95686275
0.93333334
0.91372550
0.96862745
1.00000000
1.00000000
1.00000000
1.00000000
1.00000000
0.99215686
0.99215686
0.29411766
0.21568628
0.26666668
0.23921569
0.23921569
0.25882354
0.24313726
0.26274511
0.23137255
0.36078432
0.50196081
0.61568630
0.87843138
0.87450981
0.89411765
0.86274511
0.78039217
0.76862746
0.77647060
0.78039217
0.76078433
0.74901962
0.68235296
0.64313728
0.80784315
0.98431373
0.98039216
0.98431373
0.98431373
0.98039216
0.97647059
0.97647059
0.32941177
0.23137255
0.28627452
0.27058825
0.22745098
0.25098041
0.22745098
0.23137255
0.23137255
0.41568628
0.54509807
0.60392159
0.67450982
0.67450982
0.68627453
0.66666669
0.63137257
0.63921571
0.64313728
0.62352943
0.61568630
0.60392159
0.58431375
0.56470591
0.78431374
0.98039216
0.96862745
0.97647059
0.98039216
0.97647059
0.97647059
0.97647059
0.28627452
0.18823530
0.23921569
0.22352941
0.22352941
0.25882354
0.24313726
0.25098041
0.23921569
0.43529412
0.50980395
0.53333336
0.49411765
0.51372552
0.50196081
0.47450981
0.47843137
0.47843137
0.49411765
0.47843137
0.47450981
0.46666667
0.45098040
0.52156866
0.59607846
0.75686276
0.93725491
0.97647059
0.96862745
0.97647059
0.97647059
0.97647059
0.25882354
0.20784314
0.23137255
0.19215687
0.20392157
0.20392157
0.22352941
0.22745098
0.23137255
0.34901962
0.38823530
0.45882353
0.37254903
0.41960785
0.40392157
0.36470589
0.36862746
0.41960785
0.45490196
0.45490196
0.45882353
0.45098040
0.43529412
0.51372552
0.47058824
0.43137255
0.63921571
0.92156863
0.96862745
0.97254902
0.97254902
0.97254902
0.24705882
0.19215687
0.23137255
0.21176471
0.18431373
0.20392157
0.20784314
0.23921569
0.29411766
0.38039216
0.48235294
0.49019608
0.39607844
0.43529412
0.44705883
0.43137255
0.44705883
0.46666667
0.44313726
0.41960785
0.42745098
0.44705883
0.41960785
0.48627451
0.50588238
0.47843137
0.41960785
0.54901963
0.82352942
0.96470588
0.96862745
0.96078432
0.21960784
0.14901961
0.24313726
0.33725491
0.37647060
0.45882353
0.49411765
0.52941179
0.57254905
0.49803922
0.60000002
0.54117650
0.62352943
0.61960787
0.62745100
0.63137257
0.61960787
0.56862748
0.55294120
0.53333336
0.40784314
0.30980393
0.28235295
0.42745098
0.49803922
0.52549022
0.49803922
0.41960785
0.53333336
0.81176472
0.75294119
0.80784315
0.21176471
0.13333334
0.25098041
0.39215687
0.44313726
0.40392157
0.39607844
0.52941179
0.56470591
0.47450981
0.58039218
0.43529412
0.54117650
0.53333336
0.53725493
0.53725493
0.53333336
0.47843137
0.50980395
0.61960787
0.56862748
0.32941177
0.07450981
0.37254903
0.50588238
0.52156866
0.49803922
0.47843137
0.59215689
0.78431374
0.53725493
0.62352943
0.18823530
0.17647059
0.22352941
0.14509805
0.15294118
0.12941177
0.18039216
0.53725493
0.53725493
0.47843137
0.56862748
0.44705883
0.50980395
0.49803922
0.50980395
0.50588238
0.49803922
0.50196081
0.51372552
0.48235294
0.54117650
0.47843137
0.10980392
0.32156864
0.49019608
0.52156866
0.49803922
0.49019608
0.61176473
0.85882354
0.53333336
0.56078434
0.15686275
0.16862746
0.26274511
0.18431373
0.17647059
0.14509805
0.27450982
0.63921571
0.50196081
0.50588238
0.55294120
0.48627451
0.50980395
0.49803922
0.52156866
0.53725493
0.54509807
0.51764709
0.49803922
0.49803922
0.69803923
0.58431375
0.09019608
0.27450982
0.47450981
0.52156866
0.49803922
0.49411765
0.60392159
0.83137256
0.54117650
0.54509807
0.16078432
0.17647059
0.29803923
0.16078432
0.16862746
0.17254902
0.39215687
0.64705884
0.45490196
0.54509807
0.50196081
0.50196081
0.51372552
0.50588238
0.52941179
0.54117650
0.52549022
0.50980395
0.47058824
0.49803922
0.77647060
0.65098041
0.10980392
0.27450982
0.47058824
0.52156866
0.50196081
0.48627451
0.59215689
0.80784315
0.52549022
0.54901963
0.12156863
0.18039216
0.27058825
0.16862746
0.14117648
0.21176471
0.50588238
0.64313728
0.48235294
0.60000002
0.45882353
0.52156866
0.52549022
0.50588238
0.52156866
0.52549022
0.50588238
0.51764709
0.46274510
0.49803922
0.78431374
0.63529414
0.13725491
0.28235295
0.47450981
0.50980395
0.49803922
0.48235294
0.60000002
0.81176472
0.51764709
0.51764709
0.12941177
0.20392157
0.24705882
0.23921569
0.25882354
0.36862746
0.57647061
0.64705884
0.49803922
0.61176473
0.48235294
0.53725493
0.52156866
0.50196081
0.49411765
0.50196081
0.51764709
0.50980395
0.45098040
0.43529412
0.67843139
0.61176473
0.14117648
0.30196080
0.47450981
0.50196081
0.48235294
0.47450981
0.62352943
0.82352942
0.51372552
0.49803922
0.15686275
0.25882354
0.27450982
0.39607844
0.55294120
0.49411765
0.54901963
0.56470591
0.42352942
0.58823532
0.42352942
0.46666667
0.49803922
0.50588238
0.53333336
0.56470591
0.56470591
0.50196081
0.48235294
0.47450981
0.46666667
0.47450981
0.10196079
0.29019609
0.46666667
0.49019608
0.47058824
0.45490196
0.51764709
0.74117649
0.48235294
0.47843137
0.14509805
0.36470589
0.37254903
0.40784314
0.51764709
0.53725493
0.61176473
0.56862748
0.61960787
0.61176473
0.48627451
0.49803922
0.49019608
0.49411765
0.52549022
0.56078434
0.55686277
0.51764709
0.49803922
0.53333336
0.51764709
0.38039216
0.11372549
0.28627452
0.45882353
0.47058824
0.45098040
0.47450981
0.36470589
0.42352942
0.42352942
0.47450981
0.13725491
0.40784314
0.45098040
0.40000001
0.57647061
0.58431375
0.67058825
0.63529414
0.66666669
0.67058825
0.64705884
0.54509807
0.49019608
0.45490196
0.44705883
0.50588238
0.52941179
0.51764709
0.45882353
0.63137257
0.71764708
0.42352942
0.21960784
0.32549021
0.49803922
0.49803922
0.47843137
0.47843137
0.40392157
0.36470589
0.41960785
0.50196081
0.16470589
0.35294119
0.40000001
0.56862748
0.61568630
0.36470589
0.45882353
0.34901962
0.47450981
0.43137255
0.40784314
0.67450982
0.52156866
0.47058824
0.47843137
0.51764709
0.51372552
0.45490196
0.44705883
0.65098041
0.74117649
0.39607844
0.27058825
0.34901962
0.53333336
0.54117650
0.53725493
0.52549022
0.46274510
0.42745098
0.45098040
0.52156866
0.16078432
0.35686275
0.36862746
0.56862748
0.55686277
0.31764707
0.41568628
0.26666668
0.46666667
0.30588236
0.22352941
0.62745100
0.56862748
0.50196081
0.48627451
0.38431373
0.50588238
0.49803922
0.45490196
0.61960787
0.70980394
0.42352942
0.25490198
0.39215687
0.57254905
0.52941179
0.54117650
0.55686277
0.52941179
0.50196081
0.52549022
0.52156866
0.21568628
0.50980395
0.56470591
0.55686277
0.48235294
0.32941177
0.43137255
0.45882353
0.53333336
0.29411766
0.23137255
0.52941179
0.51372552
0.49019608
0.47843137
0.36470589
0.48627451
0.51764709
0.47058824
0.58823532
0.65098041
0.48235294
0.32549021
0.38823530
0.58039218
0.57254905
0.56862748
0.54901963
0.49803922
0.50588238
0.49411765
0.45882353
0.29019609
0.52156866
0.58039218
0.52941179
0.45490196
0.37254903
0.30196080
0.32941177
0.34901962
0.29803923
0.29019609
0.41568628
0.46666667
0.54509807
0.57254905
0.53725493
0.52549022
0.52549022
0.47450981
0.50980395
0.55686277
0.45490196
0.21568628
0.18431373
0.16862746
0.14117648
0.14509805
0.15294118
0.21960784
0.20392157
0.22745098
0.24705882
0.26666668
0.42352942
0.43529412
0.43921569
0.50196081
0.45490196
0.32156864
0.11764706
0.07058824
0.28627452
0.36862746
0.43137255
0.49803922
0.62352943
0.60784316
0.54901963
0.50588238
0.53333336
0.47843137
0.50196081
0.51372552
0.32156864
0.02352941
0.13333334
0.08627451
0.01176471
0.07450981
0.12549020
0.37647060
0.32549021
0.36470589
0.22352941
0.54509807
0.55686277
0.53725493
0.52549022
0.37647060
0.36078432
0.22745098
0.10980392
0.08235294
0.16078432
0.43921569
0.42352942
0.48627451
0.47058824
0.46666667
0.47843137
0.50588238
0.54509807
0.49803922
0.50196081
0.45882353
0.44705883
0.19215687
0.12941177
0.16078432
0.12156863
0.11764706
0.17254902
0.36470589
0.33725491
0.31764707
0.21568628
0.76078433
0.74901962
0.72941178
0.67058825
0.54901963
0.45490196
0.50980395
0.49803922
0.43529412
0.34117648
0.33333334
0.27058825
0.34901962
0.49019608
0.51372552
0.49803922
0.50588238
0.54117650
0.46666667
0.43529412
0.41568628
0.44313726
0.32156864
0.14509805
0.26666668
0.27058825
0.10980392
0.18039216
0.35294119
0.34117648
0.32941177
0.20000000
0.74509805
0.75294119
0.70980394
0.66666669
0.66274512
0.28627452
0.30588236
0.34117648
0.41960785
0.68627453
0.69803923
0.65490198
0.66274512
0.64313728
0.64313728
0.66666669
0.60784316
0.50196081
0.38039216
0.35294119
0.40784314
0.41176471
0.34509805
0.15294118
0.25098041
0.26274511
0.13333334
0.16078432
0.42745098
0.39215687
0.39607844
0.18431373
0.54901963
0.64313728
0.60000002
0.57647061
0.70980394
0.52156866
0.43137255
0.38431373
0.34117648
0.61176473
0.71764708
0.68235296
0.82745099
0.77647060
0.80000001
0.76470590
0.63529414
0.47058824
0.41176471
0.34117648
0.43137255
0.59215689
0.37254903
0.14901961
0.14117648
0.14117648
0.12549020
0.10588235
0.47843137
0.36470589
0.34901962
0.21568628
0.15294118
0.23137255
0.29411766
0.31372550
0.41960785
0.54117650
0.54901963
0.58039218
0.69411767
0.69803923
0.60784316
0.60000002
0.76862746
0.72941178
0.79607844
0.74901962
0.59215689
0.49019608
0.45490196
0.32549021
0.42745098
0.53725493
0.36862746
0.15294118
0.03137255
0.04313726
0.07843138
0.07058824
0.35686275
0.33725491
0.31372550
0.35294119
0.18039216
0.17254902
0.18823530
0.19607843
0.16078432
0.12156863
0.11764706
0.16862746
0.26274511
0.33725491
0.34901962
0.42745098
0.56470591
0.58431375
0.65882355
0.68627453
0.56862748
0.44313726
0.41176471
0.32941177
0.47058824
0.48627451
0.34117648
0.15294118
0.08627451
0.09803922
0.09803922
0.14509805
0.29411766
0.35686275
0.38039216
0.39215687
0.25490198
0.22352941
0.23529412
0.19215687
0.17254902
0.10980392
0.07843138
0.05490196
0.02352941
0.01568628
0.02745098
0.03921569
0.09019608
0.13725491
0.19215687
0.25098041
0.23921569
0.17647059
0.19215687
0.23529412
0.40392157
0.46666667
0.32549021
0.15686275
0.16470589
0.23921569
0.27450982
0.32549021
0.40392157
0.40392157
0.41176471
0.41176471
0.23921569
0.20784314
0.18039216
0.14117648
0.12549020
0.09411765
0.09803922
0.10196079
0.09803922
0.07058824
0.02745098
0.01568628
0.00784314
0.01176471
0.01960784
0.03137255
0.03921569
0.05882353
0.08627451
0.14509805
0.38823530
0.45490196
0.33725491
0.23137255
0.21960784
0.26274511
0.31372550
0.33725491
0.33725491
0.34901962
0.35686275
0.36470589
0.24705882
0.21568628
0.18823530
0.15686275
0.14117648
0.10588235
0.11372549
0.10980392
0.06666667
0.03529412
0.03529412
0.03137255
0.04313726
0.05098039
0.05490196
0.05490196
0.06666667
0.10588235
0.14901961
0.21176471
0.34901962
0.41960785
0.33725491
0.31372550
0.28627452
0.25882354
0.25098041
0.26666668
0.30588236
0.31764707
0.32549021
0.35294119
0.32941177
0.30196080
0.29019609
0.26666668
0.24705882
0.19215687
0.18039216
0.12156863
0.09411765
0.07058824
0.07843138
0.09019608
0.09411765
0.09411765
0.09803922
0.11764706
0.15294118
0.19607843
0.25098041
0.27450982
0.29019609
0.30196080
0.29019609
0.32156864
0.34509805
0.36862746
0.34901962
0.30588236
0.32549021
0.33725491
0.33725491
0.40392157
0.45098040
0.42352942
0.40784314
0.40784314
0.40000001
0.32941177
0.28235295
0.22745098
0.20784314
0.21176471
0.18823530
0.16078432
0.16470589
0.17254902
0.19607843
0.20784314
0.20784314
0.23529412
0.25490198
0.23529412
0.23137255
0.23921569
0.27843139
0.31764707
0.34509805
0.36078432
0.38823530
0.36078432
0.36862746
0.32941177
0.34117648
0.36862746
1 0 0 0 0 0 0 0 0 -1 0
0 1 0 0 0 0 0 0 0 -1 0
0 0 1 0 0 0 0 0 0 -1 0
0 0 0 1 0 0 0 0 0 -1 0
0 0 0 0 1 0 0 0 0 -1 0
0 0 0 0 0 1 0 0 0 -1 0
0 0 0 0 0 0 1 0 0 -1 0
0 0 0 0 0 0 0 1 0 -1 0
0 0 0 0 0 0 0 0 1 -1 0
