1.00000000
0.98431373
0.98431373
0.98823529
0.98823529
0.98823529
0.98823529
0.98823529
0.98823529
0.98823529
0.98823529
0.98823529
0.98823529
0.98823529
0.98823529
0.98823529
0.98823529
0.98039216
0.98431373
0.98431373
0.98823529
0.98823529
0.98823529
0.98823529
0.98823529
0.98431373
0.98431373
0.98431373
0.98431373
0.98431373
0.97254902
0.95686275
1.00000000
0.99607843
1.00000000
1.00000000
1.00000000
1.00000000
1.00000000
1.00000000
1.00000000
1.00000000
1.00000000
1.00000000
1.00000000
0.99215686
0.99215686
1.00000000
1.00000000
1.00000000
1.00000000
1.00000000
1.00000000
1.00000000
1.00000000
1.00000000
1.00000000
1.00000000
1.00000000
1.00000000
1.00000000
0.99607843
0.98823529
0.96078432
0.98431373
0.98431373
0.99607843
0.99607843
1.00000000
1.00000000
1.00000000
1.00000000
1.00000000
1.00000000
1.00000000
1.00000000
0.99215686
0.98039216
0.98823529
0.99607843
1.00000000
1.00000000
0.99607843
0.99607843
1.00000000
1.00000000
1.00000000
1.00000000
1.00000000
0.99607843
0.99607843
0.99607843
0.99607843
0.98431373
0.96470588
0.94509804
1.00000000
0.99215686
1.00000000
1.00000000
1.00000000
1.00000000
1.00000000
1.00000000
1.00000000
1.00000000
1.00000000
1.00000000
0.99215686
0.99215686
0.99607843
0.99607843
1.00000000
1.00000000
0.99607843
0.99215686
1.00000000
1.00000000
1.00000000
1.00000000
1.00000000
1.00000000
1.00000000
0.99607843
0.99607843
0.97647059
0.94901961
0.94901961
1.00000000
0.99607843
0.99607843
1.00000000
1.00000000
1.00000000
1.00000000
1.00000000
1.00000000
1.00000000
1.00000000
1.00000000
0.98823529
0.99607843
0.99607843
0.99607843
1.00000000
1.00000000
1.00000000
0.99607843
1.00000000
1.00000000
1.00000000
1.00000000
1.00000000
1.00000000
1.00000000
0.99607843
0.99607843
0.98431373
0.95294118
0.94901961
1.00000000
0.99607843
0.99215686
0.99607843
1.00000000
1.00000000
1.00000000
1.00000000
1.00000000
1.00000000
1.00000000
0.99607843
0.99215686
0.99607843
0.99607843
0.99607843
1.00000000
1.00000000
0.99607843
0.99215686
0.99607843
1.00000000
1.00000000
1.00000000
1.00000000
1.00000000
0.99607843
0.99607843
0.99607843
0.98039216
0.95294118
0.93333334
1.00000000
0.99607843
0.99607843
0.99607843
0.99607843
1.00000000
1.00000000
1.00000000
1.00000000
1.00000000
0.99607843
0.99215686
0.99607843
0.99215686
0.99607843
0.99607843
0.99607843
0.99607843
0.99607843
0.98431373
0.98823529
0.99607843
0.99607843
0.99607843
0.99607843
0.99607843
0.99607843
0.99607843
0.98039216
0.97254902
0.95294118
0.93725491
1.00000000
0.99607843
0.99607843
0.99607843
0.99607843
1.00000000
1.00000000
1.00000000
0.99607843
0.99607843
0.99607843
0.98039216
0.98039216
0.99215686
0.98823529
0.96470588
0.96862745
0.99607843
0.99607843
0.98431373
0.99215686
0.99607843
0.99607843
0.99607843
0.99607843
0.99607843
0.99607843
0.98823529
0.96078432
0.95686275
0.95686275
0.93725491
1.00000000
0.99607843
0.99607843
0.99607843
0.99607843
0.99607843
1.00000000
0.99607843
0.99215686
0.98823529
0.98823529
0.85882354
0.89411765
1.00000000
0.97254902
0.89019608
0.90588236
0.98823529
0.99215686
0.98431373
0.99607843
0.99607843
0.99607843
0.99607843
0.99607843
0.99607843
0.99607843
0.99607843
0.98039216
0.96078432
0.96862745
0.95294118
1.00000000
0.98823529
0.97254902
0.98823529
0.99607843
0.99607843
0.99607843
0.99607843
0.99607843
0.99607843
0.96862745
0.72549021
0.87058824
1.00000000
0.98431373
0.94117647
0.87843138
0.93725491
0.98039216
0.94901961
0.96862745
0.99607843
0.99607843
0.99607843
0.99607843
0.99607843
0.99607843
0.99607843
0.99607843
0.99215686
0.99215686
0.98431373
1.00000000
0.98039216
0.96078432
0.98431373
0.99607843
0.99607843
0.99607843
0.99607843
0.99607843
1.00000000
0.85490197
0.52156866
0.83529413
1.00000000
0.98431373
0.96862745
0.90196079
0.90980393
0.97647059
0.95686275
0.96862745
1.00000000
0.99607843
0.99607843
0.99607843
0.99607843
0.99607843
0.99607843
0.99607843
0.99607843
0.99607843
0.99607843
1.00000000
0.99215686
0.98823529
0.99215686
0.99215686
0.99607843
0.99607843
0.99607843
0.99607843
1.00000000
0.80784315
0.43921569
0.84705883
1.00000000
0.97647059
0.93333334
0.87058824
0.88627452
0.92549020
0.93725491
0.97254902
0.99607843
0.99607843
0.99607843
0.99607843
0.99607843
0.99607843
0.99607843
0.99607843
0.99607843
0.99607843
0.99607843
1.00000000
0.98823529
0.98039216
0.98823529
0.98823529
0.99215686
0.98823529
0.99607843
0.99607843
0.99607843
0.90980393
0.61568630
0.91764706
1.00000000
0.98431373
0.95294118
0.82745099
0.83137256
0.94901961
0.95686275
0.98431373
0.97647059
0.99215686
0.99607843
0.99607843
0.99215686
0.99607843
0.99607843
0.99607843
1.00000000
1.00000000
1.00000000
1.00000000
0.98039216
0.98039216
0.92941177
0.81568629
0.95686275
0.99607843
0.98431373
0.98823529
0.99607843
0.93333334
0.66274512
0.92549020
0.99607843
0.99215686
1.00000000
0.78039217
0.78823531
1.00000000
0.98823529
0.97254902
0.96470588
0.98823529
0.99607843
0.99607843
0.98431373
0.97254902
0.99215686
0.99607843
1.00000000
1.00000000
1.00000000
1.00000000
0.96470588
0.79607844
0.64313728
0.40784314
0.65490198
0.89019608
0.97647059
0.99215686
0.99215686
0.96078432
0.71764708
0.93725491
0.98431373
0.98823529
1.00000000
0.83921570
0.85098040
0.99607843
0.97647059
0.70588237
0.86274511
1.00000000
0.99215686
0.99607843
0.97254902
0.95294118
0.99607843
0.99607843
1.00000000
1.00000000
1.00000000
1.00000000
0.96078432
0.54117650
0.38823530
0.34117648
0.38039216
0.51764709
0.71372551
0.87450981
0.92549020
0.89803922
0.67843139
0.89411765
0.86274511
0.94509804
1.00000000
0.87843138
0.87843138
0.98431373
0.91372550
0.50588238
0.77647060
1.00000000
0.99215686
0.99607843
0.94901961
0.89411765
0.98039216
1.00000000
1.00000000
1.00000000
1.00000000
1.00000000
0.98431373
0.54901963
0.34509805
0.37254903
0.35294119
0.32941177
0.38823530
0.52941179
0.60784316
0.65098041
0.58039218
0.79607844
0.60784316
0.79607844
0.97647059
0.87843138
0.72941178
0.76470590
0.75294119
0.50588238
0.61176473
0.90196079
0.94117647
0.98823529
0.90980393
0.78823531
0.97254902
0.99607843
0.99607843
0.99607843
1.00000000
1.00000000
0.98039216
0.54901963
0.32549021
0.36862746
0.35686275
0.34901962
0.34901962
0.36078432
0.38039216
0.42352942
0.45098040
0.61176473
0.60784316
0.67450982
0.78823531
0.82352942
0.52941179
0.54901963
0.60784316
0.38039216
0.42352942
0.58039218
0.70196080
0.96470588
0.91372550
0.81568629
1.00000000
0.99215686
0.99607843
0.99607843
1.00000000
1.00000000
1.00000000
0.66666669
0.31764707
0.36078432
0.35686275
0.33725491
0.34509805
0.35294119
0.37254903
0.38039216
0.38431373
0.42352942
0.46666667
0.45098040
0.58431375
0.69411767
0.51764709
0.53333336
0.63921571
0.50196081
0.42352942
0.42352942
0.68235296
0.97254902
0.93333334
0.87450981
1.00000000
0.99607843
0.99607843
0.99607843
1.00000000
1.00000000
1.00000000
0.74509805
0.31764707
0.34509805
0.33333334
0.32549021
0.32549021
0.33333334
0.34901962
0.36862746
0.36862746
0.37647060
0.38431373
0.38823530
0.41960785
0.48235294
0.48235294
0.50980395
0.60000002
0.64705884
0.40784314
0.40000001
0.60784316
0.75686276
0.78039217
0.83921570
0.98823529
0.93333334
0.96862745
0.99215686
0.99215686
1.00000000
1.00000000
0.78823531
0.32549021
0.33333334
0.32156864
0.31764707
0.31764707
0.32156864
0.33333334
0.34509805
0.36078432
0.36470589
0.38431373
0.38823530
0.39607844
0.40392157
0.40000001
0.42745098
0.45490196
0.49803922
0.42352942
0.38431373
0.42745098
0.45882353
0.53333336
0.69019610
0.89803922
0.80392158
0.85098040
0.91764706
0.98039216
1.00000000
1.00000000
0.84313726
0.34509805
0.31372550
0.31372550
0.30980393
0.30980393
0.30980393
0.31372550
0.32549021
0.34509805
0.35686275
0.37254903
0.38039216
0.39215687
0.39215687
0.38431373
0.38823530
0.39607844
0.40784314
0.40784314
0.40392157
0.40784314
0.41176471
0.45882353
0.50588238
0.63529414
0.61960787
0.59215689
0.63529414
0.89803922
1.00000000
1.00000000
0.89019608
0.36862746
0.29803923
0.29411766
0.27450982
0.27843139
0.30196080
0.31764707
0.34509805
0.36078432
0.36862746
0.38431373
0.38431373
0.39215687
0.40000001
0.39215687
0.40784314
0.40000001
0.40000001
0.40000001
0.40784314
0.41176471
0.42745098
0.43921569
0.42745098
0.45098040
0.46274510
0.43921569
0.46666667
0.83921570
1.00000000
1.00000000
0.92156863
0.44313726
0.34117648
0.29411766
0.32941177
0.30588236
0.26274511
0.27843139
0.30196080
0.30980393
0.33725491
0.36470589
0.38823530
0.40784314
0.40784314
0.40000001
0.39607844
0.37647060
0.38039216
0.39215687
0.40000001
0.40000001
0.41568628
0.42745098
0.42745098
0.44313726
0.44705883
0.42745098
0.50588238
0.90196079
1.00000000
0.99215686
0.96078432
0.59607846
0.43137255
0.51764709
0.76470590
0.67450982
0.52156866
0.47843137
0.39607844
0.40784314
0.37254903
0.34117648
0.34117648
0.34117648
0.34117648
0.34901962
0.35294119
0.35294119
0.36078432
0.35686275
0.36078432
0.37254903
0.38039216
0.39215687
0.39215687
0.38823530
0.38039216
0.34509805
0.56078434
0.95294118
1.00000000
0.99215686
0.95294118
0.58823532
0.48627451
0.59215689
0.76078433
0.76470590
0.74117649
0.71372551
0.66274512
0.69803923
0.61568630
0.52156866
0.47058824
0.44313726
0.45490196
0.50980395
0.55294120
0.56470591
0.55294120
0.57254905
0.57647061
0.53333336
0.49019608
0.44313726
0.43137255
0.44705883
0.47058824
0.44705883
0.63137257
0.93725491
1.00000000
0.99607843
0.92941177
0.65098041
0.60392159
0.63529414
0.69019610
0.69803923
0.71372551
0.73725492
0.76862746
0.76862746
0.76862746
0.75686276
0.76862746
0.77647060
0.77647060
0.80000001
0.81960785
0.81176472
0.78039217
0.77647060
0.78823531
0.76470590
0.73725492
0.69411767
0.69803923
0.77254903
0.80784315
0.80000001
0.81568629
0.95686275
1.00000000
0.99607843
0.92941177
0.76078433
0.70588237
0.71764708
0.73333335
0.72941178
0.74509805
0.76862746
0.75686276
0.72156864
0.78039217
0.73725492
0.73333335
0.76862746
0.74901962
0.72549021
0.74117649
0.78039217
0.80000001
0.79215688
0.80000001
0.83921570
0.87450981
0.88235295
0.92156863
0.97254902
0.96470588
0.97254902
0.97254902
0.99607843
1.00000000
0.99607843
0.93333334
0.77647060
0.75294119
0.74901962
0.77647060
0.76078433
0.74509805
0.75686276
0.70196080
0.67843139
0.77647060
0.73333335
0.74117649
0.72941178
0.67450982
0.67450982
0.69803923
0.69803923
0.73725492
0.81568629
0.86666667
0.89803922
0.93333334
0.92941177
0.93725491
0.98823529
0.98431373
0.98039216
0.98823529
0.99607843
1.00000000
0.99215686
0.92156863
0.79607844
0.77254903
0.79215688
0.84313726
0.81568629
0.80784315
0.82745099
0.78431374
0.78039217
0.87058824
0.84313726
0.84313726
0.82745099
0.81960785
0.83529413
0.84313726
0.82352942
0.77647060
0.81568629
0.87058824
0.91764706
0.94509804
0.93333334
0.93725491
0.99607843
0.98431373
0.96470588
0.97254902
0.99607843
1.00000000
0.99215686
0.84313726
0.63529414
0.65490198
0.70196080
0.77254903
0.78039217
0.78431374
0.80000001
0.76862746
0.78039217
0.88627452
0.90196079
0.90196079
0.90588236
0.91372550
0.91372550
0.91764706
0.89803922
0.89411765
0.93333334
0.96470588
0.98431373
0.98823529
0.98039216
0.98431373
0.99607843
0.99215686
0.98823529
0.99607843
1.00000000
0.99607843
0.98039216
0.82352942
0.65098041
0.71372551
0.74117649
0.79607844
0.81960785
0.83921570
0.85098040
0.83529413
0.82745099
0.88627452
0.89019608
0.89019608
0.89019608
0.88235295
0.90588236
0.93725491
0.91764706
0.90588236
0.91372550
0.94509804
0.96078432
0.97254902
0.95686275
0.96470588
0.98431373
0.98039216
0.98039216
0.98039216
0.98431373
1.00000000
0.98431373
0.98431373
0.98823529
0.98823529
0.98823529
0.98823529
0.98823529
0.98823529
0.98823529
0.98823529
0.98823529
0.98823529
0.98823529
0.98823529
0.98823529
0.98823529
0.98039216
0.98431373
0.98431373
0.98823529
0.98823529
0.98823529
0.98823529
0.98823529
0.98431373
0.98431373
0.98431373
0.98431373
0.98431373
0.97254902
0.95686275
1.00000000
0.99607843
1.00000000
1.00000000
1.00000000
1.00000000
1.00000000
1.00000000
1.00000000
1.00000000
1.00000000
1.00000000
1.00000000
0.99215686
0.99215686
1.00000000
1.00000000
1.00000000
1.00000000
1.00000000
1.00000000
1.00000000
1.00000000
1.00000000
1.00000000
1.00000000
1.00000000
1.00000000
1.00000000
0.99607843
0.98823529
0.96078432
0.98431373
0.98431373
0.99607843
0.99607843
1.00000000
1.00000000
1.00000000
1.00000000
1.00000000
1.00000000
1.00000000
1.00000000
0.99215686
0.98039216
0.98823529
0.99607843
1.00000000
1.00000000
0.99607843
0.99607843
1.00000000
1.00000000
1.00000000
1.00000000
1.00000000
0.99607843
0.99607843
0.99607843
0.99607843
0.98431373
0.96470588
0.94509804
1.00000000
0.99215686
1.00000000
1.00000000
1.00000000
1.00000000
1.00000000
1.00000000
1.00000000
1.00000000
1.00000000
1.00000000
0.99215686
0.99215686
0.99607843
0.99607843
1.00000000
1.00000000
0.99607843
0.99215686
1.00000000
1.00000000
1.00000000
1.00000000
1.00000000
1.00000000
1.00000000
0.99607843
0.99607843
0.97647059
0.94901961
0.94901961
1.00000000
0.99607843
0.99607843
1.00000000
1.00000000
1.00000000
1.00000000
1.00000000
1.00000000
1.00000000
1.00000000
1.00000000
0.98823529
0.99607843
0.99607843
0.99607843
1.00000000
1.00000000
1.00000000
0.99607843
1.00000000
1.00000000
1.00000000
1.00000000
1.00000000
1.00000000
1.00000000
0.99607843
0.99607843
0.98431373
0.95294118
0.94901961
1.00000000
0.99607843
0.99215686
0.99607843
1.00000000
1.00000000
1.00000000
1.00000000
1.00000000
1.00000000
1.00000000
0.99607843
0.99215686
0.99607843
0.99607843
0.99607843
1.00000000
1.00000000
0.99607843
0.99215686
0.99607843
1.00000000
1.00000000
1.00000000
1.00000000
1.00000000
0.99607843
0.99607843
0.99607843
0.98039216
0.95294118
0.93333334
1.00000000
0.99607843
0.99607843
0.99607843
0.99607843
1.00000000
1.00000000
1.00000000
1.00000000
1.00000000
0.99607843
0.99215686
0.99607843
0.99215686
0.99607843
0.99607843
0.99607843
0.99607843
0.99607843
0.98431373
0.98823529
0.99607843
0.99607843
0.99607843
0.99607843
0.99607843
0.99607843
0.99607843
0.98039216
0.97254902
0.95294118
0.93725491
1.00000000
0.99607843
0.99607843
0.99607843
0.99607843
1.00000000
1.00000000
1.00000000
0.99607843
0.99607843
0.99607843
0.98039216
0.98039216
0.99215686
0.98823529
0.96470588
0.96862745
0.99607843
0.99607843
0.98431373
0.99215686
0.99607843
0.99607843
0.99607843
0.99607843
0.99607843
0.99607843
0.98823529
0.96078432
0.95686275
0.95686275
0.93725491
1.00000000
0.99607843
0.99607843
0.99607843
0.99607843
0.99607843
1.00000000
0.99607843
0.99215686
0.98823529
0.98823529
0.85882354
0.89411765
1.00000000
0.97254902
0.89019608
0.90588236
0.98823529
0.99215686
0.98431373
0.99607843
0.99607843
0.99607843
0.99607843
0.99607843
0.99607843
0.99607843
0.99607843
0.98039216
0.96078432
0.96862745
0.95294118
1.00000000
0.98823529
0.97254902
0.98823529
0.99607843
0.99607843
0.99607843
0.99607843
0.99607843
0.99607843
0.96862745
0.72549021
0.87058824
1.00000000
0.98431373
0.94117647
0.87843138
0.93725491
0.98039216
0.94901961
0.96862745
0.99607843
0.99607843
0.99607843
0.99607843
0.99607843
0.99607843
0.99607843
0.99607843
0.99215686
0.99215686
0.98431373
1.00000000
0.98039216
0.96078432
0.98431373
0.99607843
0.99607843
0.99607843
0.99607843
0.99607843
1.00000000
0.85490197
0.52156866
0.83529413
1.00000000
0.98431373
0.96862745
0.90196079
0.90980393
0.97647059
0.95686275
0.96862745
1.00000000
0.99607843
0.99607843
0.99607843
0.99607843
0.99607843
0.99607843
0.99607843
0.99607843
0.99607843
0.99607843
1.00000000
0.99215686
0.98823529
0.99215686
0.99215686
0.99607843
0.99607843
0.99607843
0.99607843
1.00000000
0.80784315
0.43921569
0.84705883
1.00000000
0.97647059
0.93333334
0.87058824
0.88627452
0.92549020
0.93725491
0.97254902
0.99607843
0.99607843
0.99607843
0.99607843
0.99607843
0.99607843
0.99607843
0.99607843
0.99607843
0.99607843
0.99607843
1.00000000
0.98823529
0.98039216
0.98823529
0.98823529
0.99215686
0.98823529
0.99607843
0.99607843
0.99607843
0.90980393
0.61568630
0.91764706
1.00000000
0.98431373
0.95294118
0.82745099
0.83137256
0.94901961
0.95686275
0.98431373
0.97647059
0.99215686
0.99607843
0.99607843
0.99215686
0.99607843
0.99607843
0.99607843
1.00000000
1.00000000
1.00000000
1.00000000
0.98039216
0.98039216
0.92941177
0.81568629
0.95686275
0.99607843
0.98431373
0.98823529
0.99607843
0.93333334
0.66274512
0.92549020
0.99607843
0.99215686
1.00000000
0.78039217
0.78823531
1.00000000
0.98823529
0.97254902
0.96470588
0.98823529
0.99607843
0.99607843
0.98431373
0.97254902
0.99215686
0.99607843
1.00000000
1.00000000
1.00000000
1.00000000
0.96470588
0.79607844
0.64313728
0.40784314
0.65490198
0.89019608
0.97647059
0.99215686
0.99215686
0.96078432
0.71764708
0.93725491
0.98431373
0.98823529
1.00000000
0.83921570
0.85098040
0.99607843
0.97647059
0.70588237
0.86274511
1.00000000
0.99215686
0.99607843
0.97254902
0.95294118
0.99607843
0.99607843
1.00000000
1.00000000
1.00000000
1.00000000
0.96078432
0.54117650
0.38823530
0.34117648
0.38039216
0.51764709
0.71372551
0.87450981
0.92549020
0.89803922
0.67843139
0.89411765
0.86274511
0.94509804
1.00000000
0.87843138
0.87843138
0.98431373
0.91372550
0.50588238
0.77647060
1.00000000
0.99215686
0.99607843
0.94901961
0.89411765
0.98039216
1.00000000
1.00000000
1.00000000
1.00000000
1.00000000
0.98431373
0.54901963
0.34509805
0.37254903
0.35294119
0.32941177
0.38823530
0.52941179
0.60784316
0.65098041
0.58039218
0.79607844
0.60784316
0.79607844
0.97647059
0.87843138
0.72941178
0.76470590
0.75294119
0.50588238
0.61176473
0.90196079
0.94117647
0.98823529
0.90980393
0.78823531
0.97254902
0.99607843
0.99607843
0.99607843
1.00000000
1.00000000
0.98039216
0.54901963
0.32549021
0.36862746
0.35686275
0.34901962
0.34901962
0.36078432
0.38039216
0.42352942
0.45098040
0.61176473
0.60784316
0.67450982
0.78823531
0.82352942
0.52941179
0.54901963
0.60784316
0.38039216
0.42352942
0.58039218
0.70196080
0.96470588
0.91372550
0.81568629
1.00000000
0.99215686
0.99607843
0.99607843
1.00000000
1.00000000
1.00000000
0.66666669
0.31764707
0.36078432
0.35686275
0.33725491
0.34509805
0.35294119
0.37254903
0.38039216
0.38431373
0.42352942
0.46666667
0.45098040
0.58431375
0.69411767
0.51764709
0.53333336
0.63921571
0.50196081
0.42352942
0.42352942
0.68235296
0.97254902
0.93333334
0.87450981
1.00000000
0.99607843
0.99607843
0.99607843
1.00000000
1.00000000
1.00000000
0.74509805
0.31764707
0.34509805
0.33333334
0.32549021
0.32549021
0.33333334
0.34901962
0.36862746
0.36862746
0.37647060
0.38431373
0.38823530
0.41960785
0.48235294
0.48235294
0.50980395
0.60000002
0.64705884
0.40784314
0.40000001
0.60784316
0.75686276
0.78039217
0.83921570
0.98823529
0.93333334
0.96862745
0.99215686
0.99215686
1.00000000
1.00000000
0.78823531
0.32549021
0.33333334
0.32156864
0.31764707
0.31764707
0.32156864
0.33333334
0.34509805
0.36078432
0.36470589
0.38431373
0.38823530
0.39607844
0.40392157
0.40000001
0.42745098
0.45490196
0.49803922
0.42352942
0.38431373
0.42745098
0.45882353
0.53333336
0.69019610
0.89803922
0.80392158
0.85098040
0.91764706
0.98039216
1.00000000
1.00000000
0.84313726
0.34509805
0.31372550
0.31372550
0.30980393
0.30980393
0.30980393
0.31372550
0.32549021
0.34509805
0.35686275
0.37254903
0.38039216
0.39215687
0.39215687
0.38431373
0.38823530
0.39607844
0.40784314
0.40784314
0.40392157
0.40784314
0.41176471
0.45882353
0.50588238
0.63529414
0.61960787
0.59215689
0.63529414
0.89803922
1.00000000
1.00000000
0.89019608
0.36862746
0.29803923
0.29411766
0.27450982
0.27843139
0.30196080
0.31764707
0.34509805
0.36078432
0.36862746
0.38431373
0.38431373
0.39215687
0.40000001
0.39215687
0.40784314
0.40000001
0.40000001
0.40000001
0.40784314
0.41176471
0.42745098
0.43921569
0.42745098
0.45098040
0.46274510
0.43921569
0.46666667
0.83921570
1.00000000
1.00000000
0.92156863
0.44313726
0.34117648
0.29411766
0.32941177
0.30588236
0.26274511
0.27843139
0.30196080
0.30980393
0.33725491
0.36470589
0.38823530
0.40784314
0.40784314
0.40000001
0.39607844
0.37647060
0.38039216
0.39215687
0.40000001
0.40000001
0.41568628
0.42745098
0.42745098
0.44313726
0.44705883
0.42745098
0.50588238
0.90196079
1.00000000
0.99215686
0.96078432
0.59607846
0.43137255
0.51764709
0.76470590
0.67450982
0.52156866
0.47843137
0.39607844
0.40784314
0.37254903
0.34117648
0.34117648
0.34117648
0.34117648
0.34901962
0.35294119
0.35294119
0.36078432
0.35686275
0.36078432
0.37254903
0.38039216
0.39215687
0.39215687
0.38823530
0.38039216
0.34509805
0.56078434
0.95294118
1.00000000
0.99215686
0.95294118
0.58823532
0.48627451
0.59215689
0.76078433
0.76470590
0.74117649
0.71372551
0.66274512
0.69803923
0.61568630
0.52156866
0.47058824
0.44313726
0.45490196
0.50980395
0.55294120
0.56470591
0.55294120
0.57254905
0.57647061
0.53333336
0.49019608
0.44313726
0.43137255
0.44705883
0.47058824
0.44705883
0.63137257
0.93725491
1.00000000
0.99607843
0.92941177
0.65098041
0.60392159
0.63529414
0.69019610
0.69803923
0.71372551
0.73725492
0.76862746
0.76862746
0.76862746
0.75686276
0.76862746
0.77647060
0.77647060
0.80000001
0.81960785
0.81176472
0.78039217
0.77647060
0.78823531
0.76470590
0.73725492
0.69411767
0.69803923
0.77254903
0.80784315
0.80000001
0.81568629
0.95686275
1.00000000
0.99607843
0.92941177
0.76078433
0.70588237
0.71764708
0.73333335
0.72941178
0.74509805
0.76862746
0.75686276
0.72156864
0.78039217
0.73725492
0.73333335
0.76862746
0.74901962
0.72549021
0.74117649
0.78039217
0.80000001
0.79215688
0.80000001
0.83921570
0.87450981
0.88235295
0.92156863
0.97254902
0.96470588
0.97254902
0.97254902
0.99607843
1.00000000
0.99607843
0.93333334
0.77647060
0.75294119
0.74901962
0.77647060
0.76078433
0.74509805
0.75686276
0.70196080
0.67843139
0.77647060
0.73333335
0.74117649
0.72941178
0.67450982
0.67450982
0.69803923
0.69803923
0.73725492
0.81568629
0.86666667
0.89803922
0.93333334
0.92941177
0.93725491
0.98823529
0.98431373
0.98039216
0.98823529
0.99607843
1.00000000
0.99215686
0.92156863
0.79607844
0.77254903
0.79215688
0.84313726
0.81568629
0.80784315
0.82745099
0.78431374
0.78039217
0.87058824
0.84313726
0.84313726
0.82745099
0.81960785
0.83529413
0.84313726
0.82352942
0.77647060
0.81568629
0.87058824
0.91764706
0.94509804
0.93333334
0.93725491
0.99607843
0.98431373
0.96470588
0.97254902
0.99607843
1.00000000
0.99215686
0.84313726
0.63529414
0.65490198
0.70196080
0.77254903
0.78039217
0.78431374
0.80000001
0.76862746
0.78039217
0.88627452
0.90196079
0.90196079
0.90588236
0.91372550
0.91372550
0.91764706
0.89803922
0.89411765
0.93333334
0.96470588
0.98431373
0.98823529
0.98039216
0.98431373
0.99607843
0.99215686
0.98823529
0.99607843
1.00000000
0.99607843
0.98039216
0.82352942
0.65098041
0.71372551
0.74117649
0.79607844
0.81960785
0.83921570
0.85098040
0.83529413
0.82745099
0.88627452
0.89019608
0.89019608
0.89019608
0.88235295
0.90588236
0.93725491
0.91764706
0.90588236
0.91372550
0.94509804
0.96078432
0.97254902
0.95686275
0.96470588
0.98431373
0.98039216
0.98039216
0.98039216
0.98431373
1.00000000
0.98431373
0.98431373
0.98823529
0.98823529
0.98823529
0.98823529
0.98823529
0.98823529
0.98823529
0.98823529
0.98823529
0.98823529
0.98823529
0.98823529
0.98823529
0.98823529
0.98039216
0.98431373
0.98431373
0.98823529
0.98823529
0.98823529
0.98823529
0.98823529
0.98431373
0.98431373
0.98431373
0.98431373
0.98431373
0.97254902
0.95686275
1.00000000
0.99607843
1.00000000
1.00000000
1.00000000
1.00000000
1.00000000
1.00000000
1.00000000
1.00000000
1.00000000
1.00000000
1.00000000
0.99215686
0.99215686
1.00000000
1.00000000
1.00000000
1.00000000
1.00000000
1.00000000
1.00000000
1.00000000
1.00000000
1.00000000
1.00000000
1.00000000
1.00000000
1.00000000
0.99607843
0.98823529
0.96078432
0.98431373
0.98431373
0.99607843
0.99607843
1.00000000
1.00000000
1.00000000
1.00000000
1.00000000
1.00000000
1.00000000
1.00000000
0.99215686
0.98039216
0.98823529
0.99607843
1.00000000
1.00000000
0.99607843
0.99607843
1.00000000
1.00000000
1.00000000
1.00000000
1.00000000
0.99607843
0.99607843
0.99607843
0.99607843
0.98431373
0.96470588
0.94509804
1.00000000
0.99215686
1.00000000
1.00000000
1.00000000
1.00000000
1.00000000
1.00000000
1.00000000
1.00000000
1.00000000
1.00000000
0.99215686
0.99215686
0.99607843
0.99607843
1.00000000
1.00000000
0.99607843
0.99215686
1.00000000
1.00000000
1.00000000
1.00000000
1.00000000
1.00000000
1.00000000
0.99607843
0.99607843
0.97647059
0.94901961
0.94901961
1.00000000
0.99607843
0.99607843
1.00000000
1.00000000
1.00000000
1.00000000
1.00000000
1.00000000
1.00000000
1.00000000
1.00000000
0.98823529
0.99607843
0.99607843
0.99607843
1.00000000
1.00000000
1.00000000
0.99607843
1.00000000
1.00000000
1.00000000
1.00000000
1.00000000
1.00000000
1.00000000
0.99607843
0.99607843
0.98431373
0.95294118
0.94901961
1.00000000
0.99607843
0.99215686
0.99607843
1.00000000
1.00000000
1.00000000
1.00000000
1.00000000
1.00000000
1.00000000
0.99607843
0.99215686
0.99607843
0.99607843
0.99607843
1.00000000
1.00000000
0.99607843
0.99215686
0.99607843
1.00000000
1.00000000
1.00000000
1.00000000
1.00000000
0.99607843
0.99607843
0.99607843
0.98039216
0.95294118
0.93333334
1.00000000
0.99607843
0.99607843
0.99607843
0.99607843
1.00000000
1.00000000
1.00000000
1.00000000
1.00000000
0.99607843
0.99215686
0.99607843
0.99215686
0.99607843
0.99607843
0.99607843
0.99607843
0.99607843
0.98431373
0.98823529
0.99607843
0.99607843
0.99607843
0.99607843
0.99607843
0.99607843
0.99607843
0.98039216
0.97254902
0.95294118
0.93725491
1.00000000
0.99607843
0.99607843
0.99607843
0.99607843
1.00000000
1.00000000
1.00000000
0.99607843
0.99607843
0.99607843
0.98039216
0.98039216
0.99215686
0.98823529
0.96470588
0.96862745
0.99607843
0.99607843
0.98431373
0.99215686
0.99607843
0.99607843
0.99607843
0.99607843
0.99607843
0.99607843
0.98823529
0.96078432
0.95686275
0.95686275
0.93725491
1.00000000
0.99607843
0.99607843
0.99607843
0.99607843
0.99607843
1.00000000
0.99607843
0.99215686
0.98823529
0.98823529
0.85882354
0.89411765
1.00000000
0.97254902
0.89019608
0.90588236
0.98823529
0.99215686
0.98431373
0.99607843
0.99607843
0.99607843
0.99607843
0.99607843
0.99607843
0.99607843
0.99607843
0.98039216
0.96078432
0.96862745
0.95294118
1.00000000
0.98823529
0.97254902
0.98823529
0.99607843
0.99607843
0.99607843
0.99607843
0.99607843
0.99607843
0.96862745
0.72549021
0.87058824
1.00000000
0.98431373
0.94117647
0.87843138
0.93725491
0.98039216
0.94901961
0.96862745
0.99607843
0.99607843
0.99607843
0.99607843
0.99607843
0.99607843
0.99607843
0.99607843
0.99215686
0.99215686
0.98431373
1.00000000
0.98039216
0.96078432
0.98431373
0.99607843
0.99607843
0.99607843
0.99607843
0.99607843
1.00000000
0.85490197
0.52156866
0.83529413
1.00000000
0.98431373
0.96862745
0.90196079
0.90980393
0.97647059
0.95686275
0.96862745
1.00000000
0.99607843
0.99607843
0.99607843
0.99607843
0.99607843
0.99607843
0.99607843
0.99607843
0.99607843
0.99607843
1.00000000
0.99215686
0.98823529
0.99215686
0.99215686
0.99607843
0.99607843
0.99607843
0.99607843
1.00000000
0.80784315
0.43921569
0.84705883
1.00000000
0.97647059
0.93333334
0.87058824
0.88627452
0.92549020
0.93725491
0.97254902
0.99607843
0.99607843
0.99607843
0.99607843
0.99607843
0.99607843
0.99607843
0.99607843
0.99607843
0.99607843
0.99607843
1.00000000
0.98823529
0.98039216
0.98823529
0.98823529
0.99215686
0.98823529
0.99607843
0.99607843
0.99607843
0.90980393
0.61568630
0.91764706
1.00000000
0.98431373
0.95294118
0.82745099
0.83137256
0.94901961
0.95686275
0.98431373
0.97647059
0.99215686
0.99607843
0.99607843
0.99215686
0.99607843
0.99607843
0.99607843
1.00000000
1.00000000
1.00000000
1.00000000
0.98039216
0.98039216
0.92941177
0.81568629
0.95686275
0.99607843
0.98431373
0.98823529
0.99607843
0.93333334
0.66274512
0.92549020
0.99607843
0.99215686
1.00000000
0.78039217
0.78823531
1.00000000
0.98823529
0.97254902
0.96470588
0.98823529
0.99607843
0.99607843
0.98431373
0.97254902
0.99215686
0.99607843
1.00000000
1.00000000
1.00000000
1.00000000
0.96470588
0.79607844
0.64313728
0.40784314
0.65490198
0.89019608
0.97647059
0.99215686
0.99215686
0.96078432
0.71764708
0.93725491
0.98431373
0.98823529
1.00000000
0.83921570
0.85098040
0.99607843
0.97647059
0.70588237
0.86274511
1.00000000
0.99215686
0.99607843
0.97254902
0.95294118
0.99607843
0.99607843
1.00000000
1.00000000
1.00000000
1.00000000
0.96078432
0.54117650
0.38823530
0.34117648
0.38039216
0.51764709
0.71372551
0.87450981
0.92549020
0.89803922
0.67843139
0.89411765
0.86274511
0.94509804
1.00000000
0.87843138
0.87843138
0.98431373
0.91372550
0.50588238
0.77647060
1.00000000
0.99215686
0.99607843
0.94901961
0.89411765
0.98039216
1.00000000
1.00000000
1.00000000
1.00000000
1.00000000
0.98431373
0.54901963
0.34509805
0.37254903
0.35294119
0.32941177
0.38823530
0.52941179
0.60784316
0.65098041
0.58039218
0.79607844
0.60784316
0.79607844
0.97647059
0.87843138
0.72941178
0.76470590
0.75294119
0.50588238
0.61176473
0.90196079
0.94117647
0.98823529
0.90980393
0.78823531
0.97254902
0.99607843
0.99607843
0.99607843
1.00000000
1.00000000
0.98039216
0.54901963
0.32549021
0.36862746
0.35686275
0.34901962
0.34901962
0.36078432
0.38039216
0.42352942
0.45098040
0.61176473
0.60784316
0.67450982
0.78823531
0.82352942
0.52941179
0.54901963
0.60784316
0.38039216
0.42352942
0.58039218
0.70196080
0.96470588
0.91372550
0.81568629
1.00000000
0.99215686
0.99607843
0.99607843
1.00000000
1.00000000
1.00000000
0.66666669
0.31764707
0.36078432
0.35686275
0.33725491
0.34509805
0.35294119
0.37254903
0.38039216
0.38431373
0.42352942
0.46666667
0.45098040
0.58431375
0.69411767
0.51764709
0.53333336
0.63921571
0.50196081
0.42352942
0.42352942
0.68235296
0.97254902
0.93333334
0.87450981
1.00000000
0.99607843
0.99607843
0.99607843
1.00000000
1.00000000
1.00000000
0.74509805
0.31764707
0.34509805
0.33333334
0.32549021
0.32549021
0.33333334
0.34901962
0.36862746
0.36862746
0.37647060
0.38431373
0.38823530
0.41960785
0.48235294
0.48235294
0.50980395
0.60000002
0.64705884
0.40784314
0.40000001
0.60784316
0.75686276
0.78039217
0.83921570
0.98823529
0.93333334
0.96862745
0.99215686
0.99215686
1.00000000
1.00000000
0.78823531
0.32549021
0.33333334
0.32156864
0.31764707
0.31764707
0.32156864
0.33333334
0.34509805
0.36078432
0.36470589
0.38431373
0.38823530
0.39607844
0.40392157
0.40000001
0.42745098
0.45490196
0.49803922
0.42352942
0.38431373
0.42745098
0.45882353
0.53333336
0.69019610
0.89803922
0.80392158
0.85098040
0.91764706
0.98039216
1.00000000
1.00000000
0.84313726
0.34509805
0.31372550
0.31372550
0.30980393
0.30980393
0.30980393
0.31372550
0.32549021
0.34509805
0.35686275
0.37254903
0.38039216
0.39215687
0.39215687
0.38431373
0.38823530
0.39607844
0.40784314
0.40784314
0.40392157
0.40784314
0.41176471
0.45882353
0.50588238
0.63529414
0.61960787
0.59215689
0.63529414
0.89803922
1.00000000
1.00000000
0.89019608
0.36862746
0.29803923
0.29411766
0.27450982
0.27843139
0.30196080
0.31764707
0.34509805
0.36078432
0.36862746
0.38431373
0.38431373
0.39215687
0.40000001
0.39215687
0.40784314
0.40000001
0.40000001
0.40000001
0.40784314
0.41176471
0.42745098
0.43921569
0.42745098
0.45098040
0.46274510
0.43921569
0.46666667
0.83921570
1.00000000
1.00000000
0.92156863
0.44313726
0.34117648
0.29411766
0.32941177
0.30588236
0.26274511
0.27843139
0.30196080
0.30980393
0.33725491
0.36470589
0.38823530
0.40784314
0.40784314
0.40000001
0.39607844
0.37647060
0.38039216
0.39215687
0.40000001
0.40000001
0.41568628
0.42745098
0.42745098
0.44313726
0.44705883
0.42745098
0.50588238
0.90196079
1.00000000
0.99215686
0.96078432
0.59607846
0.43137255
0.51764709
0.76470590
0.67450982
0.52156866
0.47843137
0.39607844
0.40784314
0.37254903
0.34117648
0.34117648
0.34117648
0.34117648
0.34901962
0.35294119
0.35294119
0.36078432
0.35686275
0.36078432
0.37254903
0.38039216
0.39215687
0.39215687
0.38823530
0.38039216
0.34509805
0.56078434
0.95294118
1.00000000
0.99215686
0.95294118
0.58823532
0.48627451
0.59215689
0.76078433
0.76470590
0.74117649
0.71372551
0.66274512
0.69803923
0.61568630
0.52156866
0.47058824
0.44313726
0.45490196
0.50980395
0.55294120
0.56470591
0.55294120
0.57254905
0.57647061
0.53333336
0.49019608
0.44313726
0.43137255
0.44705883
0.47058824
0.44705883
0.63137257
0.93725491
1.00000000
0.99607843
0.92941177
0.65098041
0.60392159
0.63529414
0.69019610
0.69803923
0.71372551
0.73725492
0.76862746
0.76862746
0.76862746
0.75686276
0.76862746
0.77647060
0.77647060
0.80000001
0.81960785
0.81176472
0.78039217
0.77647060
0.78823531
0.76470590
0.73725492
0.69411767
0.69803923
0.77254903
0.80784315
0.80000001
0.81568629
0.95686275
1.00000000
0.99607843
0.92941177
0.76078433
0.70588237
0.71764708
0.73333335
0.72941178
0.74509805
0.76862746
0.75686276
0.72156864
0.78039217
0.73725492
0.73333335
0.76862746
0.74901962
0.72549021
0.74117649
0.78039217
0.80000001
0.79215688
0.80000001
0.83921570
0.87450981
0.88235295
0.92156863
0.97254902
0.96470588
0.97254902
0.97254902
0.99607843
1.00000000
0.99607843
0.93333334
0.77647060
0.75294119
0.74901962
0.77647060
0.76078433
0.74509805
0.75686276
0.70196080
0.67843139
0.77647060
0.73333335
0.74117649
0.72941178
0.67450982
0.67450982
0.69803923
0.69803923
0.73725492
0.81568629
0.86666667
0.89803922
0.93333334
0.92941177
0.93725491
0.98823529
0.98431373
0.98039216
0.98823529
0.99607843
1.00000000
0.99215686
0.92156863
0.79607844
0.77254903
0.79215688
0.84313726
0.81568629
0.80784315
0.82745099
0.78431374
0.78039217
0.87058824
0.84313726
0.84313726
0.82745099
0.81960785
0.83529413
0.84313726
0.82352942
0.77647060
0.81568629
0.87058824
0.91764706
0.94509804
0.93333334
0.93725491
0.99607843
0.98431373
0.96470588
0.97254902
0.99607843
1.00000000
0.99215686
0.84313726
0.63529414
0.65490198
0.70196080
0.77254903
0.78039217
0.78431374
0.80000001
0.76862746
0.78039217
0.88627452
0.90196079
0.90196079
0.90588236
0.91372550
0.91372550
0.91764706
0.89803922
0.89411765
0.93333334
0.96470588
0.98431373
0.98823529
0.98039216
0.98431373
0.99607843
0.99215686
0.98823529
0.99607843
1.00000000
0.99607843
0.98039216
0.82352942
0.65098041
0.71372551
0.74117649
0.79607844
0.81960785
0.83921570
0.85098040
0.83529413
0.82745099
0.88627452
0.89019608
0.89019608
0.89019608
0.88235295
0.90588236
0.93725491
0.91764706
0.90588236
0.91372550
0.94509804
0.96078432
0.97254902
0.95686275
0.96470588
0.98431373
0.98039216
0.98039216
0.98039216
0.98431373
1 0 0 0 0 0 0 0 -1 0 0
0 1 0 0 0 0 0 0 -1 0 0
0 0 1 0 0 0 0 0 -1 0 0
0 0 0 1 0 0 0 0 -1 0 0
0 0 0 0 1 0 0 0 -1 0 0
0 0 0 0 0 1 0 0 -1 0 0
0 0 0 0 0 0 1 0 -1 0 0
0 0 0 0 0 0 0 1 -1 0 0
0 0 0 0 0 0 0 0 -1 1 0
