0.0016
0.0004
0.0033
0.0029
0.0013
0.0041
0.0027
0.0043
0.0012
0.0072
0.0006
0.0057
0.0014
0.0014
0.0023
0.0007
0.0059
0.0028
0.0016
0.002
0.005
0.0004
0.0028
0.0023
0.0065
0.0016
0.0051
0.0051
0.003
0.0016
0.0046
0.0033
0.0041
0.0003
0.0083
0.0027
0.0011
0.0007
0.0041
0.0064
0.0003
0.0055
0.0015
0.0034
0.0008
0.0062
0.0034
0.0032
0.0027
0.0028
0.0
0.004
0.004
0.0018
0.0028
0.0031
0.0008
0.0032
0.0041
0.0019
0.0012
0.0042
0.0012
0.0054
0.0027
0.0019
0.0011
0.0034
0.0004
0.0058
0.0037
0.0046
0.0076
0.0024
0.0013
0.0021
0.0009
0.0024
0.0015
0.0051
0.0013
0.0069
0.0017
0.0012
0.0043
0.0046
0.0035
0.0022
0.0055
0.0003
0.0043
0.0032
0.0039
0.0013
0.0059
0.0031
0.003
0.0031
0.0042
0.0019