MNIST 10X80 鲁棒半径

Property_id		LP-ALL		AbstraCMP	DeepPoly
------------------------------------------------
15				0.030(8)    0.028       0.025
18              0.020       0.018       0.017
20              0.017(0)    0.015       0.014
23		        0.027		0.025		0.023
25              0.044       0.038       0.035
28              0.036       0.033       0.030
30		        0.035		0.032		0.030

79              0.029       0.026       0.023
93              0.033       0.030       0.028
97              0.018       0.016       0.013

Property 20: LP-ALL time: 147595.00812721252 s