1.00000000
0.98823529
0.98431373
0.97647059
0.97647059
0.98431373
0.98823529
0.98431373
0.98039216
0.98039216
0.98823529
0.98431373
0.98823529
0.99215686
0.99215686
0.99215686
0.99215686
0.99215686
0.98823529
0.98823529
0.99215686
0.99215686
0.99215686
0.99215686
0.98823529
0.98823529
0.82745099
0.75294119
0.97254902
0.99607843
0.99215686
0.99607843
0.98431373
0.97254902
0.82352942
0.90196079
0.98039216
0.96470588
0.77647060
0.74509805
0.96470588
0.98039216
0.96862745
0.98431373
0.98039216
0.97254902
0.98039216
0.98431373
0.97647059
0.97647059
0.98039216
0.98039216
0.97647059
0.97647059
0.97647059
0.98039216
0.98039216
0.98431373
0.70588237
0.56862748
0.94901961
0.98431373
0.98431373
0.98823529
0.98039216
0.97254902
0.74509805
0.85098040
0.98823529
0.85098040
0.62352943
0.63529414
0.90588236
0.95294118
0.96470588
0.92941177
0.95294118
0.96862745
0.97254902
0.98431373
0.97647059
0.98039216
0.95686275
0.95686275
0.97647059
0.96862745
0.97254902
0.96862745
0.96862745
0.98431373
0.77647060
0.61960787
0.90196079
0.98823529
0.98431373
0.98823529
0.97254902
0.97647059
0.75686276
0.78431374
0.87450981
0.60784316
0.54901963
0.62745100
0.70980394
0.74901962
0.95686275
0.70196080
0.84313726
0.99607843
0.97647059
0.98431373
0.94509804
0.96862745
0.81960785
0.79215688
1.00000000
0.97254902
0.99607843
0.89411765
0.81568629
0.94901961
0.68627453
0.53725493
0.70196080
0.96078432
0.96470588
0.97647059
0.97647059
0.97254902
0.74117649
0.51764709
0.56862748
0.60000002
0.53333336
0.49411765
0.56078434
0.58431375
0.90196079
0.69803923
0.82745099
0.97647059
0.94901961
0.95686275
0.78431374
0.83921570
0.79215688
0.75294119
0.98823529
0.96470588
0.96862745
0.84705883
0.77647060
0.85098040
0.51764709
0.59607846
0.59607846
0.79215688
0.90980393
0.96470588
0.76862746
0.66666669
0.64705884
0.45098040
0.57254905
0.67450982
0.61176473
0.52156866
0.52156866
0.55294120
0.64705884
0.61176473
0.63137257
0.65098041
0.63529414
0.63921571
0.53725493
0.57647061
0.62745100
0.58431375
0.64705884
0.65098041
0.67058825
0.62745100
0.58431375
0.60000002
0.57254905
0.68235296
0.66274512
0.61960787
0.70196080
0.94509804
0.48235294
0.40392157
0.55294120
0.60784316
0.65882355
0.65882355
0.65490198
0.58823532
0.47450981
0.49019608
0.49411765
0.49019608
0.52156866
0.56078434
0.54901963
0.54901963
0.58431375
0.60784316
0.62352943
0.53725493
0.52941179
0.50196081
0.56862748
0.64705884
0.45882353
0.49019608
0.61176473
0.62352943
0.65098041
0.63137257
0.58431375
0.92156863
0.36078432
0.29019609
0.52156866
0.63921571
0.61568630
0.61960787
0.63137257
0.61568630
0.56470591
0.60784316
0.65098041
0.65490198
0.67450982
0.78039217
0.81176472
0.79607844
0.80784315
0.81176472
0.79215688
0.78039217
0.77254903
0.76862746
0.74901962
0.76470590
0.53725493
0.54117650
0.58431375
0.52549022
0.58039218
0.62352943
0.58823532
0.89803922
0.27058825
0.14117648
0.40392157
0.64313728
0.64705884
0.66666669
0.69803923
0.73333335
0.72156864
0.71764708
0.70588237
0.71764708
0.69411767
0.78823531
0.83529413
0.86274511
0.87843138
0.87843138
0.87843138
0.86666667
0.87058824
0.88627452
0.86666667
0.80784315
0.61176473
0.59607846
0.60392159
0.54509807
0.59215689
0.63921571
0.60000002
0.76078433
0.15686275
0.11372549
0.21568628
0.52156866
0.70980394
0.73333335
0.70196080
0.67843139
0.66274512
0.65490198
0.63921571
0.65490198
0.65098041
0.77254903
0.77647060
0.67450982
0.65490198
0.63137257
0.69019610
0.73333335
0.65882355
0.63921571
0.62745100
0.70196080
0.54901963
0.55294120
0.60392159
0.57647061
0.60000002
0.62352943
0.60000002
0.53725493
0.12941177
0.10980392
0.31372550
0.52941179
0.66666669
0.69411767
0.65098041
0.63529414
0.70196080
0.67843139
0.63529414
0.63921571
0.63137257
0.77254903
0.50196081
0.26666668
0.31764707
0.28627452
0.51764709
0.68235296
0.43137255
0.38823530
0.38039216
0.62352943
0.64705884
0.66274512
0.70196080
0.63529414
0.65098041
0.67450982
0.64313728
0.52941179
0.12941177
0.14117648
0.49803922
0.58823532
0.63529414
0.68627453
0.65490198
0.62352943
0.59607846
0.58431375
0.63529414
0.65098041
0.65098041
0.68235296
0.25882354
0.47450981
0.60392159
0.52941179
0.62352943
0.76862746
0.66666669
0.68235296
0.67058825
0.68627453
0.67450982
0.69019610
0.69411767
0.65098041
0.63921571
0.63921571
0.62745100
0.44705883
0.10980392
0.20784314
0.51372552
0.55686277
0.63921571
0.68235296
0.65490198
0.54509807
0.46666667
0.46666667
0.60784316
0.65098041
0.66274512
0.48627451
0.22352941
0.56470591
0.36470589
0.18431373
0.47058824
0.58431375
0.47450981
0.47450981
0.47058824
0.45882353
0.43921569
0.46666667
0.54117650
0.58823532
0.65490198
0.54509807
0.56862748
0.46274510
0.10196079
0.29019609
0.49411765
0.57254905
0.66274512
0.67450982
0.65098041
0.54117650
0.50588238
0.54509807
0.62745100
0.64705884
0.66666669
0.42352942
0.23921569
0.51372552
0.23529412
0.12549020
0.47450981
0.61176473
0.48235294
0.40392157
0.36078432
0.32941177
0.35294119
0.43921569
0.61960787
0.69803923
0.67058825
0.39215687
0.47450981
0.49803922
0.13333334
0.41960785
0.50196081
0.57647061
0.65490198
0.67058825
0.65098041
0.65882355
0.71372551
0.70980394
0.67450982
0.63137257
0.65882355
0.51764709
0.26666668
0.51372552
0.19215687
0.11764706
0.45098040
0.56078434
0.41960785
0.24705882
0.22745098
0.20000000
0.20784314
0.30980393
0.58039218
0.65490198
0.61568630
0.37647060
0.44313726
0.40392157
0.14117648
0.49803922
0.59215689
0.54509807
0.65490198
0.65490198
0.64313728
0.70196080
0.74901962
0.72941178
0.67450982
0.60784316
0.64313728
0.36078432
0.24705882
0.52549022
0.18431373
0.10196079
0.34901962
0.47843137
0.33725491
0.18039216
0.17254902
0.17647059
0.18039216
0.25882354
0.50588238
0.50196081
0.50196081
0.38823530
0.45882353
0.32156864
0.14901961
0.54117650
0.65098041
0.54509807
0.64705884
0.64705884
0.64705884
0.70588237
0.73333335
0.74117649
0.67450982
0.61568630
0.63921571
0.32156864
0.22352941
0.53725493
0.25490198
0.14509805
0.36862746
0.43137255
0.29019609
0.23529412
0.26274511
0.29803923
0.25882354
0.30588236
0.40392157
0.40000001
0.40392157
0.34117648
0.48627451
0.33333334
0.30980393
0.56470591
0.63529414
0.55686277
0.64313728
0.66274512
0.64705884
0.68235296
0.74117649
0.72941178
0.66274512
0.61176473
0.63529414
0.34901962
0.23137255
0.57254905
0.52156866
0.40392157
0.45098040
0.33333334
0.16862746
0.19607843
0.21960784
0.20784314
0.18431373
0.20392157
0.20392157
0.21568628
0.25098041
0.39607844
0.50196081
0.38823530
0.41568628
0.61960787
0.65490198
0.56078434
0.61568630
0.63921571
0.62352943
0.58823532
0.60784316
0.62745100
0.62352943
0.63529414
0.64705884
0.40392157
0.31764707
0.64313728
0.63137257
0.50980395
0.50196081
0.58431375
0.47843137
0.49019608
0.52156866
0.50588238
0.48235294
0.49803922
0.58039218
0.65098041
0.67450982
0.56470591
0.36862746
0.33333334
0.45490196
0.67843139
0.72941178
0.58039218
0.58823532
0.59215689
0.57254905
0.57647061
0.57254905
0.57647061
0.58431375
0.59215689
0.60784316
0.47450981
0.45882353
0.73725492
0.78039217
0.70980394
0.63137257
0.76078433
0.79215688
0.75294119
0.76470590
0.66666669
0.52156866
0.50980395
0.57254905
0.59607846
0.59607846
0.52941179
0.46666667
0.44705883
0.50588238
0.65098041
0.61176473
0.51372552
0.45490196
0.49803922
0.53725493
0.55686277
0.57254905
0.58431375
0.59607846
0.60000002
0.60392159
0.50196081
0.38823530
0.49411765
0.61960787
0.63529414
0.67058825
0.70196080
0.44705883
0.32941177
0.28235295
0.21176471
0.15686275
0.14901961
0.14509805
0.20000000
0.26666668
0.40392157
0.58823532
0.60392159
0.50196081
0.63921571
0.58823532
0.41960785
0.17254902
0.19215687
0.20784314
0.21568628
0.25882354
0.32156864
0.39215687
0.48627451
0.52549022
0.31372550
0.26274511
0.43529412
0.56470591
0.55294120
0.62745100
0.69803923
0.37254903
0.25882354
0.24705882
0.24313726
0.25882354
0.27058825
0.27843139
0.28235295
0.29803923
0.41960785
0.56470591
0.60392159
0.52156866
0.65098041
0.65882355
0.38823530
0.23137255
0.21176471
0.16470589
0.16862746
0.07843138
0.11372549
0.13333334
0.14509805
0.15686275
0.10588235
0.09411765
0.18039216
0.52941179
0.66274512
0.61176473
0.67058825
0.40000001
0.28235295
0.28627452
0.27843139
0.27058825
0.27058825
0.26666668
0.25098041
0.24313726
0.38431373
0.48235294
0.48235294
0.52941179
0.56078434
0.56470591
0.45098040
0.29411766
0.24313726
0.20784314
0.25882354
0.10588235
0.11372549
0.12156863
0.08627451
0.09411765
0.10196079
0.09411765
0.11764706
0.20000000
0.26274511
0.25882354
0.38039216
0.31372550
0.22352941
0.20392157
0.18039216
0.16862746
0.14901961
0.14901961
0.16862746
0.32941177
0.50588238
0.42745098
0.41176471
0.68235296
0.68235296
0.72156864
0.53333336
0.48235294
0.31764707
0.30588236
0.33333334
0.10588235
0.09803922
0.10196079
0.09019608
0.10588235
0.10588235
0.15294118
0.17647059
0.12549020
0.11764706
0.12549020
0.28627452
0.61568630
0.20784314
0.09411765
0.08627451
0.11764706
0.26274511
0.30196080
0.14901961
0.25490198
0.43529412
0.44705883
0.44313726
0.83529413
0.80392158
0.76862746
0.54901963
0.58431375
0.31372550
0.43529412
0.47843137
0.11372549
0.09411765
0.10588235
0.09803922
0.10980392
0.12941177
0.16862746
0.30588236
0.30588236
0.12941177
0.16078432
0.25882354
0.44313726
0.16470589
0.09411765
0.08235294
0.12549020
0.30980393
0.29803923
0.14509805
0.06274510
0.20784314
0.65098041
0.69411767
0.80000001
0.74901962
0.68235296
0.54901963
0.42352942
0.18431373
0.33333334
0.39607844
0.10196079
0.09803922
0.11372549
0.10588235
0.10588235
0.13333334
0.21960784
0.26666668
0.39607844
0.20784314
0.11372549
0.10588235
0.08627451
0.09411765
0.09019608
0.08627451
0.09411765
0.10196079
0.09019608
0.14901961
0.31764707
0.49803922
0.74117649
0.75294119
0.74901962
0.69411767
0.64705884
0.58431375
0.50588238
0.37647060
0.27450982
0.18431373
0.09019608
0.09019608
0.09411765
0.09019608
0.09803922
0.12549020
0.26666668
0.14117648
0.23137255
0.26274511
0.13333334
0.17254902
0.26274511
0.20784314
0.11372549
0.07843138
0.08627451
0.09803922
0.07843138
0.25882354
0.70588237
0.73725492
0.72549021
0.72549021
0.74117649
0.69803923
0.65490198
0.62352943
0.60784316
0.57647061
0.49803922
0.41176471
0.34901962
0.31372550
0.29019609
0.24705882
0.21176471
0.19215687
0.26666668
0.29803923
0.23137255
0.15686275
0.10980392
0.39215687
0.51372552
0.44705883
0.40784314
0.20000000
0.07843138
0.08235294
0.10588235
0.43137255
0.69411767
0.68235296
0.69803923
0.71372551
0.76470590
0.72549021
0.70588237
0.70196080
0.70588237
0.69019610
0.67058825
0.65882355
0.63529414
0.62352943
0.60000002
0.56470591
0.52549022
0.46274510
0.28235295
0.25098041
0.20784314
0.10196079
0.10588235
0.20000000
0.22745098
0.26666668
0.30980393
0.23137255
0.10196079
0.10588235
0.25098041
0.51764709
0.59607846
0.63529414
0.67450982
0.69803923
0.80000001
0.78431374
0.78431374
0.78431374
0.77647060
0.75686276
0.74117649
0.72549021
0.70588237
0.70588237
0.70980394
0.69411767
0.67450982
0.63529414
0.50588238
0.31764707
0.23137255
0.19215687
0.19215687
0.19607843
0.20392157
0.21568628
0.23137255
0.25490198
0.28235295
0.33725491
0.42745098
0.53333336
0.61568630
0.67058825
0.70588237
0.73333335
0.81176472
0.81568629
0.81568629
0.81568629
0.80000001
0.79215688
0.78823531
0.77254903
0.75294119
0.75686276
0.75294119
0.75294119
0.74509805
0.73333335
0.71372551
0.67843139
0.62745100
0.59607846
0.58431375
0.56862748
0.55294120
0.55686277
0.57254905
0.58431375
0.60784316
0.61960787
0.65098041
0.67843139
0.71764708
0.74901962
0.77254903
0.79607844
1.00000000
0.99215686
0.98823529
0.99215686
0.99215686
0.98823529
0.98431373
0.98039216
0.98431373
0.98431373
0.99215686
0.98823529
0.99215686
0.99215686
0.99607843
0.99607843
0.99607843
0.99215686
0.99215686
0.99215686
0.99607843
0.99607843
0.99607843
0.99607843
0.99607843
0.98823529
0.80392158
0.74117649
0.97647059
1.00000000
0.99607843
1.00000000
0.99215686
0.97647059
0.81568629
0.90196079
0.99215686
0.96862745
0.74901962
0.71372551
0.96078432
0.98039216
0.97647059
0.98039216
0.98431373
0.98431373
0.98823529
0.98431373
0.98431373
0.98431373
0.98431373
0.98431373
0.98431373
0.98823529
0.98431373
0.98431373
0.98823529
0.97254902
0.64313728
0.50980395
0.96078432
0.99215686
0.98823529
0.99215686
0.99215686
0.97647059
0.71764708
0.82745099
0.99607843
0.85098040
0.55294120
0.56470591
0.88627452
0.95294118
0.99215686
0.90588236
0.94509804
0.98431373
0.98823529
0.98039216
0.98431373
0.98823529
0.95686275
0.94901961
0.98823529
0.98823529
0.98431373
0.96862745
0.96862745
0.98823529
0.71372551
0.52941179
0.90196079
0.99607843
0.98823529
0.98823529
0.98823529
0.98039216
0.72549021
0.74901962
0.83921570
0.53333336
0.42745098
0.53333336
0.66274512
0.72156864
0.96470588
0.65098041
0.80392158
0.99215686
0.98823529
0.98823529
0.94509804
0.96862745
0.81176472
0.77254903
1.00000000
0.98039216
0.99215686
0.87843138
0.80392158
0.95686275
0.63137257
0.40784314
0.63137257
0.96078432
0.96862745
0.98039216
0.98823529
0.97254902
0.69411767
0.46274510
0.48235294
0.46274510
0.38431373
0.38431373
0.41960785
0.47450981
0.89803922
0.60784316
0.77254903
0.96470588
0.96078432
0.96470588
0.76078433
0.80784315
0.76078433
0.70980394
0.97254902
0.94509804
0.96078432
0.82352942
0.73333335
0.81960785
0.41960785
0.41176471
0.43529412
0.76470590
0.90980393
0.96470588
0.80392158
0.68627453
0.58431375
0.32941177
0.41568628
0.49019608
0.43137255
0.37647060
0.36862746
0.41960785
0.56862748
0.46274510
0.51372552
0.56862748
0.56470591
0.56470591
0.44705883
0.46666667
0.51372552
0.48235294
0.56078434
0.54509807
0.60000002
0.55294120
0.47450981
0.49019608
0.40784314
0.47843137
0.46274510
0.49019608
0.65490198
0.94509804
0.54901963
0.45882353
0.48235294
0.40784314
0.44313726
0.46274510
0.45098040
0.40392157
0.36862746
0.40392157
0.38431373
0.37647060
0.41568628
0.47058824
0.46274510
0.44705883
0.48627451
0.47843137
0.47843137
0.42745098
0.43529412
0.38431373
0.49803922
0.58823532
0.33725491
0.32941177
0.42352942
0.43529412
0.44705883
0.40000001
0.48627451
0.91372550
0.40784314
0.35294119
0.43529412
0.41960785
0.46666667
0.54117650
0.49411765
0.45490196
0.47450981
0.54117650
0.59215689
0.61568630
0.65882355
0.76862746
0.80000001
0.78039217
0.79215688
0.79215688
0.76470590
0.76078433
0.76078433
0.73725492
0.75294119
0.74901962
0.43137255
0.37647060
0.43137255
0.44313726
0.47058824
0.41568628
0.46274510
0.86666667
0.29019609
0.16862746
0.30980393
0.39215687
0.47058824
0.61176473
0.65098041
0.68627453
0.71764708
0.72156864
0.71764708
0.72549021
0.69803923
0.78823531
0.83529413
0.86274511
0.87843138
0.87843138
0.88235295
0.87058824
0.87058824
0.86666667
0.87843138
0.79607844
0.48235294
0.38823530
0.41960785
0.45882353
0.48235294
0.39607844
0.41176471
0.67450982
0.17254902
0.13725491
0.19607843
0.43921569
0.65882355
0.74117649
0.72156864
0.69803923
0.68627453
0.67450982
0.65882355
0.67058825
0.66274512
0.78039217
0.77647060
0.67450982
0.65490198
0.63137257
0.69019610
0.73333335
0.65098041
0.62352943
0.63921571
0.67450982
0.43137255
0.36470589
0.41176471
0.45098040
0.45882353
0.42745098
0.41568628
0.43529412
0.14901961
0.12156863
0.32156864
0.54901963
0.68627453
0.70588237
0.65882355
0.64705884
0.71764708
0.69411767
0.65098041
0.65882355
0.65490198
0.78823531
0.50588238
0.26274511
0.31764707
0.29019609
0.51764709
0.68235296
0.41960785
0.39215687
0.38823530
0.59607846
0.54901963
0.47058824
0.50588238
0.50196081
0.48235294
0.41960785
0.40000001
0.40000001
0.13333334
0.15686275
0.52549022
0.60392159
0.64705884
0.69803923
0.66666669
0.63529414
0.61176473
0.60000002
0.64705884
0.66274512
0.67450982
0.69803923
0.26274511
0.47058824
0.60392159
0.53333336
0.62745100
0.77254903
0.67843139
0.69803923
0.69019610
0.70196080
0.68627453
0.66666669
0.67450982
0.65882355
0.55294120
0.39215687
0.38039216
0.30980393
0.11372549
0.22352941
0.54509807
0.58039218
0.65098041
0.69411767
0.67058825
0.54509807
0.45882353
0.46666667
0.61176473
0.65490198
0.67058825
0.49019608
0.22352941
0.56862748
0.37254903
0.18431373
0.47058824
0.60784316
0.51764709
0.51372552
0.51372552
0.50196081
0.49803922
0.52156866
0.56470591
0.60392159
0.59607846
0.36470589
0.33333334
0.32549021
0.10588235
0.30588236
0.51764709
0.59215689
0.67450982
0.68627453
0.65882355
0.56470591
0.53333336
0.55294120
0.63137257
0.65882355
0.66666669
0.42352942
0.23921569
0.51372552
0.23921569
0.11372549
0.46274510
0.63529414
0.52941179
0.45098040
0.40784314
0.38039216
0.41568628
0.49019608
0.60784316
0.67058825
0.63529414
0.30588236
0.29019609
0.36470589
0.13725491
0.43921569
0.52941179
0.60000002
0.66666669
0.68627453
0.66666669
0.60000002
0.56862748
0.56078434
0.62745100
0.65882355
0.66666669
0.52156866
0.27058825
0.51372552
0.18823530
0.09803922
0.44313726
0.57254905
0.45882353
0.29411766
0.27450982
0.24313726
0.26666668
0.34901962
0.53725493
0.61176473
0.60000002
0.30196080
0.26666668
0.29411766
0.14509805
0.51764709
0.62352943
0.58431375
0.67058825
0.68235296
0.66274512
0.52941179
0.40784314
0.41176471
0.60000002
0.65098041
0.65490198
0.36862746
0.25490198
0.53725493
0.18823530
0.09803922
0.36470589
0.50588238
0.38039216
0.23137255
0.21176471
0.20392157
0.22352941
0.29019609
0.47058824
0.48235294
0.53725493
0.33333334
0.27843139
0.24313726
0.15294118
0.56078434
0.68235296
0.58823532
0.65882355
0.67450982
0.66666669
0.52549022
0.37647060
0.40000001
0.57647061
0.64313728
0.64705884
0.33333334
0.23137255
0.55294120
0.27450982
0.13333334
0.36470589
0.46666667
0.34509805
0.28627452
0.30588236
0.32941177
0.30588236
0.35686275
0.41960785
0.41568628
0.45882353
0.29803923
0.27058825
0.22352941
0.31764707
0.58431375
0.67843139
0.59215689
0.65098041
0.67843139
0.66274512
0.55686277
0.46666667
0.47843137
0.58039218
0.64313728
0.65098041
0.36078432
0.24313726
0.58823532
0.53725493
0.40000001
0.44313726
0.35294119
0.21568628
0.21568628
0.23921569
0.23529412
0.19215687
0.22352941
0.23137255
0.24313726
0.27843139
0.32156864
0.32156864
0.31372550
0.40784314
0.60784316
0.66274512
0.57647061
0.63137257
0.65490198
0.63921571
0.60000002
0.59607846
0.60000002
0.61176473
0.65098041
0.66274512
0.41568628
0.32941177
0.65882355
0.63529414
0.51372552
0.50588238
0.58823532
0.46666667
0.42745098
0.46274510
0.50196081
0.50196081
0.51764709
0.56862748
0.57254905
0.58431375
0.56862748
0.33333334
0.32941177
0.47058824
0.66666669
0.71764708
0.60000002
0.61960787
0.61960787
0.60000002
0.60392159
0.60392159
0.60392159
0.60784316
0.61176473
0.62352943
0.49019608
0.47058824
0.75294119
0.78823531
0.71764708
0.64313728
0.76862746
0.76078433
0.61568630
0.67450982
0.69411767
0.56470591
0.54509807
0.58431375
0.54901963
0.52549022
0.48235294
0.42745098
0.46274510
0.61176473
0.69019610
0.61960787
0.54901963
0.47058824
0.49411765
0.53725493
0.57254905
0.60000002
0.60784316
0.61568630
0.61568630
0.62352943
0.51764709
0.40392157
0.50980395
0.63137257
0.65490198
0.68235296
0.60784316
0.37647060
0.32941177
0.26666668
0.20784314
0.16862746
0.15686275
0.15686275
0.21568628
0.26274511
0.29803923
0.58039218
0.65098041
0.63137257
0.68627453
0.60392159
0.44313726
0.15294118
0.14901961
0.16862746
0.20000000
0.25490198
0.31372550
0.38431373
0.47843137
0.52156866
0.30980393
0.25098041
0.43137255
0.56862748
0.52156866
0.62745100
0.54117650
0.23529412
0.24705882
0.22745098
0.21960784
0.24313726
0.26274511
0.27058825
0.27843139
0.27843139
0.30196080
0.56470591
0.64705884
0.63529414
0.69803923
0.67058825
0.40784314
0.22745098
0.18039216
0.12941177
0.14117648
0.05098039
0.08627451
0.10588235
0.11372549
0.12941177
0.07843138
0.07058824
0.16078432
0.46666667
0.51764709
0.56470591
0.53725493
0.26274511
0.26274511
0.26666668
0.25882354
0.25490198
0.25882354
0.25098041
0.23137255
0.21960784
0.34117648
0.54509807
0.58431375
0.63137257
0.62745100
0.60000002
0.45490196
0.29411766
0.23137255
0.18431373
0.22745098
0.07843138
0.08627451
0.09411765
0.05882353
0.05882353
0.06666667
0.07843138
0.10980392
0.18431373
0.19215687
0.25098041
0.34509805
0.24313726
0.20000000
0.18823530
0.16862746
0.16470589
0.14509805
0.13725491
0.14509805
0.30196080
0.51764709
0.52156866
0.54509807
0.67843139
0.66666669
0.69019610
0.49803922
0.46274510
0.30588236
0.29803923
0.31764707
0.07843138
0.07058824
0.07450981
0.06274510
0.06666667
0.07058824
0.13333334
0.16078432
0.10980392
0.11372549
0.10980392
0.24313726
0.57254905
0.16862746
0.06274510
0.06274510
0.10588235
0.25882354
0.29411766
0.12941177
0.23529412
0.44705883
0.48235294
0.50196081
0.73333335
0.70196080
0.66274512
0.47450981
0.55294120
0.30588236
0.43529412
0.46274510
0.07843138
0.05882353
0.07058824
0.06274510
0.07058824
0.09411765
0.14901961
0.29411766
0.29411766
0.12941177
0.12549020
0.20000000
0.40784314
0.12941177
0.06274510
0.05490196
0.10196079
0.28627452
0.27058825
0.11372549
0.02352941
0.15294118
0.58823532
0.63137257
0.71764708
0.66666669
0.60000002
0.48627451
0.38039216
0.15686275
0.32156864
0.38039216
0.06274510
0.05882353
0.07450981
0.06666667
0.06666667
0.09803922
0.20000000
0.25490198
0.38431373
0.19215687
0.08235294
0.06666667
0.05490196
0.06666667
0.06274510
0.05882353
0.05882353
0.06274510
0.05098039
0.11372549
0.28235295
0.46666667
0.70980394
0.72549021
0.69019610
0.63529414
0.59215689
0.52156866
0.42745098
0.29411766
0.22352941
0.15294118
0.05098039
0.05098039
0.05490196
0.05098039
0.06666667
0.09803922
0.24705882
0.12941177
0.22352941
0.25490198
0.10980392
0.14117648
0.23529412
0.18039216
0.08627451
0.05490196
0.05490196
0.05882353
0.04313726
0.22352941
0.67843139
0.71372551
0.70196080
0.69803923
0.69019610
0.64705884
0.60392159
0.55686277
0.53333336
0.49803922
0.42745098
0.34117648
0.27843139
0.24313726
0.21960784
0.17647059
0.15686275
0.14901961
0.24313726
0.29019609
0.23529412
0.15686275
0.09803922
0.37647060
0.49411765
0.42352942
0.38431373
0.17647059
0.05098039
0.05490196
0.07843138
0.39607844
0.65490198
0.64313728
0.65098041
0.65490198
0.69411767
0.65882355
0.63529414
0.61960787
0.61176473
0.59607846
0.57647061
0.56078434
0.53333336
0.51764709
0.49803922
0.46274510
0.41960785
0.35686275
0.21960784
0.24313726
0.20784314
0.09411765
0.08627451
0.17254902
0.18823530
0.23137255
0.27843139
0.19607843
0.06666667
0.06274510
0.20000000
0.45882353
0.53333336
0.57254905
0.60392159
0.61176473
0.69411767
0.67843139
0.67843139
0.67058825
0.65490198
0.63921571
0.61960787
0.60784316
0.59215689
0.59215689
0.59607846
0.57647061
0.54901963
0.50196081
0.39607844
0.24705882
0.18039216
0.13725491
0.13333334
0.12941177
0.12941177
0.13725491
0.15686275
0.18431373
0.20392157
0.24705882
0.33333334
0.43921569
0.51764709
0.57647061
0.61176473
0.63137257
0.69803923
0.70588237
0.70196080
0.69411767
0.67058825
0.66274512
0.65882355
0.64705884
0.62745100
0.63137257
0.62745100
0.62352943
0.60784316
0.60000002
0.58823532
0.55686277
0.50196081
0.47450981
0.46274510
0.44705883
0.42745098
0.43137255
0.44705883
0.45882353
0.48235294
0.50196081
0.53333336
0.56078434
0.60000002
0.63921571
0.66666669
0.69019610
0.98431373
0.97254902
0.96862745
0.96862745
0.96862745
0.96862745
0.96862745
0.96470588
0.96470588
0.96470588
0.97254902
0.96862745
0.97254902
0.97647059
0.97647059
0.97647059
0.97647059
0.97647059
0.97254902
0.97254902
0.97647059
0.97647059
0.97647059
0.97647059
0.97647059
0.97254902
0.79607844
0.72549021
0.95686275
0.98039216
0.97647059
0.98039216
0.97254902
0.95686275
0.80392158
0.88627452
0.97254902
0.94901961
0.73725492
0.70196080
0.94509804
0.96078432
0.95686275
0.96470588
0.96078432
0.96078432
0.96470588
0.96470588
0.96078432
0.95686275
0.96078432
0.96078432
0.96470588
0.96862745
0.96470588
0.96470588
0.96470588
0.95686275
0.64705884
0.51372552
0.94117647
0.97254902
0.96862745
0.97254902
0.97254902
0.96078432
0.70980394
0.81960785
0.97254902
0.81960785
0.53725493
0.55294120
0.87450981
0.93333334
0.96470588
0.89411765
0.91764706
0.94901961
0.95294118
0.95294118
0.95294118
0.95686275
0.92549020
0.92156863
0.96470588
0.96470588
0.96078432
0.95294118
0.94509804
0.95686275
0.70588237
0.52941179
0.87450981
0.97647059
0.96862745
0.97254902
0.96470588
0.96078432
0.72156864
0.73725492
0.81568629
0.51372552
0.41176471
0.51372552
0.64313728
0.69411767
0.92941177
0.63529414
0.78823531
0.96470588
0.95294118
0.95686275
0.91372550
0.93725491
0.78431374
0.75294119
0.98431373
0.96470588
0.97647059
0.86666667
0.79215688
0.92941177
0.60784316
0.39215687
0.59607846
0.94117647
0.95294118
0.96078432
0.96470588
0.95686275
0.69411767
0.46666667
0.46666667
0.41960785
0.34901962
0.35686275
0.41568628
0.45882353
0.84705883
0.58823532
0.74901962
0.94509804
0.94117647
0.94117647
0.72549021
0.78039217
0.74117649
0.69803923
0.95686275
0.93725491
0.94901961
0.81568629
0.74117649
0.81176472
0.38823530
0.37647060
0.39215687
0.72549021
0.88627452
0.94901961
0.79607844
0.69019610
0.58039218
0.32156864
0.38823530
0.43529412
0.38039216
0.34901962
0.36862746
0.41176471
0.54117650
0.45882353
0.50196081
0.56862748
0.56470591
0.54901963
0.41176471
0.42745098
0.48235294
0.46666667
0.54901963
0.53725493
0.57647061
0.53333336
0.46666667
0.46666667
0.35294119
0.40392157
0.39607844
0.44313726
0.62352943
0.92549020
0.56862748
0.48627451
0.46666667
0.36470589
0.40000001
0.41960785
0.40784314
0.36862746
0.34117648
0.37647060
0.36470589
0.36470589
0.41176471
0.47450981
0.45098040
0.41568628
0.44705883
0.41960785
0.41568628
0.40000001
0.42352942
0.38039216
0.47843137
0.56078434
0.32549021
0.30196080
0.37254903
0.37647060
0.39607844
0.35686275
0.45098040
0.89411765
0.44313726
0.38039216
0.42745098
0.37647060
0.41568628
0.49803922
0.45490196
0.41568628
0.43921569
0.51764709
0.58039218
0.61176473
0.65882355
0.76862746
0.79607844
0.77254903
0.78431374
0.77647060
0.75294119
0.75686276
0.76078433
0.75686276
0.75294119
0.72549021
0.41176471
0.33333334
0.37254903
0.41568628
0.43529412
0.35686275
0.42745098
0.84705883
0.33333334
0.20784314
0.30196080
0.35294119
0.43137255
0.58823532
0.61960787
0.66274512
0.72156864
0.72941178
0.72941178
0.73725492
0.69803923
0.78823531
0.83529413
0.86666667
0.87843138
0.88235295
0.88235295
0.87058824
0.87058824
0.88627452
0.88235295
0.77647060
0.45882353
0.32156864
0.35686275
0.44705883
0.45882353
0.34117648
0.35686275
0.62745100
0.21568628
0.17254902
0.19607843
0.41176471
0.64705884
0.74509805
0.72549021
0.69803923
0.69411767
0.68627453
0.66666669
0.67843139
0.66274512
0.78039217
0.78039217
0.67843139
0.65882355
0.63137257
0.69411767
0.73725492
0.65490198
0.65098041
0.65490198
0.65882355
0.40784314
0.31764707
0.33725491
0.38431373
0.39215687
0.36078432
0.34509805
0.38823530
0.19215687
0.15294118
0.34509805
0.56862748
0.70588237
0.72549021
0.68235296
0.66274512
0.72156864
0.69411767
0.65098041
0.66274512
0.65490198
0.79215688
0.51372552
0.27450982
0.33725491
0.31372550
0.54509807
0.70980394
0.43529412
0.41568628
0.41960785
0.59607846
0.51764709
0.43529412
0.45098040
0.43137255
0.42352942
0.34509805
0.32156864
0.34509805
0.18039216
0.18823530
0.54509807
0.62352943
0.66666669
0.71764708
0.68627453
0.65098041
0.61960787
0.60784316
0.65490198
0.67058825
0.67450982
0.70196080
0.27058825
0.48235294
0.61960787
0.54901963
0.63921571
0.78823531
0.68627453
0.70588237
0.69803923
0.70588237
0.67843139
0.66666669
0.68627453
0.65098041
0.52941179
0.32156864
0.30196080
0.26274511
0.15294118
0.25882354
0.57254905
0.60000002
0.67058825
0.71372551
0.69019610
0.56078434
0.47058824
0.48235294
0.62352943
0.66274512
0.69019610
0.51372552
0.24705882
0.59215689
0.40000001
0.21960784
0.50588238
0.63529414
0.54901963
0.54901963
0.54901963
0.54117650
0.53725493
0.56470591
0.61176473
0.62745100
0.58823532
0.29803923
0.27450982
0.28627452
0.14509805
0.34117648
0.55294120
0.61568630
0.69411767
0.70588237
0.68235296
0.58039218
0.53725493
0.55294120
0.63921571
0.69019610
0.69803923
0.45490196
0.27058825
0.54509807
0.27058825
0.14901961
0.49803922
0.65882355
0.56078434
0.49411765
0.45098040
0.41960785
0.45490196
0.52156866
0.62352943
0.67450982
0.64313728
0.28235295
0.25098041
0.34117648
0.17647059
0.47058824
0.55686277
0.61568630
0.68235296
0.70196080
0.67843139
0.57647061
0.48627451
0.47843137
0.61176473
0.69019610
0.69411767
0.55294120
0.30196080
0.54117650
0.21960784
0.14509805
0.47450981
0.60000002
0.50588238
0.35294119
0.33333334
0.30196080
0.32156864
0.38039216
0.53333336
0.60784316
0.62745100
0.30588236
0.21960784
0.25098041
0.18039216
0.53333336
0.63529414
0.58039218
0.67843139
0.69019610
0.65490198
0.45490196
0.25098041
0.24705882
0.56078434
0.65882355
0.66274512
0.41176471
0.29411766
0.54901963
0.21176471
0.16078432
0.38823530
0.52549022
0.43921569
0.29019609
0.27450982
0.27058825
0.28235295
0.31764707
0.47058824
0.47843137
0.55686277
0.33333334
0.22352941
0.21176471
0.19215687
0.58039218
0.69019610
0.58039218
0.66666669
0.68235296
0.65490198
0.43137255
0.18039216
0.21568628
0.54901963
0.66274512
0.65882355
0.37254903
0.27450982
0.56862748
0.29411766
0.20000000
0.39215687
0.48235294
0.39215687
0.33333334
0.35294119
0.38039216
0.35294119
0.39607844
0.45490196
0.44313726
0.48235294
0.29803923
0.22745098
0.21176471
0.31372550
0.57647061
0.68235296
0.58823532
0.65098041
0.67843139
0.65490198
0.49019608
0.31764707
0.33725491
0.54117650
0.65490198
0.65882355
0.39215687
0.27450982
0.60000002
0.54509807
0.43529412
0.47058824
0.38039216
0.26666668
0.26274511
0.29411766
0.29019609
0.23921569
0.28627452
0.29803923
0.29803923
0.30980393
0.32156864
0.27450982
0.25882354
0.35294119
0.56862748
0.65490198
0.58431375
0.63137257
0.65490198
0.63921571
0.59215689
0.56862748
0.56470591
0.60784316
0.67450982
0.67058825
0.44313726
0.35686275
0.66666669
0.65490198
0.53333336
0.51372552
0.59607846
0.45882353
0.38431373
0.45882353
0.52941179
0.50588238
0.52549022
0.56470591
0.52941179
0.52941179
0.56862748
0.30196080
0.28235295
0.38431373
0.60784316
0.69019610
0.60000002
0.62745100
0.63137257
0.61176473
0.61176473
0.60784316
0.60784316
0.61176473
0.61176473
0.63137257
0.51764709
0.49803922
0.76078433
0.78039217
0.71372551
0.63529414
0.75686276
0.74901962
0.57254905
0.63137257
0.68235296
0.56078434
0.54509807
0.58823532
0.53333336
0.49803922
0.47843137
0.38823530
0.38431373
0.50196081
0.63529414
0.61176473
0.54901963
0.47450981
0.50588238
0.54901963
0.57647061
0.60000002
0.61568630
0.62352943
0.62352943
0.63529414
0.54117650
0.43529412
0.53333336
0.62352943
0.66666669
0.66666669
0.54901963
0.37647060
0.35294119
0.29019609
0.24313726
0.20000000
0.18431373
0.19215687
0.25098041
0.28627452
0.28235295
0.49019608
0.51372552
0.52156866
0.64705884
0.60784316
0.44705883
0.16862746
0.17254902
0.18823530
0.21176471
0.26274511
0.32549021
0.39607844
0.48627451
0.52941179
0.32549021
0.27843139
0.46274510
0.56862748
0.50980395
0.62745100
0.48235294
0.21176471
0.29019609
0.26274511
0.25882354
0.27843139
0.29411766
0.30196080
0.30980393
0.30196080
0.28627452
0.46274510
0.50980395
0.50980395
0.63529414
0.65882355
0.41176471
0.23921569
0.20392157
0.15686275
0.16470589
0.07450981
0.10980392
0.12941177
0.13333334
0.13725491
0.09019608
0.09411765
0.18823530
0.44313726
0.46666667
0.55294120
0.48627451
0.23529412
0.30196080
0.30196080
0.29803923
0.29019609
0.28627452
0.28627452
0.27450982
0.25490198
0.31372550
0.43529412
0.43137255
0.47058824
0.50196081
0.52941179
0.44313726
0.30588236
0.25490198
0.22352941
0.26666668
0.10980392
0.11764706
0.12549020
0.08627451
0.08235294
0.09803922
0.10980392
0.14901961
0.21960784
0.21960784
0.27843139
0.34509805
0.24705882
0.23529412
0.22745098
0.21568628
0.21176471
0.18039216
0.17254902
0.17647059
0.31764707
0.45490196
0.39215687
0.38823530
0.57254905
0.56862748
0.62745100
0.49019608
0.47843137
0.32941177
0.33333334
0.34901962
0.10980392
0.10196079
0.10588235
0.09411765
0.10196079
0.11372549
0.18431373
0.21960784
0.16078432
0.13725491
0.15686275
0.25882354
0.56470591
0.18823530
0.09019608
0.09803922
0.13725491
0.27843139
0.30980393
0.14509805
0.24313726
0.40392157
0.39215687
0.38823530
0.66274512
0.63529414
0.60392159
0.42352942
0.54117650
0.32941177
0.45882353
0.47843137
0.10980392
0.09411765
0.10588235
0.09803922
0.11372549
0.14117648
0.19215687
0.33725491
0.32941177
0.14901961
0.16078432
0.23137255
0.41960785
0.14901961
0.08627451
0.07843138
0.11764706
0.29019609
0.28627452
0.14117648
0.05882353
0.18039216
0.58431375
0.60000002
0.64705884
0.60000002
0.53333336
0.42352942
0.36078432
0.17647059
0.35294119
0.40784314
0.09803922
0.09411765
0.10980392
0.10588235
0.10980392
0.14117648
0.23529412
0.29019609
0.41568628
0.21960784
0.11764706
0.10588235
0.09019608
0.10196079
0.09411765
0.09019608
0.09411765
0.09411765
0.07450981
0.12941177
0.29019609
0.46274510
0.69803923
0.69803923
0.65098041
0.59607846
0.55294120
0.47843137
0.39215687
0.28235295
0.22745098
0.17254902
0.08627451
0.08627451
0.08627451
0.08627451
0.10980392
0.14117648
0.28235295
0.16078432
0.25098041
0.28235295
0.14117648
0.17254902
0.26274511
0.20784314
0.11764706
0.08627451
0.09803922
0.10980392
0.07450981
0.22745098
0.66274512
0.69019610
0.67843139
0.67843139
0.65490198
0.61176473
0.56862748
0.51764709
0.49019608
0.45882353
0.38823530
0.31372550
0.26666668
0.23137255
0.20784314
0.16862746
0.16470589
0.16862746
0.27058825
0.32549021
0.27450982
0.19215687
0.12549020
0.40000001
0.50588238
0.43137255
0.40392157
0.20392157
0.09411765
0.09803922
0.09803922
0.38431373
0.62745100
0.61960787
0.63137257
0.63921571
0.65098041
0.61568630
0.59215689
0.56470591
0.54901963
0.53333336
0.51372552
0.49411765
0.45882353
0.44705883
0.42352942
0.39215687
0.35686275
0.30980393
0.22352941
0.30588236
0.26666668
0.13333334
0.12156863
0.20392157
0.22352941
0.25882354
0.30196080
0.21960784
0.09019608
0.08627451
0.20000000
0.42745098
0.48627451
0.52941179
0.56078434
0.57647061
0.61568630
0.60000002
0.60000002
0.59607846
0.58039218
0.56470591
0.54509807
0.52941179
0.50588238
0.50588238
0.50980395
0.49411765
0.47450981
0.43137255
0.34901962
0.23921569
0.20000000
0.16078432
0.14901961
0.14509805
0.14509805
0.14901961
0.15294118
0.16078432
0.18039216
0.22745098
0.30196080
0.39215687
0.46274510
0.50980395
0.54509807
0.56862748
0.61568630
0.61960787
0.61960787
0.61568630
0.59607846
0.58823532
0.58431375
0.56862748
0.54509807
0.55294120
0.54509807
0.54117650
0.52941179
0.52156866
0.50588238
0.47450981
0.42745098
0.40392157
0.39215687
0.37254903
0.36078432
0.36470589
0.37254903
0.38039216
0.40392157
0.42352942
0.45098040
0.47843137
0.52156866
0.56470591
0.59215689
0.61568630
1 0 0 0 0 0 0 0 0 -1 0
0 1 0 0 0 0 0 0 0 -1 0
0 0 1 0 0 0 0 0 0 -1 0
0 0 0 1 0 0 0 0 0 -1 0
0 0 0 0 1 0 0 0 0 -1 0
0 0 0 0 0 1 0 0 0 -1 0
0 0 0 0 0 0 1 0 0 -1 0
0 0 0 0 0 0 0 1 0 -1 0
0 0 0 0 0 0 0 0 1 -1 0
