0.29803923
0.29803923
0.30980393
0.31372550
0.31764707
0.32941177
0.34117648
0.34901962
0.35294119
0.36862746
0.37647060
0.38039216
0.38431373
0.39215687
0.39215687
0.39607844
0.41568628
0.43137255
0.42352942
0.41568628
0.42352942
0.42745098
0.42352942
0.41960785
0.41960785
0.41960785
0.42352942
0.42745098
0.42352942
0.41960785
0.41960785
0.41960785
0.30980393
0.30588236
0.32156864
0.32941177
0.32941177
0.34117648
0.36470589
0.37254903
0.36862746
0.38039216
0.38823530
0.39607844
0.39607844
0.40392157
0.40392157
0.40784314
0.41960785
0.42745098
0.42745098
0.43529412
0.43921569
0.43529412
0.43529412
0.43137255
0.43137255
0.42745098
0.43137255
0.43529412
0.43529412
0.43137255
0.43137255
0.42352942
0.31764707
0.32549021
0.36470589
0.41568628
0.38039216
0.39215687
0.43529412
0.46666667
0.43529412
0.40000001
0.40392157
0.40000001
0.40784314
0.41176471
0.41568628
0.42352942
0.42352942
0.42352942
0.44313726
0.49803922
0.53725493
0.52549022
0.48235294
0.44313726
0.43921569
0.45490196
0.44313726
0.43921569
0.43921569
0.44705883
0.44313726
0.43921569
0.35294119
0.37647060
0.45098040
0.52549022
0.43137255
0.41568628
0.46274510
0.51764709
0.52156866
0.47058824
0.42745098
0.41568628
0.41960785
0.42352942
0.43137255
0.43529412
0.43921569
0.44705883
0.46274510
0.50980395
0.60392159
0.61960787
0.56470591
0.51372552
0.50196081
0.56862748
0.54901963
0.48235294
0.45490196
0.45882353
0.45882353
0.49411765
0.37254903
0.39607844
0.46274510
0.54117650
0.44313726
0.40392157
0.41960785
0.49411765
0.52549022
0.51764709
0.47843137
0.44313726
0.43529412
0.44313726
0.44705883
0.45490196
0.46666667
0.49019608
0.49803922
0.52941179
0.60392159
0.60784316
0.65490198
0.65098041
0.61568630
0.63529414
0.60784316
0.52549022
0.48235294
0.47058824
0.47843137
0.53725493
0.36078432
0.36078432
0.40784314
0.45882353
0.45490196
0.43921569
0.43529412
0.50588238
0.50196081
0.52549022
0.54509807
0.53333336
0.52941179
0.51764709
0.47843137
0.47843137
0.51372552
0.54901963
0.54509807
0.55686277
0.60000002
0.60784316
0.63921571
0.62352943
0.62745100
0.60784316
0.54901963
0.50980395
0.49803922
0.49411765
0.50980395
0.51764709
0.36470589
0.36078432
0.37647060
0.40000001
0.41568628
0.42745098
0.43921569
0.49019608
0.46666667
0.49411765
0.54117650
0.57647061
0.58823532
0.56078434
0.51372552
0.49019608
0.52549022
0.55686277
0.56078434
0.55686277
0.56862748
0.56078434
0.54509807
0.53725493
0.55294120
0.54509807
0.51372552
0.50196081
0.50588238
0.52549022
0.54901963
0.52941179
0.37254903
0.37647060
0.39215687
0.39607844
0.40392157
0.41568628
0.42352942
0.45098040
0.44313726
0.46666667
0.49411765
0.49019608
0.50588238
0.51372552
0.50980395
0.49411765
0.50196081
0.55294120
0.61176473
0.59215689
0.54509807
0.50980395
0.50588238
0.50980395
0.51372552
0.51372552
0.50980395
0.50588238
0.51764709
0.58039218
0.62352943
0.62745100
0.38039216
0.38823530
0.40392157
0.40784314
0.41960785
0.42745098
0.43529412
0.44705883
0.45098040
0.45490196
0.45882353
0.47058824
0.47843137
0.48627451
0.48627451
0.49019608
0.49803922
0.54509807
0.56862748
0.55294120
0.52549022
0.51372552
0.51372552
0.51372552
0.51372552
0.51372552
0.51372552
0.52549022
0.57254905
0.63529414
0.66666669
0.68627453
0.38823530
0.39215687
0.41176471
0.41568628
0.42352942
0.43529412
0.44313726
0.45098040
0.45490196
0.45882353
0.46666667
0.47843137
0.48627451
0.49411765
0.49411765
0.49803922
0.50588238
0.51764709
0.51372552
0.50196081
0.50588238
0.50980395
0.51764709
0.52156866
0.52156866
0.52156866
0.52156866
0.53725493
0.58431375
0.60784316
0.60784316
0.60784316
0.40000001
0.40392157
0.41960785
0.42745098
0.43921569
0.44313726
0.44705883
0.45882353
0.46666667
0.47450981
0.47843137
0.49019608
0.49803922
0.50196081
0.50588238
0.51372552
0.51764709
0.52156866
0.52549022
0.52549022
0.52549022
0.52156866
0.52549022
0.52941179
0.52941179
0.52941179
0.53333336
0.52941179
0.53333336
0.53725493
0.54117650
0.54117650
0.40784314
0.41176471
0.42745098
0.43529412
0.44705883
0.45098040
0.45490196
0.46274510
0.47450981
0.48627451
0.49019608
0.49803922
0.50588238
0.51372552
0.51764709
0.52549022
0.52549022
0.52941179
0.53333336
0.53333336
0.53725493
0.53725493
0.53333336
0.53333336
0.53725493
0.53725493
0.53725493
0.53725493
0.53725493
0.52941179
0.52941179
0.53725493
0.40784314
0.41176471
0.42745098
0.43529412
0.44705883
0.45098040
0.45882353
0.47058824
0.47843137
0.49019608
0.49411765
0.50196081
0.50980395
0.51372552
0.52549022
0.52941179
0.53333336
0.53725493
0.54117650
0.54117650
0.54117650
0.54117650
0.54117650
0.54117650
0.54117650
0.53725493
0.53725493
0.53725493
0.53725493
0.52941179
0.52941179
0.53725493
0.40784314
0.41960785
0.43921569
0.44705883
0.45490196
0.46274510
0.47058824
0.48235294
0.48627451
0.49019608
0.47450981
0.49019608
0.38431373
0.46274510
0.53333336
0.53725493
0.54117650
0.54901963
0.55294120
0.55294120
0.55294120
0.55294120
0.54509807
0.54901963
0.55294120
0.54901963
0.54901963
0.54509807
0.54509807
0.54117650
0.54117650
0.54117650
0.41176471
0.41960785
0.43921569
0.44705883
0.45882353
0.46274510
0.47058824
0.47843137
0.48235294
0.48235294
0.47450981
0.38431373
0.23529412
0.47843137
0.53333336
0.53333336
0.54117650
0.54509807
0.54901963
0.54901963
0.55294120
0.54901963
0.55686277
0.56078434
0.54509807
0.55294120
0.54901963
0.54509807
0.54509807
0.54509807
0.54509807
0.54117650
0.41176471
0.41568628
0.43529412
0.43921569
0.45098040
0.45490196
0.46274510
0.47450981
0.47843137
0.49019608
0.50588238
0.41176471
0.20000000
0.47450981
0.52156866
0.52941179
0.53333336
0.54117650
0.54509807
0.54901963
0.54117650
0.54117650
0.58039218
0.59215689
0.54117650
0.54509807
0.54509807
0.54117650
0.54117650
0.53725493
0.53725493
0.53333336
0.41176471
0.41176471
0.42745098
0.43921569
0.45098040
0.44705883
0.45098040
0.47058824
0.48235294
0.48235294
0.48627451
0.46666667
0.31764707
0.49019608
0.50980395
0.51372552
0.54901963
0.54901963
0.53725493
0.54509807
0.56862748
0.58823532
0.63137257
0.63921571
0.56078434
0.52156866
0.51764709
0.52549022
0.52941179
0.52549022
0.52549022
0.51764709
0.40000001
0.40000001
0.41176471
0.42352942
0.43529412
0.43137255
0.43137255
0.45490196
0.45882353
0.47450981
0.50980395
0.52941179
0.51372552
0.58039218
0.52941179
0.52941179
0.52156866
0.52549022
0.51372552
0.50588238
0.62745100
0.72941178
0.74509805
0.74509805
0.73725492
0.64705884
0.58823532
0.52156866
0.49803922
0.50588238
0.50588238
0.49803922
0.39215687
0.38823530
0.40392157
0.45098040
0.47450981
0.49019608
0.53725493
0.59215689
0.66274512
0.59607846
0.63137257
0.78039217
0.77254903
0.73725492
0.70196080
0.63137257
0.57254905
0.57647061
0.59215689
0.63137257
0.69803923
0.82745099
0.78431374
0.68235296
0.65882355
0.65882355
0.61960787
0.52941179
0.48627451
0.49019608
0.50196081
0.49411765
0.33333334
0.32549021
0.37254903
0.53333336
0.59607846
0.60392159
0.64705884
0.60784316
0.61960787
0.53333336
0.49019608
0.52941179
0.54509807
0.53725493
0.52156866
0.53725493
0.55686277
0.55686277
0.57647061
0.57254905
0.58039218
0.54117650
0.52941179
0.44705883
0.43137255
0.43921569
0.41568628
0.44313726
0.56470591
0.39215687
0.32941177
0.32549021
0.22352941
0.19607843
0.30196080
0.59607846
0.62745100
0.66274512
0.56078434
0.33725491
0.27450982
0.28627452
0.30588236
0.30588236
0.30588236
0.31372550
0.30196080
0.30588236
0.31372550
0.32156864
0.33725491
0.34509805
0.41960785
0.40392157
0.40392157
0.40000001
0.42352942
0.41960785
0.41568628
0.43137255
0.46274510
0.27450982
0.18823530
0.19215687
0.13725491
0.15686275
0.41568628
0.62352943
0.65098041
0.70196080
0.45882353
0.32156864
0.32156864
0.32549021
0.34509805
0.34509805
0.35686275
0.38431373
0.38823530
0.39215687
0.41176471
0.41568628
0.43529412
0.44313726
0.45098040
0.45882353
0.48235294
0.48627451
0.49803922
0.53725493
0.52156866
0.52941179
0.55686277
0.39215687
0.24705882
0.25490198
0.10588235
0.33333334
0.52156866
0.67058825
0.82745099
0.66274512
0.40784314
0.43137255
0.52156866
0.45490196
0.50588238
0.53333336
0.51764709
0.52941179
0.53725493
0.56470591
0.56862748
0.56078434
0.58431375
0.56470591
0.56862748
0.56078434
0.57647061
0.58431375
0.57647061
0.58431375
0.61568630
0.70196080
0.65490198
0.37254903
0.21960784
0.20392157
0.16862746
0.46666667
0.50588238
0.60392159
0.63529414
0.47450981
0.44313726
0.68235296
0.73333335
0.58823532
0.61568630
0.53725493
0.54901963
0.52941179
0.52549022
0.54901963
0.54901963
0.52549022
0.52156866
0.51764709
0.54901963
0.56862748
0.60000002
0.63921571
0.66274512
0.67843139
0.68627453
0.60784316
0.30588236
0.16078432
0.14509805
0.15686275
0.18039216
0.46666667
0.50980395
0.53725493
0.53333336
0.45098040
0.50588238
0.68235296
0.59607846
0.61568630
0.64313728
0.56862748
0.59607846
0.62352943
0.64313728
0.67058825
0.70588237
0.70980394
0.70980394
0.72549021
0.73333335
0.75294119
0.78431374
0.77254903
0.76862746
0.78431374
0.60784316
0.26666668
0.13333334
0.12941177
0.14901961
0.16078432
0.08627451
0.43529412
0.65490198
0.63137257
0.64705884
0.59607846
0.65098041
0.66274512
0.63529414
0.70980394
0.72941178
0.74901962
0.73725492
0.74117649
0.73725492
0.72156864
0.71764708
0.69411767
0.66666669
0.62745100
0.59215689
0.58039218
0.60000002
0.54901963
0.46274510
0.48235294
0.36470589
0.24705882
0.20392157
0.15294118
0.16078432
0.17254902
0.03921569
0.26666668
0.63529414
0.65490198
0.70980394
0.55294120
0.48235294
0.53333336
0.56078434
0.56862748
0.56862748
0.55686277
0.53333336
0.50980395
0.45882353
0.42352942
0.39215687
0.36470589
0.34509805
0.32156864
0.30588236
0.28235295
0.27450982
0.25882354
0.23529412
0.23137255
0.28627452
0.44705883
0.34509805
0.14901961
0.13333334
0.14509805
0.07450981
0.18039216
0.35686275
0.38431373
0.42352942
0.26666668
0.19215687
0.24705882
0.26666668
0.28235295
0.29803923
0.27843139
0.25490198
0.24705882
0.23529412
0.23921569
0.23137255
0.22745098
0.21960784
0.21176471
0.20784314
0.20000000
0.19215687
0.19215687
0.18431373
0.17647059
0.18039216
0.21960784
0.20000000
0.13725491
0.13725491
0.14901961
0.07843138
0.14901961
0.20392157
0.24313726
0.27450982
0.22352941
0.20000000
0.21960784
0.20392157
0.20000000
0.21568628
0.20000000
0.18823530
0.18039216
0.18431373
0.18823530
0.16862746
0.16078432
0.14901961
0.15686275
0.16078432
0.16862746
0.17647059
0.17647059
0.16470589
0.16862746
0.16078432
0.12941177
0.13725491
0.13333334
0.13333334
0.14509805
0.05490196
0.10196079
0.16078432
0.23137255
0.25882354
0.21960784
0.19215687
0.18039216
0.16862746
0.16470589
0.15686275
0.16078432
0.16078432
0.16470589
0.16078432
0.16470589
0.15686275
0.14509805
0.13725491
0.14509805
0.14509805
0.14901961
0.16078432
0.15686275
0.16078432
0.16470589
0.16470589
0.16078432
0.16078432
0.14509805
0.14117648
0.14901961
0.03921569
0.07058824
0.11372549
0.16470589
0.19215687
0.17647059
0.15686275
0.14509805
0.12941177
0.12941177
0.12549020
0.12941177
0.13333334
0.14117648
0.12156863
0.12941177
0.13725491
0.12941177
0.12941177
0.13725491
0.14117648
0.14117648
0.14509805
0.14117648
0.14509805
0.12549020
0.12549020
0.13333334
0.13725491
0.14901961
0.15294118
0.15294118
0.04705882
0.07058824
0.10196079
0.14901961
0.16862746
0.15686275
0.14509805
0.12549020
0.10196079
0.09803922
0.09803922
0.10196079
0.11372549
0.11764706
0.10196079
0.11372549
0.12156863
0.11764706
0.11372549
0.12549020
0.12941177
0.13725491
0.14901961
0.14901961
0.14117648
0.12156863
0.11764706
0.11764706
0.10588235
0.10588235
0.10588235
0.10980392
0.35686275
0.36078432
0.37647060
0.38823530
0.39607844
0.40784314
0.42352942
0.43529412
0.45098040
0.45882353
0.46274510
0.47450981
0.48627451
0.49411765
0.50196081
0.50980395
0.52549022
0.53725493
0.53333336
0.52941179
0.53333336
0.53333336
0.54117650
0.54509807
0.54509807
0.54509807
0.54117650
0.53725493
0.53333336
0.52941179
0.52549022
0.52156866
0.36862746
0.37254903
0.38431373
0.40000001
0.40784314
0.41960785
0.43921569
0.45098040
0.46274510
0.47843137
0.47843137
0.49019608
0.49803922
0.50588238
0.51372552
0.52156866
0.52941179
0.53725493
0.53725493
0.54117650
0.54509807
0.54509807
0.54901963
0.55686277
0.55686277
0.55686277
0.55294120
0.54901963
0.54509807
0.54117650
0.54117650
0.54117650
0.38823530
0.39215687
0.41176471
0.43529412
0.43529412
0.44313726
0.46666667
0.49019608
0.49019608
0.49803922
0.50196081
0.50980395
0.52156866
0.52941179
0.53333336
0.53725493
0.54509807
0.54901963
0.55686277
0.58039218
0.60784316
0.60784316
0.58039218
0.56862748
0.57647061
0.58039218
0.57647061
0.56470591
0.56078434
0.56078434
0.56078434
0.56470591
0.39607844
0.41176471
0.46666667
0.49411765
0.45490196
0.45882353
0.48627451
0.52549022
0.53333336
0.52156866
0.51372552
0.52549022
0.53725493
0.54117650
0.54509807
0.55294120
0.55686277
0.56862748
0.57647061
0.60000002
0.63529414
0.64313728
0.61960787
0.60784316
0.60000002
0.63921571
0.63137257
0.57647061
0.57254905
0.57647061
0.57254905
0.58431375
0.40784314
0.41176471
0.46274510
0.50980395
0.46666667
0.45882353
0.47843137
0.51764709
0.54117650
0.54509807
0.53725493
0.53333336
0.54509807
0.55686277
0.56078434
0.56078434
0.56862748
0.58431375
0.59215689
0.61176473
0.63921571
0.63529414
0.67450982
0.67058825
0.64705884
0.65882355
0.64705884
0.59215689
0.58823532
0.58431375
0.58431375
0.59215689
0.41176471
0.41568628
0.43921569
0.46274510
0.46274510
0.46666667
0.48235294
0.51764709
0.52156866
0.54117650
0.56470591
0.57254905
0.58039218
0.56862748
0.56862748
0.57254905
0.58039218
0.59607846
0.59215689
0.61176473
0.64705884
0.63529414
0.65882355
0.65098041
0.65490198
0.63921571
0.60784316
0.60000002
0.59607846
0.59607846
0.59215689
0.58823532
0.41568628
0.42745098
0.44313726
0.44313726
0.45098040
0.46666667
0.48627451
0.50588238
0.51372552
0.52549022
0.54509807
0.58431375
0.59607846
0.56862748
0.57254905
0.58431375
0.58431375
0.58431375
0.59215689
0.59215689
0.60000002
0.60000002
0.60784316
0.61176473
0.61568630
0.60784316
0.60000002
0.59607846
0.59607846
0.59607846
0.60000002
0.59215689
0.41960785
0.42745098
0.44313726
0.45882353
0.46666667
0.48235294
0.49411765
0.50588238
0.51764709
0.52941179
0.54117650
0.56078434
0.56862748
0.57647061
0.57647061
0.58431375
0.58823532
0.60392159
0.63921571
0.61176473
0.60000002
0.60392159
0.60392159
0.60784316
0.60392159
0.60000002
0.60392159
0.60392159
0.61176473
0.62745100
0.65882355
0.65490198
0.42352942
0.43921569
0.45490196
0.46666667
0.48627451
0.49411765
0.49803922
0.51764709
0.53333336
0.54117650
0.55686277
0.57254905
0.57647061
0.58431375
0.58039218
0.58823532
0.59607846
0.60784316
0.62745100
0.61568630
0.60784316
0.61568630
0.61176473
0.60784316
0.60784316
0.60784316
0.61176473
0.61568630
0.62745100
0.65882355
0.69019610
0.69019610
0.43137255
0.44705883
0.45882353
0.47450981
0.49411765
0.50196081
0.50980395
0.52549022
0.53725493
0.54901963
0.56470591
0.57647061
0.58431375
0.59215689
0.58823532
0.59215689
0.60392159
0.60784316
0.60784316
0.60000002
0.60392159
0.60784316
0.61176473
0.61568630
0.61568630
0.61960787
0.61960787
0.62352943
0.63529414
0.64313728
0.64705884
0.63921571
0.43921569
0.44705883
0.45882353
0.47843137
0.49803922
0.50588238
0.51372552
0.52941179
0.53725493
0.55294120
0.57254905
0.58431375
0.58431375
0.59215689
0.59215689
0.60000002
0.60392159
0.61568630
0.61176473
0.61176473
0.61176473
0.61176473
0.61176473
0.61568630
0.61568630
0.61960787
0.61960787
0.61960787
0.61960787
0.61568630
0.61568630
0.61176473
0.44313726
0.44705883
0.45882353
0.47843137
0.49803922
0.50588238
0.51764709
0.52941179
0.54117650
0.55686277
0.57647061
0.58431375
0.58823532
0.59215689
0.60000002
0.60784316
0.60784316
0.61176473
0.61568630
0.61568630
0.61568630
0.61568630
0.61568630
0.61568630
0.61960787
0.61960787
0.61960787
0.61960787
0.61960787
0.61176473
0.61176473
0.60784316
0.43921569
0.45098040
0.46274510
0.47843137
0.49803922
0.50980395
0.52156866
0.53333336
0.54509807
0.56470591
0.57647061
0.58823532
0.59215689
0.60392159
0.60784316
0.61568630
0.61568630
0.61960787
0.62352943
0.62352943
0.62352943
0.62745100
0.62352943
0.62745100
0.62352943
0.62352943
0.62352943
0.62352943
0.61960787
0.61176473
0.61176473
0.60784316
0.43529412
0.45098040
0.46274510
0.48235294
0.49803922
0.50980395
0.52549022
0.54117650
0.55294120
0.55686277
0.52156866
0.55686277
0.38039216
0.51372552
0.61176473
0.60784316
0.61568630
0.61960787
0.62352943
0.62352943
0.62745100
0.62745100
0.63137257
0.63137257
0.62352943
0.62352943
0.61960787
0.61960787
0.61960787
0.61568630
0.61176473
0.60784316
0.43137255
0.44705883
0.45882353
0.47843137
0.49411765
0.50588238
0.52156866
0.53725493
0.54901963
0.54509807
0.51764709
0.43921569
0.20000000
0.49019608
0.60392159
0.60000002
0.60784316
0.61176473
0.61568630
0.61568630
0.61960787
0.61960787
0.62352943
0.62745100
0.61568630
0.61568630
0.61568630
0.61176473
0.61176473
0.61176473
0.61176473
0.60392159
0.43137255
0.43921569
0.45098040
0.47058824
0.48627451
0.49803922
0.51372552
0.52941179
0.54117650
0.54509807
0.57254905
0.46666667
0.22352941
0.49803922
0.60000002
0.59215689
0.60000002
0.60784316
0.60784316
0.61176473
0.60784316
0.61176473
0.61960787
0.63921571
0.61960787
0.61568630
0.61176473
0.60392159
0.60392159
0.60392159
0.60392159
0.60000002
0.41960785
0.43137255
0.44705883
0.46274510
0.47058824
0.48627451
0.50588238
0.52156866
0.53333336
0.53725493
0.54901963
0.52156866
0.32549021
0.34117648
0.55294120
0.58823532
0.60000002
0.60392159
0.59607846
0.59607846
0.62352943
0.63137257
0.63921571
0.63921571
0.61960787
0.59215689
0.58431375
0.58823532
0.58431375
0.58823532
0.58823532
0.58431375
0.40784314
0.41960785
0.43137255
0.44705883
0.45490196
0.46274510
0.47843137
0.49803922
0.50196081
0.51372552
0.55294120
0.57254905
0.45490196
0.25882354
0.48627451
0.59215689
0.57254905
0.58039218
0.57254905
0.59215689
0.68235296
0.73725492
0.70588237
0.69803923
0.73725492
0.67843139
0.61960787
0.57647061
0.57254905
0.57254905
0.56862748
0.56078434
0.39215687
0.40392157
0.41960785
0.46274510
0.48627451
0.50588238
0.56078434
0.60000002
0.65098041
0.58039218
0.60392159
0.76078433
0.71764708
0.63529414
0.67058825
0.62745100
0.60000002
0.61960787
0.62352943
0.70196080
0.73725492
0.80784315
0.70196080
0.62745100
0.63137257
0.63921571
0.60392159
0.54509807
0.54509807
0.54901963
0.56078434
0.55686277
0.34117648
0.34901962
0.39607844
0.50588238
0.55294120
0.57647061
0.62745100
0.58039218
0.58823532
0.49803922
0.45490196
0.49019608
0.50980395
0.52156866
0.50196081
0.50980395
0.53333336
0.54117650
0.56470591
0.57254905
0.57647061
0.52549022
0.42352942
0.41176471
0.40000001
0.40392157
0.39215687
0.43529412
0.56862748
0.40392157
0.34117648
0.33725491
0.27058825
0.25882354
0.34117648
0.56078434
0.58039218
0.62352943
0.52549022
0.30196080
0.23921569
0.25490198
0.27843139
0.27450982
0.26274511
0.27450982
0.28627452
0.29019609
0.28627452
0.29019609
0.30588236
0.31764707
0.37647060
0.37647060
0.37647060
0.39215687
0.39607844
0.39215687
0.38823530
0.40784314
0.43921569
0.25490198
0.16078432
0.14901961
0.17647059
0.20000000
0.41176471
0.57254905
0.60392159
0.65882355
0.41960785
0.29019609
0.29019609
0.29411766
0.30588236
0.30980393
0.31764707
0.34509805
0.36078432
0.36862746
0.37254903
0.38039216
0.39607844
0.40392157
0.41568628
0.41960785
0.44313726
0.44705883
0.45490196
0.48235294
0.48627451
0.51764709
0.54901963
0.39607844
0.27058825
0.28627452
0.13725491
0.33333334
0.47843137
0.61960787
0.79607844
0.62745100
0.37254903
0.40000001
0.49411765
0.42745098
0.44705883
0.44313726
0.43529412
0.44313726
0.44705883
0.46666667
0.44705883
0.46274510
0.46666667
0.43137255
0.45490196
0.45098040
0.47058824
0.47843137
0.47450981
0.48627451
0.55294120
0.66666669
0.64705884
0.40000001
0.28627452
0.29803923
0.17254902
0.42745098
0.44705883
0.55686277
0.60392159
0.43921569
0.40784314
0.64313728
0.69019610
0.54117650
0.52941179
0.39607844
0.43529412
0.41960785
0.42745098
0.45098040
0.44313726
0.44705883
0.45882353
0.45882353
0.49019608
0.51372552
0.54901963
0.59215689
0.60784316
0.62352943
0.65882355
0.60000002
0.36470589
0.29411766
0.29019609
0.30588236
0.17254902
0.41176471
0.44313726
0.47843137
0.46274510
0.39607844
0.46274510
0.63921571
0.55294120
0.57647061
0.60392159
0.52156866
0.55294120
0.57647061
0.60784316
0.63529414
0.66666669
0.68627453
0.69019610
0.70588237
0.72156864
0.74509805
0.77254903
0.76078433
0.74509805
0.75294119
0.59215689
0.27450982
0.21960784
0.26274511
0.28627452
0.30588236
0.09411765
0.40000001
0.58431375
0.58039218
0.59215689
0.54509807
0.60392159
0.62352943
0.61176473
0.68235296
0.69019610
0.71764708
0.72156864
0.72549021
0.73333335
0.72156864
0.71372551
0.68627453
0.65490198
0.61568630
0.59215689
0.59215689
0.58823532
0.51764709
0.43137255
0.44313726
0.32941177
0.23137255
0.23921569
0.21960784
0.24705882
0.27843139
0.05098039
0.25490198
0.57647061
0.60784316
0.67058825
0.51764709
0.45098040
0.50196081
0.53333336
0.54117650
0.53725493
0.52941179
0.51372552
0.49411765
0.45490196
0.42352942
0.38823530
0.36470589
0.33333334
0.30196080
0.29803923
0.28235295
0.27058825
0.25490198
0.23137255
0.22352941
0.27450982
0.41960785
0.33725491
0.21568628
0.21960784
0.22352941
0.07843138
0.16470589
0.29803923
0.33333334
0.38039216
0.23137255
0.16862746
0.21960784
0.23137255
0.24705882
0.26666668
0.24705882
0.22745098
0.21960784
0.21176471
0.21568628
0.21568628
0.21568628
0.21176471
0.20784314
0.20784314
0.20392157
0.19607843
0.19215687
0.19215687
0.19215687
0.20000000
0.25490198
0.23529412
0.20000000
0.20784314
0.21176471
0.07058824
0.12549020
0.15294118
0.18823530
0.21960784
0.18039216
0.16862746
0.19215687
0.18039216
0.17647059
0.19215687
0.17647059
0.16078432
0.15294118
0.16470589
0.17647059
0.17254902
0.16470589
0.16470589
0.17647059
0.18431373
0.18823530
0.19607843
0.19607843
0.19215687
0.20000000
0.20000000
0.18823530
0.19607843
0.19215687
0.19215687
0.20392157
0.04705882
0.08627451
0.12549020
0.17647059
0.20392157
0.17647059
0.15686275
0.16078432
0.16470589
0.15294118
0.14901961
0.14901961
0.15294118
0.15686275
0.15686275
0.16470589
0.17647059
0.16862746
0.17254902
0.18039216
0.18039216
0.18431373
0.19607843
0.19215687
0.20000000
0.21568628
0.21176471
0.21568628
0.21568628
0.20392157
0.20392157
0.20784314
0.03137255
0.05490196
0.08627451
0.12549020
0.14901961
0.14509805
0.12941177
0.13333334
0.13333334
0.13333334
0.12549020
0.13333334
0.13725491
0.14509805
0.13725491
0.14509805
0.17254902
0.16862746
0.16862746
0.17647059
0.18039216
0.18431373
0.18431373
0.18431373
0.19215687
0.18431373
0.18039216
0.18431373
0.19215687
0.20784314
0.21176471
0.21568628
0.03529412
0.05098039
0.07843138
0.11764706
0.13333334
0.12941177
0.12156863
0.10980392
0.10980392
0.10588235
0.10196079
0.10588235
0.11764706
0.12549020
0.12549020
0.14117648
0.15686275
0.15686275
0.14901961
0.16078432
0.16470589
0.17647059
0.18823530
0.18823530
0.18431373
0.17647059
0.17254902
0.16862746
0.15686275
0.16470589
0.16862746
0.17254902
0.43137255
0.43529412
0.44313726
0.47843137
0.49803922
0.50588238
0.52156866
0.53725493
0.55686277
0.57254905
0.58431375
0.59607846
0.61568630
0.62352943
0.62745100
0.63529414
0.63137257
0.63137257
0.65490198
0.67450982
0.69411767
0.69411767
0.69803923
0.69803923
0.69803923
0.69803923
0.69411767
0.68235296
0.67843139
0.67450982
0.67058825
0.65098041
0.44313726
0.44313726
0.45490196
0.48627451
0.50588238
0.51764709
0.53333336
0.55294120
0.57254905
0.58823532
0.60000002
0.61568630
0.62745100
0.63529414
0.63921571
0.64705884
0.65098041
0.65098041
0.66274512
0.67843139
0.69019610
0.69411767
0.70196080
0.70588237
0.70980394
0.70588237
0.70196080
0.69411767
0.69019610
0.68235296
0.67843139
0.66274512
0.44313726
0.44705883
0.47058824
0.48235294
0.49411765
0.50980395
0.51764709
0.51764709
0.56470591
0.59607846
0.61176473
0.63137257
0.63529414
0.64313728
0.65490198
0.66666669
0.67843139
0.66666669
0.66274512
0.67843139
0.67058825
0.68235296
0.69019610
0.70588237
0.72156864
0.70588237
0.69803923
0.70588237
0.69411767
0.69019610
0.68627453
0.66274512
0.43529412
0.44313726
0.47843137
0.47843137
0.48627451
0.50980395
0.50588238
0.50588238
0.52941179
0.58823532
0.61960787
0.63529414
0.64705884
0.65490198
0.66666669
0.67843139
0.68235296
0.67058825
0.66274512
0.66666669
0.66274512
0.66666669
0.66666669
0.69411767
0.69803923
0.69803923
0.69019610
0.68627453
0.69803923
0.70196080
0.69803923
0.67450982
0.43137255
0.43137255
0.43921569
0.47450981
0.49411765
0.53333336
0.54901963
0.54509807
0.52941179
0.56078434
0.60784316
0.63529414
0.65098041
0.66666669
0.67843139
0.67843139
0.67058825
0.66666669
0.66274512
0.65882355
0.67058825
0.65098041
0.67058825
0.67843139
0.66666669
0.66274512
0.66666669
0.67843139
0.69803923
0.70588237
0.69411767
0.65098041
0.44313726
0.46274510
0.45882353
0.47843137
0.49803922
0.52549022
0.54117650
0.54509807
0.55294120
0.54509807
0.57647061
0.61176473
0.61568630
0.64705884
0.66274512
0.66274512
0.63921571
0.63137257
0.63921571
0.64313728
0.66666669
0.63921571
0.65490198
0.65490198
0.65882355
0.65098041
0.65098041
0.69019610
0.69411767
0.69411767
0.67843139
0.65490198
0.45098040
0.47843137
0.49411765
0.50196081
0.51764709
0.52156866
0.53333336
0.55294120
0.57647061
0.55294120
0.55686277
0.57647061
0.57254905
0.58431375
0.61568630
0.64705884
0.62745100
0.60392159
0.61176473
0.61960787
0.63529414
0.63921571
0.66274512
0.67450982
0.67450982
0.66274512
0.67450982
0.69019610
0.69019610
0.67058825
0.66274512
0.66274512
0.45490196
0.46274510
0.48627451
0.51372552
0.52941179
0.54901963
0.58039218
0.58823532
0.59215689
0.58431375
0.58823532
0.60784316
0.61568630
0.60392159
0.62352943
0.65490198
0.65490198
0.64313728
0.63921571
0.61960787
0.65490198
0.69019610
0.69803923
0.70588237
0.69803923
0.69803923
0.70196080
0.69411767
0.69019610
0.67450982
0.68235296
0.67843139
0.45882353
0.47058824
0.49411765
0.52941179
0.54509807
0.56862748
0.58823532
0.59607846
0.59607846
0.61176473
0.63529414
0.65098041
0.65882355
0.66274512
0.67450982
0.68235296
0.67843139
0.65882355
0.65098041
0.63137257
0.66666669
0.69411767
0.69803923
0.70196080
0.70588237
0.71372551
0.71372551
0.69411767
0.65882355
0.67058825
0.67843139
0.67450982
0.46666667
0.47450981
0.50196081
0.53725493
0.55686277
0.56470591
0.57647061
0.59215689
0.60392159
0.61960787
0.64313728
0.65490198
0.66274512
0.67058825
0.68235296
0.68627453
0.68235296
0.67843139
0.67450982
0.67058825
0.67843139
0.68627453
0.69803923
0.70980394
0.70588237
0.70196080
0.70980394
0.70196080
0.66274512
0.66274512
0.64705884
0.64705884
0.45882353
0.47843137
0.50588238
0.52549022
0.54509807
0.55686277
0.56862748
0.58431375
0.60392159
0.61960787
0.63921571
0.65098041
0.67058825
0.67843139
0.68235296
0.69019610
0.68235296
0.69019610
0.68627453
0.68235296
0.69019610
0.69411767
0.70196080
0.70588237
0.70588237
0.70196080
0.70588237
0.70588237
0.69411767
0.67450982
0.66274512
0.66274512
0.44705883
0.47450981
0.49803922
0.51372552
0.52941179
0.54901963
0.56862748
0.58431375
0.60392159
0.61960787
0.63137257
0.64313728
0.66274512
0.67450982
0.67843139
0.68235296
0.67450982
0.67843139
0.68235296
0.68235296
0.69019610
0.69803923
0.69411767
0.69411767
0.69803923
0.69803923
0.69803923
0.69803923
0.69411767
0.67843139
0.67843139
0.67058825
0.44705883
0.46274510
0.48235294
0.50980395
0.52941179
0.55294120
0.57254905
0.59215689
0.60784316
0.62352943
0.63137257
0.64313728
0.65098041
0.65882355
0.66666669
0.67450982
0.67843139
0.68627453
0.69019610
0.69019610
0.68627453
0.68235296
0.68235296
0.68235296
0.68235296
0.68235296
0.68235296
0.68235296
0.67843139
0.67843139
0.67843139
0.67058825
0.43137255
0.45882353
0.48235294
0.50588238
0.52549022
0.54117650
0.55686277
0.57647061
0.59607846
0.59607846
0.52941179
0.57254905
0.38823530
0.54901963
0.67450982
0.66666669
0.67843139
0.68235296
0.68627453
0.68627453
0.67843139
0.67450982
0.67450982
0.68627453
0.69019610
0.68235296
0.67843139
0.67843139
0.67843139
0.67843139
0.67843139
0.67058825
0.42352942
0.45882353
0.48627451
0.50196081
0.52156866
0.53333336
0.54509807
0.56470591
0.58039218
0.57647061
0.52941179
0.45490196
0.20392157
0.52549022
0.67058825
0.66274512
0.67058825
0.67450982
0.68235296
0.68235296
0.67450982
0.66666669
0.66274512
0.67843139
0.68235296
0.68235296
0.67843139
0.67450982
0.67450982
0.67450982
0.67058825
0.65490198
0.42352942
0.45490196
0.47450981
0.49411765
0.51372552
0.52549022
0.53725493
0.55686277
0.57254905
0.57647061
0.61960787
0.51372552
0.24705882
0.53333336
0.65882355
0.65882355
0.66274512
0.66666669
0.67058825
0.67450982
0.66274512
0.65882355
0.66274512
0.67843139
0.67058825
0.67450982
0.67058825
0.66666669
0.66666669
0.66666669
0.66274512
0.63921571
0.41960785
0.43921569
0.45882353
0.48235294
0.49803922
0.51372552
0.53333336
0.54509807
0.55294120
0.55686277
0.58823532
0.54901963
0.34509805
0.36470589
0.60784316
0.64313728
0.64705884
0.64705884
0.64313728
0.64705884
0.66666669
0.67843139
0.67058825
0.65098041
0.65490198
0.63921571
0.63921571
0.63137257
0.63921571
0.64313728
0.64313728
0.62745100
0.40784314
0.43137255
0.44705883
0.46666667
0.47843137
0.48235294
0.49411765
0.51764709
0.52941179
0.54509807
0.58431375
0.59607846
0.42745098
0.25882354
0.51764709
0.60784316
0.60392159
0.61568630
0.60784316
0.61960787
0.69019610
0.74901962
0.69411767
0.67450982
0.74509805
0.70980394
0.67450982
0.63137257
0.61960787
0.62352943
0.62352943
0.61568630
0.38823530
0.40000001
0.42352942
0.47843137
0.50980395
0.51764709
0.55686277
0.60000002
0.65882355
0.58431375
0.60392159
0.76078433
0.67450982
0.61568630
0.65490198
0.60784316
0.61960787
0.65098041
0.63137257
0.68235296
0.70196080
0.77647060
0.66666669
0.60784316
0.61176473
0.62352943
0.60000002
0.55294120
0.58823532
0.59215689
0.60392159
0.60784316
0.30196080
0.30980393
0.36862746
0.48627451
0.52941179
0.55294120
0.60392159
0.56078434
0.57647061
0.48627451
0.44313726
0.47843137
0.49803922
0.50588238
0.47843137
0.48627451
0.52941179
0.53725493
0.55294120
0.55686277
0.54509807
0.48627451
0.40784314
0.38431373
0.38431373
0.38431373
0.36862746
0.40000001
0.54117650
0.34901962
0.28627452
0.28627452
0.25098041
0.26666668
0.32549021
0.50196081
0.50588238
0.57647061
0.49803922
0.28235295
0.23137255
0.24313726
0.26666668
0.26274511
0.25490198
0.26666668
0.27843139
0.28235295
0.27450982
0.27450982
0.28627452
0.29803923
0.35294119
0.34509805
0.33725491
0.34901962
0.38431373
0.38431373
0.37254903
0.37647060
0.40000001
0.17647059
0.08235294
0.08627451
0.21176471
0.24705882
0.37647060
0.50980395
0.54509807
0.61568630
0.39215687
0.26666668
0.27843139
0.28235295
0.29019609
0.29803923
0.30588236
0.33333334
0.34117648
0.34901962
0.36470589
0.37254903
0.36862746
0.36862746
0.38431373
0.40000001
0.40784314
0.40784314
0.42745098
0.45490196
0.46666667
0.50980395
0.54509807
0.39607844
0.27843139
0.29019609
0.19215687
0.35294119
0.42745098
0.58431375
0.76862746
0.59607846
0.34509805
0.37647060
0.47450981
0.40392157
0.41176471
0.40000001
0.39215687
0.39607844
0.39607844
0.40784314
0.39215687
0.40392157
0.40784314
0.37254903
0.38823530
0.38039216
0.40000001
0.41568628
0.41176471
0.44313726
0.52549022
0.64313728
0.65098041
0.45490196
0.36862746
0.37254903
0.21960784
0.38823530
0.41568628
0.52549022
0.57254905
0.41176471
0.38039216
0.61568630
0.65490198
0.50588238
0.47058824
0.31764707
0.36078432
0.35294119
0.38431373
0.40784314
0.38823530
0.38823530
0.40392157
0.41176471
0.44705883
0.47058824
0.50980395
0.55686277
0.57647061
0.60784316
0.65098041
0.58823532
0.41176471
0.40392157
0.40392157
0.40784314
0.21960784
0.36862746
0.38823530
0.41568628
0.40392157
0.34901962
0.43137255
0.60000002
0.50980395
0.54117650
0.58431375
0.50588238
0.52941179
0.55294120
0.59215689
0.61960787
0.65098041
0.67058825
0.67450982
0.69019610
0.70196080
0.72156864
0.74901962
0.73725492
0.72156864
0.72156864
0.58431375
0.30588236
0.29803923
0.39215687
0.41960785
0.43921569
0.14509805
0.37647060
0.51372552
0.52549022
0.52941179
0.49411765
0.56862748
0.58039218
0.56470591
0.64313728
0.67450982
0.70196080
0.70980394
0.71764708
0.72156864
0.70980394
0.69411767
0.67058825
0.64313728
0.60784316
0.58431375
0.58431375
0.57647061
0.49803922
0.41568628
0.43529412
0.33725491
0.27843139
0.30196080
0.32156864
0.37254903
0.40392157
0.10196079
0.26666668
0.53725493
0.56470591
0.62352943
0.48235294
0.42745098
0.47843137
0.50588238
0.51764709
0.52549022
0.51764709
0.50196081
0.48235294
0.43921569
0.40392157
0.37254903
0.34509805
0.33725491
0.31764707
0.30588236
0.28627452
0.27843139
0.25882354
0.25098041
0.26274511
0.30196080
0.43921569
0.38823530
0.31372550
0.34117648
0.34509805
0.12156863
0.17647059
0.27058825
0.29411766
0.34117648
0.20392157
0.14901961
0.20392157
0.22745098
0.25098041
0.26274511
0.24313726
0.23921569
0.23529412
0.23137255
0.23921569
0.23921569
0.24705882
0.25882354
0.25882354
0.25882354
0.25098041
0.25490198
0.25490198
0.25882354
0.27450982
0.28627452
0.33333334
0.32941177
0.31372550
0.32941177
0.32156864
0.10980392
0.12941177
0.13333334
0.15686275
0.18823530
0.15686275
0.15686275
0.18431373
0.18823530
0.20392157
0.21176471
0.20000000
0.20392157
0.20000000
0.21960784
0.22745098
0.23137255
0.24705882
0.25098041
0.25882354
0.26666668
0.27058825
0.27843139
0.27843139
0.27450982
0.29803923
0.30980393
0.29803923
0.30980393
0.31372550
0.30980393
0.30980393
0.08627451
0.10980392
0.14117648
0.17254902
0.18823530
0.17254902
0.16862746
0.16862746
0.18431373
0.20000000
0.20000000
0.20000000
0.20784314
0.21176471
0.21960784
0.22745098
0.24705882
0.25882354
0.27058825
0.27843139
0.27843139
0.28235295
0.29411766
0.29019609
0.29019609
0.30588236
0.31764707
0.32156864
0.32549021
0.32549021
0.32156864
0.31372550
0.07058824
0.09411765
0.12549020
0.14117648
0.15294118
0.15294118
0.15294118
0.16862746
0.17647059
0.18823530
0.18823530
0.19607843
0.20000000
0.20784314
0.21568628
0.23137255
0.25882354
0.26666668
0.27843139
0.29019609
0.28235295
0.28235295
0.28627452
0.28235295
0.29019609
0.28235295
0.29019609
0.30588236
0.30980393
0.32941177
0.33333334
0.32156864
0.08235294
0.09411765
0.12156863
0.14509805
0.15294118
0.15294118
0.16078432
0.17254902
0.16862746
0.16862746
0.17647059
0.18039216
0.19215687
0.20392157
0.21960784
0.23921569
0.25490198
0.25490198
0.25882354
0.27450982
0.27058825
0.27450982
0.28627452
0.28627452
0.28627452
0.28235295
0.28627452
0.29411766
0.28235295
0.28627452
0.28627452
0.27843139
1 0 0 0 0 0 0 0 -1 0 0
0 1 0 0 0 0 0 0 -1 0 0
0 0 1 0 0 0 0 0 -1 0 0
0 0 0 1 0 0 0 0 -1 0 0
0 0 0 0 1 0 0 0 -1 0 0
0 0 0 0 0 1 0 0 -1 0 0
0 0 0 0 0 0 1 0 -1 0 0
0 0 0 0 0 0 0 1 -1 0 0
0 0 0 0 0 0 0 0 -1 1 0
