0.98823529
0.98431373
0.98431373
0.99215686
0.98823529
0.98823529
0.98823529
0.99215686
0.99215686
0.98431373
0.98823529
0.99215686
0.98823529
0.98431373
0.99215686
0.99215686
0.98039216
0.98431373
0.98823529
0.98431373
0.98431373
0.99215686
0.99215686
0.98823529
0.98823529
0.99215686
0.98823529
0.98431373
0.98823529
0.98823529
0.98823529
0.93725491
1.00000000
1.00000000
1.00000000
0.99607843
1.00000000
1.00000000
1.00000000
1.00000000
1.00000000
1.00000000
1.00000000
1.00000000
1.00000000
1.00000000
0.98823529
0.99215686
1.00000000
1.00000000
1.00000000
1.00000000
1.00000000
1.00000000
0.99607843
1.00000000
1.00000000
0.99607843
1.00000000
0.98823529
0.99607843
1.00000000
1.00000000
0.90196079
0.78823531
0.69019610
0.61568630
0.67058825
0.74901962
0.74509805
0.65882355
0.58039218
0.53333336
0.73725492
0.78431374
0.79215688
0.73725492
0.84313726
0.81568629
0.67058825
0.71764708
0.71372551
0.74901962
0.88627452
0.86274511
0.89803922
0.96470588
0.90588236
0.82745099
0.86666667
0.57647061
0.48627451
0.51372552
0.60392159
0.80392158
0.80000001
0.21568628
0.16862746
0.10196079
0.10196079
0.12156863
0.16470589
0.12941177
0.10980392
0.06274510
0.16470589
0.20392157
0.21176471
0.09411765
0.21960784
0.23921569
0.18039216
0.14117648
0.20000000
0.20784314
0.31372550
0.30588236
0.32549021
0.50196081
0.40784314
0.19215687
0.29803923
0.09803922
0.05098039
0.09019608
0.09019608
0.14901961
0.31764707
0.31372550
0.33725491
0.23529412
0.37254903
0.37647060
0.43529412
0.52941179
0.40392157
0.41568628
0.36078432
0.38431373
0.46274510
0.40784314
0.38039216
0.33725491
0.49411765
0.50980395
0.46274510
0.38431373
0.35686275
0.30196080
0.37647060
0.34901962
0.25490198
0.25490198
0.23529412
0.29411766
0.29019609
0.30980393
0.32941177
0.23137255
0.27450982
0.63921571
0.63137257
0.58823532
0.68627453
0.65098041
0.64705884
0.66666669
0.60784316
0.65882355
0.65098041
0.65490198
0.65098041
0.68627453
0.67843139
0.65098041
0.71372551
0.72549021
0.67450982
0.63529414
0.55294120
0.49803922
0.61568630
0.59607846
0.54509807
0.55686277
0.50980395
0.49019608
0.49019608
0.47058824
0.45098040
0.40392157
0.39215687
0.77647060
0.76862746
0.78039217
0.72549021
0.71372551
0.72941178
0.76470590
0.80000001
0.81568629
0.81960785
0.80784315
0.80392158
0.78039217
0.77254903
0.81960785
0.85882354
0.85098040
0.80000001
0.81176472
0.80392158
0.80000001
0.78039217
0.79215688
0.77254903
0.73333335
0.69803923
0.70196080
0.70588237
0.70588237
0.69803923
0.65098041
0.57254905
0.82352942
0.83137256
0.79215688
0.76470590
0.73725492
0.73333335
0.76862746
0.78431374
0.78823531
0.78823531
0.78823531
0.76470590
0.76078433
0.77647060
0.82745099
0.85490197
0.83529413
0.78431374
0.77254903
0.76078433
0.76862746
0.74901962
0.76862746
0.72549021
0.68627453
0.65882355
0.64705884
0.67450982
0.65490198
0.63921571
0.61176473
0.54117650
0.84313726
0.83529413
0.78431374
0.75294119
0.74509805
0.74509805
0.74509805
0.75686276
0.78823531
0.78039217
0.75294119
0.76470590
0.76470590
0.76470590
0.83137256
0.84705883
0.83529413
0.79607844
0.77647060
0.75686276
0.75686276
0.73725492
0.74117649
0.69411767
0.69411767
0.67450982
0.65098041
0.66274512
0.64313728
0.65098041
0.60392159
0.52549022
0.83529413
0.82352942
0.76862746
0.72941178
0.74117649
0.69803923
0.74901962
0.75686276
0.75294119
0.72941178
0.70196080
0.73333335
0.75686276
0.78039217
0.84313726
0.84313726
0.83921570
0.80000001
0.77254903
0.76862746
0.75686276
0.76470590
0.73725492
0.70588237
0.69411767
0.67843139
0.64313728
0.65882355
0.63529414
0.63529414
0.56862748
0.50980395
0.83529413
0.78431374
0.70980394
0.67058825
0.71764708
0.71372551
0.76862746
0.77647060
0.78039217
0.76078433
0.67843139
0.71372551
0.76862746
0.79607844
0.76470590
0.85882354
0.83529413
0.80000001
0.78039217
0.76078433
0.74901962
0.76862746
0.74509805
0.71372551
0.67450982
0.63921571
0.64313728
0.64705884
0.61960787
0.60000002
0.56862748
0.50196081
0.69019610
0.69803923
0.80784315
0.81568629
0.72549021
0.74117649
0.76470590
0.76862746
0.77254903
0.79607844
0.71372551
0.75294119
0.78431374
0.79607844
0.34509805
0.87450981
0.86666667
0.79607844
0.78039217
0.75294119
0.75294119
0.76862746
0.75294119
0.73333335
0.71372551
0.64705884
0.64313728
0.63529414
0.61568630
0.62352943
0.58431375
0.50196081
0.69019610
0.85882354
0.92156863
0.98823529
0.83529413
0.74117649
0.76862746
0.76078433
0.77647060
0.77254903
0.79215688
0.84313726
0.83529413
0.69803923
0.41960785
0.45490196
0.58431375
0.76862746
0.74901962
0.75686276
0.77254903
0.79607844
0.80000001
0.80392158
0.77254903
0.69411767
0.65098041
0.65882355
0.60000002
0.62352943
0.57647061
0.50980395
0.76862746
0.83137256
0.94117647
0.98431373
0.83921570
0.69803923
0.72941178
0.76078433
0.78039217
0.74901962
0.70980394
0.57254905
0.48235294
0.57647061
0.62745100
0.12941177
0.29803923
0.53333336
0.63137257
0.60392159
0.57647061
0.53333336
0.49411765
0.48627451
0.58039218
0.71372551
0.67450982
0.60000002
0.57254905
0.58039218
0.58431375
0.50980395
0.57647061
0.58039218
0.89411765
0.98823529
0.83137256
0.72156864
0.73725492
0.77647060
0.72156864
0.61176473
0.37254903
0.14509805
0.10196079
0.30196080
0.30980393
0.34117648
0.58823532
0.70980394
0.82352942
0.75294119
0.47058824
0.21568628
0.12156863
0.09411765
0.14509805
0.35686275
0.65098041
0.65490198
0.60392159
0.56862748
0.57647061
0.50588238
0.46666667
0.69803923
0.92549020
0.92941177
0.71372551
0.69411767
0.74509805
0.71372551
0.47843137
0.50980395
0.21176471
0.04705882
0.07450981
0.07058824
0.16470589
0.32549021
0.47450981
0.41960785
0.34117648
0.23137255
0.13333334
0.17254902
0.18039216
0.20392157
0.26666668
0.30980393
0.52549022
0.67843139
0.62745100
0.58823532
0.54117650
0.47843137
0.86274511
0.99607843
1.00000000
0.91764706
0.55294120
0.55686277
0.63137257
0.32156864
0.29803923
0.28235295
0.08627451
0.05098039
0.07058824
0.08627451
0.10196079
0.16078432
0.20000000
0.21960784
0.29019609
0.30196080
0.36470589
0.77647060
0.90196079
0.83529413
0.63529414
0.38039216
0.15294118
0.17647059
0.50588238
0.58431375
0.53725493
0.47058824
1.00000000
0.99607843
0.99607843
0.98431373
0.72941178
0.41960785
0.32156864
0.10588235
0.06666667
0.05098039
0.05490196
0.03137255
0.06274510
0.11372549
0.23529412
0.22745098
0.27843139
0.40784314
0.52549022
0.57254905
0.66274512
0.72549021
0.51764709
0.30980393
0.07058824
0.00000000
0.00000000
0.03529412
0.50196081
0.56470591
0.56470591
0.49019608
0.99215686
0.99607843
1.00000000
0.98823529
0.89411765
0.44313726
0.34509805
0.14509805
0.09411765
0.12549020
0.22352941
0.25882354
0.38039216
0.39215687
0.43529412
0.36470589
0.47058824
0.56078434
0.56078434
0.45882353
0.28235295
0.09019608
0.00000000
0.00000000
0.01568628
0.01568628
0.00000000
0.15294118
0.58431375
0.58823532
0.54901963
0.48235294
0.98039216
0.98039216
0.97647059
1.00000000
0.95294118
0.71764708
0.80000001
0.68627453
0.51372552
0.50588238
0.50196081
0.59215689
0.57647061
0.45882353
0.43137255
0.49019608
0.55294120
0.38823530
0.14901961
0.01176471
0.00000000
0.01568628
0.03137255
0.03529412
0.00784314
0.00000000
0.14117648
0.45490196
0.58431375
0.55294120
0.48627451
0.44313726
0.94117647
0.88235295
0.85882354
0.89019608
0.78823531
0.59215689
0.56862748
0.85098040
0.70196080
0.32156864
0.21960784
0.53333336
0.52941179
0.57254905
0.50588238
0.28627452
0.08627451
0.00000000
0.00000000
0.02745098
0.03921569
0.04313726
0.03137255
0.02745098
0.09411765
0.49019608
0.76078433
0.63137257
0.57647061
0.53725493
0.48235294
0.44705883
0.80392158
0.96078432
0.94117647
0.89803922
0.85098040
0.74509805
0.57647061
0.79607844
0.93725491
0.87843138
0.84313726
0.85098040
0.41176471
0.16078432
0.02352941
0.00000000
0.00392157
0.02745098
0.03921569
0.05882353
0.08235294
0.10980392
0.11372549
0.09019608
0.35294119
0.78039217
0.90588236
0.65882355
0.47058824
0.49803922
0.45098040
0.42352942
0.38823530
0.53725493
0.61960787
0.65098041
0.88235295
1.00000000
1.00000000
0.99215686
0.98431373
0.99607843
0.96470588
0.94509804
0.70980394
0.24705882
0.09411765
0.05882353
0.08235294
0.09019608
0.10588235
0.13333334
0.10980392
0.10588235
0.10980392
0.07058824
0.24313726
0.60000002
0.60392159
0.48627451
0.48627451
0.50196081
0.44313726
0.40784314
0.50196081
0.48235294
0.43921569
0.40784314
0.45490196
0.52941179
0.81176472
0.97647059
1.00000000
1.00000000
1.00000000
1.00000000
1.00000000
0.89411765
0.32156864
0.09803922
0.12156863
0.10980392
0.08627451
0.07450981
0.07450981
0.07843138
0.06666667
0.04313726
0.12549020
0.43921569
0.51764709
0.49411765
0.49411765
0.49803922
0.39607844
0.37254903
0.60392159
0.61568630
0.58039218
0.56862748
0.54509807
0.48235294
0.50196081
0.59215689
0.70588237
0.72549021
0.62352943
0.70980394
0.70980394
0.52941179
0.09803922
0.04705882
0.05882353
0.06666667
0.06666667
0.05490196
0.05098039
0.07058824
0.07843138
0.07450981
0.09019608
0.14509805
0.36862746
0.47843137
0.48235294
0.50588238
0.43921569
0.41176471
0.55294120
0.61960787
0.61568630
0.61568630
0.61176473
0.60784316
0.58039218
0.58431375
0.62352943
0.64705884
0.65098041
0.72549021
0.51764709
0.08627451
0.03921569
0.04705882
0.05882353
0.07058824
0.09019608
0.06666667
0.05882353
0.05882353
0.07450981
0.07058824
0.10196079
0.16078432
0.35294119
0.49019608
0.52156866
0.48235294
0.44313726
0.41960785
0.55686277
0.56862748
0.57254905
0.58431375
0.62352943
0.61568630
0.60392159
0.61568630
0.58431375
0.56862748
0.49411765
0.50196081
0.41176471
0.13333334
0.06666667
0.07058824
0.07450981
0.08235294
0.07843138
0.06666667
0.05490196
0.07450981
0.08627451
0.07058824
0.06666667
0.12156863
0.27058825
0.40392157
0.42745098
0.44313726
0.42352942
0.40392157
0.60392159
0.61568630
0.63137257
0.62352943
0.58431375
0.53333336
0.52941179
0.55686277
0.54509807
0.53333336
0.49019608
0.48627451
0.41960785
0.36078432
0.19215687
0.07450981
0.10196079
0.06274510
0.09019608
0.08235294
0.09019608
0.09803922
0.09411765
0.07058824
0.07450981
0.09803922
0.11372549
0.31372550
0.45490196
0.47450981
0.42352942
0.41568628
0.56078434
0.58039218
0.58823532
0.58039218
0.56078434
0.55686277
0.60000002
0.59215689
0.61568630
0.52549022
0.47843137
0.44705883
0.44313726
0.34117648
0.23137255
0.19215687
0.20392157
0.16078432
0.08627451
0.08235294
0.08627451
0.12156863
0.13333334
0.06666667
0.06274510
0.09411765
0.05490196
0.13333334
0.41568628
0.46666667
0.40392157
0.39607844
0.52941179
0.53333336
0.54117650
0.55686277
0.58039218
0.57647061
0.61960787
0.61960787
0.59215689
0.54901963
0.47843137
0.47450981
0.45490196
0.30196080
0.26666668
0.27058825
0.20392157
0.21960784
0.20392157
0.21960784
0.23529412
0.14117648
0.12156863
0.10196079
0.11764706
0.05882353
0.12941177
0.22352941
0.39215687
0.46274510
0.41176471
0.38039216
0.54901963
0.55686277
0.53725493
0.52549022
0.55686277
0.54901963
0.54901963
0.55294120
0.54509807
0.54117650
0.51764709
0.51764709
0.50588238
0.48235294
0.38039216
0.34117648
0.36078432
0.46274510
0.50196081
0.43137255
0.39607844
0.33725491
0.29411766
0.30980393
0.30588236
0.29019609
0.30980393
0.38431373
0.44705883
0.47843137
0.46274510
0.48627451
0.57647061
0.59215689
0.54509807
0.56862748
0.57647061
0.68235296
0.70980394
0.71372551
0.70980394
0.71372551
0.72156864
0.71372551
0.71764708
0.72156864
0.69803923
0.59215689
0.55686277
0.54509807
0.56862748
0.54509807
0.54509807
0.62745100
0.53333336
0.58823532
0.57647061
0.59215689
0.57254905
0.53333336
0.52156866
0.56078434
0.56470591
0.66274512
0.98823529
0.98431373
0.98431373
0.99215686
0.98823529
0.98823529
0.98823529
0.99215686
0.99215686
0.98431373
0.98823529
0.99215686
0.98823529
0.98431373
0.99215686
0.99215686
0.98039216
0.98431373
0.98823529
0.98431373
0.98431373
0.99215686
0.99215686
0.98823529
0.98823529
0.99215686
0.98823529
0.98431373
0.98823529
0.98823529
0.98823529
0.93725491
1.00000000
1.00000000
1.00000000
0.99607843
1.00000000
1.00000000
1.00000000
1.00000000
1.00000000
1.00000000
1.00000000
1.00000000
1.00000000
1.00000000
0.98823529
0.99215686
1.00000000
1.00000000
1.00000000
1.00000000
1.00000000
1.00000000
0.99607843
1.00000000
1.00000000
0.99607843
1.00000000
0.98823529
0.99607843
1.00000000
1.00000000
0.90196079
0.78823531
0.69019610
0.61568630
0.67058825
0.74901962
0.74509805
0.65882355
0.58039218
0.53333336
0.73725492
0.78431374
0.79215688
0.73725492
0.84313726
0.81568629
0.67058825
0.71764708
0.71372551
0.74901962
0.88627452
0.86274511
0.89803922
0.96470588
0.90588236
0.82745099
0.86666667
0.57647061
0.48627451
0.51372552
0.60392159
0.80392158
0.80000001
0.21568628
0.16862746
0.10196079
0.10196079
0.12156863
0.16470589
0.12941177
0.10980392
0.06274510
0.16470589
0.20392157
0.21176471
0.09411765
0.21960784
0.23921569
0.18039216
0.14117648
0.20000000
0.20784314
0.31372550
0.30588236
0.32549021
0.50196081
0.40784314
0.19215687
0.29803923
0.09803922
0.05098039
0.09019608
0.09019608
0.14901961
0.31764707
0.31372550
0.33725491
0.23529412
0.37254903
0.37647060
0.43529412
0.52941179
0.40392157
0.41568628
0.36078432
0.38431373
0.46274510
0.40784314
0.38039216
0.33725491
0.49411765
0.50980395
0.46274510
0.38431373
0.35686275
0.30196080
0.37647060
0.34901962
0.25490198
0.25490198
0.23529412
0.29411766
0.29019609
0.30980393
0.32941177
0.23137255
0.27450982
0.63921571
0.63137257
0.58823532
0.68627453
0.65098041
0.64705884
0.66666669
0.60784316
0.65882355
0.65098041
0.65490198
0.65098041
0.68627453
0.67843139
0.65098041
0.71372551
0.72549021
0.67450982
0.63529414
0.55294120
0.49803922
0.61568630
0.59607846
0.54509807
0.55686277
0.50980395
0.49019608
0.49019608
0.47058824
0.45098040
0.40392157
0.39215687
0.77647060
0.76862746
0.78039217
0.72549021
0.71372551
0.72941178
0.76470590
0.80000001
0.81568629
0.81960785
0.80784315
0.80392158
0.78039217
0.77254903
0.81960785
0.85882354
0.85098040
0.80000001
0.81176472
0.80392158
0.80000001
0.78039217
0.79215688
0.77254903
0.73333335
0.69803923
0.70196080
0.70588237
0.70588237
0.69803923
0.65098041
0.57254905
0.82352942
0.83137256
0.79215688
0.76470590
0.73725492
0.73333335
0.76862746
0.78431374
0.78823531
0.78823531
0.78823531
0.76470590
0.76078433
0.77647060
0.82745099
0.85490197
0.83529413
0.78431374
0.77254903
0.76078433
0.76862746
0.74901962
0.76862746
0.72549021
0.68627453
0.65882355
0.64705884
0.67450982
0.65490198
0.63921571
0.61176473
0.54117650
0.84313726
0.83529413
0.78431374
0.75294119
0.74509805
0.74509805
0.74509805
0.75686276
0.78823531
0.78039217
0.75294119
0.76470590
0.76470590
0.76470590
0.83137256
0.84705883
0.83529413
0.79607844
0.77647060
0.75686276
0.75686276
0.73725492
0.74117649
0.69411767
0.69411767
0.67450982
0.65098041
0.66274512
0.64313728
0.65098041
0.60392159
0.52549022
0.83529413
0.82352942
0.76862746
0.72941178
0.74117649
0.69803923
0.74901962
0.75686276
0.75294119
0.72941178
0.70196080
0.73333335
0.75686276
0.78039217
0.84313726
0.84313726
0.83921570
0.80000001
0.77254903
0.76862746
0.75686276
0.76470590
0.73725492
0.70588237
0.69411767
0.67843139
0.64313728
0.65882355
0.63529414
0.63529414
0.56862748
0.50980395
0.83529413
0.78431374
0.70980394
0.67058825
0.71764708
0.71372551
0.76862746
0.77647060
0.78039217
0.76078433
0.67843139
0.71372551
0.76862746
0.79607844
0.76470590
0.85882354
0.83529413
0.80000001
0.78039217
0.76078433
0.74901962
0.76862746
0.74509805
0.71372551
0.67450982
0.63921571
0.64313728
0.64705884
0.61960787
0.60000002
0.56862748
0.50196081
0.69019610
0.69803923
0.80784315
0.81568629
0.72549021
0.74117649
0.76470590
0.76862746
0.77254903
0.79607844
0.71372551
0.75294119
0.78431374
0.79607844
0.34509805
0.87450981
0.86666667
0.79607844
0.78039217
0.75294119
0.75294119
0.76862746
0.75294119
0.73333335
0.71372551
0.64705884
0.64313728
0.63529414
0.61568630
0.62352943
0.58431375
0.50196081
0.69019610
0.85882354
0.92156863
0.98823529
0.83529413
0.74117649
0.76862746
0.76078433
0.77647060
0.77254903
0.79215688
0.84313726
0.83529413
0.69803923
0.41960785
0.45490196
0.58431375
0.76862746
0.74901962
0.75686276
0.77254903
0.79607844
0.80000001
0.80392158
0.77254903
0.69411767
0.65098041
0.65882355
0.60000002
0.62352943
0.57647061
0.50980395
0.76862746
0.83137256
0.94117647
0.98431373
0.83921570
0.69803923
0.72941178
0.76078433
0.78039217
0.74901962
0.70980394
0.57254905
0.48235294
0.57647061
0.62745100
0.12941177
0.29803923
0.53333336
0.63137257
0.60392159
0.57647061
0.53333336
0.49411765
0.48627451
0.58039218
0.71372551
0.67450982
0.60000002
0.57254905
0.58039218
0.58431375
0.50980395
0.57647061
0.58039218
0.89411765
0.98823529
0.83137256
0.72156864
0.73725492
0.77647060
0.72156864
0.61176473
0.37254903
0.14509805
0.10196079
0.30196080
0.30980393
0.34117648
0.58823532
0.70980394
0.82352942
0.75294119
0.47058824
0.21568628
0.12156863
0.09411765
0.14509805
0.35686275
0.65098041
0.65490198
0.60392159
0.56862748
0.57647061
0.50588238
0.46666667
0.69803923
0.92549020
0.92941177
0.71372551
0.69411767
0.74509805
0.71372551
0.47843137
0.50980395
0.21176471
0.04705882
0.07450981
0.07058824
0.16470589
0.32549021
0.47450981
0.41960785
0.34117648
0.23137255
0.13333334
0.17254902
0.18039216
0.20392157
0.26666668
0.30980393
0.52549022
0.67843139
0.62745100
0.58823532
0.54117650
0.47843137
0.86274511
0.99607843
1.00000000
0.91764706
0.55294120
0.55686277
0.63137257
0.32156864
0.29803923
0.28235295
0.08627451
0.05098039
0.07058824
0.08627451
0.10196079
0.16078432
0.20000000
0.21960784
0.29019609
0.30196080
0.36470589
0.77647060
0.90196079
0.83529413
0.63529414
0.38039216
0.15294118
0.17647059
0.50588238
0.58431375
0.53725493
0.47058824
1.00000000
0.99607843
0.99607843
0.98431373
0.72941178
0.41960785
0.32156864
0.10588235
0.06666667
0.05098039
0.05490196
0.03137255
0.06274510
0.11372549
0.23529412
0.22745098
0.27843139
0.40784314
0.52549022
0.57254905
0.66274512
0.72549021
0.51764709
0.30980393
0.07058824
0.00000000
0.00000000
0.03529412
0.50196081
0.56470591
0.56470591
0.49019608
0.99215686
0.99607843
1.00000000
0.98823529
0.89411765
0.44313726
0.34509805
0.14509805
0.09411765
0.12549020
0.22352941
0.25882354
0.38039216
0.39215687
0.43529412
0.36470589
0.47058824
0.56078434
0.56078434
0.45882353
0.28235295
0.09019608
0.00000000
0.00000000
0.01568628
0.01568628
0.00000000
0.15294118
0.58431375
0.58823532
0.54901963
0.48235294
0.98039216
0.98039216
0.97647059
1.00000000
0.95294118
0.71764708
0.80000001
0.68627453
0.51372552
0.50588238
0.50196081
0.59215689
0.57647061
0.45882353
0.43137255
0.49019608
0.55294120
0.38823530
0.14901961
0.01176471
0.00000000
0.01568628
0.03137255
0.03529412
0.00784314
0.00000000
0.14117648
0.45490196
0.58431375
0.55294120
0.48627451
0.44313726
0.94117647
0.88235295
0.85882354
0.89019608
0.78823531
0.59215689
0.56862748
0.85098040
0.70196080
0.32156864
0.21960784
0.53333336
0.52941179
0.57254905
0.50588238
0.28627452
0.08627451
0.00000000
0.00000000
0.02745098
0.03921569
0.04313726
0.03137255
0.02745098
0.09411765
0.49019608
0.76078433
0.63137257
0.57647061
0.53725493
0.48235294
0.44705883
0.80392158
0.96078432
0.94117647
0.89803922
0.85098040
0.74509805
0.57647061
0.79607844
0.93725491
0.87843138
0.84313726
0.85098040
0.41176471
0.16078432
0.02352941
0.00000000
0.00392157
0.02745098
0.03921569
0.05882353
0.08235294
0.10980392
0.11372549
0.09019608
0.35294119
0.78039217
0.90588236
0.65882355
0.47058824
0.49803922
0.45098040
0.42352942
0.38823530
0.53725493
0.61960787
0.65098041
0.88235295
1.00000000
1.00000000
0.99215686
0.98431373
0.99607843
0.96470588
0.94509804
0.70980394
0.24705882
0.09411765
0.05882353
0.08235294
0.09019608
0.10588235
0.13333334
0.10980392
0.10588235
0.10980392
0.07058824
0.24313726
0.60000002
0.60392159
0.48627451
0.48627451
0.50196081
0.44313726
0.40784314
0.50196081
0.48235294
0.43921569
0.40784314
0.45490196
0.52941179
0.81176472
0.97647059
1.00000000
1.00000000
1.00000000
1.00000000
1.00000000
0.89411765
0.32156864
0.09803922
0.12156863
0.10980392
0.08627451
0.07450981
0.07450981
0.07843138
0.06666667
0.04313726
0.12549020
0.43921569
0.51764709
0.49411765
0.49411765
0.49803922
0.39607844
0.37254903
0.60392159
0.61568630
0.58039218
0.56862748
0.54509807
0.48235294
0.50196081
0.59215689
0.70588237
0.72549021
0.62352943
0.70980394
0.70980394
0.52941179
0.09803922
0.04705882
0.05882353
0.06666667
0.06666667
0.05490196
0.05098039
0.07058824
0.07843138
0.07450981
0.09019608
0.14509805
0.36862746
0.47843137
0.48235294
0.50588238
0.43921569
0.41176471
0.55294120
0.61960787
0.61568630
0.61568630
0.61176473
0.60784316
0.58039218
0.58431375
0.62352943
0.64705884
0.65098041
0.72549021
0.51764709
0.08627451
0.03921569
0.04705882
0.05882353
0.07058824
0.09019608
0.06666667
0.05882353
0.05882353
0.07450981
0.07058824
0.10196079
0.16078432
0.35294119
0.49019608
0.52156866
0.48235294
0.44313726
0.41960785
0.55686277
0.56862748
0.57254905
0.58431375
0.62352943
0.61568630
0.60392159
0.61568630
0.58431375
0.56862748
0.49411765
0.50196081
0.41176471
0.13333334
0.06666667
0.07058824
0.07450981
0.08235294
0.07843138
0.06666667
0.05490196
0.07450981
0.08627451
0.07058824
0.06666667
0.12156863
0.27058825
0.40392157
0.42745098
0.44313726
0.42352942
0.40392157
0.60392159
0.61568630
0.63137257
0.62352943
0.58431375
0.53333336
0.52941179
0.55686277
0.54509807
0.53333336
0.49019608
0.48627451
0.41960785
0.36078432
0.19215687
0.07450981
0.10196079
0.06274510
0.09019608
0.08235294
0.09019608
0.09803922
0.09411765
0.07058824
0.07450981
0.09803922
0.11372549
0.31372550
0.45490196
0.47450981
0.42352942
0.41568628
0.56078434
0.58039218
0.58823532
0.58039218
0.56078434
0.55686277
0.60000002
0.59215689
0.61568630
0.52549022
0.47843137
0.44705883
0.44313726
0.34117648
0.23137255
0.19215687
0.20392157
0.16078432
0.08627451
0.08235294
0.08627451
0.12156863
0.13333334
0.06666667
0.06274510
0.09411765
0.05490196
0.13333334
0.41568628
0.46666667
0.40392157
0.39607844
0.52941179
0.53333336
0.54117650
0.55686277
0.58039218
0.57647061
0.61960787
0.61960787
0.59215689
0.54901963
0.47843137
0.47450981
0.45490196
0.30196080
0.26666668
0.27058825
0.20392157
0.21960784
0.20392157
0.21960784
0.23529412
0.14117648
0.12156863
0.10196079
0.11764706
0.05882353
0.12941177
0.22352941
0.39215687
0.46274510
0.41176471
0.38039216
0.54901963
0.55686277
0.53725493
0.52549022
0.55686277
0.54901963
0.54901963
0.55294120
0.54509807
0.54117650
0.51764709
0.51764709
0.50588238
0.48235294
0.38039216
0.34117648
0.36078432
0.46274510
0.50196081
0.43137255
0.39607844
0.33725491
0.29411766
0.30980393
0.30588236
0.29019609
0.30980393
0.38431373
0.44705883
0.47843137
0.46274510
0.48627451
0.57647061
0.59215689
0.54509807
0.56862748
0.57647061
0.68235296
0.70980394
0.71372551
0.70980394
0.71372551
0.72156864
0.71372551
0.71764708
0.72156864
0.69803923
0.59215689
0.55686277
0.54509807
0.56862748
0.54509807
0.54509807
0.62745100
0.53333336
0.58823532
0.57647061
0.59215689
0.57254905
0.53333336
0.52156866
0.56078434
0.56470591
0.66274512
0.98823529
0.98431373
0.98431373
0.99215686
0.98823529
0.98823529
0.98823529
0.99215686
0.99215686
0.98431373
0.98823529
0.99215686
0.98823529
0.98431373
0.99215686
0.99215686
0.98039216
0.98431373
0.98823529
0.98431373
0.98431373
0.99215686
0.99215686
0.98823529
0.98823529
0.99215686
0.98823529
0.98431373
0.98823529
0.98823529
0.98823529
0.93725491
1.00000000
1.00000000
1.00000000
0.99607843
1.00000000
1.00000000
1.00000000
1.00000000
1.00000000
1.00000000
1.00000000
1.00000000
1.00000000
1.00000000
0.98823529
0.99215686
1.00000000
1.00000000
1.00000000
1.00000000
1.00000000
1.00000000
0.99607843
1.00000000
1.00000000
0.99607843
1.00000000
0.98823529
0.99607843
1.00000000
1.00000000
0.90196079
0.78823531
0.69019610
0.61568630
0.67058825
0.74901962
0.74509805
0.65882355
0.58039218
0.53333336
0.73725492
0.78431374
0.79215688
0.73725492
0.84313726
0.81568629
0.67058825
0.71764708
0.71372551
0.74901962
0.88627452
0.86274511
0.89803922
0.96470588
0.90588236
0.82745099
0.86666667
0.57647061
0.48627451
0.51372552
0.60392159
0.80392158
0.80000001
0.21568628
0.16862746
0.10196079
0.10196079
0.12156863
0.16470589
0.12941177
0.10980392
0.06274510
0.16470589
0.20392157
0.21176471
0.09411765
0.21960784
0.23921569
0.18039216
0.14117648
0.20000000
0.20784314
0.31372550
0.30588236
0.32549021
0.50196081
0.40784314
0.19215687
0.29803923
0.09803922
0.05098039
0.09019608
0.09019608
0.14901961
0.31764707
0.31372550
0.33725491
0.23529412
0.37254903
0.37647060
0.43529412
0.52941179
0.40392157
0.41568628
0.36078432
0.38431373
0.46274510
0.40784314
0.38039216
0.33725491
0.49411765
0.50980395
0.46274510
0.38431373
0.35686275
0.30196080
0.37647060
0.34901962
0.25490198
0.25490198
0.23529412
0.29411766
0.29019609
0.30980393
0.32941177
0.23137255
0.27450982
0.63921571
0.63137257
0.58823532
0.68627453
0.65098041
0.64705884
0.66666669
0.60784316
0.65882355
0.65098041
0.65490198
0.65098041
0.68627453
0.67843139
0.65098041
0.71372551
0.72549021
0.67450982
0.63529414
0.55294120
0.49803922
0.61568630
0.59607846
0.54509807
0.55686277
0.50980395
0.49019608
0.49019608
0.47058824
0.45098040
0.40392157
0.39215687
0.77647060
0.76862746
0.78039217
0.72549021
0.71372551
0.72941178
0.76470590
0.80000001
0.81568629
0.81960785
0.80784315
0.80392158
0.78039217
0.77254903
0.81960785
0.85882354
0.85098040
0.80000001
0.81176472
0.80392158
0.80000001
0.78039217
0.79215688
0.77254903
0.73333335
0.69803923
0.70196080
0.70588237
0.70588237
0.69803923
0.65098041
0.57254905
0.82352942
0.83137256
0.79215688
0.76470590
0.73725492
0.73333335
0.76862746
0.78431374
0.78823531
0.78823531
0.78823531
0.76470590
0.76078433
0.77647060
0.82745099
0.85490197
0.83529413
0.78431374
0.77254903
0.76078433
0.76862746
0.74901962
0.76862746
0.72549021
0.68627453
0.65882355
0.64705884
0.67450982
0.65490198
0.63921571
0.61176473
0.54117650
0.84313726
0.83529413
0.78431374
0.75294119
0.74509805
0.74509805
0.74509805
0.75686276
0.78823531
0.78039217
0.75294119
0.76470590
0.76470590
0.76470590
0.83137256
0.84705883
0.83529413
0.79607844
0.77647060
0.75686276
0.75686276
0.73725492
0.74117649
0.69411767
0.69411767
0.67450982
0.65098041
0.66274512
0.64313728
0.65098041
0.60392159
0.52549022
0.83529413
0.82352942
0.76862746
0.72941178
0.74117649
0.69803923
0.74901962
0.75686276
0.75294119
0.72941178
0.70196080
0.73333335
0.75686276
0.78039217
0.84313726
0.84313726
0.83921570
0.80000001
0.77254903
0.76862746
0.75686276
0.76470590
0.73725492
0.70588237
0.69411767
0.67843139
0.64313728
0.65882355
0.63529414
0.63529414
0.56862748
0.50980395
0.83529413
0.78431374
0.70980394
0.67058825
0.71764708
0.71372551
0.76862746
0.77647060
0.78039217
0.76078433
0.67843139
0.71372551
0.76862746
0.79607844
0.76470590
0.85882354
0.83529413
0.80000001
0.78039217
0.76078433
0.74901962
0.76862746
0.74509805
0.71372551
0.67450982
0.63921571
0.64313728
0.64705884
0.61960787
0.60000002
0.56862748
0.50196081
0.69019610
0.69803923
0.80784315
0.81568629
0.72549021
0.74117649
0.76470590
0.76862746
0.77254903
0.79607844
0.71372551
0.75294119
0.78431374
0.79607844
0.34509805
0.87450981
0.86666667
0.79607844
0.78039217
0.75294119
0.75294119
0.76862746
0.75294119
0.73333335
0.71372551
0.64705884
0.64313728
0.63529414
0.61568630
0.62352943
0.58431375
0.50196081
0.69019610
0.85882354
0.92156863
0.98823529
0.83529413
0.74117649
0.76862746
0.76078433
0.77647060
0.77254903
0.79215688
0.84313726
0.83529413
0.69803923
0.41960785
0.45490196
0.58431375
0.76862746
0.74901962
0.75686276
0.77254903
0.79607844
0.80000001
0.80392158
0.77254903
0.69411767
0.65098041
0.65882355
0.60000002
0.62352943
0.57647061
0.50980395
0.76862746
0.83137256
0.94117647
0.98431373
0.83921570
0.69803923
0.72941178
0.76078433
0.78039217
0.74901962
0.70980394
0.57254905
0.48235294
0.57647061
0.62745100
0.12941177
0.29803923
0.53333336
0.63137257
0.60392159
0.57647061
0.53333336
0.49411765
0.48627451
0.58039218
0.71372551
0.67450982
0.60000002
0.57254905
0.58039218
0.58431375
0.50980395
0.57647061
0.58039218
0.89411765
0.98823529
0.83137256
0.72156864
0.73725492
0.77647060
0.72156864
0.61176473
0.37254903
0.14509805
0.10196079
0.30196080
0.30980393
0.34117648
0.58823532
0.70980394
0.82352942
0.75294119
0.47058824
0.21568628
0.12156863
0.09411765
0.14509805
0.35686275
0.65098041
0.65490198
0.60392159
0.56862748
0.57647061
0.50588238
0.46666667
0.69803923
0.92549020
0.92941177
0.71372551
0.69411767
0.74509805
0.71372551
0.47843137
0.50980395
0.21176471
0.04705882
0.07450981
0.07058824
0.16470589
0.32549021
0.47450981
0.41960785
0.34117648
0.23137255
0.13333334
0.17254902
0.18039216
0.20392157
0.26666668
0.30980393
0.52549022
0.67843139
0.62745100
0.58823532
0.54117650
0.47843137
0.86274511
0.99607843
1.00000000
0.91764706
0.55294120
0.55686277
0.63137257
0.32156864
0.29803923
0.28235295
0.08627451
0.05098039
0.07058824
0.08627451
0.10196079
0.16078432
0.20000000
0.21960784
0.29019609
0.30196080
0.36470589
0.77647060
0.90196079
0.83529413
0.63529414
0.38039216
0.15294118
0.17647059
0.50588238
0.58431375
0.53725493
0.47058824
1.00000000
0.99607843
0.99607843
0.98431373
0.72941178
0.41960785
0.32156864
0.10588235
0.06666667
0.05098039
0.05490196
0.03137255
0.06274510
0.11372549
0.23529412
0.22745098
0.27843139
0.40784314
0.52549022
0.57254905
0.66274512
0.72549021
0.51764709
0.30980393
0.07058824
0.00000000
0.00000000
0.03529412
0.50196081
0.56470591
0.56470591
0.49019608
0.99215686
0.99607843
1.00000000
0.98823529
0.89411765
0.44313726
0.34509805
0.14509805
0.09411765
0.12549020
0.22352941
0.25882354
0.38039216
0.39215687
0.43529412
0.36470589
0.47058824
0.56078434
0.56078434
0.45882353
0.28235295
0.09019608
0.00000000
0.00000000
0.01568628
0.01568628
0.00000000
0.15294118
0.58431375
0.58823532
0.54901963
0.48235294
0.98039216
0.98039216
0.97647059
1.00000000
0.95294118
0.71764708
0.80000001
0.68627453
0.51372552
0.50588238
0.50196081
0.59215689
0.57647061
0.45882353
0.43137255
0.49019608
0.55294120
0.38823530
0.14901961
0.01176471
0.00000000
0.01568628
0.03137255
0.03529412
0.00784314
0.00000000
0.14117648
0.45490196
0.58431375
0.55294120
0.48627451
0.44313726
0.94117647
0.88235295
0.85882354
0.89019608
0.78823531
0.59215689
0.56862748
0.85098040
0.70196080
0.32156864
0.21960784
0.53333336
0.52941179
0.57254905
0.50588238
0.28627452
0.08627451
0.00000000
0.00000000
0.02745098
0.03921569
0.04313726
0.03137255
0.02745098
0.09411765
0.49019608
0.76078433
0.63137257
0.57647061
0.53725493
0.48235294
0.44705883
0.80392158
0.96078432
0.94117647
0.89803922
0.85098040
0.74509805
0.57647061
0.79607844
0.93725491
0.87843138
0.84313726
0.85098040
0.41176471
0.16078432
0.02352941
0.00000000
0.00392157
0.02745098
0.03921569
0.05882353
0.08235294
0.10980392
0.11372549
0.09019608
0.35294119
0.78039217
0.90588236
0.65882355
0.47058824
0.49803922
0.45098040
0.42352942
0.38823530
0.53725493
0.61960787
0.65098041
0.88235295
1.00000000
1.00000000
0.99215686
0.98431373
0.99607843
0.96470588
0.94509804
0.70980394
0.24705882
0.09411765
0.05882353
0.08235294
0.09019608
0.10588235
0.13333334
0.10980392
0.10588235
0.10980392
0.07058824
0.24313726
0.60000002
0.60392159
0.48627451
0.48627451
0.50196081
0.44313726
0.40784314
0.50196081
0.48235294
0.43921569
0.40784314
0.45490196
0.52941179
0.81176472
0.97647059
1.00000000
1.00000000
1.00000000
1.00000000
1.00000000
0.89411765
0.32156864
0.09803922
0.12156863
0.10980392
0.08627451
0.07450981
0.07450981
0.07843138
0.06666667
0.04313726
0.12549020
0.43921569
0.51764709
0.49411765
0.49411765
0.49803922
0.39607844
0.37254903
0.60392159
0.61568630
0.58039218
0.56862748
0.54509807
0.48235294
0.50196081
0.59215689
0.70588237
0.72549021
0.62352943
0.70980394
0.70980394
0.52941179
0.09803922
0.04705882
0.05882353
0.06666667
0.06666667
0.05490196
0.05098039
0.07058824
0.07843138
0.07450981
0.09019608
0.14509805
0.36862746
0.47843137
0.48235294
0.50588238
0.43921569
0.41176471
0.55294120
0.61960787
0.61568630
0.61568630
0.61176473
0.60784316
0.58039218
0.58431375
0.62352943
0.64705884
0.65098041
0.72549021
0.51764709
0.08627451
0.03921569
0.04705882
0.05882353
0.07058824
0.09019608
0.06666667
0.05882353
0.05882353
0.07450981
0.07058824
0.10196079
0.16078432
0.35294119
0.49019608
0.52156866
0.48235294
0.44313726
0.41960785
0.55686277
0.56862748
0.57254905
0.58431375
0.62352943
0.61568630
0.60392159
0.61568630
0.58431375
0.56862748
0.49411765
0.50196081
0.41176471
0.13333334
0.06666667
0.07058824
0.07450981
0.08235294
0.07843138
0.06666667
0.05490196
0.07450981
0.08627451
0.07058824
0.06666667
0.12156863
0.27058825
0.40392157
0.42745098
0.44313726
0.42352942
0.40392157
0.60392159
0.61568630
0.63137257
0.62352943
0.58431375
0.53333336
0.52941179
0.55686277
0.54509807
0.53333336
0.49019608
0.48627451
0.41960785
0.36078432
0.19215687
0.07450981
0.10196079
0.06274510
0.09019608
0.08235294
0.09019608
0.09803922
0.09411765
0.07058824
0.07450981
0.09803922
0.11372549
0.31372550
0.45490196
0.47450981
0.42352942
0.41568628
0.56078434
0.58039218
0.58823532
0.58039218
0.56078434
0.55686277
0.60000002
0.59215689
0.61568630
0.52549022
0.47843137
0.44705883
0.44313726
0.34117648
0.23137255
0.19215687
0.20392157
0.16078432
0.08627451
0.08235294
0.08627451
0.12156863
0.13333334
0.06666667
0.06274510
0.09411765
0.05490196
0.13333334
0.41568628
0.46666667
0.40392157
0.39607844
0.52941179
0.53333336
0.54117650
0.55686277
0.58039218
0.57647061
0.61960787
0.61960787
0.59215689
0.54901963
0.47843137
0.47450981
0.45490196
0.30196080
0.26666668
0.27058825
0.20392157
0.21960784
0.20392157
0.21960784
0.23529412
0.14117648
0.12156863
0.10196079
0.11764706
0.05882353
0.12941177
0.22352941
0.39215687
0.46274510
0.41176471
0.38039216
0.54901963
0.55686277
0.53725493
0.52549022
0.55686277
0.54901963
0.54901963
0.55294120
0.54509807
0.54117650
0.51764709
0.51764709
0.50588238
0.48235294
0.38039216
0.34117648
0.36078432
0.46274510
0.50196081
0.43137255
0.39607844
0.33725491
0.29411766
0.30980393
0.30588236
0.29019609
0.30980393
0.38431373
0.44705883
0.47843137
0.46274510
0.48627451
0.57647061
0.59215689
0.54509807
0.56862748
0.57647061
0.68235296
0.70980394
0.71372551
0.70980394
0.71372551
0.72156864
0.71372551
0.71764708
0.72156864
0.69803923
0.59215689
0.55686277
0.54509807
0.56862748
0.54509807
0.54509807
0.62745100
0.53333336
0.58823532
0.57647061
0.59215689
0.57254905
0.53333336
0.52156866
0.56078434
0.56470591
0.66274512
1 0 0 0 0 0 0 0 -1 0 0
0 1 0 0 0 0 0 0 -1 0 0
0 0 1 0 0 0 0 0 -1 0 0
0 0 0 1 0 0 0 0 -1 0 0
0 0 0 0 1 0 0 0 -1 0 0
0 0 0 0 0 1 0 0 -1 0 0
0 0 0 0 0 0 1 0 -1 0 0
0 0 0 0 0 0 0 1 -1 0 0
0 0 0 0 0 0 0 0 -1 1 0
