0.91372550
0.88627452
0.89411765
0.89803922
0.89803922
0.89803922
0.89803922
0.89411765
0.89019608
0.89019608
0.89019608
0.89019608
0.89019608
0.89019608
0.88627452
0.89019608
0.89803922
0.89803922
0.89411765
0.89803922
0.89803922
0.89411765
0.89411765
0.89803922
0.90196079
0.90196079
0.90196079
0.89803922
0.89411765
0.89803922
0.89803922
0.87843138
0.87843138
0.92941177
0.93333334
0.93725491
0.93725491
0.94117647
0.94117647
0.93725491
0.92941177
0.92941177
0.92941177
0.92941177
0.92941177
0.92941177
0.92941177
0.93333334
0.93725491
0.93725491
0.93725491
0.93333334
0.93725491
0.93725491
0.93333334
0.93333334
0.93333334
0.92941177
0.91764706
0.90196079
0.89019608
0.88627452
0.88627452
0.80392158
0.91764706
1.00000000
1.00000000
1.00000000
1.00000000
1.00000000
1.00000000
1.00000000
1.00000000
1.00000000
1.00000000
1.00000000
1.00000000
1.00000000
1.00000000
1.00000000
1.00000000
1.00000000
1.00000000
1.00000000
1.00000000
1.00000000
1.00000000
1.00000000
1.00000000
0.99607843
0.98039216
0.96078432
0.95294118
0.94117647
0.93725491
0.83529413
0.90980393
0.99607843
0.98431373
0.98431373
0.99215686
0.99215686
0.98823529
0.99215686
0.99215686
0.98823529
0.98823529
0.98823529
0.98431373
0.98823529
0.98823529
0.99215686
0.99215686
0.99607843
0.99607843
0.99215686
0.98431373
0.98039216
0.98039216
0.97647059
0.97254902
0.96862745
0.95294118
0.94117647
0.92941177
0.92156863
0.91372550
0.81176472
0.89411765
0.97254902
0.96862745
0.96470588
0.97254902
0.97254902
0.97647059
0.98039216
0.98823529
0.99607843
0.99607843
0.99607843
0.99607843
0.99215686
0.98431373
0.98823529
0.98823529
0.99607843
0.99215686
0.98823529
0.97647059
0.97647059
0.97647059
0.97254902
0.96862745
0.96078432
0.94117647
0.92941177
0.92156863
0.91372550
0.90196079
0.79607844
0.87058824
0.92941177
0.94117647
0.93725491
0.94509804
0.94509804
0.95294118
0.96470588
0.97647059
0.98823529
0.99607843
1.00000000
0.99607843
0.98039216
0.98039216
0.97647059
0.97254902
0.96470588
0.93333334
0.95686275
0.97254902
0.97254902
0.97647059
0.97254902
0.96470588
0.94901961
0.93333334
0.92941177
0.91764706
0.90196079
0.89411765
0.79215688
0.85882354
0.89803922
0.91372550
0.91764706
0.92941177
0.93333334
0.94901961
0.96078432
0.97647059
0.98823529
0.99607843
0.98823529
0.96078432
0.94901961
0.89019608
0.82352942
0.78039217
0.72156864
0.74901962
0.91372550
0.96470588
0.95686275
0.96078432
0.96078432
0.95686275
0.94509804
0.92941177
0.92549020
0.90980393
0.89019608
0.89019608
0.79215688
0.84313726
0.88235295
0.89803922
0.90588236
0.90980393
0.92156863
0.94509804
0.96470588
0.98039216
0.98823529
0.98823529
0.94509804
0.84313726
0.74509805
0.60392159
0.50196081
0.48235294
0.44705883
0.50980395
0.77254903
0.94901961
0.94901961
0.95294118
0.94901961
0.94117647
0.93333334
0.92156863
0.91764706
0.90196079
0.88627452
0.88627452
0.79215688
0.83529413
0.87058824
0.89019608
0.89019608
0.89803922
0.91764706
0.94117647
0.96470588
0.98039216
0.98039216
0.96078432
0.89411765
0.69411767
0.54901963
0.47450981
0.36862746
0.34509805
0.38823530
0.41176471
0.55686277
0.87058824
0.95294118
0.94509804
0.94117647
0.92941177
0.91764706
0.91372550
0.90588236
0.89411765
0.88627452
0.88235295
0.78823531
0.83529413
0.86274511
0.87843138
0.87843138
0.88627452
0.90980393
0.92549020
0.95686275
0.97647059
0.96078432
0.90196079
0.77647060
0.56078434
0.44313726
0.43137255
0.39607844
0.34901962
0.37647060
0.46666667
0.49803922
0.67843139
0.90980393
0.92941177
0.92156863
0.90980393
0.90196079
0.90196079
0.89803922
0.89803922
0.88627452
0.87843138
0.78431374
0.83529413
0.85882354
0.87058824
0.87450981
0.88627452
0.90588236
0.92156863
0.94901961
0.96862745
0.93725491
0.78431374
0.56078434
0.43137255
0.32549021
0.32549021
0.41568628
0.40000001
0.36078432
0.47450981
0.52549022
0.56862748
0.82745099
0.90980393
0.89411765
0.89019608
0.89019608
0.89019608
0.89803922
0.89803922
0.88235295
0.86666667
0.77647060
0.83529413
0.86666667
0.87843138
0.88235295
0.89803922
0.91372550
0.92941177
0.93725491
0.94117647
0.87058824
0.61568630
0.36862746
0.31372550
0.25882354
0.28235295
0.36078432
0.36078432
0.30588236
0.43137255
0.47843137
0.50588238
0.71372551
0.87450981
0.88235295
0.87843138
0.88627452
0.88627452
0.88627452
0.88627452
0.86666667
0.85098040
0.76078433
0.83529413
0.86274511
0.87843138
0.89019608
0.90980393
0.92156863
0.93725491
0.93333334
0.91764706
0.79607844
0.50980395
0.34509805
0.28627452
0.25098041
0.30196080
0.32941177
0.30980393
0.24705882
0.34509805
0.46666667
0.48627451
0.61176473
0.80784315
0.87450981
0.87843138
0.88235295
0.88235295
0.87450981
0.87058824
0.85098040
0.83921570
0.74901962
0.83137256
0.85882354
0.87843138
0.89803922
0.91764706
0.92941177
0.94117647
0.93725491
0.91764706
0.77647060
0.46666667
0.40784314
0.34509805
0.32156864
0.30588236
0.27058825
0.19607843
0.22352941
0.35686275
0.50196081
0.45882353
0.55294120
0.72549021
0.85490197
0.87450981
0.87843138
0.87843138
0.87450981
0.86274511
0.84313726
0.83137256
0.73333335
0.81960785
0.85098040
0.87843138
0.90196079
0.92156863
0.93333334
0.93333334
0.93725491
0.92941177
0.83529413
0.57647061
0.45098040
0.45098040
0.39215687
0.30196080
0.24313726
0.16078432
0.25490198
0.39607844
0.46274510
0.41960785
0.54901963
0.65490198
0.83921570
0.88235295
0.87843138
0.87450981
0.87058824
0.85490197
0.83137256
0.81568629
0.72156864
0.80392158
0.83529413
0.87450981
0.90196079
0.92156863
0.93725491
0.94117647
0.94509804
0.94509804
0.88627452
0.70588237
0.60000002
0.58431375
0.41568628
0.37254903
0.30980393
0.23921569
0.37647060
0.39215687
0.35686275
0.39607844
0.55294120
0.60000002
0.78823531
0.88627452
0.88235295
0.87058824
0.85882354
0.84313726
0.82352942
0.80784315
0.71764708
0.79215688
0.81960785
0.86666667
0.89803922
0.92156863
0.93725491
0.95294118
0.96470588
0.96078432
0.92941177
0.83529413
0.79215688
0.64313728
0.49019608
0.48235294
0.45882353
0.44313726
0.44313726
0.31372550
0.25882354
0.38823530
0.56078434
0.55294120
0.71764708
0.88235295
0.88235295
0.87058824
0.85882354
0.84313726
0.81960785
0.80784315
0.71764708
0.78823531
0.81176472
0.86274511
0.89411765
0.91372550
0.93333334
0.94901961
0.96078432
0.95294118
0.92941177
0.86274511
0.76862746
0.63137257
0.56078434
0.60784316
0.58823532
0.49019608
0.33725491
0.25882354
0.26274511
0.38823530
0.56862748
0.55686277
0.63529414
0.84705883
0.88235295
0.87058824
0.86274511
0.84313726
0.81960785
0.80784315
0.71372551
0.79215688
0.81568629
0.86666667
0.89411765
0.91372550
0.92549020
0.94117647
0.95294118
0.94509804
0.90980393
0.78039217
0.69019610
0.59215689
0.66274512
0.65490198
0.50196081
0.35686275
0.29019609
0.22745098
0.25882354
0.37254903
0.52549022
0.56470591
0.56862748
0.81960785
0.87843138
0.86666667
0.85490197
0.83529413
0.81568629
0.80784315
0.71372551
0.79607844
0.81568629
0.86666667
0.89019608
0.90980393
0.92549020
0.94117647
0.95294118
0.94117647
0.89411765
0.66274512
0.52941179
0.65490198
0.61568630
0.44705883
0.35686275
0.30980393
0.24313726
0.19607843
0.21960784
0.34509805
0.50196081
0.55294120
0.49411765
0.76470590
0.88627452
0.86666667
0.85490197
0.83529413
0.81960785
0.81960785
0.72156864
0.78823531
0.80392158
0.85098040
0.87843138
0.89019608
0.90980393
0.92941177
0.94117647
0.93725491
0.89019608
0.70588237
0.65490198
0.58823532
0.41568628
0.31372550
0.24705882
0.19215687
0.16470589
0.16470589
0.19215687
0.34901962
0.52156866
0.54901963
0.46274510
0.70196080
0.88235295
0.86666667
0.85490197
0.83921570
0.82745099
0.82745099
0.73333335
0.78431374
0.79215688
0.83137256
0.86274511
0.87843138
0.89019608
0.90980393
0.92549020
0.89019608
0.80392158
0.72156864
0.64313728
0.58431375
0.64313728
0.60392159
0.52941179
0.29019609
0.10980392
0.12549020
0.18039216
0.34117648
0.51764709
0.54509807
0.46274510
0.62745100
0.85490197
0.86666667
0.85098040
0.83529413
0.82745099
0.82352942
0.72941178
0.78039217
0.79215688
0.82352942
0.85098040
0.87058824
0.87843138
0.89019608
0.91372550
0.74509805
0.54509807
0.62745100
0.72549021
0.85882354
0.87843138
0.85882354
0.83137256
0.56078434
0.18823530
0.12549020
0.18823530
0.31764707
0.48627451
0.54117650
0.46274510
0.54117650
0.82352942
0.86274511
0.84705883
0.83137256
0.82352942
0.81960785
0.72156864
0.78431374
0.78431374
0.81960785
0.83921570
0.85490197
0.86666667
0.87450981
0.89803922
0.80000001
0.72549021
0.86274511
0.91372550
0.89803922
0.88235295
0.87450981
0.86274511
0.72549021
0.31764707
0.16078432
0.21568628
0.29411766
0.47058824
0.52156866
0.45098040
0.49019608
0.77254903
0.85882354
0.84705883
0.83137256
0.81176472
0.80392158
0.70980394
0.79607844
0.79607844
0.82352942
0.83921570
0.85098040
0.85882354
0.86666667
0.87450981
0.89019608
0.90980393
0.90196079
0.88627452
0.87843138
0.86274511
0.83921570
0.81568629
0.74509805
0.43529412
0.21176471
0.24313726
0.27058825
0.45490196
0.51764709
0.44705883
0.44705883
0.69019610
0.84313726
0.83921570
0.81960785
0.78823531
0.77647060
0.69019610
0.80784315
0.81960785
0.83921570
0.84705883
0.85098040
0.85098040
0.85098040
0.85490197
0.86666667
0.87843138
0.87450981
0.87058824
0.85490197
0.83921570
0.81176472
0.76862746
0.72156864
0.55294120
0.29803923
0.25098041
0.29803923
0.45490196
0.53333336
0.49803922
0.42745098
0.61176473
0.81568629
0.81960785
0.80000001
0.77647060
0.76862746
0.69019610
0.80392158
0.81960785
0.84313726
0.84705883
0.85098040
0.84705883
0.84313726
0.83921570
0.84705883
0.85490197
0.85490197
0.84705883
0.83137256
0.81568629
0.78039217
0.72941178
0.68627453
0.59607846
0.34509805
0.25490198
0.29803923
0.41568628
0.52941179
0.48235294
0.37254903
0.54117650
0.79215688
0.80000001
0.78431374
0.76862746
0.76862746
0.69803923
0.79215688
0.80392158
0.83137256
0.83921570
0.84313726
0.83921570
0.82745099
0.81960785
0.82352942
0.82745099
0.81568629
0.81176472
0.80392158
0.79215688
0.76078433
0.69803923
0.64313728
0.57647061
0.36078432
0.26666668
0.29411766
0.40000001
0.51372552
0.47450981
0.37647060
0.50588238
0.74509805
0.77254903
0.76078433
0.76078433
0.76862746
0.69803923
0.78823531
0.78823531
0.81960785
0.82745099
0.82745099
0.82745099
0.81568629
0.80000001
0.79607844
0.79215688
0.78823531
0.79215688
0.78823531
0.78431374
0.74901962
0.67450982
0.59607846
0.54509807
0.43137255
0.31372550
0.30588236
0.37254903
0.40784314
0.44705883
0.39215687
0.48627451
0.70980394
0.75294119
0.73725492
0.74509805
0.75294119
0.68627453
0.78039217
0.77647060
0.81568629
0.82352942
0.81568629
0.81568629
0.79607844
0.77647060
0.77254903
0.76862746
0.76862746
0.77647060
0.78039217
0.78039217
0.75294119
0.67843139
0.58431375
0.53725493
0.48627451
0.40392157
0.39607844
0.36470589
0.37254903
0.45882353
0.41960785
0.50196081
0.67450982
0.72156864
0.71764708
0.72549021
0.73725492
0.67450982
0.75294119
0.74509805
0.79215688
0.80000001
0.78823531
0.78431374
0.76470590
0.74509805
0.74509805
0.74509805
0.74509805
0.75294119
0.76078433
0.76078433
0.74117649
0.68235296
0.60000002
0.55294120
0.49019608
0.38039216
0.37647060
0.36470589
0.41176471
0.44705883
0.41176471
0.47450981
0.60000002
0.68235296
0.68627453
0.69019610
0.71372551
0.65098041
0.70980394
0.54901963
0.58039218
0.58823532
0.58039218
0.57647061
0.56470591
0.56078434
0.56078434
0.56078434
0.56078434
0.56470591
0.56862748
0.56862748
0.56470591
0.54117650
0.50588238
0.48235294
0.44313726
0.38039216
0.36862746
0.36862746
0.39215687
0.39215687
0.38039216
0.40392157
0.47843137
0.54117650
0.54117650
0.54509807
0.55294120
0.51372552
0.90588236
0.88235295
0.89411765
0.89411765
0.89411765
0.89411765
0.89411765
0.89411765
0.89411765
0.89411765
0.89411765
0.89411765
0.89411765
0.89411765
0.89411765
0.89411765
0.89411765
0.89411765
0.89411765
0.89411765
0.89019608
0.88627452
0.88627452
0.89019608
0.88627452
0.87843138
0.87843138
0.87450981
0.87058824
0.87058824
0.86274511
0.85098040
0.86274511
0.90196079
0.91372550
0.92156863
0.91764706
0.91764706
0.91764706
0.91764706
0.91372550
0.91372550
0.91372550
0.91372550
0.91372550
0.91372550
0.90980393
0.91372550
0.91764706
0.91372550
0.91372550
0.90980393
0.90196079
0.89411765
0.89019608
0.89019608
0.88235295
0.87058824
0.85882354
0.84313726
0.83137256
0.81960785
0.81176472
0.74509805
0.88627452
0.95686275
0.96862745
0.97647059
0.97254902
0.97254902
0.96862745
0.96470588
0.96078432
0.95686275
0.95686275
0.95686275
0.95686275
0.95686275
0.95686275
0.96078432
0.96470588
0.97254902
0.96862745
0.96078432
0.94901961
0.94117647
0.93333334
0.92941177
0.92549020
0.90980393
0.89411765
0.87450981
0.86274511
0.84705883
0.83921570
0.76078433
0.86666667
0.90980393
0.91764706
0.92549020
0.92156863
0.92156863
0.92156863
0.91764706
0.91372550
0.91372550
0.90980393
0.90980393
0.90980393
0.90980393
0.90980393
0.91372550
0.92156863
0.92941177
0.92549020
0.92156863
0.90588236
0.89803922
0.89803922
0.89411765
0.88627452
0.87450981
0.85882354
0.84313726
0.83137256
0.81568629
0.80784315
0.73725492
0.83921570
0.87450981
0.88627452
0.89411765
0.88627452
0.88627452
0.89019608
0.89411765
0.89411765
0.89803922
0.89803922
0.89803922
0.89803922
0.89411765
0.88627452
0.89411765
0.90196079
0.90980393
0.90588236
0.90196079
0.89019608
0.89411765
0.89411765
0.89019608
0.88235295
0.86666667
0.85098040
0.83921570
0.82745099
0.81176472
0.80392158
0.73333335
0.82352942
0.83529413
0.85098040
0.85098040
0.85490197
0.85490197
0.86274511
0.87450981
0.88627452
0.89411765
0.89803922
0.90196079
0.89411765
0.88627452
0.88627452
0.89019608
0.89411765
0.88627452
0.84705883
0.87058824
0.88627452
0.88627452
0.88627452
0.88627452
0.87843138
0.85882354
0.84313726
0.83921570
0.82745099
0.80392158
0.79607844
0.72549021
0.81176472
0.81176472
0.81960785
0.83137256
0.83921570
0.84313726
0.85882354
0.87450981
0.88627452
0.89411765
0.90196079
0.89803922
0.87843138
0.87450981
0.81960785
0.76470590
0.74117649
0.67450982
0.68235296
0.83137256
0.87450981
0.86666667
0.87058824
0.87058824
0.86666667
0.85490197
0.83921570
0.83529413
0.82352942
0.80392158
0.79215688
0.71764708
0.80000001
0.79215688
0.80000001
0.81568629
0.81960785
0.83137256
0.85490197
0.87450981
0.88627452
0.89411765
0.89803922
0.86274511
0.78431374
0.69411767
0.56078434
0.47058824
0.47450981
0.43137255
0.46274510
0.70588237
0.86274511
0.85882354
0.86274511
0.85882354
0.85098040
0.84313726
0.83137256
0.82745099
0.81568629
0.80000001
0.78823531
0.71372551
0.79215688
0.78431374
0.79607844
0.80000001
0.80784315
0.82745099
0.85098040
0.86666667
0.87450981
0.88235295
0.87450981
0.82352942
0.65098041
0.51764709
0.45098040
0.35686275
0.35294119
0.38823530
0.38823530
0.50980395
0.79215688
0.85882354
0.85490197
0.85098040
0.83921570
0.82745099
0.82352942
0.81568629
0.80784315
0.79607844
0.78431374
0.71372551
0.79215688
0.77647060
0.78431374
0.78823531
0.79607844
0.81960785
0.83529413
0.85490197
0.86274511
0.86274511
0.82352942
0.70980394
0.51764709
0.41176471
0.40784314
0.38039216
0.33725491
0.36078432
0.44705883
0.47450981
0.61568630
0.81568629
0.83921570
0.83137256
0.81960785
0.81176472
0.81176472
0.80784315
0.80784315
0.79607844
0.78039217
0.70980394
0.79215688
0.76862746
0.77647060
0.78431374
0.79607844
0.81568629
0.83137256
0.84313726
0.85490197
0.84313726
0.71372551
0.50196081
0.38823530
0.29019609
0.30196080
0.39607844
0.36078432
0.32156864
0.45882353
0.52549022
0.51764709
0.74117649
0.81960785
0.80392158
0.80000001
0.80000001
0.80000001
0.80784315
0.81176472
0.79215688
0.77254903
0.70196080
0.79215688
0.77647060
0.78823531
0.78823531
0.79607844
0.81176472
0.82745099
0.83921570
0.84705883
0.80392158
0.57647061
0.33725491
0.27843139
0.22352941
0.25098041
0.33333334
0.34117648
0.29019609
0.41568628
0.45882353
0.47843137
0.65882355
0.79215688
0.79215688
0.79607844
0.80392158
0.80392158
0.80392158
0.80392158
0.78823531
0.76862746
0.70196080
0.79215688
0.77647060
0.78823531
0.79215688
0.80392158
0.81568629
0.82745099
0.83137256
0.83529413
0.74117649
0.47843137
0.32941177
0.25882354
0.22352941
0.27058825
0.30196080
0.29803923
0.24313726
0.32941177
0.44705883
0.47843137
0.58039218
0.73333335
0.78823531
0.79607844
0.80000001
0.80000001
0.79215688
0.78823531
0.77647060
0.76078433
0.69411767
0.78431374
0.77254903
0.78823531
0.80000001
0.81176472
0.82352942
0.83529413
0.83137256
0.82745099
0.71372551
0.43137255
0.38431373
0.32156864
0.29803923
0.28235295
0.24705882
0.16862746
0.20000000
0.34901962
0.50588238
0.45882353
0.52941179
0.66274512
0.77647060
0.79215688
0.79607844
0.79607844
0.79215688
0.78431374
0.76862746
0.75294119
0.68235296
0.77647060
0.76470590
0.78823531
0.80392158
0.81568629
0.82745099
0.82745099
0.82745099
0.83137256
0.76470590
0.52941179
0.42352942
0.43137255
0.37254903
0.28235295
0.22352941
0.12941177
0.22745098
0.38823530
0.47450981
0.42352942
0.53333336
0.61176473
0.76470590
0.79607844
0.79607844
0.79215688
0.78823531
0.77647060
0.75294119
0.73725492
0.66666669
0.76078433
0.75294119
0.78823531
0.80392158
0.81568629
0.83137256
0.83529413
0.83529413
0.84313726
0.80784315
0.65490198
0.56862748
0.57254905
0.40784314
0.36470589
0.29803923
0.21960784
0.35686275
0.38039216
0.35294119
0.38823530
0.54117650
0.57254905
0.72156864
0.80000001
0.80000001
0.78823531
0.77647060
0.76470590
0.74509805
0.72941178
0.66274512
0.74901962
0.73725492
0.78039217
0.80392158
0.81568629
0.83529413
0.84705883
0.85490197
0.85098040
0.84705883
0.78039217
0.75686276
0.63529414
0.48627451
0.47843137
0.45490196
0.44313726
0.43921569
0.29803923
0.23137255
0.36862746
0.55686277
0.54117650
0.66274512
0.80000001
0.80000001
0.78823531
0.77254903
0.76078433
0.74509805
0.72941178
0.66274512
0.75294119
0.73333335
0.77647060
0.80392158
0.81960785
0.83529413
0.85098040
0.86274511
0.85882354
0.85882354
0.82352942
0.75686276
0.62352943
0.55294120
0.60000002
0.58039218
0.48235294
0.32549021
0.23921569
0.23921569
0.37254903
0.57254905
0.55686277
0.60392159
0.78039217
0.80000001
0.78823531
0.78039217
0.76470590
0.74117649
0.72156864
0.65490198
0.75686276
0.74117649
0.78431374
0.80784315
0.82352942
0.83529413
0.85098040
0.86666667
0.86666667
0.85098040
0.75294119
0.68235296
0.58431375
0.65098041
0.64313728
0.49019608
0.34509805
0.27450982
0.21176471
0.24313726
0.36078432
0.52941179
0.56862748
0.54901963
0.76078433
0.79607844
0.78431374
0.77254903
0.75686276
0.73333335
0.71764708
0.64705884
0.76078433
0.74117649
0.78431374
0.80392158
0.81568629
0.83529413
0.85098040
0.86274511
0.86666667
0.84313726
0.63921571
0.51372552
0.64313728
0.60784316
0.43921569
0.34901962
0.29411766
0.22352941
0.17647059
0.20000000
0.32549021
0.49411765
0.55294120
0.47843137
0.70980394
0.80392158
0.78431374
0.77254903
0.75294119
0.73725492
0.72941178
0.65882355
0.75686276
0.72941178
0.76862746
0.78823531
0.80000001
0.81960785
0.83921570
0.85098040
0.87058824
0.85490197
0.68235296
0.61960787
0.56078434
0.39215687
0.29019609
0.22352941
0.16470589
0.13333334
0.13333334
0.16470589
0.31372550
0.50196081
0.54509807
0.44705883
0.65098041
0.80000001
0.78431374
0.77254903
0.75686276
0.74901962
0.74117649
0.67058825
0.75294119
0.71764708
0.74901962
0.77254903
0.78823531
0.80000001
0.81960785
0.83529413
0.82352942
0.78823531
0.70196080
0.58823532
0.52549022
0.58431375
0.54509807
0.47450981
0.24705882
0.07450981
0.08627451
0.14117648
0.29411766
0.48627451
0.53333336
0.44705883
0.57647061
0.77254903
0.78431374
0.76862746
0.75686276
0.74901962
0.73725492
0.66666669
0.74509805
0.71764708
0.74117649
0.76470590
0.78039217
0.78823531
0.80000001
0.81960785
0.67843139
0.53333336
0.60000002
0.65098041
0.77254903
0.78823531
0.77254903
0.74901962
0.50980395
0.14901961
0.08235294
0.14901961
0.26666668
0.44705883
0.52549022
0.45098040
0.49411765
0.74117649
0.78039217
0.76470590
0.75294119
0.74509805
0.73333335
0.65882355
0.74509805
0.70980394
0.73725492
0.75686276
0.76862746
0.78039217
0.79215688
0.81176472
0.72549021
0.67058825
0.80392158
0.82745099
0.79607844
0.78823531
0.78431374
0.78039217
0.66666669
0.27058825
0.11764706
0.18039216
0.25490198
0.43921569
0.49803922
0.43137255
0.45098040
0.69803923
0.77254903
0.76078433
0.75294119
0.74117649
0.72941178
0.65882355
0.75294119
0.72156864
0.74901962
0.76078433
0.76862746
0.77647060
0.78431374
0.79215688
0.80784315
0.82745099
0.81960785
0.80000001
0.78039217
0.77254903
0.76078433
0.74509805
0.68235296
0.38431373
0.16470589
0.20784314
0.23921569
0.42745098
0.49019608
0.41568628
0.40784314
0.62745100
0.75294119
0.74901962
0.74509805
0.72941178
0.71372551
0.64705884
0.76470590
0.74509805
0.76470590
0.76862746
0.76862746
0.76862746
0.76862746
0.77254903
0.78431374
0.79215688
0.79215688
0.78431374
0.76470590
0.75294119
0.73725492
0.70196080
0.66274512
0.50196081
0.25490198
0.21960784
0.26666668
0.42352942
0.50196081
0.46666667
0.38823530
0.55294120
0.73333335
0.73333335
0.72941178
0.71764708
0.70196080
0.64313728
0.76078433
0.74509805
0.76470590
0.76862746
0.76862746
0.76470590
0.76078433
0.75294119
0.76078433
0.77254903
0.76862746
0.76078433
0.74509805
0.74117649
0.71372551
0.67058825
0.62745100
0.54509807
0.29803923
0.21960784
0.26274511
0.37647060
0.49019608
0.44313726
0.33333334
0.49019608
0.71372551
0.72156864
0.71764708
0.70588237
0.70588237
0.65098041
0.74901962
0.72941178
0.75686276
0.76078433
0.76078433
0.75686276
0.74509805
0.73725492
0.73725492
0.73725492
0.72941178
0.72549021
0.72549021
0.72156864
0.69803923
0.64705884
0.58823532
0.52549022
0.31764707
0.23529412
0.25490198
0.35294119
0.47058824
0.42745098
0.33725491
0.46274510
0.67843139
0.70196080
0.70196080
0.70196080
0.70588237
0.65490198
0.74509805
0.71372551
0.74509805
0.74901962
0.74509805
0.74509805
0.72941178
0.71372551
0.70980394
0.70588237
0.70196080
0.70588237
0.71372551
0.71764708
0.69411767
0.62745100
0.54117650
0.49411765
0.38823530
0.27843139
0.26274511
0.32549021
0.36078432
0.40000001
0.35294119
0.45098040
0.64705884
0.69019610
0.68627453
0.69019610
0.69019610
0.64313728
0.74117649
0.70980394
0.73333335
0.73725492
0.73333335
0.72941178
0.70980394
0.69019610
0.68627453
0.68235296
0.67843139
0.69411767
0.70588237
0.70980394
0.68627453
0.62352943
0.53725493
0.49803922
0.45098040
0.37647060
0.35686275
0.32549021
0.33333334
0.41960785
0.38431373
0.47058824
0.63137257
0.67843139
0.67843139
0.68627453
0.69411767
0.63921571
0.72941178
0.69411767
0.71764708
0.72549021
0.72156864
0.71764708
0.69803923
0.67843139
0.67843139
0.67843139
0.67843139
0.69019610
0.70196080
0.70196080
0.68235296
0.62745100
0.56470591
0.52549022
0.46274510
0.35294119
0.34901962
0.33725491
0.38431373
0.41960785
0.38823530
0.45098040
0.57254905
0.65882355
0.66274512
0.67058825
0.69019610
0.62745100
0.70980394
0.52941179
0.54509807
0.55294120
0.54901963
0.54509807
0.53333336
0.52941179
0.52941179
0.52941179
0.52941179
0.53333336
0.54117650
0.54509807
0.53725493
0.51372552
0.48235294
0.46274510
0.41960785
0.35686275
0.34901962
0.34901962
0.36862746
0.37254903
0.36078432
0.38431373
0.45882353
0.52156866
0.52156866
0.52941179
0.53725493
0.49803922
0.90196079
0.87450981
0.88627452
0.89019608
0.89019608
0.88627452
0.88627452
0.88627452
0.88627452
0.88627452
0.88627452
0.88627452
0.89411765
0.89411765
0.89019608
0.89411765
0.89803922
0.89411765
0.89411765
0.89411765
0.89411765
0.89019608
0.89019608
0.89411765
0.89411765
0.88627452
0.88627452
0.88235295
0.87843138
0.87843138
0.87450981
0.86274511
0.85882354
0.90196079
0.91372550
0.92156863
0.91764706
0.91764706
0.91764706
0.91764706
0.90980393
0.90980393
0.90980393
0.91372550
0.91764706
0.91764706
0.91764706
0.92156863
0.92549020
0.92549020
0.92156863
0.91764706
0.91372550
0.90980393
0.90588236
0.90588236
0.90196079
0.89019608
0.87843138
0.86274511
0.85098040
0.84313726
0.83529413
0.76470590
0.89019608
0.96862745
0.97254902
0.98039216
0.98039216
0.98039216
0.97647059
0.97254902
0.96862745
0.96470588
0.96470588
0.96470588
0.97254902
0.97647059
0.97254902
0.97647059
0.98039216
0.98823529
0.98431373
0.97647059
0.97254902
0.96470588
0.96078432
0.95686275
0.94901961
0.94117647
0.92156863
0.90588236
0.89411765
0.87843138
0.87058824
0.78823531
0.87058824
0.92941177
0.93333334
0.93725491
0.93725491
0.93725491
0.93725491
0.93333334
0.93333334
0.92941177
0.92941177
0.92941177
0.93333334
0.93725491
0.93725491
0.94117647
0.94509804
0.95294118
0.94901961
0.94509804
0.93333334
0.92549020
0.92549020
0.92156863
0.91764706
0.90588236
0.89019608
0.87843138
0.86666667
0.85098040
0.84313726
0.76078433
0.85098040
0.89803922
0.90588236
0.90980393
0.90980393
0.90980393
0.91372550
0.91372550
0.91764706
0.92156863
0.92156863
0.92549020
0.92941177
0.92549020
0.92156863
0.92549020
0.93333334
0.94117647
0.93725491
0.92941177
0.91764706
0.92156863
0.92156863
0.91764706
0.91372550
0.89803922
0.88235295
0.87058824
0.85882354
0.84705883
0.83529413
0.75294119
0.83529413
0.86274511
0.87843138
0.87450981
0.87843138
0.87843138
0.88627452
0.90196079
0.91764706
0.92549020
0.92549020
0.92549020
0.91764706
0.91372550
0.92156863
0.92549020
0.92941177
0.91372550
0.87058824
0.89019608
0.90980393
0.91372550
0.91764706
0.91372550
0.90588236
0.89019608
0.87450981
0.87058824
0.85882354
0.83921570
0.83137256
0.74901962
0.82745099
0.83921570
0.85490197
0.85490197
0.86274511
0.86666667
0.88235295
0.90196079
0.92156863
0.92941177
0.93333334
0.92156863
0.90588236
0.90980393
0.86274511
0.81176472
0.78039217
0.70980394
0.71372551
0.85882354
0.90588236
0.89803922
0.90196079
0.90196079
0.89803922
0.88627452
0.87058824
0.86666667
0.85098040
0.83137256
0.82352942
0.74509805
0.81568629
0.82352942
0.83529413
0.84313726
0.84313726
0.85490197
0.87843138
0.89803922
0.91372550
0.92549020
0.92941177
0.89803922
0.82745099
0.74117649
0.61568630
0.52941179
0.52941179
0.48627451
0.51764709
0.75686276
0.90196079
0.89019608
0.89411765
0.89019608
0.88235295
0.87450981
0.86274511
0.85882354
0.84313726
0.82745099
0.81960785
0.74117649
0.80784315
0.81568629
0.82745099
0.82745099
0.83137256
0.85098040
0.87450981
0.88627452
0.89411765
0.91372550
0.91372550
0.86666667
0.69803923
0.57254905
0.50980395
0.42352942
0.41960785
0.45490196
0.45098040
0.57254905
0.83529413
0.89019608
0.88627452
0.88235295
0.87058824
0.85882354
0.85490197
0.84705883
0.83921570
0.82745099
0.81960785
0.74117649
0.80392158
0.80392158
0.81960785
0.81568629
0.81960785
0.84313726
0.86274511
0.87058824
0.87843138
0.89019608
0.86666667
0.76078433
0.56078434
0.45882353
0.46274510
0.44313726
0.41176471
0.43529412
0.50980395
0.53333336
0.65490198
0.84705883
0.87058824
0.86274511
0.85098040
0.84313726
0.84313726
0.83921570
0.83921570
0.82745099
0.81176472
0.73333335
0.80392158
0.80000001
0.80784315
0.80784315
0.81960785
0.83921570
0.85490197
0.85882354
0.86274511
0.86666667
0.75686276
0.55686277
0.42352942
0.32941177
0.34901962
0.44705883
0.43921569
0.40000001
0.51764709
0.56862748
0.55294120
0.77254903
0.85098040
0.83529413
0.83137256
0.83137256
0.83137256
0.83921570
0.84313726
0.82352942
0.80392158
0.72549021
0.80392158
0.79607844
0.80392158
0.80392158
0.81960785
0.83137256
0.84705883
0.85490197
0.85490197
0.81568629
0.61568630
0.40000001
0.32941177
0.27450982
0.30588236
0.38823530
0.41176471
0.36078432
0.48235294
0.52549022
0.53725493
0.69803923
0.81176472
0.81568629
0.82745099
0.83137256
0.83137256
0.83137256
0.83529413
0.81960785
0.80000001
0.72549021
0.80392158
0.79215688
0.80000001
0.80784315
0.82352942
0.83529413
0.85098040
0.85098040
0.84313726
0.74509805
0.51764709
0.39607844
0.31764707
0.28235295
0.32941177
0.36078432
0.36862746
0.31372550
0.40392157
0.52549022
0.55294120
0.62745100
0.75686276
0.81176472
0.82745099
0.82745099
0.82745099
0.81960785
0.81568629
0.81176472
0.79607844
0.72156864
0.79607844
0.78823531
0.79607844
0.81568629
0.83137256
0.84313726
0.85490197
0.85098040
0.83921570
0.72156864
0.47058824
0.45098040
0.38039216
0.35294119
0.33725491
0.30196080
0.24313726
0.28235295
0.42352942
0.57647061
0.52549022
0.57647061
0.69803923
0.80784315
0.81960785
0.82352942
0.82352942
0.81960785
0.81176472
0.80000001
0.78823531
0.70588237
0.78823531
0.78039217
0.80000001
0.81960785
0.83529413
0.84705883
0.84705883
0.84705883
0.84313726
0.77647060
0.57254905
0.49411765
0.48627451
0.42745098
0.33725491
0.27843139
0.20392157
0.30980393
0.45882353
0.54117650
0.48235294
0.58823532
0.65882355
0.80000001
0.82745099
0.82352942
0.81960785
0.81568629
0.80392158
0.78823531
0.77254903
0.69411767
0.77254903
0.76470590
0.79607844
0.81568629
0.83529413
0.85098040
0.85490197
0.85490197
0.85490197
0.82352942
0.69803923
0.63921571
0.62745100
0.45882353
0.41568628
0.35294119
0.29019609
0.43529412
0.45490196
0.42352942
0.45098040
0.60392159
0.63529414
0.76470590
0.82745099
0.82745099
0.81568629
0.80392158
0.79215688
0.78039217
0.76470590
0.69019610
0.76078433
0.74901962
0.78823531
0.81568629
0.83529413
0.85490197
0.86666667
0.87450981
0.86666667
0.86274511
0.82745099
0.82745099
0.69019610
0.53725493
0.52941179
0.50588238
0.50980395
0.50980395
0.37254903
0.30980393
0.43137255
0.61960787
0.61176473
0.70588237
0.82352942
0.82745099
0.81568629
0.80000001
0.78823531
0.77647060
0.76470590
0.69019610
0.76078433
0.75294119
0.79607844
0.82352942
0.84705883
0.86274511
0.87843138
0.88627452
0.87450981
0.89019608
0.88627452
0.83529413
0.69019610
0.61568630
0.66666669
0.64313728
0.54509807
0.38823530
0.30588236
0.30588236
0.43921569
0.64705884
0.63529414
0.65882355
0.81176472
0.82745099
0.81568629
0.80784315
0.79215688
0.76862746
0.75294119
0.67843139
0.76862746
0.76470590
0.81176472
0.83529413
0.85490197
0.86666667
0.88235295
0.88627452
0.88235295
0.89019608
0.81568629
0.75686276
0.64705884
0.71764708
0.70980394
0.55686277
0.40392157
0.32941177
0.27058825
0.29803923
0.42352942
0.60392159
0.64705884
0.60784316
0.80000001
0.82352942
0.81176472
0.80000001
0.78039217
0.76078433
0.74901962
0.67058825
0.77254903
0.76470590
0.81176472
0.83137256
0.84705883
0.86666667
0.88235295
0.89019608
0.89019608
0.88235295
0.69411767
0.58039218
0.69803923
0.66274512
0.49411765
0.40392157
0.34509805
0.27843139
0.22745098
0.25098041
0.38039216
0.55686277
0.62352943
0.53333336
0.74901962
0.83137256
0.81176472
0.80000001
0.78039217
0.76470590
0.76078433
0.68235296
0.76862746
0.75686276
0.79607844
0.81960785
0.83137256
0.85098040
0.87058824
0.88235295
0.90196079
0.89019608
0.73333335
0.68235296
0.60784316
0.43529412
0.33725491
0.27058825
0.21176471
0.18431373
0.18431373
0.21176471
0.35686275
0.55294120
0.60784316
0.50196081
0.69019610
0.82745099
0.81176472
0.80000001
0.78431374
0.77647060
0.76862746
0.69019610
0.76078433
0.74509805
0.77647060
0.80392158
0.81960785
0.83137256
0.85098040
0.87058824
0.86274511
0.81960785
0.74509805
0.64705884
0.56862748
0.62745100
0.58823532
0.51764709
0.29019609
0.11764706
0.12941177
0.18431373
0.32941177
0.52941179
0.59215689
0.50588238
0.61960787
0.80000001
0.81176472
0.79607844
0.78431374
0.77647060
0.76862746
0.68627453
0.75686276
0.74117649
0.76862746
0.79215688
0.81176472
0.81960785
0.83137256
0.86274511
0.72156864
0.56470591
0.63921571
0.70588237
0.81568629
0.83529413
0.81568629
0.79215688
0.54509807
0.18431373
0.12156863
0.18431373
0.29411766
0.48627451
0.58039218
0.50588238
0.53725493
0.77254903
0.80784315
0.79215688
0.78039217
0.77254903
0.76078433
0.68235296
0.76470590
0.74117649
0.77254903
0.78823531
0.80000001
0.80784315
0.81960785
0.84313726
0.75294119
0.69803923
0.83137256
0.86274511
0.83529413
0.82352942
0.81568629
0.81176472
0.69803923
0.30196080
0.15686275
0.22352941
0.29803923
0.49019608
0.55686277
0.49019608
0.50588238
0.74509805
0.80784315
0.79215688
0.79215688
0.77254903
0.75686276
0.68235296
0.77647060
0.75686276
0.78039217
0.79215688
0.79607844
0.80392158
0.81176472
0.81960785
0.83137256
0.85098040
0.84705883
0.82352942
0.81176472
0.80392158
0.78431374
0.76862746
0.70980394
0.41176471
0.20392157
0.25098041
0.29411766
0.49019608
0.55294120
0.47843137
0.47450981
0.68627453
0.79607844
0.78431374
0.78823531
0.76078433
0.74117649
0.67058825
0.78823531
0.77647060
0.79607844
0.80000001
0.79607844
0.79607844
0.79607844
0.80392158
0.81568629
0.82352942
0.82352942
0.81568629
0.79607844
0.78431374
0.76470590
0.72549021
0.69019610
0.52941179
0.29019609
0.26274511
0.31764707
0.47843137
0.55686277
0.52156866
0.45098040
0.61176473
0.77254903
0.76862746
0.77254903
0.74901962
0.73333335
0.66666669
0.78431374
0.78039217
0.80000001
0.79607844
0.79607844
0.79215688
0.78823531
0.78823531
0.80392158
0.81568629
0.81176472
0.80000001
0.77647060
0.76470590
0.73725492
0.69019610
0.65098041
0.57254905
0.33725491
0.26274511
0.30980393
0.43137255
0.54509807
0.49411765
0.39215687
0.54509807
0.75294119
0.74901962
0.76078433
0.73725492
0.73333335
0.67843139
0.77254903
0.76470590
0.79215688
0.78823531
0.78823531
0.78431374
0.77254903
0.77254903
0.78823531
0.78823531
0.78039217
0.77254903
0.75294119
0.74509805
0.72156864
0.66274512
0.61176473
0.55294120
0.35294119
0.27843139
0.29803923
0.40000001
0.51764709
0.47450981
0.38823530
0.51372552
0.71372551
0.72941178
0.74117649
0.72941178
0.73333335
0.67843139
0.76862746
0.74509805
0.78039217
0.78039217
0.77254903
0.77254903
0.75686276
0.75294119
0.76078433
0.75294119
0.75294119
0.75294119
0.73725492
0.74117649
0.70980394
0.64313728
0.56862748
0.52549022
0.42352942
0.32156864
0.30196080
0.36470589
0.40000001
0.43921569
0.40000001
0.49803922
0.67843139
0.71764708
0.72156864
0.71764708
0.72156864
0.66666669
0.75686276
0.73725492
0.76470590
0.76862746
0.76078433
0.75686276
0.74117649
0.72549021
0.72549021
0.72156864
0.72156864
0.72941178
0.72941178
0.73333335
0.70980394
0.64313728
0.56862748
0.52941179
0.48627451
0.41176471
0.39215687
0.36078432
0.36862746
0.45490196
0.42745098
0.50980395
0.66666669
0.70980394
0.70980394
0.70196080
0.70980394
0.65490198
0.73725492
0.70980394
0.74117649
0.74901962
0.74509805
0.74117649
0.72156864
0.70196080
0.70196080
0.69803923
0.69803923
0.70980394
0.72156864
0.72156864
0.70196080
0.64705884
0.59215689
0.55686277
0.49411765
0.38431373
0.38039216
0.36862746
0.41568628
0.45098040
0.41568628
0.47843137
0.60392159
0.68627453
0.68627453
0.67843139
0.69803923
0.63529414
0.70980394
0.53333336
0.55686277
0.56470591
0.56078434
0.55294120
0.54509807
0.53725493
0.54117650
0.54117650
0.54117650
0.54509807
0.55294120
0.55294120
0.54901963
0.52549022
0.50588238
0.48627451
0.44705883
0.38431373
0.37254903
0.37254903
0.39607844
0.39607844
0.38431373
0.40784314
0.48235294
0.54509807
0.54117650
0.53333336
0.54117650
0.50196081
1 0 -1 0 0 0 0 0 0 0 0
0 1 -1 0 0 0 0 0 0 0 0
0 0 -1 1 0 0 0 0 0 0 0
0 0 -1 0 1 0 0 0 0 0 0
0 0 -1 0 0 1 0 0 0 0 0
0 0 -1 0 0 0 1 0 0 0 0
0 0 -1 0 0 0 0 1 0 0 0
0 0 -1 0 0 0 0 0 1 0 0
0 0 -1 0 0 0 0 0 0 1 0
