0.40000001
0.47843137
0.34901962
0.36470589
0.38039216
0.45490196
0.46274510
0.38431373
0.34509805
0.34117648
0.38039216
0.36470589
0.45490196
0.41176471
0.36862746
0.33725491
0.43921569
0.62352943
0.35686275
0.36470589
0.41568628
0.44705883
0.46274510
0.47450981
0.49411765
0.49411765
0.46666667
0.47058824
0.55686277
0.46666667
0.44705883
0.51764709
0.38431373
0.44705883
0.37647060
0.37647060
0.40392157
0.41568628
0.46274510
0.41960785
0.42745098
0.40392157
0.39215687
0.38431373
0.41960785
0.38431373
0.36470589
0.35686275
0.50980395
0.56078434
0.38823530
0.30588236
0.31372550
0.39215687
0.46274510
0.44313726
0.40000001
0.40000001
0.41960785
0.40000001
0.49019608
0.44313726
0.45490196
0.47058824
0.36862746
0.47058824
0.30980393
0.34901962
0.39607844
0.37647060
0.46274510
0.40784314
0.40784314
0.45098040
0.40392157
0.43529412
0.42745098
0.38039216
0.41568628
0.37647060
0.45098040
0.36470589
0.34901962
0.36470589
0.31764707
0.36470589
0.43529412
0.50196081
0.43137255
0.41176471
0.47058824
0.46274510
0.48235294
0.42745098
0.40000001
0.47450981
0.38431373
0.45098040
0.37647060
0.38823530
0.37647060
0.40000001
0.45490196
0.38823530
0.41568628
0.43921569
0.39607844
0.40392157
0.39215687
0.34509805
0.36470589
0.36078432
0.40000001
0.34901962
0.31372550
0.31372550
0.31372550
0.40000001
0.46274510
0.57254905
0.48235294
0.41176471
0.49019608
0.41568628
0.48235294
0.40000001
0.38039216
0.42745098
0.36078432
0.47058824
0.38039216
0.40392157
0.38823530
0.42745098
0.47058824
0.43137255
0.43921569
0.42352942
0.45490196
0.41960785
0.38039216
0.34509805
0.39215687
0.38039216
0.41960785
0.41568628
0.36470589
0.38431373
0.34901962
0.45098040
0.43921569
0.55686277
0.52549022
0.40784314
0.47450981
0.36078432
0.43529412
0.39215687
0.38431373
0.38039216
0.42352942
0.50980395
0.36862746
0.38431373
0.37254903
0.39607844
0.44705883
0.40392157
0.44313726
0.41568628
0.42352942
0.36078432
0.43137255
0.41176471
0.36470589
0.40784314
0.41568628
0.36078432
0.37647060
0.38823530
0.38431373
0.38431373
0.40000001
0.43921569
0.52549022
0.44313726
0.46666667
0.44705883
0.46274510
0.48627451
0.48235294
0.45490196
0.38039216
0.46274510
0.38039216
0.38823530
0.39607844
0.46274510
0.45882353
0.47058824
0.46274510
0.46274510
0.43921569
0.42352942
0.48627451
0.48627451
0.42745098
0.40784314
0.45098040
0.43921569
0.45098040
0.40784314
0.38039216
0.40784314
0.38823530
0.36078432
0.44705883
0.48627451
0.43529412
0.41176471
0.49019608
0.47843137
0.43921569
0.45098040
0.41568628
0.51372552
0.36470589
0.36470589
0.43529412
0.45882353
0.48627451
0.44705883
0.43921569
0.45882353
0.48235294
0.49019608
0.48627451
0.52156866
0.46274510
0.49019608
0.50196081
0.49019608
0.44705883
0.44705883
0.45490196
0.46666667
0.44313726
0.43137255
0.50196081
0.54117650
0.52549022
0.47058824
0.50980395
0.49019608
0.49411765
0.49803922
0.46666667
0.47843137
0.40784314
0.42745098
0.43529412
0.41568628
0.43529412
0.45490196
0.47450981
0.49411765
0.45882353
0.49803922
0.49411765
0.52941179
0.46666667
0.47450981
0.50196081
0.50588238
0.40784314
0.45490196
0.43137255
0.46666667
0.49019608
0.43921569
0.52941179
0.47843137
0.49803922
0.45882353
0.46666667
0.50980395
0.49019608
0.48235294
0.38823530
0.47450981
0.36078432
0.42745098
0.40392157
0.40000001
0.38823530
0.45490196
0.47058824
0.45882353
0.42745098
0.56078434
0.70980394
0.70588237
0.60784316
0.41176471
0.46666667
0.47450981
0.41176471
0.41960785
0.47843137
0.49803922
0.51372552
0.48235294
0.49803922
0.49803922
0.48235294
0.50980395
0.47843137
0.46274510
0.45490196
0.47843137
0.44705883
0.45098040
0.32941177
0.36862746
0.39607844
0.37254903
0.38039216
0.43137255
0.40000001
0.42352942
0.38431373
0.50980395
0.83529413
0.80784315
0.67843139
0.47450981
0.45490196
0.44705883
0.49411765
0.44313726
0.49803922
0.50588238
0.49803922
0.50980395
0.54901963
0.52941179
0.55686277
0.55294120
0.49019608
0.47843137
0.53725493
0.49803922
0.43921569
0.41568628
0.47450981
0.47450981
0.43921569
0.38823530
0.36862746
0.40000001
0.39215687
0.38823530
0.37647060
0.48627451
0.69803923
0.66666669
0.58039218
0.48235294
0.43137255
0.37254903
0.34901962
0.34509805
0.52549022
0.48235294
0.50196081
0.50196081
0.49019608
0.50980395
0.49803922
0.50588238
0.46666667
0.46666667
0.52549022
0.47843137
0.44313726
0.40392157
0.44313726
0.47843137
0.43137255
0.43921569
0.36470589
0.41176471
0.41960785
0.36078432
0.34117648
0.43137255
0.75686276
0.69803923
0.55294120
0.67058825
0.72549021
0.65098041
0.56862748
0.43137255
0.51764709
0.50980395
0.50980395
0.47058824
0.46274510
0.49411765
0.50196081
0.56078434
0.54509807
0.51764709
0.53725493
0.49411765
0.42352942
0.40000001
0.30196080
0.40000001
0.37254903
0.43529412
0.43137255
0.44313726
0.40784314
0.30588236
0.34117648
0.32549021
0.69803923
0.67843139
0.52941179
0.72941178
0.82352942
0.81568629
0.87843138
0.69019610
0.54509807
0.37254903
0.50196081
0.52156866
0.49411765
0.46666667
0.57647061
0.49411765
0.37254903
0.52549022
0.49019608
0.44313726
0.49803922
0.44705883
0.34509805
0.33725491
0.39607844
0.45098040
0.48235294
0.44313726
0.33725491
0.35686275
0.40784314
0.48627451
0.58823532
0.48627451
0.57254905
0.73333335
0.76862746
0.76470590
0.83529413
0.81960785
0.47450981
0.30980393
0.36470589
0.49803922
0.59215689
0.66666669
0.60000002
0.52941179
0.50980395
0.56862748
0.48235294
0.52941179
0.50588238
0.41568628
0.45490196
0.38039216
0.45882353
0.49803922
0.43529412
0.50980395
0.52156866
0.57254905
0.53725493
0.63921571
0.55686277
0.46274510
0.60000002
0.68235296
0.68627453
0.74117649
0.85098040
0.82745099
0.65882355
0.42745098
0.49803922
0.59215689
0.60000002
0.68627453
0.72549021
0.65882355
0.60000002
0.61960787
0.52549022
0.50980395
0.53333336
0.56078434
0.61568630
0.52941179
0.54901963
0.53333336
0.51372552
0.58039218
0.55294120
0.58039218
0.56470591
0.69411767
0.59215689
0.50196081
0.65098041
0.67058825
0.56862748
0.69019610
0.86666667
0.88235295
0.75294119
0.65490198
0.56078434
0.67450982
0.67058825
0.59607846
0.58431375
0.55294120
0.49411765
0.62745100
0.55294120
0.62745100
0.58431375
0.51764709
0.55686277
0.62352943
0.64313728
0.65490198
0.65098041
0.72156864
0.72156864
0.73333335
0.79215688
0.69411767
0.69019610
0.56470591
0.62745100
0.75686276
0.67843139
0.71764708
0.83137256
0.90196079
0.76862746
0.65490198
0.46274510
0.54117650
0.68627453
0.62745100
0.57647061
0.59607846
0.63921571
0.58039218
0.52156866
0.57647061
0.74901962
0.59607846
0.62352943
0.69803923
0.68235296
0.80000001
0.77647060
0.65882355
0.76078433
0.76078433
0.84705883
0.81568629
0.83137256
0.76470590
0.67843139
0.76862746
0.78039217
0.85098040
0.78039217
0.86666667
0.82352942
0.75686276
0.58823532
0.63137257
0.62745100
0.61960787
0.55686277
0.52941179
0.61568630
0.60784316
0.70588237
0.58431375
0.76470590
0.78039217
0.75686276
0.77647060
0.80392158
0.80000001
0.74117649
0.69019610
0.70980394
0.72941178
0.77647060
0.74509805
0.81568629
0.77254903
0.78039217
0.81176472
0.76078433
0.71372551
0.73725492
0.81568629
0.77254903
0.72549021
0.75686276
0.79215688
0.71372551
0.80784315
0.78823531
0.79215688
0.74117649
0.71764708
0.71764708
0.70980394
0.56470591
0.58431375
0.60000002
0.69803923
0.66666669
0.71764708
0.73333335
0.76470590
0.72941178
0.70980394
0.75686276
0.79215688
0.76078433
0.76862746
0.76078433
0.78823531
0.73333335
0.67450982
0.68235296
0.78823531
0.74509805
0.63529414
0.67058825
0.71372551
0.73725492
0.73725492
0.73725492
0.76470590
0.80392158
0.80784315
0.82352942
0.85882354
0.43529412
0.30980393
0.38039216
0.47450981
0.56078434
0.56078434
0.69411767
0.70980394
0.74509805
0.66666669
0.71764708
0.72941178
0.72156864
0.67843139
0.64705884
0.64705884
0.74509805
0.74117649
0.68235296
0.64705884
0.61568630
0.53725493
0.52549022
0.60392159
0.64313728
0.69803923
0.72941178
0.72156864
0.74509805
0.69411767
0.70588237
0.82745099
0.47450981
0.40392157
0.46666667
0.55686277
0.49411765
0.57647061
0.62352943
0.65882355
0.63921571
0.55294120
0.62745100
0.69803923
0.76078433
0.62745100
0.54901963
0.46274510
0.54509807
0.63137257
0.59215689
0.54509807
0.40000001
0.40392157
0.41176471
0.41568628
0.56862748
0.69803923
0.67450982
0.66666669
0.65098041
0.56078434
0.73725492
0.76078433
0.60784316
0.66274512
0.63921571
0.61568630
0.57254905
0.57254905
0.57647061
0.54117650
0.59607846
0.57647061
0.49803922
0.63921571
0.63921571
0.61176473
0.58039218
0.61960787
0.52941179
0.57647061
0.50588238
0.52941179
0.34117648
0.26274511
0.29019609
0.32549021
0.47058824
0.53725493
0.56078434
0.63137257
0.57647061
0.62352943
0.65882355
0.71764708
0.56862748
0.63529414
0.61568630
0.56078434
0.57647061
0.60000002
0.55294120
0.58823532
0.62352943
0.61176473
0.57647061
0.57647061
0.53725493
0.61176473
0.60000002
0.62352943
0.58039218
0.56470591
0.54509807
0.58431375
0.54509807
0.44313726
0.42745098
0.38823530
0.43529412
0.44313726
0.53725493
0.62352943
0.66274512
0.56078434
0.58823532
0.61960787
0.49803922
0.54509807
0.54117650
0.52549022
0.47450981
0.56470591
0.57254905
0.56470591
0.56470591
0.51764709
0.54117650
0.50980395
0.48627451
0.57254905
0.52941179
0.48235294
0.55294120
0.53725493
0.47450981
0.47450981
0.50588238
0.58039218
0.65098041
0.57647061
0.54901963
0.57647061
0.58039218
0.58039218
0.61176473
0.52549022
0.56862748
0.53333336
0.39607844
0.40784314
0.40392157
0.46666667
0.50980395
0.50588238
0.56078434
0.54117650
0.46666667
0.40784314
0.44705883
0.39215687
0.48627451
0.57647061
0.48235294
0.54901963
0.47058824
0.48627451
0.44313726
0.41176471
0.38431373
0.41960785
0.50588238
0.40784314
0.49803922
0.42745098
0.52549022
0.56078434
0.57254905
0.58431375
0.59607846
0.56078434
0.52156866
0.47450981
0.46666667
0.44313726
0.42745098
0.50980395
0.54117650
0.52156866
0.52156866
0.54509807
0.48235294
0.47450981
0.51372552
0.44705883
0.53725493
0.51764709
0.44313726
0.48627451
0.48235294
0.45490196
0.41176471
0.43921569
0.46274510
0.52549022
0.57254905
0.50980395
0.54901963
0.51764709
0.56470591
0.54901963
0.51764709
0.52549022
0.53725493
0.48627451
0.49019608
0.49803922
0.46666667
0.50980395
0.54509807
0.44705883
0.45098040
0.42745098
0.39607844
0.49019608
0.49803922
0.45098040
0.49019608
0.42745098
0.52941179
0.47450981
0.52549022
0.46666667
0.51372552
0.48235294
0.55686277
0.53725493
0.54901963
0.58823532
0.56862748
0.49803922
0.49411765
0.55294120
0.56470591
0.60784316
0.45490196
0.42745098
0.51372552
0.55686277
0.48235294
0.49019608
0.45882353
0.45490196
0.38431373
0.35294119
0.41568628
0.54509807
0.45490196
0.41960785
0.50196081
0.45490196
0.42745098
0.48627451
0.49803922
0.52941179
0.40784314
0.51764709
0.49803922
0.52549022
0.54509807
0.52156866
0.56078434
0.56862748
0.40784314
0.54509807
0.55294120
0.56078434
0.41960785
0.44705883
0.50196081
0.54509807
0.47058824
0.44313726
0.41960785
0.45490196
0.47843137
0.44313726
0.41176471
0.48235294
0.45098040
0.41960785
0.45882353
0.42745098
0.42745098
0.46274510
0.45098040
0.49411765
0.45490196
0.49803922
0.43921569
0.45882353
0.44705883
0.47058824
0.57254905
0.54509807
0.54117650
0.52549022
0.56862748
0.54117650
0.40392157
0.45882353
0.38823530
0.45098040
0.42745098
0.34509805
0.39607844
0.43921569
0.47058824
0.45490196
0.45490196
0.40392157
0.39215687
0.43137255
0.47058824
0.53333336
0.44313726
0.49411765
0.46666667
0.52941179
0.62352943
0.59607846
0.52549022
0.53725493
0.49803922
0.50980395
0.58431375
0.55294120
0.56862748
0.54509807
0.58823532
0.62745100
0.45098040
0.50588238
0.37647060
0.39215687
0.38431373
0.45098040
0.45882353
0.39215687
0.34509805
0.34117648
0.35686275
0.34901962
0.42352942
0.41568628
0.37254903
0.36470589
0.55294120
0.78823531
0.42352942
0.37647060
0.44705883
0.49019608
0.46666667
0.47058824
0.49411765
0.50588238
0.47058824
0.47843137
0.53333336
0.42352942
0.47058824
0.55294120
0.42352942
0.47058824
0.40392157
0.37647060
0.41176471
0.43137255
0.46666667
0.42745098
0.41568628
0.40000001
0.38039216
0.38431373
0.39607844
0.41960785
0.39215687
0.35686275
0.58823532
0.72156864
0.45098040
0.32156864
0.32941177
0.42352942
0.46666667
0.41960785
0.40392157
0.38823530
0.40392157
0.40000001
0.44705883
0.40784314
0.49019608
0.48235294
0.39215687
0.49411765
0.34901962
0.35294119
0.38039216
0.34117648
0.42352942
0.41568628
0.38431373
0.43921569
0.39215687
0.44705883
0.42745098
0.43921569
0.44705883
0.43137255
0.49411765
0.41960785
0.37254903
0.38823530
0.32941177
0.37647060
0.46666667
0.49803922
0.43529412
0.40000001
0.45882353
0.45490196
0.45098040
0.41568628
0.42745098
0.45098040
0.40784314
0.46274510
0.41176471
0.39215687
0.37254903
0.39215687
0.45098040
0.40392157
0.40000001
0.41568628
0.37254903
0.40784314
0.38431373
0.38039216
0.38039216
0.41568628
0.41960785
0.40000001
0.31372550
0.33333334
0.34901962
0.42352942
0.51372552
0.60784316
0.45882353
0.42352942
0.49803922
0.40784314
0.47058824
0.37647060
0.39215687
0.41176471
0.36862746
0.48627451
0.39215687
0.39607844
0.38431373
0.41960785
0.45490196
0.45098040
0.41960785
0.41960785
0.43921569
0.40392157
0.37254903
0.33725491
0.42745098
0.40392157
0.44313726
0.46666667
0.35686275
0.38823530
0.36470589
0.50196081
0.49411765
0.56078434
0.50196081
0.39215687
0.44313726
0.35686275
0.42352942
0.36862746
0.37647060
0.35686275
0.43137255
0.53333336
0.37254903
0.37647060
0.38431373
0.39215687
0.45490196
0.41960785
0.40784314
0.40784314
0.42352942
0.34117648
0.41960785
0.38039216
0.40784314
0.41568628
0.43137255
0.38039216
0.41568628
0.40784314
0.37647060
0.39215687
0.40784314
0.43921569
0.53725493
0.45490196
0.43137255
0.41960785
0.45098040
0.47843137
0.48235294
0.42745098
0.38823530
0.49019608
0.38039216
0.38039216
0.40392157
0.43921569
0.45882353
0.44705883
0.46274510
0.44705883
0.48235294
0.43137255
0.47843137
0.48627451
0.44705883
0.43137255
0.41176471
0.42352942
0.46666667
0.42745098
0.38039216
0.41960785
0.39607844
0.34901962
0.42745098
0.46666667
0.44705883
0.39607844
0.47058824
0.47843137
0.45882353
0.43137255
0.40784314
0.54509807
0.36078432
0.34117648
0.41960785
0.43921569
0.47843137
0.42352942
0.42352942
0.45098040
0.47450981
0.44705883
0.43921569
0.53333336
0.45882353
0.50588238
0.53725493
0.51764709
0.43921569
0.46666667
0.44705883
0.48235294
0.45490196
0.43529412
0.50588238
0.55294120
0.55294120
0.47058824
0.47843137
0.47843137
0.50196081
0.47450981
0.45490196
0.49803922
0.39215687
0.38823530
0.40000001
0.40392157
0.42352942
0.41176471
0.49019608
0.49803922
0.44705883
0.45490196
0.43529412
0.49803922
0.45490196
0.44705883
0.48627451
0.51764709
0.42352942
0.48627451
0.40392157
0.45098040
0.48627451
0.41176471
0.47843137
0.44705883
0.46666667
0.43921569
0.44313726
0.49411765
0.50196081
0.45882353
0.40784314
0.49411765
0.34117648
0.40784314
0.39215687
0.38039216
0.38039216
0.40784314
0.48627451
0.50196081
0.42745098
0.52156866
0.58039218
0.59607846
0.53725493
0.41176471
0.45882353
0.45882353
0.40392157
0.41960785
0.47843137
0.50196081
0.55294120
0.50980395
0.45882353
0.49019608
0.46274510
0.46274510
0.44705883
0.44705883
0.46274510
0.45490196
0.43921569
0.47450981
0.34901962
0.36078432
0.38039216
0.37647060
0.36470589
0.39215687
0.40000001
0.44705883
0.35294119
0.45098040
0.67843139
0.64313728
0.57647061
0.46274510
0.43529412
0.42352942
0.45490196
0.42745098
0.51372552
0.54901963
0.55686277
0.52549022
0.53725493
0.52156866
0.53725493
0.54117650
0.46274510
0.46274510
0.51372552
0.47058824
0.40784314
0.42352942
0.51764709
0.47450981
0.37647060
0.35686275
0.35686275
0.36470589
0.37647060
0.39215687
0.34509805
0.42745098
0.56862748
0.54117650
0.53725493
0.45490196
0.41176471
0.34509805
0.32156864
0.34117648
0.52549022
0.48235294
0.50980395
0.46274510
0.45882353
0.46666667
0.45882353
0.52549022
0.45882353
0.46274510
0.50196081
0.45882353
0.40784314
0.38039216
0.45490196
0.44705883
0.36862746
0.38431373
0.33333334
0.38431373
0.38039216
0.34117648
0.32156864
0.38823530
0.64705884
0.60000002
0.47058824
0.53725493
0.53725493
0.49411765
0.46274510
0.36862746
0.49019608
0.50980395
0.51764709
0.43921569
0.45490196
0.46666667
0.45882353
0.56470591
0.54901963
0.48627451
0.50980395
0.47450981
0.39215687
0.35294119
0.27058825
0.33333334
0.34509805
0.39215687
0.38039216
0.41176471
0.36862746
0.28235295
0.30196080
0.28235295
0.59215689
0.60784316
0.41568628
0.52156866
0.59607846
0.60784316
0.65098041
0.54901963
0.49019608
0.34509805
0.49803922
0.48235294
0.45882353
0.41176471
0.50980395
0.46274510
0.37647060
0.45490196
0.44705883
0.40392157
0.45882353
0.40392157
0.30980393
0.30196080
0.36078432
0.40784314
0.43137255
0.39215687
0.31372550
0.32549021
0.36862746
0.46274510
0.49411765
0.39607844
0.45098040
0.52941179
0.57647061
0.59607846
0.63137257
0.61960787
0.38823530
0.29019609
0.35686275
0.45098040
0.53333336
0.67450982
0.55294120
0.47450981
0.47450981
0.51764709
0.43529412
0.48627451
0.47450981
0.37254903
0.40784314
0.36078432
0.43529412
0.44705883
0.42352942
0.42745098
0.47843137
0.49803922
0.49019608
0.58823532
0.48235294
0.34901962
0.46274510
0.52156866
0.52941179
0.54901963
0.65098041
0.63137257
0.49411765
0.38039216
0.47450981
0.52549022
0.60000002
0.72941178
0.76862746
0.60392159
0.50588238
0.56862748
0.46274510
0.44313726
0.47843137
0.50588238
0.56470591
0.46666667
0.48627451
0.48627451
0.52549022
0.55294120
0.49803922
0.55294120
0.54117650
0.63529414
0.52549022
0.40392157
0.53333336
0.50196081
0.43529412
0.52156866
0.68627453
0.72156864
0.58431375
0.56862748
0.50980395
0.61568630
0.73333335
0.57647061
0.60784316
0.50980395
0.43137255
0.57254905
0.51372552
0.56470591
0.50980395
0.46666667
0.49803922
0.54509807
0.56862748
0.66666669
0.69019610
0.80392158
0.73725492
0.80000001
0.81960785
0.67058825
0.66666669
0.51764709
0.53333336
0.61568630
0.65882355
0.67058825
0.70980394
0.79215688
0.67058825
0.59607846
0.44313726
0.53725493
0.70980394
0.59215689
0.54901963
0.61960787
0.60000002
0.54901963
0.50196081
0.54117650
0.70196080
0.59215689
0.60392159
0.67843139
0.63529414
0.89803922
0.85490197
0.78431374
0.83921570
0.87843138
0.92156863
0.85882354
0.86274511
0.86274511
0.74117649
0.74509805
0.89803922
0.92941177
0.83529413
0.87450981
0.88627452
0.84705883
0.57254905
0.61960787
0.63137257
0.56470591
0.50980395
0.51372552
0.58039218
0.56078434
0.72549021
0.57254905
0.84313726
0.91372550
0.89803922
0.87058824
0.83921570
0.90588236
0.85882354
0.75686276
0.76862746
0.82745099
0.81568629
0.78039217
0.82352942
0.83921570
0.93725491
0.89019608
0.86666667
0.82745099
0.86666667
0.91372550
0.85882354
0.89019608
0.90980393
0.86666667
0.76470590
0.87450981
0.83137256
0.81176472
0.69019610
0.69411767
0.77647060
0.78431374
0.74901962
0.77254903
0.77647060
0.86274511
0.78823531
0.84313726
0.81568629
0.83921570
0.81176472
0.74117649
0.78823531
0.76470590
0.76862746
0.85882354
0.87450981
0.90980393
0.85490197
0.76862746
0.77254903
0.88627452
0.89411765
0.82352942
0.84313726
0.89411765
0.86274511
0.85882354
0.87843138
0.89019608
0.88235295
0.89411765
0.93333334
0.95294118
0.56078434
0.41960785
0.47450981
0.57647061
0.65490198
0.64313728
0.79607844
0.81568629
0.78431374
0.69803923
0.79607844
0.76078433
0.69411767
0.74509805
0.74509805
0.76862746
0.85490197
0.82745099
0.79215688
0.78823531
0.80000001
0.64313728
0.63137257
0.75686276
0.75294119
0.79607844
0.86274511
0.87058824
0.91764706
0.86274511
0.85882354
0.92156863
0.47843137
0.38039216
0.45098040
0.54117650
0.49803922
0.58431375
0.69019610
0.75686276
0.66666669
0.58039218
0.65882355
0.67450982
0.76078433
0.63529414
0.57647061
0.52156866
0.58823532
0.69803923
0.73333335
0.68235296
0.50588238
0.51372552
0.49803922
0.53725493
0.71372551
0.85490197
0.84705883
0.78431374
0.74509805
0.70980394
0.88235295
0.87843138
0.58039218
0.65882355
0.62352943
0.57254905
0.51764709
0.53725493
0.58039218
0.50980395
0.55294120
0.51372552
0.45882353
0.63529414
0.72941178
0.57647061
0.54117650
0.59215689
0.52549022
0.61176473
0.51372552
0.58039218
0.38039216
0.29411766
0.32941177
0.37254903
0.56470591
0.63921571
0.64313728
0.68235296
0.62745100
0.69803923
0.79215688
0.85098040
0.54509807
0.61960787
0.58039218
0.52549022
0.53333336
0.58431375
0.55294120
0.61176473
0.60784316
0.58823532
0.57254905
0.58039218
0.55294120
0.61568630
0.56862748
0.58431375
0.54901963
0.56078434
0.50980395
0.54901963
0.56078434
0.43921569
0.39607844
0.38039216
0.45882353
0.45490196
0.55294120
0.60784316
0.65098041
0.62745100
0.65490198
0.72549021
0.45882353
0.50588238
0.47450981
0.47058824
0.45882353
0.59607846
0.56078434
0.58823532
0.59215689
0.52156866
0.53725493
0.46274510
0.45490196
0.60000002
0.53333336
0.43921569
0.51372552
0.49803922
0.43529412
0.43137255
0.50980395
0.57647061
0.61568630
0.55686277
0.54117650
0.55294120
0.59215689
0.61176473
0.62352943
0.54117650
0.59215689
0.56470591
0.34509805
0.38039216
0.38823530
0.42352942
0.43529412
0.49019608
0.56470591
0.54117650
0.47450981
0.38431373
0.39607844
0.36470589
0.48627451
0.60392159
0.46274510
0.50588238
0.45098040
0.45098040
0.40000001
0.35686275
0.37254903
0.38823530
0.47843137
0.37254903
0.44313726
0.36470589
0.45098040
0.51372552
0.51764709
0.55686277
0.61960787
0.55686277
0.46666667
0.41176471
0.40784314
0.41176471
0.38823530
0.47843137
0.51372552
0.49411765
0.51372552
0.48627451
0.44313726
0.43529412
0.47058824
0.44705883
0.50980395
0.49803922
0.40392157
0.45490196
0.44313726
0.41568628
0.40784314
0.41960785
0.42352942
0.48235294
0.54117650
0.49803922
0.51764709
0.50196081
0.59607846
0.63137257
0.57254905
0.52941179
0.48235294
0.40784314
0.41568628
0.42745098
0.43529412
0.47450981
0.50196081
0.41960785
0.43137255
0.36078432
0.33333334
0.45098040
0.45882353
0.44313726
0.48235294
0.41176471
0.48235294
0.44313726
0.48627451
0.43921569
0.50980395
0.47450981
0.59607846
0.58039218
0.58039218
0.60784316
0.54901963
0.45098040
0.50588238
0.59215689
0.63529414
0.61568630
0.40784314
0.38039216
0.45490196
0.48235294
0.44313726
0.43921569
0.40784314
0.41568628
0.35294119
0.31372550
0.38431373
0.50588238
0.42745098
0.41960785
0.48627451
0.41960785
0.39607844
0.44705883
0.45490196
0.49803922
0.41568628
0.55294120
0.56862748
0.56470591
0.52156866
0.48235294
0.51372552
0.50196081
0.36078432
0.52941179
0.60392159
0.60000002
0.39215687
0.42745098
0.44705883
0.47450981
0.42745098
0.40784314
0.37647060
0.40784314
0.43137255
0.42352942
0.39215687
0.43921569
0.39607844
0.37254903
0.41176471
0.37647060
0.37254903
0.40392157
0.40000001
0.45490196
0.41176471
0.49411765
0.40784314
0.39607844
0.36862746
0.41568628
0.50588238
0.49803922
0.49019608
0.46274510
0.52549022
0.50980395
0.35294119
0.41960785
0.35294119
0.40392157
0.39215687
0.32549021
0.37647060
0.38823530
0.43137255
0.43529412
0.42745098
0.36078432
0.34117648
0.37647060
0.41568628
0.49019608
0.40000001
0.43921569
0.40784314
0.49019608
0.55294120
0.54509807
0.46666667
0.47058824
0.42745098
0.45490196
0.52941179
0.53725493
0.52941179
0.51372552
0.53725493
0.56470591
0.35686275
0.41568628
0.27843139
0.30980393
0.33333334
0.39607844
0.40000001
0.35294119
0.29803923
0.29803923
0.30196080
0.32156864
0.38823530
0.35686275
0.31764707
0.30588236
0.44705883
0.65098041
0.34901962
0.33725491
0.38823530
0.39607844
0.41960785
0.42352942
0.44313726
0.45490196
0.43921569
0.43529412
0.49411765
0.39215687
0.42352942
0.49803922
0.32156864
0.38823530
0.33725491
0.34509805
0.37254903
0.38039216
0.42745098
0.38431373
0.38431373
0.35686275
0.33725491
0.34117648
0.34117648
0.34901962
0.32941177
0.30980393
0.46666667
0.52941179
0.37647060
0.28235295
0.29803923
0.34509805
0.41176471
0.40784314
0.36078432
0.35686275
0.40000001
0.36470589
0.41960785
0.39607844
0.43529412
0.41960785
0.30588236
0.40392157
0.27058825
0.30196080
0.34509805
0.32941177
0.41176471
0.36078432
0.36078432
0.41568628
0.37254903
0.38431373
0.35294119
0.35294119
0.37647060
0.39215687
0.43137255
0.30588236
0.31372550
0.34117648
0.32156864
0.33725491
0.39607844
0.47843137
0.40000001
0.38039216
0.44705883
0.41568628
0.42745098
0.41176471
0.37647060
0.41568628
0.34509805
0.41176471
0.36470589
0.36078432
0.34117648
0.37254903
0.41568628
0.34117648
0.37254903
0.41568628
0.35294119
0.35686275
0.33725491
0.30196080
0.31372550
0.32941177
0.35686275
0.32549021
0.27058825
0.27843139
0.31764707
0.38039216
0.42745098
0.51764709
0.41960785
0.37647060
0.45490196
0.36862746
0.43137255
0.35294119
0.35686275
0.39607844
0.30588236
0.41568628
0.33725491
0.36862746
0.34509805
0.40000001
0.41568628
0.40000001
0.40392157
0.40392157
0.41176471
0.39215687
0.34901962
0.30588236
0.36470589
0.34117648
0.39215687
0.39215687
0.31764707
0.34509805
0.32941177
0.41960785
0.40392157
0.48627451
0.46274510
0.36078432
0.41176471
0.31764707
0.38823530
0.36078432
0.35294119
0.34117648
0.36470589
0.43921569
0.33725491
0.37254903
0.35294119
0.36470589
0.40000001
0.36078432
0.37254903
0.36078432
0.36862746
0.31764707
0.38431373
0.34509805
0.32549021
0.35294119
0.39215687
0.32156864
0.35686275
0.38039216
0.35686275
0.35294119
0.36862746
0.40784314
0.50196081
0.42745098
0.40784314
0.39215687
0.41960785
0.46274510
0.45098040
0.41176471
0.33725491
0.41176471
0.34509805
0.37254903
0.38431373
0.41960785
0.41176471
0.41176471
0.42352942
0.40392157
0.40000001
0.39215687
0.44705883
0.46274510
0.39607844
0.36470589
0.39215687
0.38431373
0.41568628
0.39607844
0.34901962
0.34901962
0.32549021
0.31372550
0.39215687
0.43137255
0.40392157
0.36470589
0.44313726
0.41568628
0.36862746
0.38431373
0.36078432
0.43529412
0.31764707
0.33333334
0.39215687
0.38039216
0.39607844
0.38039216
0.40392157
0.41960785
0.43529412
0.43921569
0.43137255
0.52156866
0.42745098
0.45098040
0.49411765
0.46274510
0.40000001
0.41176471
0.42352942
0.45490196
0.41960785
0.41568628
0.45490196
0.49019608
0.50588238
0.43921569
0.46666667
0.45098040
0.45098040
0.45098040
0.41568628
0.41568628
0.37254903
0.39215687
0.41176471
0.37647060
0.38039216
0.37647060
0.44313726
0.46274510
0.43137255
0.48235294
0.43921569
0.49411765
0.41960785
0.41176471
0.46666667
0.45882353
0.38039216
0.39607844
0.38823530
0.43921569
0.43529412
0.40000001
0.46274510
0.41568628
0.44313726
0.41176471
0.42352942
0.45490196
0.43137255
0.42745098
0.34117648
0.39607844
0.32156864
0.38431373
0.38431373
0.35294119
0.34901962
0.40000001
0.45098040
0.43529412
0.38823530
0.52549022
0.49411765
0.54509807
0.52941179
0.36078432
0.40784314
0.42352942
0.37254903
0.39215687
0.42745098
0.45882353
0.45490196
0.43529412
0.43921569
0.45882353
0.43921569
0.44313726
0.43137255
0.41960785
0.40000001
0.41176471
0.38823530
0.38039216
0.31372550
0.36470589
0.37254903
0.35294119
0.35294119
0.38823530
0.36862746
0.38823530
0.33725491
0.42352942
0.54901963
0.54901963
0.58039218
0.45882353
0.40392157
0.40392157
0.43529412
0.41568628
0.47058824
0.48235294
0.46274510
0.48627451
0.51372552
0.49019608
0.51764709
0.52156866
0.47058824
0.45490196
0.48235294
0.45882353
0.38039216
0.36862746
0.42352942
0.43921569
0.38823530
0.36078432
0.35686275
0.36862746
0.34901962
0.34117648
0.33725491
0.45098040
0.56862748
0.54117650
0.52941179
0.43921569
0.37254903
0.32941177
0.32156864
0.31764707
0.48627451
0.45882353
0.42745098
0.44313726
0.45098040
0.45098040
0.45882353
0.48235294
0.42352942
0.43921569
0.46274510
0.43137255
0.40000001
0.36862746
0.38039216
0.42352942
0.38039216
0.38823530
0.32941177
0.38431373
0.37647060
0.30980393
0.30980393
0.37254903
0.61176473
0.59215689
0.43137255
0.43529412
0.40000001
0.40000001
0.44705883
0.36470589
0.47843137
0.44705883
0.46666667
0.43921569
0.44313726
0.45490196
0.46666667
0.52156866
0.50196081
0.47058824
0.47450981
0.44313726
0.38823530
0.36078432
0.25882354
0.35294119
0.33333334
0.39215687
0.38431373
0.40784314
0.37254903
0.27843139
0.30196080
0.27843139
0.57647061
0.61960787
0.33725491
0.36078432
0.40392157
0.49019608
0.52156866
0.48627451
0.47450981
0.31764707
0.44705883
0.45490196
0.45098040
0.42745098
0.50980395
0.43529412
0.36470589
0.47058824
0.43529412
0.39607844
0.45490196
0.41176471
0.30196080
0.29803923
0.36470589
0.41568628
0.44313726
0.39215687
0.32156864
0.34901962
0.36862746
0.45882353
0.43529412
0.37254903
0.35686275
0.39607844
0.46666667
0.49411765
0.50588238
0.49019608
0.36078432
0.30980393
0.32941177
0.44313726
0.52941179
0.64705884
0.54901963
0.47058824
0.47843137
0.50980395
0.42745098
0.46666667
0.47843137
0.36862746
0.39607844
0.34901962
0.42352942
0.43921569
0.38823530
0.42352942
0.49019608
0.52156866
0.50588238
0.58039218
0.40392157
0.29411766
0.40000001
0.41960785
0.41960785
0.44313726
0.52549022
0.51764709
0.43137255
0.39215687
0.46274510
0.54901963
0.56078434
0.67058825
0.71764708
0.58039218
0.49411765
0.56078434
0.47843137
0.46274510
0.49019608
0.50196081
0.55294120
0.46666667
0.49411765
0.47058824
0.47058824
0.52941179
0.51372552
0.54117650
0.54509807
0.65490198
0.52156866
0.36862746
0.45098040
0.37647060
0.39215687
0.46666667
0.59607846
0.67450982
0.56078434
0.58823532
0.52941179
0.63921571
0.65490198
0.56470591
0.56862748
0.48627451
0.44313726
0.57647061
0.50196081
0.56078434
0.51764709
0.48235294
0.51764709
0.55686277
0.58431375
0.63921571
0.61568630
0.70196080
0.69411767
0.71764708
0.78823531
0.66666669
0.67058825
0.47843137
0.47058824
0.53333336
0.61176473
0.65490198
0.62745100
0.76470590
0.61568630
0.57254905
0.46666667
0.53725493
0.61176473
0.57254905
0.51764709
0.57254905
0.59607846
0.54117650
0.48627451
0.53725493
0.68235296
0.56470591
0.58039218
0.64313728
0.63921571
0.77647060
0.72941178
0.60392159
0.72156864
0.73333335
0.85098040
0.77647060
0.80784315
0.68627453
0.63137257
0.70980394
0.70588237
0.81568629
0.74117649
0.83137256
0.78039217
0.76862746
0.59607846
0.60000002
0.53725493
0.56078434
0.53333336
0.50588238
0.55294120
0.56470591
0.70196080
0.58039218
0.67058825
0.67058825
0.63137257
0.69411767
0.71372551
0.68235296
0.61568630
0.60000002
0.66666669
0.69019610
0.72941178
0.66666669
0.76078433
0.67058825
0.71372551
0.77647060
0.70196080
0.63921571
0.63529414
0.74509805
0.69411767
0.61568630
0.63137257
0.73333335
0.66274512
0.73725492
0.71764708
0.77254903
0.69411767
0.61568630
0.66274512
0.69019610
0.40392157
0.48235294
0.49019608
0.55686277
0.56470591
0.58431375
0.63529414
0.65882355
0.63921571
0.65490198
0.69803923
0.74117649
0.71372551
0.75294119
0.66666669
0.69019610
0.65490198
0.57647061
0.59215689
0.69411767
0.60392159
0.50588238
0.55294120
0.60784316
0.62745100
0.66274512
0.66666669
0.69803923
0.76078433
0.69019610
0.76078433
0.82745099
0.34901962
0.22745098
0.31764707
0.34901962
0.46666667
0.43529412
0.57647061
0.59607846
0.60784316
0.56862748
0.62352943
0.70196080
0.65882355
0.57254905
0.56078434
0.56470591
0.65098041
0.62352943
0.60392159
0.53725493
0.51372552
0.48627451
0.50588238
0.53725493
0.55294120
0.63921571
0.67058825
0.69019610
0.66274512
0.58039218
0.65882355
0.76470590
0.41176471
0.35686275
0.42745098
0.50980395
0.41568628
0.53333336
0.58039218
0.52156866
0.54117650
0.45882353
0.53333336
0.60392159
0.66666669
0.52941179
0.49411765
0.40000001
0.51372552
0.50588238
0.43921569
0.38431373
0.28627452
0.38431373
0.45490196
0.42745098
0.45490196
0.57254905
0.54901963
0.61176473
0.61960787
0.47843137
0.70980394
0.74117649
0.54117650
0.64705884
0.62352943
0.58039218
0.56862748
0.56470591
0.54901963
0.49803922
0.57647061
0.54901963
0.45490196
0.60000002
0.54901963
0.61568630
0.55294120
0.60392159
0.50196081
0.49019608
0.41960785
0.45098040
0.33333334
0.29803923
0.32549021
0.30588236
0.39215687
0.45098040
0.50588238
0.55294120
0.53333336
0.54901963
0.52941179
0.61568630
0.52549022
0.62352943
0.59215689
0.52156866
0.55294120
0.54117650
0.49019608
0.52941179
0.54901963
0.54117650
0.55294120
0.52549022
0.45882353
0.56862748
0.58039218
0.61176473
0.56470591
0.50980395
0.48235294
0.54509807
0.50588238
0.43137255
0.41960785
0.40392157
0.42745098
0.42352942
0.49803922
0.57647061
0.63529414
0.49019608
0.51764709
0.52549022
0.46274510
0.51764709
0.47450981
0.49019608
0.41568628
0.49803922
0.52941179
0.54117650
0.49411765
0.48235294
0.49411765
0.47450981
0.43137255
0.51764709
0.53333336
0.46274510
0.53725493
0.49411765
0.43137255
0.41568628
0.45098040
0.52549022
0.62745100
0.53725493
0.50588238
0.53333336
0.52549022
0.57647061
0.57254905
0.44313726
0.56078434
0.50980395
0.35686275
0.38823530
0.40392157
0.41176471
0.42745098
0.46274510
0.55686277
0.51372552
0.44705883
0.36862746
0.41176471
0.37254903
0.47058824
0.54117650
0.43137255
0.50196081
0.44705883
0.45098040
0.40392157
0.36078432
0.33333334
0.40392157
0.48627451
0.38823530
0.45490196
0.38823530
0.45490196
0.51764709
0.53333336
0.54509807
0.59215689
0.53725493
0.47450981
0.42745098
0.41960785
0.41568628
0.38823530
0.49019608
0.50588238
0.47843137
0.45882353
0.48235294
0.44313726
0.45098040
0.49803922
0.41568628
0.49411765
0.46274510
0.41176471
0.45882353
0.44705883
0.40392157
0.40000001
0.43529412
0.43137255
0.49803922
0.54117650
0.47450981
0.51764709
0.50196081
0.52549022
0.49019608
0.47843137
0.49803922
0.47450981
0.39607844
0.41960785
0.45490196
0.44705883
0.47450981
0.49411765
0.41568628
0.41176471
0.37254903
0.35294119
0.44705883
0.45490196
0.41960785
0.45882353
0.40784314
0.50588238
0.45098040
0.49803922
0.42352942
0.48235294
0.44705883
0.50196081
0.49803922
0.48627451
0.52549022
0.50588238
0.45882353
0.44313726
0.48627451
0.50196081
0.56078434
0.40784314
0.38431373
0.45882353
0.49019608
0.45490196
0.44313726
0.41960785
0.43529412
0.37254903
0.32941177
0.39215687
0.49803922
0.41176471
0.38039216
0.47450981
0.42352942
0.40392157
0.44705883
0.47058824
0.47843137
0.37647060
0.50588238
0.43137255
0.44313726
0.47058824
0.49019608
0.50980395
0.50980395
0.37647060
0.46666667
0.47843137
0.50588238
0.40000001
0.43921569
0.45098040
0.47450981
0.40784314
0.40000001
0.38431373
0.41568628
0.44313726
0.43529412
0.40000001
0.44313726
0.40000001
0.37254903
0.41176471
0.38431373
0.39607844
0.40784314
0.40784314
0.45098040
0.40784314
0.47058824
0.40000001
0.39607844
0.36470589
0.43921569
0.51372552
0.49411765
0.49019608
0.45490196
0.50980395
0.50196081
0.38039216
0.44313726
0.36862746
0.41568628
0.40000001
0.33725491
0.36862746
0.39607844
0.43529412
0.43921569
0.43529412
0.36862746
0.35294119
0.39215687
0.42745098
0.49803922
0.41176471
0.44313726
0.44313726
0.49019608
0.55294120
0.54509807
0.47843137
0.47843137
0.42745098
0.45490196
0.53333336
0.52941179
0.52156866
0.52549022
0.54509807
0.56078434
1 0 0 0 -1 0 0 0 0 0 0
0 1 0 0 -1 0 0 0 0 0 0
0 0 1 0 -1 0 0 0 0 0 0
0 0 0 1 -1 0 0 0 0 0 0
0 0 0 0 -1 1 0 0 0 0 0
0 0 0 0 -1 0 1 0 0 0 0
0 0 0 0 -1 0 0 1 0 0 0
0 0 0 0 -1 0 0 0 1 0 0
0 0 0 0 -1 0 0 0 0 1 0
