0.35294119
0.35294119
0.35686275
0.35686275
0.36470589
0.36862746
0.36862746
0.37254903
0.39215687
0.40392157
0.40784314
0.41568628
0.41960785
0.42745098
0.42745098
0.42352942
0.42352942
0.41960785
0.41176471
0.44313726
0.46274510
0.43921569
0.42745098
0.44313726
0.43921569
0.43529412
0.43529412
0.42352942
0.41960785
0.40392157
0.39215687
0.39215687
0.36078432
0.36470589
0.36862746
0.36862746
0.36862746
0.37647060
0.37647060
0.37647060
0.40000001
0.41176471
0.41176471
0.41568628
0.41176471
0.41568628
0.41960785
0.41960785
0.42352942
0.42352942
0.43921569
0.45882353
0.46274510
0.43921569
0.42352942
0.43529412
0.45490196
0.47843137
0.52549022
0.58823532
0.57254905
0.44705883
0.40392157
0.40000001
0.36470589
0.36470589
0.36862746
0.36470589
0.36862746
0.37254903
0.37254903
0.37647060
0.39215687
0.40392157
0.40392157
0.40392157
0.39607844
0.40000001
0.40000001
0.40784314
0.41176471
0.41960785
0.43921569
0.44313726
0.44313726
0.43137255
0.41960785
0.42745098
0.46274510
0.52156866
0.65098041
0.73333335
0.60784316
0.44705883
0.40392157
0.39607844
0.37254903
0.36470589
0.36862746
0.36862746
0.37254903
0.37254903
0.37254903
0.37647060
0.38823530
0.39607844
0.39215687
0.39215687
0.39215687
0.39215687
0.39215687
0.40000001
0.40392157
0.41176471
0.43137255
0.42745098
0.42745098
0.41176471
0.42352942
0.44705883
0.50588238
0.63137257
0.72156864
0.66274512
0.49803922
0.43137255
0.40392157
0.40000001
0.37647060
0.36862746
0.36862746
0.37254903
0.37647060
0.37647060
0.37254903
0.37647060
0.38039216
0.38039216
0.38039216
0.38039216
0.38039216
0.38039216
0.38039216
0.38431373
0.38823530
0.39215687
0.40784314
0.40784314
0.41176471
0.34509805
0.37647060
0.50196081
0.64705884
0.72941178
0.70588237
0.52941179
0.43137255
0.41568628
0.40392157
0.40784314
0.38039216
0.37254903
0.37254903
0.37647060
0.38039216
0.38039216
0.37647060
0.37647060
0.38039216
0.37647060
0.37647060
0.37647060
0.37647060
0.37647060
0.37647060
0.37647060
0.37647060
0.38039216
0.38823530
0.38823530
0.40784314
0.41176471
0.39607844
0.58431375
0.74117649
0.73725492
0.60392159
0.42745098
0.40000001
0.40392157
0.40784314
0.41568628
0.38039216
0.37647060
0.37647060
0.37647060
0.38039216
0.38039216
0.37647060
0.37647060
0.37647060
0.37647060
0.37647060
0.37647060
0.37647060
0.38039216
0.38039216
0.38431373
0.38431373
0.38039216
0.37647060
0.38431373
0.41960785
0.50588238
0.45098040
0.57647061
0.73725492
0.63921571
0.45882353
0.39215687
0.40000001
0.43529412
0.43921569
0.41568628
0.38039216
0.37254903
0.37647060
0.37647060
0.37647060
0.37647060
0.37647060
0.37647060
0.37647060
0.37647060
0.37647060
0.37647060
0.37647060
0.38039216
0.38039216
0.38823530
0.39215687
0.39215687
0.38039216
0.40392157
0.48627451
0.52156866
0.48235294
0.52156866
0.65490198
0.49411765
0.40392157
0.41176471
0.43529412
0.58431375
0.56862748
0.41568628
0.38039216
0.37254903
0.37647060
0.37647060
0.37647060
0.37647060
0.37647060
0.37647060
0.37647060
0.37647060
0.37647060
0.37647060
0.37647060
0.37254903
0.37647060
0.38431373
0.39215687
0.40392157
0.41568628
0.53333336
0.65490198
0.53725493
0.49803922
0.45490196
0.50588238
0.44705883
0.41568628
0.46274510
0.61960787
0.70980394
0.55294120
0.40000001
0.38039216
0.37254903
0.37647060
0.37647060
0.37647060
0.37647060
0.37647060
0.38039216
0.37647060
0.37647060
0.37647060
0.37647060
0.37647060
0.37254903
0.37647060
0.39215687
0.40784314
0.43921569
0.54901963
0.71764708
0.74117649
0.54901963
0.50196081
0.41176471
0.42745098
0.43921569
0.46666667
0.63921571
0.76470590
0.65098041
0.44705883
0.39215687
0.38039216
0.37647060
0.37647060
0.37647060
0.38431373
0.38431373
0.38431373
0.38431373
0.38039216
0.37647060
0.38039216
0.38039216
0.37647060
0.38039216
0.39215687
0.42352942
0.49411765
0.60000002
0.73725492
0.80000001
0.72549021
0.54117650
0.51372552
0.41568628
0.40784314
0.48235294
0.58431375
0.72156864
0.70588237
0.52549022
0.40784314
0.39215687
0.38431373
0.37647060
0.37647060
0.38039216
0.38431373
0.38431373
0.38431373
0.38431373
0.38431373
0.38431373
0.38431373
0.38431373
0.38431373
0.39607844
0.41960785
0.50196081
0.60392159
0.69803923
0.80392158
0.80784315
0.73333335
0.61568630
0.58039218
0.48627451
0.43921569
0.54509807
0.63137257
0.69019610
0.60000002
0.44705883
0.40784314
0.40784314
0.38431373
0.37647060
0.37647060
0.37647060
0.38431373
0.38431373
0.38823530
0.38823530
0.38823530
0.38823530
0.38823530
0.39215687
0.39215687
0.43529412
0.52156866
0.66666669
0.62352943
0.50196081
0.74509805
0.81176472
0.75686276
0.68627453
0.64313728
0.63529414
0.59215689
0.54901963
0.57254905
0.62352943
0.52156866
0.42745098
0.41568628
0.42352942
0.39607844
0.38823530
0.38823530
0.38039216
0.39215687
0.43921569
0.45490196
0.48235294
0.47450981
0.47450981
0.50196081
0.50588238
0.52549022
0.60784316
0.68627453
0.77647060
0.65098041
0.42745098
0.63137257
0.80392158
0.77647060
0.72549021
0.73725492
0.78431374
0.77647060
0.66274512
0.47058824
0.36078432
0.47058824
0.44313726
0.41960785
0.41960785
0.38823530
0.38431373
0.38823530
0.38431373
0.42745098
0.49411765
0.58039218
0.68627453
0.69411767
0.71372551
0.74117649
0.74117649
0.74509805
0.76862746
0.74117649
0.71764708
0.63921571
0.44705883
0.50588238
0.74901962
0.80392158
0.77254903
0.77647060
0.78823531
0.79607844
0.74117649
0.56862748
0.41568628
0.47450981
0.45098040
0.42352942
0.40392157
0.36470589
0.37647060
0.38823530
0.45490196
0.41960785
0.40000001
0.61960787
0.76078433
0.78039217
0.80784315
0.81176472
0.81568629
0.82352942
0.83921570
0.81176472
0.78431374
0.65882355
0.45098040
0.46666667
0.67058825
0.77647060
0.76470590
0.76470590
0.75686276
0.74901962
0.74901962
0.74117649
0.56078434
0.45098040
0.44313726
0.42352942
0.40392157
0.36862746
0.40392157
0.56470591
0.68627453
0.62352943
0.65882355
0.68627453
0.68235296
0.70588237
0.74509805
0.78431374
0.79607844
0.81568629
0.83921570
0.82745099
0.83529413
0.69411767
0.50588238
0.48627451
0.58039218
0.68627453
0.68235296
0.68235296
0.61960787
0.57254905
0.54901963
0.51764709
0.41568628
0.43137255
0.44313726
0.42352942
0.40784314
0.40784314
0.57254905
0.80392158
0.74117649
0.64705884
0.68627453
0.66666669
0.63529414
0.70196080
0.76862746
0.82352942
0.82745099
0.81568629
0.79607844
0.79215688
0.81960785
0.70588237
0.55686277
0.49019608
0.48235294
0.61568630
0.58823532
0.48627451
0.32549021
0.29803923
0.43137255
0.45098040
0.44313726
0.43529412
0.42745098
0.41960785
0.41176471
0.44313726
0.65490198
0.73333335
0.54509807
0.43529412
0.58039218
0.65490198
0.67450982
0.70980394
0.76078433
0.81960785
0.82352942
0.81568629
0.80000001
0.80392158
0.82352942
0.70980394
0.55686277
0.45490196
0.43137255
0.52941179
0.37647060
0.27450982
0.16862746
0.09803922
0.38431373
0.44705883
0.42352942
0.41960785
0.41568628
0.41176471
0.40784314
0.41960785
0.49411765
0.49019608
0.40784314
0.38431373
0.45882353
0.49019608
0.52941179
0.55686277
0.61568630
0.71372551
0.77254903
0.80784315
0.79607844
0.80392158
0.78823531
0.70196080
0.55294120
0.41568628
0.44313726
0.47058824
0.27058825
0.22352941
0.14117648
0.16078432
0.40000001
0.41568628
0.40000001
0.40784314
0.40392157
0.40000001
0.40000001
0.39607844
0.40392157
0.41176471
0.42352942
0.41960785
0.40392157
0.40392157
0.41960785
0.42352942
0.44313726
0.50980395
0.67843139
0.80392158
0.79215688
0.78431374
0.74509805
0.70196080
0.45490196
0.34509805
0.53333336
0.65098041
0.60000002
0.55686277
0.39215687
0.37647060
0.44705883
0.41176471
0.39607844
0.40000001
0.39215687
0.38823530
0.38823530
0.40392157
0.40000001
0.40392157
0.40392157
0.40000001
0.40000001
0.40392157
0.41176471
0.40392157
0.39607844
0.41960785
0.63137257
0.80000001
0.79607844
0.77647060
0.74509805
0.68627453
0.41568628
0.34509805
0.62745100
0.79215688
0.76862746
0.70980394
0.51372552
0.44313726
0.43921569
0.41960785
0.40000001
0.39607844
0.38823530
0.38039216
0.38039216
0.40784314
0.40000001
0.40000001
0.40000001
0.40000001
0.40000001
0.40784314
0.40784314
0.40000001
0.39607844
0.41568628
0.63137257
0.81176472
0.81568629
0.78039217
0.73333335
0.61960787
0.44705883
0.43137255
0.66274512
0.79607844
0.75294119
0.61568630
0.44313726
0.42352942
0.42352942
0.41176471
0.40000001
0.39607844
0.38431373
0.37647060
0.37647060
0.40784314
0.40000001
0.40000001
0.40000001
0.40000001
0.40000001
0.40784314
0.40784314
0.40000001
0.39607844
0.41176471
0.63137257
0.82352942
0.82745099
0.77254903
0.70588237
0.53333336
0.41960785
0.43529412
0.64313728
0.78431374
0.71372551
0.52156866
0.42745098
0.41568628
0.40392157
0.40000001
0.40000001
0.39607844
0.38431373
0.37647060
0.37647060
0.40392157
0.40000001
0.40000001
0.40000001
0.40000001
0.40000001
0.40784314
0.40784314
0.40000001
0.39607844
0.41176471
0.63137257
0.81176472
0.80392158
0.76470590
0.65098041
0.45490196
0.40784314
0.41960785
0.61176473
0.76862746
0.61568630
0.44313726
0.41960785
0.41568628
0.39607844
0.39215687
0.39607844
0.39607844
0.38823530
0.37647060
0.37647060
0.40392157
0.40000001
0.40000001
0.40000001
0.40000001
0.40000001
0.40392157
0.40784314
0.40000001
0.39215687
0.41176471
0.61176473
0.78431374
0.78039217
0.73725492
0.55686277
0.41568628
0.41176471
0.41176471
0.54117650
0.60392159
0.46274510
0.41960785
0.42745098
0.41176471
0.39607844
0.38431373
0.39215687
0.39215687
0.38431373
0.37647060
0.37254903
0.40392157
0.40000001
0.40000001
0.40000001
0.40000001
0.40000001
0.40392157
0.40784314
0.40000001
0.39215687
0.41176471
0.60000002
0.75686276
0.76470590
0.67843139
0.46666667
0.41568628
0.41568628
0.41568628
0.44705883
0.44705883
0.41176471
0.41568628
0.42745098
0.41568628
0.40000001
0.38431373
0.38823530
0.38823530
0.37647060
0.36862746
0.36862746
0.40392157
0.40000001
0.40000001
0.40000001
0.40392157
0.40392157
0.40784314
0.40784314
0.40000001
0.39607844
0.41568628
0.60784316
0.75686276
0.75294119
0.60000002
0.43137255
0.41960785
0.41568628
0.41176471
0.41960785
0.42745098
0.40392157
0.40784314
0.42352942
0.41568628
0.40392157
0.38823530
0.38431373
0.38431373
0.37254903
0.36470589
0.36470589
0.40000001
0.40000001
0.40000001
0.40000001
0.40784314
0.40784314
0.40784314
0.40784314
0.40392157
0.41176471
0.44313726
0.63137257
0.75686276
0.70588237
0.50980395
0.43529412
0.41568628
0.40392157
0.40784314
0.41176471
0.41176471
0.40784314
0.41176471
0.41568628
0.41176471
0.40392157
0.39607844
0.38823530
0.38039216
0.37254903
0.36470589
0.36078432
0.39607844
0.39607844
0.40000001
0.40000001
0.40784314
0.40784314
0.40784314
0.40784314
0.41176471
0.43921569
0.46274510
0.54901963
0.60784316
0.57647061
0.46274510
0.43529412
0.41960785
0.40000001
0.40784314
0.40784314
0.40784314
0.40784314
0.41176471
0.41176471
0.40392157
0.40000001
0.39215687
0.38431373
0.37647060
0.36862746
0.36078432
0.35686275
0.39215687
0.39607844
0.40000001
0.40000001
0.40784314
0.40784314
0.40784314
0.40784314
0.42352942
0.43529412
0.42745098
0.44313726
0.45490196
0.46274510
0.44313726
0.42745098
0.41568628
0.40000001
0.40784314
0.40784314
0.40784314
0.40784314
0.40784314
0.40392157
0.40000001
0.39607844
0.38823530
0.38039216
0.37254903
0.36470589
0.35294119
0.35294119
0.38823530
0.39215687
0.39607844
0.40000001
0.40392157
0.40392157
0.40784314
0.40784314
0.41960785
0.42745098
0.42352942
0.42745098
0.42745098
0.42745098
0.42745098
0.41960785
0.41176471
0.40392157
0.40784314
0.40784314
0.40784314
0.40784314
0.40784314
0.40392157
0.39607844
0.38823530
0.38039216
0.37254903
0.36470589
0.36078432
0.35294119
0.34901962
0.48627451
0.48627451
0.49019608
0.49019608
0.49411765
0.50196081
0.50196081
0.50588238
0.50980395
0.50588238
0.50980395
0.51764709
0.52156866
0.53333336
0.53333336
0.52941179
0.52941179
0.52941179
0.53333336
0.52941179
0.52941179
0.53333336
0.53725493
0.53725493
0.52941179
0.52156866
0.52156866
0.51764709
0.52549022
0.51372552
0.50196081
0.50588238
0.49803922
0.49803922
0.50196081
0.50196081
0.50196081
0.50980395
0.50980395
0.51372552
0.52156866
0.52549022
0.52549022
0.52941179
0.52549022
0.52941179
0.53333336
0.53725493
0.53725493
0.54117650
0.54117650
0.54117650
0.54509807
0.54901963
0.54509807
0.53725493
0.54117650
0.54901963
0.58823532
0.64705884
0.64705884
0.53725493
0.50980395
0.51764709
0.50196081
0.49803922
0.50196081
0.49803922
0.49803922
0.50588238
0.50588238
0.50980395
0.51764709
0.52549022
0.52549022
0.52549022
0.51764709
0.52156866
0.52156866
0.52941179
0.53725493
0.53333336
0.52941179
0.52941179
0.53725493
0.54509807
0.53725493
0.52941179
0.54117650
0.57254905
0.68627453
0.76862746
0.65490198
0.52156866
0.50588238
0.51764709
0.50588238
0.49803922
0.50196081
0.50196081
0.50588238
0.50588238
0.50588238
0.50980395
0.52156866
0.52549022
0.52549022
0.52549022
0.52156866
0.52156866
0.52156866
0.52941179
0.53333336
0.53333336
0.52941179
0.52941179
0.53333336
0.51764709
0.51764709
0.52941179
0.56862748
0.67058825
0.74901962
0.69803923
0.55294120
0.50980395
0.50980395
0.51764709
0.51372552
0.50196081
0.50196081
0.50588238
0.50980395
0.50980395
0.50588238
0.50980395
0.51764709
0.52156866
0.52156866
0.52156866
0.52156866
0.52156866
0.52156866
0.52156866
0.52549022
0.52549022
0.52549022
0.52941179
0.52156866
0.42745098
0.43921569
0.55686277
0.69411767
0.76470590
0.73333335
0.58823532
0.51764709
0.51372552
0.51372552
0.52549022
0.51764709
0.50588238
0.50588238
0.50980395
0.51372552
0.51372552
0.50980395
0.50980395
0.51764709
0.51764709
0.51764709
0.51764709
0.51764709
0.51764709
0.51372552
0.51764709
0.51764709
0.51764709
0.52549022
0.52549022
0.52156866
0.47058824
0.42745098
0.61568630
0.77647060
0.77254903
0.64313728
0.51764709
0.51764709
0.51764709
0.51764709
0.52549022
0.51764709
0.50588238
0.50980395
0.50980395
0.51372552
0.51372552
0.50980395
0.50980395
0.51372552
0.51372552
0.51372552
0.51372552
0.51372552
0.51764709
0.52156866
0.51764709
0.51372552
0.51372552
0.52156866
0.52156866
0.52156866
0.55686277
0.47058824
0.59607846
0.77647060
0.69803923
0.53725493
0.51372552
0.51764709
0.52549022
0.52549022
0.51764709
0.51372552
0.50588238
0.50980395
0.50980395
0.50980395
0.50980395
0.50980395
0.50980395
0.50980395
0.50980395
0.50980395
0.50980395
0.50980395
0.52156866
0.52549022
0.52156866
0.51764709
0.51372552
0.50980395
0.51764709
0.56078434
0.56862748
0.50588238
0.54117650
0.70588237
0.57647061
0.50980395
0.52549022
0.52549022
0.64313728
0.63529414
0.51372552
0.51372552
0.50588238
0.50980395
0.50980395
0.50980395
0.50980395
0.50980395
0.50980395
0.50980395
0.50980395
0.50980395
0.50980395
0.50980395
0.52156866
0.52549022
0.52156866
0.51764709
0.51372552
0.50980395
0.60784316
0.70196080
0.55294120
0.51372552
0.48627451
0.55686277
0.52941179
0.51372552
0.53725493
0.66666669
0.76078433
0.62745100
0.50588238
0.51372552
0.50588238
0.50980395
0.50980395
0.50980395
0.50980395
0.50980395
0.50980395
0.50980395
0.50980395
0.50980395
0.50980395
0.50980395
0.52156866
0.52156866
0.52156866
0.52156866
0.53333336
0.60784316
0.75686276
0.75686276
0.54117650
0.50196081
0.44313726
0.47450981
0.50980395
0.54901963
0.67450982
0.78039217
0.69803923
0.52941179
0.50588238
0.51764709
0.50980395
0.50980395
0.50980395
0.51764709
0.51764709
0.51764709
0.51764709
0.51372552
0.50980395
0.50980395
0.50980395
0.50980395
0.51764709
0.52156866
0.53333336
0.57647061
0.66274512
0.76078433
0.81176472
0.72156864
0.52549022
0.50980395
0.43529412
0.43529412
0.52156866
0.63529414
0.72941178
0.71372551
0.58039218
0.50196081
0.51372552
0.51764709
0.50980395
0.50980395
0.51372552
0.51764709
0.51764709
0.51764709
0.51764709
0.51764709
0.51764709
0.51764709
0.51764709
0.51764709
0.51764709
0.52156866
0.57647061
0.64705884
0.72156864
0.80784315
0.80784315
0.72941178
0.60000002
0.56470591
0.47843137
0.43921569
0.54901963
0.63921571
0.69411767
0.62745100
0.52941179
0.51764709
0.52156866
0.51764709
0.50980395
0.50980395
0.51372552
0.51764709
0.51372552
0.51764709
0.51764709
0.51764709
0.51764709
0.51764709
0.51764709
0.52156866
0.54117650
0.59607846
0.71372551
0.63529414
0.49803922
0.74901962
0.81568629
0.75294119
0.68235296
0.62352943
0.60784316
0.56862748
0.52156866
0.54901963
0.63137257
0.58039218
0.53333336
0.52941179
0.52941179
0.52156866
0.51372552
0.51764709
0.51764709
0.52941179
0.54509807
0.54117650
0.56470591
0.56470591
0.56862748
0.58823532
0.58431375
0.60000002
0.65490198
0.71372551
0.79215688
0.64705884
0.41960785
0.63529414
0.80784315
0.77254903
0.71764708
0.72156864
0.75686276
0.74509805
0.62352943
0.42745098
0.36862746
0.53725493
0.54117650
0.52941179
0.52941179
0.52941179
0.52156866
0.52156866
0.51764709
0.53725493
0.55686277
0.60392159
0.71372551
0.73725492
0.75686276
0.77647060
0.76862746
0.76470590
0.76862746
0.73333335
0.70980394
0.63137257
0.44313726
0.51372552
0.75686276
0.80000001
0.75294119
0.76078433
0.77647060
0.77254903
0.70588237
0.52941179
0.42745098
0.53333336
0.53333336
0.52941179
0.52941179
0.54117650
0.52941179
0.51764709
0.55294120
0.45882353
0.40392157
0.60784316
0.76470590
0.79215688
0.81568629
0.82352942
0.83137256
0.83529413
0.83137256
0.79607844
0.77254903
0.65098041
0.44705883
0.47843137
0.67450982
0.77254903
0.74117649
0.74509805
0.74509805
0.73725492
0.73333335
0.72156864
0.59215689
0.51764709
0.52941179
0.52941179
0.52549022
0.53725493
0.52156866
0.64313728
0.71764708
0.58431375
0.61568630
0.65490198
0.67058825
0.69803923
0.72941178
0.77647060
0.80000001
0.82352942
0.83137256
0.81176472
0.81960785
0.68235296
0.50196081
0.49411765
0.58431375
0.68235296
0.66274512
0.66274512
0.60784316
0.57254905
0.55686277
0.53725493
0.47058824
0.51372552
0.53725493
0.52941179
0.52549022
0.52156866
0.63529414
0.81960785
0.71372551
0.58823532
0.65098041
0.65098041
0.63529414
0.69803923
0.75686276
0.81568629
0.82745099
0.81568629
0.78823531
0.77647060
0.80784315
0.69803923
0.55294120
0.49803922
0.49019608
0.61176473
0.56862748
0.46666667
0.31764707
0.30588236
0.47058824
0.51372552
0.52549022
0.52941179
0.52941179
0.52941179
0.52941179
0.53725493
0.69803923
0.73333335
0.51764709
0.41176471
0.59215689
0.69411767
0.70588237
0.73725492
0.78823531
0.83529413
0.82352942
0.80784315
0.78431374
0.79215688
0.81176472
0.69803923
0.55294120
0.46274510
0.43921569
0.52156866
0.35686275
0.24705882
0.15294118
0.11764706
0.44705883
0.54117650
0.53333336
0.52941179
0.52156866
0.51764709
0.52156866
0.54117650
0.57254905
0.53725493
0.43529412
0.42352942
0.53725493
0.58431375
0.60000002
0.62352943
0.68235296
0.75294119
0.77254903
0.78431374
0.77647060
0.79215688
0.77254903
0.69019610
0.54901963
0.42352942
0.45098040
0.46274510
0.25098041
0.20000000
0.12941177
0.18823530
0.48627451
0.54117650
0.52549022
0.52549022
0.51764709
0.50980395
0.51372552
0.53333336
0.51764709
0.50980395
0.50980395
0.51372552
0.52156866
0.52549022
0.52156866
0.52549022
0.55294120
0.58431375
0.69803923
0.78431374
0.78823531
0.77647060
0.72549021
0.69019610
0.46666667
0.37647060
0.54901963
0.64313728
0.58039218
0.55294120
0.41568628
0.43137255
0.54509807
0.53725493
0.52549022
0.52156866
0.50980395
0.50196081
0.50196081
0.52941179
0.52156866
0.52156866
0.51764709
0.51764709
0.52156866
0.52941179
0.52941179
0.52941179
0.52941179
0.52549022
0.68235296
0.79607844
0.80000001
0.77647060
0.72156864
0.68235296
0.45098040
0.40392157
0.65490198
0.78431374
0.75686276
0.73333335
0.58431375
0.52941179
0.54117650
0.53333336
0.52156866
0.51764709
0.50588238
0.49803922
0.50196081
0.52941179
0.52156866
0.52156866
0.52156866
0.52156866
0.52156866
0.52941179
0.52941179
0.52941179
0.53333336
0.52941179
0.68627453
0.80392158
0.80392158
0.76862746
0.72156864
0.64313728
0.50980395
0.50588238
0.69803923
0.80000001
0.75686276
0.65882355
0.52941179
0.51764709
0.52941179
0.52549022
0.52156866
0.51764709
0.50588238
0.49803922
0.50196081
0.52941179
0.52156866
0.52156866
0.52156866
0.52156866
0.52156866
0.52941179
0.52941179
0.53333336
0.53333336
0.52549022
0.68627453
0.81176472
0.79607844
0.75294119
0.71764708
0.59215689
0.51372552
0.51764709
0.69019610
0.80784315
0.74117649
0.58039218
0.51764709
0.51764709
0.51764709
0.51764709
0.52156866
0.51764709
0.50588238
0.49803922
0.50196081
0.52941179
0.52156866
0.52156866
0.52156866
0.52156866
0.52156866
0.52941179
0.52941179
0.52941179
0.53333336
0.52549022
0.68627453
0.80000001
0.76470590
0.74901962
0.69411767
0.54509807
0.52156866
0.51764709
0.67450982
0.81568629
0.67450982
0.52549022
0.52156866
0.52941179
0.51764709
0.51764709
0.52156866
0.51764709
0.50980395
0.49803922
0.49803922
0.52549022
0.52156866
0.52156866
0.52156866
0.52156866
0.52156866
0.52941179
0.52941179
0.52941179
0.53333336
0.52549022
0.66666669
0.77254903
0.74509805
0.74117649
0.62352943
0.52156866
0.52941179
0.51764709
0.62352943
0.67450982
0.55294120
0.52549022
0.53333336
0.52941179
0.52156866
0.52156866
0.51764709
0.51372552
0.50588238
0.49411765
0.49411765
0.52549022
0.52156866
0.52156866
0.52156866
0.52156866
0.52156866
0.52941179
0.52941179
0.52941179
0.53333336
0.52549022
0.65490198
0.74901962
0.74509805
0.70588237
0.55294120
0.52156866
0.52156866
0.52549022
0.53725493
0.53333336
0.52549022
0.53725493
0.54117650
0.53333336
0.53333336
0.52549022
0.51372552
0.50588238
0.49803922
0.49019608
0.49019608
0.52549022
0.52156866
0.52156866
0.52156866
0.52549022
0.52549022
0.52941179
0.52941179
0.52941179
0.53333336
0.52549022
0.65490198
0.75294119
0.75294119
0.64705884
0.52941179
0.52941179
0.52156866
0.52941179
0.52549022
0.52941179
0.52941179
0.53333336
0.54117650
0.54117650
0.53725493
0.52549022
0.50980395
0.50196081
0.49411765
0.48627451
0.48627451
0.52549022
0.52156866
0.52156866
0.52156866
0.52941179
0.52941179
0.52941179
0.52941179
0.52941179
0.53333336
0.53333336
0.67450982
0.76862746
0.73725492
0.58039218
0.52941179
0.53725493
0.53333336
0.52941179
0.52549022
0.52941179
0.52941179
0.53333336
0.53725493
0.53333336
0.52941179
0.51764709
0.50588238
0.49803922
0.49019608
0.48235294
0.48235294
0.52156866
0.51764709
0.52156866
0.52156866
0.52941179
0.52941179
0.52941179
0.52941179
0.53333336
0.54901963
0.54509807
0.60784316
0.64705884
0.63137257
0.53725493
0.53333336
0.53725493
0.53333336
0.52941179
0.52941179
0.52941179
0.52941179
0.53333336
0.53333336
0.52549022
0.52156866
0.51372552
0.50196081
0.49411765
0.48627451
0.47843137
0.47843137
0.51372552
0.51764709
0.52156866
0.52156866
0.52941179
0.52941179
0.52941179
0.52941179
0.52941179
0.52941179
0.51372552
0.52941179
0.53725493
0.54117650
0.52941179
0.53333336
0.53725493
0.53333336
0.52941179
0.52941179
0.52941179
0.52941179
0.52941179
0.52549022
0.52156866
0.51764709
0.50980395
0.49803922
0.49019608
0.48235294
0.47058824
0.47450981
0.50980395
0.50980395
0.51764709
0.52156866
0.52549022
0.52549022
0.52941179
0.52941179
0.52549022
0.51764709
0.51764709
0.53725493
0.53725493
0.53333336
0.52941179
0.52941179
0.53333336
0.52941179
0.52941179
0.52941179
0.52941179
0.52941179
0.52941179
0.52549022
0.51764709
0.50980395
0.50196081
0.49411765
0.48235294
0.47843137
0.47058824
0.47058824
0.58431375
0.58431375
0.58823532
0.58823532
0.59215689
0.60000002
0.60000002
0.60392159
0.60392159
0.59607846
0.59607846
0.60392159
0.61176473
0.60784316
0.60392159
0.60392159
0.60000002
0.60000002
0.60784316
0.60784316
0.61176473
0.61568630
0.59607846
0.58039218
0.57647061
0.58039218
0.58823532
0.58823532
0.59215689
0.58039218
0.57254905
0.57254905
0.60000002
0.59607846
0.60000002
0.60000002
0.60000002
0.60784316
0.60784316
0.61176473
0.61568630
0.61176473
0.61176473
0.61568630
0.61176473
0.60784316
0.60784316
0.60784316
0.61176473
0.60784316
0.60392159
0.61960787
0.62745100
0.62352943
0.61960787
0.61568630
0.60000002
0.58039218
0.60392159
0.67450982
0.68627453
0.59215689
0.58039218
0.59607846
0.60000002
0.59607846
0.59607846
0.59607846
0.59607846
0.60000002
0.60392159
0.60784316
0.60784316
0.60784316
0.60784316
0.60784316
0.60000002
0.60000002
0.60000002
0.60784316
0.61568630
0.60392159
0.58823532
0.60784316
0.62352943
0.60392159
0.60784316
0.62352943
0.59607846
0.58431375
0.66274512
0.76470590
0.67843139
0.56862748
0.57647061
0.59607846
0.60784316
0.59607846
0.60000002
0.60000002
0.60392159
0.60392159
0.60392159
0.60784316
0.60784316
0.60392159
0.60392159
0.60392159
0.60392159
0.60392159
0.60392159
0.61176473
0.61960787
0.61176473
0.59607846
0.61568630
0.61176473
0.54117650
0.55686277
0.60392159
0.61176473
0.67843139
0.72549021
0.69803923
0.58039218
0.55686277
0.57647061
0.59607846
0.61176473
0.60000002
0.60000002
0.60392159
0.60784316
0.60784316
0.60392159
0.60784316
0.60784316
0.60000002
0.60000002
0.60000002
0.60000002
0.60784316
0.61176473
0.61176473
0.61568630
0.61176473
0.61176473
0.63137257
0.59607846
0.41568628
0.41960785
0.58823532
0.71764708
0.77254903
0.73725492
0.61960787
0.56862748
0.57254905
0.58431375
0.59607846
0.61568630
0.60392159
0.60392159
0.60784316
0.61176473
0.61176473
0.60784316
0.60784316
0.60392159
0.59607846
0.59607846
0.59607846
0.59607846
0.60392159
0.60784316
0.60784316
0.61176473
0.61176473
0.63137257
0.64313728
0.58823532
0.43529412
0.36470589
0.60000002
0.77647060
0.79215688
0.68235296
0.58431375
0.59607846
0.58823532
0.58823532
0.59215689
0.61568630
0.60392159
0.60784316
0.60784316
0.61176473
0.61176473
0.60784316
0.60784316
0.60784316
0.60000002
0.60000002
0.60000002
0.60000002
0.59607846
0.60000002
0.60392159
0.61176473
0.61960787
0.63137257
0.61568630
0.56862748
0.53725493
0.41176471
0.54509807
0.76470590
0.73333335
0.61176473
0.61176473
0.60392159
0.58823532
0.58431375
0.58823532
0.61568630
0.60392159
0.60784316
0.60784316
0.60784316
0.60784316
0.60784316
0.60784316
0.60784316
0.60784316
0.60784316
0.60784316
0.60784316
0.59607846
0.59607846
0.60784316
0.61568630
0.62352943
0.60784316
0.58431375
0.58431375
0.55294120
0.45882353
0.48627451
0.69411767
0.61960787
0.60000002
0.62352943
0.59607846
0.69019610
0.69019610
0.58823532
0.61568630
0.60392159
0.60784316
0.60784316
0.60784316
0.60784316
0.60784316
0.60784316
0.60784316
0.60784316
0.60784316
0.60784316
0.60784316
0.60784316
0.61176473
0.61176473
0.61176473
0.60392159
0.57647061
0.64313728
0.70196080
0.51764709
0.45882353
0.43921569
0.55294120
0.57647061
0.59607846
0.60000002
0.70588237
0.80000001
0.68627453
0.58823532
0.61568630
0.60392159
0.60784316
0.60784316
0.60784316
0.60784316
0.60784316
0.60784316
0.60784316
0.60784316
0.60784316
0.60784316
0.60784316
0.61960787
0.61960787
0.60784316
0.59607846
0.59607846
0.63921571
0.76470590
0.73333335
0.48627451
0.43921569
0.39607844
0.46666667
0.54901963
0.61568630
0.70588237
0.79215688
0.73333335
0.59607846
0.59215689
0.61568630
0.60784316
0.60784316
0.60784316
0.61568630
0.61568630
0.61568630
0.61568630
0.61176473
0.60784316
0.60784316
0.60784316
0.60784316
0.61960787
0.61568630
0.60000002
0.61960787
0.68627453
0.76862746
0.79607844
0.68627453
0.45882353
0.43921569
0.38039216
0.41176471
0.54117650
0.67843139
0.74117649
0.72156864
0.62745100
0.58039218
0.60000002
0.61960787
0.60784316
0.60784316
0.61176473
0.61568630
0.61568630
0.61568630
0.61568630
0.61568630
0.61568630
0.61568630
0.61568630
0.61568630
0.61568630
0.60000002
0.61960787
0.65490198
0.70980394
0.80000001
0.78823531
0.68627453
0.53725493
0.49019608
0.40784314
0.39215687
0.53725493
0.65490198
0.69803923
0.65098041
0.59215689
0.60392159
0.60784316
0.61568630
0.60392159
0.60784316
0.60784316
0.61176473
0.60784316
0.60784316
0.60784316
0.61176473
0.61176473
0.61176473
0.61176473
0.61176473
0.62745100
0.65882355
0.72941178
0.60784316
0.45490196
0.72941178
0.78823531
0.71372551
0.62745100
0.54509807
0.51764709
0.50196081
0.48627451
0.53333336
0.63921571
0.62745100
0.61568630
0.62352943
0.61176473
0.60392159
0.59215689
0.60000002
0.60392159
0.61568630
0.60784316
0.58431375
0.60784316
0.61960787
0.62745100
0.64313728
0.63529414
0.64705884
0.69803923
0.73725492
0.78039217
0.60784316
0.36862746
0.60000002
0.76862746
0.72549021
0.67058825
0.65098041
0.67058825
0.67058825
0.57254905
0.39215687
0.37254903
0.58039218
0.61176473
0.61176473
0.61176473
0.61176473
0.60000002
0.59607846
0.58823532
0.59215689
0.56862748
0.58823532
0.70588237
0.74509805
0.77254903
0.78823531
0.77647060
0.76862746
0.76862746
0.72549021
0.69019610
0.59215689
0.39607844
0.46274510
0.70196080
0.74901962
0.70980394
0.70196080
0.70588237
0.70980394
0.65490198
0.49019608
0.42745098
0.56470591
0.58431375
0.60000002
0.60784316
0.64705884
0.61568630
0.59215689
0.60392159
0.45490196
0.37647060
0.56862748
0.73333335
0.77647060
0.80392158
0.81176472
0.82352942
0.83529413
0.82745099
0.78823531
0.75294119
0.61176473
0.39607844
0.42352942
0.61960787
0.72156864
0.69411767
0.69019610
0.68627453
0.69019610
0.69411767
0.69803923
0.60000002
0.55294120
0.58039218
0.60000002
0.60784316
0.63137257
0.58431375
0.67450982
0.71372551
0.53333336
0.56078434
0.60392159
0.63921571
0.66666669
0.69803923
0.75686276
0.78823531
0.81960785
0.82745099
0.80392158
0.80000001
0.64705884
0.45490196
0.43921569
0.52941179
0.63137257
0.61568630
0.61568630
0.56862748
0.54509807
0.54509807
0.53725493
0.49803922
0.56078434
0.59215689
0.60000002
0.60392159
0.58039218
0.65098041
0.79215688
0.66274512
0.52941179
0.60392159
0.62352943
0.61960787
0.67450982
0.73333335
0.79607844
0.81176472
0.80000001
0.78039217
0.76862746
0.78431374
0.65882355
0.50196081
0.44313726
0.43529412
0.56078434
0.51764709
0.42745098
0.29803923
0.30588236
0.48627451
0.54117650
0.57254905
0.58823532
0.59215689
0.60000002
0.60392159
0.57647061
0.70196080
0.69411767
0.46666667
0.39215687
0.59607846
0.71372551
0.72549021
0.74509805
0.79215688
0.82745099
0.80392158
0.78039217
0.77254903
0.78039217
0.78823531
0.66274512
0.50588238
0.41176471
0.38431373
0.47058824
0.30980393
0.21960784
0.15294118
0.13725491
0.48627451
0.60000002
0.60000002
0.60000002
0.59607846
0.59215689
0.59607846
0.60392159
0.60784316
0.54117650
0.43529412
0.45882353
0.60000002
0.65882355
0.65098041
0.66666669
0.72156864
0.76862746
0.76078433
0.75294119
0.76470590
0.78431374
0.75294119
0.65490198
0.50196081
0.37254903
0.39607844
0.41176471
0.20392157
0.17647059
0.14509805
0.22352941
0.54509807
0.61568630
0.60784316
0.60392159
0.59607846
0.58039218
0.58039218
0.61960787
0.58823532
0.56470591
0.56470591
0.58431375
0.61176473
0.61960787
0.60000002
0.59607846
0.61960787
0.62745100
0.70196080
0.75686276
0.78039217
0.77647060
0.70588237
0.66666669
0.44705883
0.35686275
0.51764709
0.60392159
0.53725493
0.54117650
0.44705883
0.47843137
0.61176473
0.61568630
0.60784316
0.60392159
0.59215689
0.57647061
0.58039218
0.61568630
0.60000002
0.60000002
0.59607846
0.60000002
0.60784316
0.61176473
0.61176473
0.61568630
0.61960787
0.59215689
0.70196080
0.77647060
0.80000001
0.77647060
0.70588237
0.67843139
0.47450981
0.43137255
0.65490198
0.75686276
0.72156864
0.74117649
0.63137257
0.58039218
0.60392159
0.60392159
0.60392159
0.60000002
0.58823532
0.58039218
0.58431375
0.61568630
0.60392159
0.60392159
0.60392159
0.60392159
0.60392159
0.60784316
0.61176473
0.61960787
0.62352943
0.60000002
0.70980394
0.78431374
0.79215688
0.76078433
0.71372551
0.66274512
0.56078434
0.54901963
0.70980394
0.78823531
0.74117649
0.67450982
0.58039218
0.57254905
0.59607846
0.60000002
0.60000002
0.60000002
0.58823532
0.58039218
0.58823532
0.61568630
0.60392159
0.60392159
0.60392159
0.60392159
0.60392159
0.61176473
0.61176473
0.61960787
0.62352943
0.59607846
0.70980394
0.79215688
0.77254903
0.73725492
0.72941178
0.63921571
0.58431375
0.56862748
0.71372551
0.80784315
0.74509805
0.61176473
0.57254905
0.58039218
0.59215689
0.60000002
0.60392159
0.60000002
0.58823532
0.58039218
0.58823532
0.61176473
0.60392159
0.60392159
0.60392159
0.60392159
0.60392159
0.61176473
0.61176473
0.61960787
0.62352943
0.59607846
0.70980394
0.78039217
0.72941178
0.73725492
0.72549021
0.61960787
0.60784316
0.57647061
0.70980394
0.83529413
0.70588237
0.57254905
0.58039218
0.59607846
0.59607846
0.60392159
0.60392159
0.60000002
0.59215689
0.58039218
0.58431375
0.61176473
0.60392159
0.60392159
0.60392159
0.60392159
0.60392159
0.61176473
0.61176473
0.61960787
0.62352943
0.59607846
0.69019610
0.74901962
0.71372551
0.74509805
0.67450982
0.60392159
0.61568630
0.58823532
0.66666669
0.70980394
0.60392159
0.58823532
0.60000002
0.60392159
0.60784316
0.61176473
0.60392159
0.59607846
0.58823532
0.57647061
0.58431375
0.61176473
0.60392159
0.60392159
0.60392159
0.60392159
0.60392159
0.61176473
0.61176473
0.61960787
0.62352943
0.60000002
0.67843139
0.72941178
0.72549021
0.72941178
0.61960787
0.60784316
0.60392159
0.59607846
0.59215689
0.58431375
0.59607846
0.61176473
0.61176473
0.61568630
0.61960787
0.61568630
0.60392159
0.58823532
0.58039218
0.57254905
0.57647061
0.61176473
0.60392159
0.60392159
0.60392159
0.60784316
0.60784316
0.61176473
0.61176473
0.61960787
0.61960787
0.58823532
0.67450982
0.73333335
0.74509805
0.68235296
0.60000002
0.61176473
0.60392159
0.60392159
0.59215689
0.59607846
0.60784316
0.61568630
0.61568630
0.62352943
0.62352943
0.61568630
0.60000002
0.59215689
0.58431375
0.57254905
0.58039218
0.60784316
0.60392159
0.60392159
0.60392159
0.61176473
0.61176473
0.61176473
0.61176473
0.61960787
0.61568630
0.58823532
0.69411767
0.76078433
0.74901962
0.61568630
0.59215689
0.61568630
0.61568630
0.61176473
0.60784316
0.60784316
0.61176473
0.61568630
0.61960787
0.61568630
0.61176473
0.60392159
0.60392159
0.60000002
0.58823532
0.58039218
0.58431375
0.60392159
0.60000002
0.60392159
0.60392159
0.61176473
0.61176473
0.61176473
0.61176473
0.61176473
0.61568630
0.60000002
0.63921571
0.66274512
0.65882355
0.58431375
0.59607846
0.61960787
0.61960787
0.61176473
0.61176473
0.61176473
0.61176473
0.61568630
0.61568630
0.60784316
0.60392159
0.59607846
0.60000002
0.59607846
0.58823532
0.58039218
0.58039218
0.60000002
0.60000002
0.60392159
0.60392159
0.61176473
0.61176473
0.61176473
0.61176473
0.60000002
0.58431375
0.56862748
0.57647061
0.58431375
0.58823532
0.58039218
0.60000002
0.61568630
0.61960787
0.61176473
0.61176473
0.61176473
0.61176473
0.61176473
0.60784316
0.60392159
0.60000002
0.59215689
0.59215689
0.59215689
0.58431375
0.57254905
0.57647061
0.59607846
0.59215689
0.60000002
0.60392159
0.60784316
0.60784316
0.61176473
0.61176473
0.59215689
0.57254905
0.58039218
0.60392159
0.61176473
0.59607846
0.59215689
0.60392159
0.61176473
0.61568630
0.61176473
0.61176473
0.61176473
0.61176473
0.61176473
0.60784316
0.60000002
0.59215689
0.58823532
0.58823532
0.58431375
0.58039218
0.57254905
0.57254905
-1 1 0 0 0 0 0 0 0 0 0
-1 0 1 0 0 0 0 0 0 0 0
-1 0 0 1 0 0 0 0 0 0 0
-1 0 0 0 1 0 0 0 0 0 0
-1 0 0 0 0 1 0 0 0 0 0
-1 0 0 0 0 0 1 0 0 0 0
-1 0 0 0 0 0 0 1 0 0 0
-1 0 0 0 0 0 0 0 1 0 0
-1 0 0 0 0 0 0 0 0 1 0
