0.21960784
0.26274511
0.38823530
0.38431373
0.36862746
0.29411766
0.33333334
0.29019609
0.25490198
0.35294119
0.43921569
0.36862746
0.34509805
0.56078434
0.63137257
0.54901963
0.54117650
0.49803922
0.44705883
0.57647061
0.59607846
0.70980394
0.79215688
0.74509805
0.64705884
0.70196080
0.70196080
0.70980394
0.59607846
0.54901963
0.71372551
0.75686276
0.19607843
0.20784314
0.28627452
0.32549021
0.42352942
0.41960785
0.48235294
0.39215687
0.28235295
0.39607844
0.43137255
0.38823530
0.35294119
0.41568628
0.45882353
0.47058824
0.47843137
0.43921569
0.48627451
0.73333335
0.78431374
0.80784315
0.81960785
0.77254903
0.69411767
0.73725492
0.72156864
0.67058825
0.59607846
0.65882355
0.76078433
0.63529414
0.27843139
0.32156864
0.40784314
0.44705883
0.50196081
0.40784314
0.42352942
0.41568628
0.34509805
0.37647060
0.40392157
0.33725491
0.29411766
0.33333334
0.35686275
0.47058824
0.50588238
0.53725493
0.67450982
0.84313726
0.82352942
0.79607844
0.81568629
0.73725492
0.76470590
0.83921570
0.78431374
0.65098041
0.65882355
0.66274512
0.60392159
0.50980395
0.43137255
0.48235294
0.49803922
0.46666667
0.47450981
0.40000001
0.36470589
0.37647060
0.30980393
0.30588236
0.41176471
0.37254903
0.30588236
0.37254903
0.45098040
0.59607846
0.58039218
0.66274512
0.84313726
0.87450981
0.81176472
0.82352942
0.76862746
0.78039217
0.83921570
0.83921570
0.76862746
0.74509805
0.71764708
0.68235296
0.64313728
0.62352943
0.50588238
0.53725493
0.51372552
0.48627451
0.48235294
0.44705883
0.38431373
0.35686275
0.30588236
0.36862746
0.42352942
0.41960785
0.39607844
0.42745098
0.56470591
0.72549021
0.67450982
0.77254903
0.89803922
0.89411765
0.80000001
0.78039217
0.81960785
0.85490197
0.79215688
0.80784315
0.82745099
0.77254903
0.71764708
0.78039217
0.72941178
0.69019610
0.48627451
0.53725493
0.54901963
0.50588238
0.46666667
0.48627451
0.43529412
0.37647060
0.36862746
0.42352942
0.43137255
0.39215687
0.39215687
0.54509807
0.70196080
0.78431374
0.77647060
0.87058824
0.89411765
0.87058824
0.78039217
0.79607844
0.87843138
0.83137256
0.79607844
0.76862746
0.80784315
0.67843139
0.71764708
0.74509805
0.66274512
0.64313728
0.49803922
0.54901963
0.54901963
0.50196081
0.48627451
0.52156866
0.49803922
0.45882353
0.43137255
0.44313726
0.41176471
0.41960785
0.49411765
0.64705884
0.75294119
0.80392158
0.81568629
0.88235295
0.88627452
0.83921570
0.81176472
0.82352942
0.89019608
0.82745099
0.81176472
0.74509805
0.71764708
0.69803923
0.81176472
0.72549021
0.73725492
0.76470590
0.54117650
0.56078434
0.53725493
0.47450981
0.50196081
0.51764709
0.52549022
0.50588238
0.45882353
0.47450981
0.39215687
0.43137255
0.65098041
0.79215688
0.83529413
0.83137256
0.79215688
0.83529413
0.90196079
0.84313726
0.85098040
0.78823531
0.85098040
0.84313726
0.80000001
0.72549021
0.72549021
0.79607844
0.80784315
0.80000001
0.78823531
0.69803923
0.51764709
0.52941179
0.51764709
0.47450981
0.48627451
0.52549022
0.53725493
0.52549022
0.49411765
0.50980395
0.49411765
0.56470591
0.77647060
0.85098040
0.85490197
0.83137256
0.81176472
0.80000001
0.86666667
0.87450981
0.87450981
0.80784315
0.78039217
0.75294119
0.74901962
0.72156864
0.80784315
0.82745099
0.83921570
0.85098040
0.69411767
0.70980394
0.47843137
0.52156866
0.50980395
0.49019608
0.50980395
0.54901963
0.54117650
0.56470591
0.61176473
0.68235296
0.75294119
0.83921570
0.86666667
0.85882354
0.86274511
0.82352942
0.79607844
0.78823531
0.83921570
0.91372550
0.87450981
0.79607844
0.71764708
0.73333335
0.81568629
0.76470590
0.81960785
0.75686276
0.83529413
0.78431374
0.76470590
0.79607844
0.40784314
0.50196081
0.50980395
0.48235294
0.53725493
0.59607846
0.54509807
0.56078434
0.73333335
0.83137256
0.81176472
0.89803922
0.91372550
0.86666667
0.87450981
0.81568629
0.80392158
0.78039217
0.87843138
0.89803922
0.82352942
0.74117649
0.69803923
0.71764708
0.84313726
0.79215688
0.74117649
0.68627453
0.78823531
0.73725492
0.75294119
0.75686276
0.43137255
0.45098040
0.48627451
0.49803922
0.57254905
0.61568630
0.59607846
0.49411765
0.66666669
0.83529413
0.74117649
0.88627452
0.90980393
0.84313726
0.82745099
0.81176472
0.84313726
0.76862746
0.90588236
0.85490197
0.76078433
0.72941178
0.63529414
0.65098041
0.79215688
0.76078433
0.66666669
0.73333335
0.78431374
0.73333335
0.66274512
0.74509805
0.58039218
0.52941179
0.59215689
0.61568630
0.60392159
0.61176473
0.60392159
0.62745100
0.63921571
0.57647061
0.77254903
0.89803922
0.87058824
0.81960785
0.84313726
0.88627452
0.89411765
0.82745099
0.88627452
0.89803922
0.83921570
0.77647060
0.57254905
0.65882355
0.74509805
0.72549021
0.61176473
0.74509805
0.82745099
0.73725492
0.69803923
0.75294119
0.76078433
0.74509805
0.74901962
0.78039217
0.69803923
0.65882355
0.60000002
0.75686276
0.81568629
0.52156866
0.77647060
0.93725491
0.88627452
0.80392158
0.78431374
0.84313726
0.81568629
0.74509805
0.76862746
0.71372551
0.73333335
0.74901962
0.52941179
0.62352943
0.67450982
0.69019610
0.65098041
0.75294119
0.76078433
0.77254903
0.77254903
0.69803923
0.81176472
0.75686276
0.78431374
0.81568629
0.78823531
0.75294119
0.72549021
0.82745099
0.82352942
0.43137255
0.54901963
0.75686276
0.69019610
0.62352943
0.60392159
0.67058825
0.68627453
0.66666669
0.66274512
0.59607846
0.56470591
0.56862748
0.47450981
0.55686277
0.60392159
0.63137257
0.75294119
0.78039217
0.73333335
0.76078433
0.62352943
0.65098041
0.85882354
0.83137256
0.87450981
0.87843138
0.87058824
0.86666667
0.85882354
0.90588236
0.85882354
0.50980395
0.28235295
0.34117648
0.46274510
0.49803922
0.54117650
0.65098041
0.71372551
0.66666669
0.54901963
0.59215689
0.54509807
0.41960785
0.39607844
0.57254905
0.62352943
0.72156864
0.82745099
0.85098040
0.87843138
0.73333335
0.67450982
0.67843139
0.89803922
0.89411765
0.94117647
0.91764706
0.90588236
0.92941177
0.90980393
0.91372550
0.89019608
0.68627453
0.32549021
0.32549021
0.38039216
0.39215687
0.45098040
0.52156866
0.56078434
0.52549022
0.45882353
0.56470591
0.55294120
0.43529412
0.34901962
0.64705884
0.80000001
0.83529413
0.83921570
0.87843138
0.85098040
0.73333335
0.87450981
0.72941178
0.90980393
0.89019608
0.92156863
0.91764706
0.90588236
0.90196079
0.89411765
0.91372550
0.88627452
0.78431374
0.51764709
0.38039216
0.38039216
0.36470589
0.42745098
0.46274510
0.47450981
0.44705883
0.39607844
0.46666667
0.48235294
0.49019608
0.45098040
0.70980394
0.89019608
0.80000001
0.81960785
0.87058824
0.78823531
0.72549021
0.76078433
0.70196080
0.85098040
0.83921570
0.85882354
0.85882354
0.89019608
0.87058824
0.88235295
0.92549020
0.90588236
0.90980393
0.85882354
0.61960787
0.47450981
0.33725491
0.41176471
0.47450981
0.45490196
0.43921569
0.40784314
0.37254903
0.39607844
0.54117650
0.80392158
0.84313726
0.84313726
0.74901962
0.77647060
0.89019608
0.85882354
0.83137256
0.78431374
0.69803923
0.69019610
0.69411767
0.75294119
0.83137256
0.84313726
0.85882354
0.87058824
0.88627452
0.86666667
0.87450981
0.89803922
0.85490197
0.65098041
0.37254903
0.36078432
0.38039216
0.35294119
0.36862746
0.41176471
0.38823530
0.37647060
0.47058824
0.87843138
0.87450981
0.80392158
0.69019610
0.81176472
0.92549020
0.89803922
0.89019608
0.80000001
0.74117649
0.67058825
0.64313728
0.79215688
0.87058824
0.80784315
0.81568629
0.85490197
0.87058824
0.88627452
0.90980393
0.90196079
0.88627452
0.81960785
0.48235294
0.45882353
0.43921569
0.39607844
0.53725493
0.51764709
0.48235294
0.60392159
0.34509805
0.63137257
0.85882354
0.85882354
0.81176472
0.91764706
0.92549020
0.88627452
0.91372550
0.75686276
0.71372551
0.85490197
0.81568629
0.87450981
0.92156863
0.85098040
0.85098040
0.89019608
0.88627452
0.92156863
0.94509804
0.94509804
0.92941177
0.88235295
0.57254905
0.83137256
0.86666667
0.81568629
0.88235295
0.74509805
0.50588238
0.81568629
0.58039218
0.41960785
0.76470590
0.91372550
0.89019608
0.88627452
0.90588236
0.85490197
0.82745099
0.76862746
0.80392158
0.85882354
0.85882354
0.86274511
0.88627452
0.88235295
0.88627452
0.89803922
0.88235295
0.91764706
0.94901961
0.93333334
0.92941177
0.81960785
0.69803923
0.92941177
0.92549020
0.92549020
0.94509804
0.85882354
0.57254905
0.76078433
0.87450981
0.61176473
0.74117649
0.85490197
0.80392158
0.79215688
0.86666667
0.86666667
0.83529413
0.83137256
0.86666667
0.82745099
0.79607844
0.80000001
0.84705883
0.88627452
0.88235295
0.85490197
0.85882354
0.85490197
0.90980393
0.91764706
0.92549020
0.85882354
0.84705883
0.89411765
0.85882354
0.86274511
0.86274511
0.80784315
0.62745100
0.79607844
0.91372550
0.81960785
0.78431374
0.77254903
0.70196080
0.76078433
0.83529413
0.84313726
0.81960785
0.83529413
0.87450981
0.74509805
0.74901962
0.82745099
0.87450981
0.85098040
0.80784315
0.79607844
0.79607844
0.80000001
0.84313726
0.88235295
0.84705883
0.78823531
0.79607844
0.79215688
0.79215688
0.85882354
0.84705883
0.79607844
0.70980394
0.82352942
0.87450981
0.81176472
0.76862746
0.72941178
0.64313728
0.71764708
0.78823531
0.78823531
0.77647060
0.84313726
0.89411765
0.80000001
0.86274511
0.87450981
0.85098040
0.81568629
0.80784315
0.81960785
0.76862746
0.78823531
0.84313726
0.85882354
0.81176472
0.76470590
0.78823531
0.79215688
0.85490197
0.88627452
0.85490197
0.84705883
0.81960785
0.75294119
0.80392158
0.81568629
0.76862746
0.71764708
0.68235296
0.70588237
0.76862746
0.79215688
0.79215688
0.88235295
0.87058824
0.87843138
0.83137256
0.79607844
0.78431374
0.79215688
0.82745099
0.83529413
0.80000001
0.80784315
0.89019608
0.91764706
0.90980393
0.85490197
0.84313726
0.84313726
0.92156863
0.89411765
0.89803922
0.89019608
0.82745099
0.80784315
0.76862746
0.78823531
0.80000001
0.83921570
0.86274511
0.81176472
0.76862746
0.76078433
0.80392158
0.92941177
0.86666667
0.79607844
0.74901962
0.72941178
0.75686276
0.80784315
0.85882354
0.83921570
0.82352942
0.83921570
0.88235295
0.84313726
0.77647060
0.85098040
0.81568629
0.72941178
0.78823531
0.90980393
0.92549020
0.89019608
0.84705883
0.90588236
0.79215688
0.73333335
0.85882354
0.91764706
0.89019608
0.82352942
0.80392158
0.75294119
0.80000001
0.81960785
0.82745099
0.84313726
0.83529413
0.82352942
0.80000001
0.85098040
0.87843138
0.88235295
0.87450981
0.87058824
0.89411765
0.82352942
0.78039217
0.88235295
0.83921570
0.70196080
0.58431375
0.74901962
0.87450981
0.92156863
0.91764706
0.88235295
0.80000001
0.85098040
0.86274511
0.87450981
0.89019608
0.82352942
0.77254903
0.79607844
0.78431374
0.70980394
0.75686276
0.84705883
0.86666667
0.88627452
0.85490197
0.85490197
0.89019608
0.89411765
0.89019608
0.90196079
0.91764706
0.89411765
0.89803922
0.88235295
0.78823531
0.83529413
0.74117649
0.73725492
0.85098040
0.94509804
0.95294118
0.87450981
0.77254903
0.82352942
0.88235295
0.89411765
0.87058824
0.80000001
0.69411767
0.81960785
0.73333335
0.61568630
0.73725492
0.87450981
0.85098040
0.87058824
0.85882354
0.87450981
0.90196079
0.87843138
0.89019608
0.90980393
0.90588236
0.92156863
0.85098040
0.78823531
0.80000001
0.86274511
0.89019608
0.89019608
0.89411765
0.86274511
0.83921570
0.84705883
0.80000001
0.83921570
0.89019608
0.91372550
0.86274511
0.80392158
0.76862746
0.84705883
0.60000002
0.56470591
0.71372551
0.88235295
0.83137256
0.81176472
0.87058824
0.87058824
0.87058824
0.86666667
0.87843138
0.85882354
0.86274511
0.79215688
0.70196080
0.67843139
0.69803923
0.81176472
0.86274511
0.85098040
0.83529413
0.75294119
0.65098041
0.66666669
0.64705884
0.68627453
0.71372551
0.82745099
0.79607844
0.76078433
0.83921570
0.81568629
0.63529414
0.67058825
0.72156864
0.33725491
0.36470589
0.49019608
0.49019608
0.47843137
0.40392157
0.44313726
0.40000001
0.35686275
0.45490196
0.53725493
0.45098040
0.40392157
0.57647061
0.63921571
0.59215689
0.58431375
0.55294120
0.50980395
0.62352943
0.64705884
0.72941178
0.76470590
0.73725492
0.65490198
0.70588237
0.71372551
0.72549021
0.61176473
0.55294120
0.71764708
0.75294119
0.29019609
0.30196080
0.39215687
0.43529412
0.53725493
0.53333336
0.59607846
0.50196081
0.37254903
0.47843137
0.50588238
0.45098040
0.41568628
0.45490196
0.50588238
0.54901963
0.54509807
0.49019608
0.52156866
0.74117649
0.80000001
0.81568629
0.80000001
0.77254903
0.70196080
0.72941178
0.72156864
0.67843139
0.59607846
0.63137257
0.73725492
0.63137257
0.36862746
0.41568628
0.51764709
0.55294120
0.60784316
0.51764709
0.53333336
0.52156866
0.43137255
0.45490196
0.47450981
0.40000001
0.37647060
0.40392157
0.42745098
0.55686277
0.57647061
0.57647061
0.68235296
0.82745099
0.81960785
0.79607844
0.80392158
0.73725492
0.76078433
0.82352942
0.77647060
0.64705884
0.65490198
0.65490198
0.60784316
0.53725493
0.52941179
0.57254905
0.58039218
0.56470591
0.58039218
0.49803922
0.46274510
0.47843137
0.41176471
0.39607844
0.49803922
0.45882353
0.41960785
0.47058824
0.52549022
0.65882355
0.63921571
0.68235296
0.82352942
0.85490197
0.81568629
0.83137256
0.76078433
0.75294119
0.80784315
0.81176472
0.74509805
0.73333335
0.71372551
0.67450982
0.63921571
0.62745100
0.60784316
0.61568630
0.56470591
0.56470591
0.58039218
0.53725493
0.46666667
0.45882353
0.42352942
0.47843137
0.52941179
0.52549022
0.52941179
0.53725493
0.63137257
0.75686276
0.70588237
0.76862746
0.86274511
0.87843138
0.81176472
0.79607844
0.81176472
0.80392158
0.73725492
0.77647060
0.79607844
0.74901962
0.69803923
0.74117649
0.67843139
0.62745100
0.59215689
0.62352943
0.59215689
0.56470591
0.54117650
0.54509807
0.50196081
0.47058824
0.48235294
0.54117650
0.52549022
0.47058824
0.49019608
0.63137257
0.75686276
0.80784315
0.78431374
0.84313726
0.84313726
0.85098040
0.76470590
0.77254903
0.83921570
0.76470590
0.75686276
0.76078433
0.75294119
0.62352943
0.69019610
0.69803923
0.60392159
0.58039218
0.60000002
0.63921571
0.59215689
0.55686277
0.54509807
0.56470591
0.55294120
0.54509807
0.54117650
0.55686277
0.49411765
0.46666667
0.55686277
0.70196080
0.78039217
0.81568629
0.81568629
0.85098040
0.83529413
0.81176472
0.78039217
0.77254903
0.82745099
0.75294119
0.78039217
0.74117649
0.65098041
0.62745100
0.77647060
0.67058825
0.68627453
0.72549021
0.63921571
0.64313728
0.58431375
0.52941179
0.56078434
0.56078434
0.58039218
0.58431375
0.55686277
0.57647061
0.46274510
0.46274510
0.67843139
0.80392158
0.82352942
0.80000001
0.78039217
0.81960785
0.86274511
0.81176472
0.80392158
0.72156864
0.77254903
0.75294119
0.74901962
0.69803923
0.65490198
0.72549021
0.76470590
0.72941178
0.72941178
0.66274512
0.60784316
0.59607846
0.56862748
0.53333336
0.53725493
0.55686277
0.58823532
0.59215689
0.56470591
0.58431375
0.52941179
0.56470591
0.76862746
0.82745099
0.80000001
0.76078433
0.77647060
0.78039217
0.82745099
0.82352942
0.80784315
0.72549021
0.68627453
0.64705884
0.66666669
0.66274512
0.72549021
0.75294119
0.78823531
0.78039217
0.63921571
0.67843139
0.55686277
0.56862748
0.56078434
0.54901963
0.55294120
0.58039218
0.58823532
0.60784316
0.64313728
0.71764708
0.75686276
0.80392158
0.83529413
0.81176472
0.78039217
0.72156864
0.72549021
0.74117649
0.78823531
0.83529413
0.77647060
0.69411767
0.60392159
0.61176473
0.70588237
0.67450982
0.74117649
0.67843139
0.77254903
0.74117649
0.72156864
0.75294119
0.47450981
0.54117650
0.55686277
0.54117650
0.57647061
0.62352943
0.58823532
0.58431375
0.72156864
0.83137256
0.78431374
0.84313726
0.87450981
0.81176472
0.78431374
0.69803923
0.70588237
0.70980394
0.80784315
0.79215688
0.70588237
0.62352943
0.57647061
0.58823532
0.71372551
0.67843139
0.65490198
0.60392159
0.72156864
0.71764708
0.72549021
0.70196080
0.47450981
0.49803922
0.53725493
0.54117650
0.60392159
0.63529414
0.61568630
0.46666667
0.58823532
0.76078433
0.66274512
0.80392158
0.85098040
0.78039217
0.73725492
0.68627453
0.72156864
0.67450982
0.81960785
0.74509805
0.62745100
0.60392159
0.52549022
0.54117650
0.68235296
0.66274512
0.58039218
0.64705884
0.70980394
0.69411767
0.62745100
0.68235296
0.60392159
0.57647061
0.63529414
0.64313728
0.62352943
0.61568630
0.60000002
0.57647061
0.53333336
0.47058824
0.67450982
0.80392158
0.78039217
0.73333335
0.72941178
0.73333335
0.74117649
0.69803923
0.76862746
0.76470590
0.69019610
0.64313728
0.47058824
0.56470591
0.64705884
0.63529414
0.52156866
0.65490198
0.74117649
0.66274512
0.64705884
0.69019610
0.77647060
0.77647060
0.76862746
0.79215688
0.70196080
0.65098041
0.58431375
0.70588237
0.72156864
0.41568628
0.68235296
0.84705883
0.76470590
0.68627453
0.63921571
0.65882355
0.63529414
0.58431375
0.61176473
0.53725493
0.55686277
0.60784316
0.42352942
0.53333336
0.57647061
0.58039218
0.54117650
0.64705884
0.65490198
0.67450982
0.69803923
0.64313728
0.81568629
0.76862746
0.77254903
0.80392158
0.77647060
0.72941178
0.69411767
0.77254903
0.73333335
0.32156864
0.44705883
0.66274512
0.55686277
0.49411765
0.44705883
0.47843137
0.49411765
0.48627451
0.48235294
0.38431373
0.36470589
0.41960785
0.36862746
0.47450981
0.50980395
0.51764709
0.64313728
0.67058825
0.61960787
0.64705884
0.53333336
0.59607846
0.84313726
0.81960785
0.83137256
0.84313726
0.84313726
0.82745099
0.80784315
0.84313726
0.78431374
0.41960785
0.19215687
0.25098041
0.34901962
0.39215687
0.40784314
0.48235294
0.54117650
0.50588238
0.38039216
0.38823530
0.34509805
0.25882354
0.28627452
0.49411765
0.54509807
0.62745100
0.74117649
0.76078433
0.78431374
0.63529414
0.57647061
0.61176473
0.86666667
0.86274511
0.87450981
0.86274511
0.86666667
0.87843138
0.84705883
0.85098040
0.82745099
0.61176473
0.24313726
0.23137255
0.29411766
0.31372550
0.35294119
0.38823530
0.41960785
0.39215687
0.30980393
0.38431373
0.35686275
0.27058825
0.23529412
0.57254905
0.73333335
0.75686276
0.76862746
0.80784315
0.77647060
0.65882355
0.78039217
0.65490198
0.85490197
0.83921570
0.84313726
0.84313726
0.83921570
0.83137256
0.81960785
0.85098040
0.83137256
0.71372551
0.41960785
0.27058825
0.28627452
0.28627452
0.33725491
0.34509805
0.34901962
0.32156864
0.25882354
0.31764707
0.30588236
0.32156864
0.32549021
0.62352943
0.81568629
0.72549021
0.75686276
0.80000001
0.71372551
0.66666669
0.70980394
0.65882355
0.77254903
0.77254903
0.77254903
0.76078433
0.79607844
0.77647060
0.79215688
0.83921570
0.82352942
0.81568629
0.75294119
0.50196081
0.34901962
0.23137255
0.30588236
0.35686275
0.32549021
0.30588236
0.27450982
0.23137255
0.23921569
0.39215687
0.67843139
0.73725492
0.74509805
0.65882355
0.71372551
0.82745099
0.78431374
0.77647060
0.74509805
0.67450982
0.59607846
0.61176473
0.65490198
0.71372551
0.72156864
0.73725492
0.75294119
0.76078433
0.73725492
0.75294119
0.78823531
0.74117649
0.49411765
0.23921569
0.24705882
0.26666668
0.22352941
0.23529412
0.27450982
0.24313726
0.23921569
0.34117648
0.75294119
0.75294119
0.67843139
0.58823532
0.74509805
0.87058824
0.83529413
0.82352942
0.74901962
0.70588237
0.57647061
0.56078434
0.68627453
0.74509805
0.67058825
0.68235296
0.72549021
0.72941178
0.72941178
0.77254903
0.78823531
0.76470590
0.64313728
0.33725491
0.34509805
0.32156864
0.26274511
0.40000001
0.37647060
0.33333334
0.47450981
0.23529412
0.51372552
0.73725492
0.73725492
0.70980394
0.85098040
0.87450981
0.81960785
0.83529413
0.68627453
0.66274512
0.76078433
0.73333335
0.77254903
0.79607844
0.72156864
0.72549021
0.76470590
0.75686276
0.78431374
0.81568629
0.82745099
0.80392158
0.72941178
0.44313726
0.71764708
0.74901962
0.68627453
0.74901962
0.60000002
0.34509805
0.67843139
0.47058824
0.30588236
0.66274512
0.81568629
0.80784315
0.82352942
0.83921570
0.76470590
0.73333335
0.68235296
0.72941178
0.76078433
0.76862746
0.75294119
0.76862746
0.76862746
0.77254903
0.78823531
0.78039217
0.81960785
0.83921570
0.81176472
0.80000001
0.68627453
0.58823532
0.81960785
0.80392158
0.80000001
0.81176472
0.71372551
0.40784314
0.61568630
0.75294119
0.50588238
0.65490198
0.78431374
0.74901962
0.74117649
0.78039217
0.75294119
0.73333335
0.72941178
0.78039217
0.70980394
0.69019610
0.69019610
0.73333335
0.76862746
0.76470590
0.73725492
0.74901962
0.76078433
0.81176472
0.81176472
0.81176472
0.72549021
0.70196080
0.76078433
0.73725492
0.74509805
0.74117649
0.67843139
0.49019608
0.66274512
0.79215688
0.71372551
0.69411767
0.71372551
0.67843139
0.72156864
0.76078433
0.75294119
0.74117649
0.74901962
0.79215688
0.61568630
0.63529414
0.72549021
0.75686276
0.72549021
0.68235296
0.67058825
0.67843139
0.69803923
0.74509805
0.78431374
0.74509805
0.67450982
0.66274512
0.67843139
0.70588237
0.76078433
0.74117649
0.69019610
0.60000002
0.70980394
0.76470590
0.71372551
0.67450982
0.67450982
0.61960787
0.67450982
0.72156864
0.71764708
0.71764708
0.76862746
0.80392158
0.67843139
0.75686276
0.78039217
0.74117649
0.69411767
0.68627453
0.69411767
0.65098041
0.68627453
0.73333335
0.74509805
0.70588237
0.67843139
0.69019610
0.70980394
0.79607844
0.80392158
0.75686276
0.75294119
0.72156864
0.65490198
0.70980394
0.73333335
0.69411767
0.66666669
0.63529414
0.64705884
0.69019610
0.71764708
0.72941178
0.80784315
0.78039217
0.76470590
0.73333335
0.70980394
0.68235296
0.67450982
0.71372551
0.72156864
0.69411767
0.70588237
0.78039217
0.79215688
0.78039217
0.73333335
0.70588237
0.72156864
0.83137256
0.80392158
0.80000001
0.79215688
0.72941178
0.70980394
0.67843139
0.70980394
0.73725492
0.78039217
0.79607844
0.74509805
0.69803923
0.68627453
0.73333335
0.84705883
0.77254903
0.69411767
0.65882355
0.64705884
0.65882355
0.69803923
0.75294119
0.73333335
0.72549021
0.74117649
0.76470590
0.70588237
0.62745100
0.69019610
0.64313728
0.56470591
0.65490198
0.79215688
0.81176472
0.77647060
0.73333335
0.79607844
0.69019610
0.64313728
0.78431374
0.84705883
0.82745099
0.76078433
0.74901962
0.69411767
0.72549021
0.72941178
0.73333335
0.74901962
0.74901962
0.74117649
0.71372551
0.74901962
0.78039217
0.78431374
0.78431374
0.78039217
0.78039217
0.68235296
0.62745100
0.73725492
0.67843139
0.54901963
0.45490196
0.61960787
0.74117649
0.78823531
0.78431374
0.75686276
0.68627453
0.74509805
0.76470590
0.79215688
0.82745099
0.77647060
0.73725492
0.75686276
0.70980394
0.61176473
0.65490198
0.75294119
0.77254903
0.79607844
0.76078433
0.74901962
0.77647060
0.78039217
0.78039217
0.79607844
0.79607844
0.75686276
0.75686276
0.74117649
0.64705884
0.70588237
0.62352943
0.61176473
0.72156864
0.81176472
0.81176472
0.74117649
0.64313728
0.70980394
0.77254903
0.80392158
0.80784315
0.75294119
0.65882355
0.78431374
0.65882355
0.50588238
0.61176473
0.77254903
0.74901962
0.77254903
0.75294119
0.75686276
0.77647060
0.75686276
0.76862746
0.78823531
0.78431374
0.79607844
0.72156864
0.64705884
0.66274512
0.73725492
0.76470590
0.76862746
0.77254903
0.73725492
0.70980394
0.70980394
0.67058825
0.71764708
0.78431374
0.83137256
0.79607844
0.74509805
0.72549021
0.80784315
0.54509807
0.46274510
0.58823532
0.77647060
0.72156864
0.70196080
0.75294119
0.74117649
0.74509805
0.74117649
0.75686276
0.74117649
0.74117649
0.66666669
0.57254905
0.54117650
0.56078434
0.67843139
0.73333335
0.72549021
0.70980394
0.62745100
0.52549022
0.54117650
0.52156866
0.56862748
0.60784316
0.74117649
0.72941178
0.70588237
0.80000001
0.78431374
0.61568630
0.61176473
0.63137257
0.35686275
0.38431373
0.44705883
0.40784314
0.40000001
0.32549021
0.36470589
0.34117648
0.35294119
0.41960785
0.45882353
0.43921569
0.40784314
0.51372552
0.53333336
0.49019608
0.49803922
0.48627451
0.43137255
0.49019608
0.46274510
0.50980395
0.49411765
0.41568628
0.32941177
0.40000001
0.40000001
0.44313726
0.36470589
0.30980393
0.46666667
0.49411765
0.30588236
0.31372550
0.35686275
0.35294119
0.43529412
0.42352942
0.47843137
0.40784314
0.35686275
0.46274510
0.46274510
0.46666667
0.43921569
0.41960785
0.42352942
0.45882353
0.47058824
0.41960785
0.41960785
0.57254905
0.57254905
0.54509807
0.50196081
0.45098040
0.39215687
0.43529412
0.43529412
0.41176471
0.36078432
0.41176471
0.50980395
0.38431373
0.30196080
0.34901962
0.42352942
0.43921569
0.48627451
0.39215687
0.40000001
0.41176471
0.40392157
0.44705883
0.43529412
0.40784314
0.38039216
0.36470589
0.34509805
0.45490196
0.48235294
0.47058824
0.52941179
0.61568630
0.55686277
0.50196081
0.49019608
0.42352942
0.46274510
0.54117650
0.51764709
0.40392157
0.42352942
0.43137255
0.37254903
0.28235295
0.39215687
0.43921569
0.44705883
0.41960785
0.43921569
0.37647060
0.35294119
0.38039216
0.37647060
0.38039216
0.43137255
0.41176471
0.37254903
0.40000001
0.41960785
0.52549022
0.49803922
0.52156866
0.61960787
0.60000002
0.54117650
0.53725493
0.45098040
0.45882353
0.52549022
0.54901963
0.51764709
0.51372552
0.48235294
0.43921569
0.39607844
0.36862746
0.45490196
0.47058824
0.44313726
0.41960785
0.42745098
0.41960785
0.38823530
0.38039216
0.37254903
0.43921569
0.42352942
0.41960785
0.43529412
0.42745098
0.49019608
0.58823532
0.51764709
0.55686277
0.61568630
0.59215689
0.53725493
0.51372552
0.50980395
0.51764709
0.46666667
0.51764709
0.58431375
0.54901963
0.47058824
0.50196081
0.43529412
0.37647060
0.43921569
0.46666667
0.46274510
0.43529412
0.41176471
0.43529412
0.40392157
0.37254903
0.39215687
0.43529412
0.40784314
0.36862746
0.38431373
0.47450981
0.54901963
0.58039218
0.54901963
0.61176473
0.58823532
0.54117650
0.47450981
0.50196081
0.56470591
0.49803922
0.47450981
0.48235294
0.54117650
0.43529412
0.47450981
0.45098040
0.35686275
0.32941177
0.43921569
0.46274510
0.44313726
0.42745098
0.42352942
0.44705883
0.43137255
0.42352942
0.42352942
0.42745098
0.39215687
0.39215687
0.41960785
0.49803922
0.52549022
0.54509807
0.54901963
0.60784316
0.58431375
0.51764709
0.49411765
0.50980395
0.56862748
0.49803922
0.49411765
0.44705883
0.42352942
0.43137255
0.56078434
0.43137255
0.43921569
0.46274510
0.47450981
0.46666667
0.43137255
0.39215687
0.42352942
0.43137255
0.44705883
0.45098040
0.42745098
0.43921569
0.36862746
0.38823530
0.49411765
0.55686277
0.54117650
0.50980395
0.49019608
0.55686277
0.61960787
0.55686277
0.54901963
0.47843137
0.53333336
0.51764709
0.47843137
0.40784314
0.42352942
0.51764709
0.53725493
0.49411765
0.47843137
0.38823530
0.45490196
0.43529412
0.42352942
0.38823530
0.38823530
0.41960785
0.44313726
0.44313726
0.40784314
0.42352942
0.41176471
0.45490196
0.54509807
0.55294120
0.50588238
0.47450981
0.48627451
0.51372552
0.60000002
0.59607846
0.58039218
0.50196081
0.46666667
0.43137255
0.42352942
0.39607844
0.50196081
0.54117650
0.55686277
0.54901963
0.38431373
0.38823530
0.43529412
0.44313726
0.44313726
0.40784314
0.39607844
0.42745098
0.42745098
0.44313726
0.45882353
0.51372552
0.56470591
0.62745100
0.59607846
0.54117650
0.50980395
0.47058824
0.46274510
0.49803922
0.56862748
0.61568630
0.56470591
0.49411765
0.40784314
0.41960785
0.49019608
0.44705883
0.54117650
0.47843137
0.55294120
0.50196081
0.45882353
0.45882353
0.38039216
0.44313726
0.46666667
0.40000001
0.40784314
0.46274510
0.42352942
0.41176471
0.52156866
0.58431375
0.52941179
0.60392159
0.63137257
0.55294120
0.54117650
0.48235294
0.47843137
0.48627451
0.60000002
0.58039218
0.50588238
0.43921569
0.38823530
0.40784314
0.52156866
0.48627451
0.47843137
0.42352942
0.51372552
0.47058824
0.45490196
0.40392157
0.38039216
0.40784314
0.43529412
0.38431373
0.41568628
0.46274510
0.44705883
0.30588236
0.40784314
0.54117650
0.42352942
0.56862748
0.59607846
0.52549022
0.50588238
0.47843137
0.50980395
0.46666667
0.62745100
0.53725493
0.43137255
0.41568628
0.34117648
0.34901962
0.49019608
0.48627451
0.41568628
0.47058824
0.49411765
0.43529412
0.34901962
0.39607844
0.47058824
0.45490196
0.49019608
0.45490196
0.41960785
0.42745098
0.42352942
0.41176471
0.38039216
0.31764707
0.48627451
0.57254905
0.53333336
0.49411765
0.51372552
0.53725493
0.53725493
0.50196081
0.58039218
0.56862748
0.49411765
0.45882353
0.29019609
0.36862746
0.44705883
0.45098040
0.35294119
0.47058824
0.51372552
0.40000001
0.36862746
0.40392157
0.58823532
0.58823532
0.56862748
0.56862748
0.47450981
0.43921569
0.38431373
0.51372552
0.57254905
0.32549021
0.53725493
0.60784316
0.54901963
0.48235294
0.45098040
0.48235294
0.44313726
0.39607844
0.43137255
0.34117648
0.36470589
0.43529412
0.25882354
0.34117648
0.36862746
0.38823530
0.35294119
0.44705883
0.42745098
0.41568628
0.41960785
0.34901962
0.57647061
0.51372552
0.52156866
0.54509807
0.51764709
0.48235294
0.46274510
0.54509807
0.56862748
0.25882354
0.34117648
0.45882353
0.39607844
0.33333334
0.29803923
0.32941177
0.32941177
0.32549021
0.31764707
0.19607843
0.17647059
0.25882354
0.22352941
0.29019609
0.29803923
0.30588236
0.41960785
0.43921569
0.38039216
0.38431373
0.25490198
0.29411766
0.57254905
0.52549022
0.54509807
0.55294120
0.55294120
0.55294120
0.54509807
0.58823532
0.57647061
0.30196080
0.08627451
0.11372549
0.24313726
0.28235295
0.29803923
0.37254903
0.40784314
0.36862746
0.23529412
0.21568628
0.15686275
0.10980392
0.16862746
0.31764707
0.32156864
0.39607844
0.47843137
0.49411765
0.52549022
0.36078432
0.29019609
0.30588236
0.58431375
0.54901963
0.58039218
0.56470591
0.56470591
0.58823532
0.56862748
0.57647061
0.58039218
0.42745098
0.12549020
0.15686275
0.23137255
0.23921569
0.27450982
0.30196080
0.31372550
0.27843139
0.18431373
0.22745098
0.17647059
0.12941177
0.14509805
0.40000001
0.49803922
0.50588238
0.48235294
0.51764709
0.50980395
0.37254903
0.49019608
0.34901962
0.58431375
0.55686277
0.57254905
0.58039218
0.57647061
0.56862748
0.55294120
0.57647061
0.56862748
0.49803922
0.27450982
0.17647059
0.20784314
0.21176471
0.25882354
0.25882354
0.26666668
0.22352941
0.13333334
0.17647059
0.16078432
0.18039216
0.18039216
0.40392157
0.55686277
0.46666667
0.48627451
0.53725493
0.46274510
0.38823530
0.39607844
0.33725491
0.56862748
0.56862748
0.57254905
0.55686277
0.58039218
0.54901963
0.55294120
0.59215689
0.58431375
0.60784316
0.58039218
0.35294119
0.23137255
0.13725491
0.21568628
0.26274511
0.25490198
0.21176471
0.13333334
0.08627451
0.10980392
0.24705882
0.49019608
0.50588238
0.49411765
0.40784314
0.45882353
0.57647061
0.54117650
0.50588238
0.42745098
0.33333334
0.44313726
0.45882353
0.50588238
0.54117650
0.52549022
0.53333336
0.54117650
0.54901963
0.53725493
0.55294120
0.59215689
0.55294120
0.34901962
0.12549020
0.14509805
0.16470589
0.14117648
0.12549020
0.11764706
0.08235294
0.09411765
0.19215687
0.58039218
0.55686277
0.46666667
0.35294119
0.49411765
0.61176473
0.58039218
0.56078434
0.44313726
0.36470589
0.39607844
0.38039216
0.51372552
0.56862748
0.49019608
0.49019608
0.52156866
0.53333336
0.54509807
0.57647061
0.57254905
0.55294120
0.47843137
0.19607843
0.21176471
0.19215687
0.14901961
0.26274511
0.20392157
0.16078432
0.31372550
0.07450981
0.34509805
0.56470591
0.54509807
0.48235294
0.60392159
0.60784316
0.55294120
0.57647061
0.40392157
0.34509805
0.53333336
0.50588238
0.54901963
0.59215689
0.52941179
0.51764709
0.54901963
0.54901963
0.58431375
0.60784316
0.61176473
0.59215689
0.55686277
0.27843139
0.54901963
0.55686277
0.50980395
0.56470591
0.41176471
0.18431373
0.50588238
0.28235295
0.12941177
0.48627451
0.62745100
0.58431375
0.57647061
0.57254905
0.49411765
0.47058824
0.43137255
0.46666667
0.53333336
0.54117650
0.52941179
0.55294120
0.55294120
0.54509807
0.54901963
0.54117650
0.58823532
0.61568630
0.59607846
0.60000002
0.51372552
0.41176471
0.61568630
0.56862748
0.57647061
0.59607846
0.52156866
0.26666668
0.43529412
0.53725493
0.30588236
0.46666667
0.58823532
0.52156866
0.49019608
0.52156866
0.47843137
0.46274510
0.50588238
0.57254905
0.51372552
0.48627451
0.47843137
0.51372552
0.54509807
0.53725493
0.50588238
0.51372552
0.52156866
0.58431375
0.59607846
0.61176473
0.55294120
0.52549022
0.55294120
0.50196081
0.50980395
0.51764709
0.47843137
0.32549021
0.46666667
0.56470591
0.50196081
0.49803922
0.50196081
0.43529412
0.48235294
0.50980395
0.47058824
0.47450981
0.54117650
0.61568630
0.43529412
0.43921569
0.50980395
0.54509807
0.51764709
0.47450981
0.46274510
0.46274510
0.47450981
0.52549022
0.57647061
0.54901963
0.48627451
0.46666667
0.46274510
0.47450981
0.53333336
0.52156866
0.48235294
0.41176471
0.50196081
0.54509807
0.49803922
0.46666667
0.43921569
0.36470589
0.43529412
0.46274510
0.42352942
0.44705883
0.56470591
0.63137257
0.48235294
0.55294120
0.56470591
0.53725493
0.50196081
0.49411765
0.50588238
0.45098040
0.47058824
0.53333336
0.55686277
0.51372552
0.47058824
0.48235294
0.48627451
0.56078434
0.57647061
0.53725493
0.54117650
0.51764709
0.45882353
0.50980395
0.51764709
0.46666667
0.41960785
0.38039216
0.39215687
0.40784314
0.41176471
0.45490196
0.59607846
0.59215689
0.55294120
0.52156866
0.49411765
0.48235294
0.49019608
0.52549022
0.53725493
0.49411765
0.49019608
0.57647061
0.60784316
0.59607846
0.52549022
0.50588238
0.51764709
0.61568630
0.58823532
0.58823532
0.58039218
0.51372552
0.51764709
0.49019608
0.50196081
0.50588238
0.54509807
0.55294120
0.47058824
0.39607844
0.37254903
0.45882353
0.63137257
0.56470591
0.46666667
0.43921569
0.43137255
0.45098040
0.49803922
0.55294120
0.53333336
0.50588238
0.50588238
0.54509807
0.50588238
0.43137255
0.49019608
0.45098040
0.38039216
0.46666667
0.60000002
0.61176473
0.56470591
0.51764709
0.60000002
0.50588238
0.44705883
0.57254905
0.64313728
0.60392159
0.48627451
0.43921569
0.38039216
0.44705883
0.50196081
0.50980395
0.50980395
0.52941179
0.52549022
0.49411765
0.52941179
0.56078434
0.56470591
0.54509807
0.52156866
0.53725493
0.45882353
0.41568628
0.52549022
0.47843137
0.36078432
0.27450982
0.43529412
0.54901963
0.58431375
0.56862748
0.54901963
0.49411765
0.55686277
0.58431375
0.61960787
0.62745100
0.50980395
0.43137255
0.45098040
0.43137255
0.37647060
0.42352942
0.52156866
0.56470591
0.58431375
0.53725493
0.53333336
0.56862748
0.56078434
0.53725493
0.52941179
0.54901963
0.53725493
0.54509807
0.53333336
0.44313726
0.50980395
0.42745098
0.40392157
0.50588238
0.60000002
0.60392159
0.52941179
0.43137255
0.50196081
0.58823532
0.61960787
0.58039218
0.47843137
0.37254903
0.50196081
0.37647060
0.25098041
0.36078432
0.55686277
0.55686277
0.56470591
0.53333336
0.55686277
0.59215689
0.54901963
0.53333336
0.54509807
0.56078434
0.59215689
0.53333336
0.46666667
0.47450981
0.53333336
0.55686277
0.54901963
0.55686277
0.53333336
0.51372552
0.52156866
0.47450981
0.51372552
0.58431375
0.61176473
0.53333336
0.46274510
0.44705883
0.53333336
0.24313726
0.19215687
0.33333334
0.56862748
0.53725493
0.50588238
0.54117650
0.54509807
0.56470591
0.54901963
0.54509807
0.52941179
0.54901963
0.49803922
0.41960785
0.40000001
0.39607844
0.47843137
0.50980395
0.52941179
0.52941179
0.45882353
0.36470589
0.39215687
0.37647060
0.40392157
0.41568628
0.50980395
0.45882353
0.41176471
0.50980395
0.49019608
0.27843139
0.33333334
0.40000001
1 0 0 0 -1 0 0 0 0 0 0
0 1 0 0 -1 0 0 0 0 0 0
0 0 1 0 -1 0 0 0 0 0 0
0 0 0 1 -1 0 0 0 0 0 0
0 0 0 0 -1 1 0 0 0 0 0
0 0 0 0 -1 0 1 0 0 0 0
0 0 0 0 -1 0 0 1 0 0 0
0 0 0 0 -1 0 0 0 1 0 0
0 0 0 0 -1 0 0 0 0 1 0
