0.94509804
0.94901961
0.95294118
0.95686275
0.96470588
0.96470588
0.96862745
0.97254902
0.98039216
0.98039216
0.98431373
0.98823529
0.98823529
0.98431373
0.98823529
0.99215686
0.99215686
0.99215686
0.99215686
0.99215686
0.98823529
0.98823529
0.98431373
0.98431373
0.97647059
0.97254902
0.96470588
0.96078432
0.96470588
0.96470588
0.96470588
0.96470588
0.97254902
0.97647059
0.98431373
0.99215686
0.99215686
0.99215686
0.99607843
0.99215686
0.99215686
0.99215686
0.99215686
0.98823529
0.99215686
0.99215686
0.99215686
0.98823529
0.98823529
0.98823529
0.98823529
0.98823529
0.99215686
0.98823529
0.98823529
0.98431373
0.98039216
0.97647059
0.96862745
0.96470588
0.96470588
0.96470588
0.96470588
0.96470588
0.97254902
0.97647059
0.98431373
0.99215686
0.99215686
0.99215686
0.99607843
0.99215686
0.98823529
0.98823529
0.98823529
0.98823529
0.98823529
0.98823529
0.98823529
0.98823529
0.98823529
0.98823529
0.98823529
0.98823529
0.99215686
0.99215686
0.99607843
0.99215686
0.98823529
0.98039216
0.97254902
0.96862745
0.96862745
0.96470588
0.96470588
0.96470588
0.98039216
0.98823529
0.99215686
0.98823529
0.99215686
0.99215686
0.98823529
0.99215686
0.98823529
0.98823529
0.99215686
0.99215686
0.99607843
1.00000000
1.00000000
0.99607843
1.00000000
0.99607843
0.99215686
0.98823529
0.98431373
0.98431373
0.98823529
0.99215686
0.98823529
0.98431373
0.97647059
0.97254902
0.96470588
0.96078432
0.96078432
0.96078432
0.98823529
0.99215686
0.99215686
0.98823529
0.98431373
0.98431373
0.98823529
0.99607843
0.98039216
0.95294118
0.94509804
0.92156863
0.89803922
0.88627452
0.89019608
0.88235295
0.90588236
0.92549020
0.95686275
0.97647059
0.98823529
0.98431373
0.98431373
0.99215686
0.99607843
0.99215686
0.98823529
0.98431373
0.98039216
0.97647059
0.97254902
0.96862745
0.98823529
0.99215686
0.99215686
0.99215686
1.00000000
1.00000000
0.99607843
0.96078432
0.92549020
0.88627452
0.85098040
0.82352942
0.81176472
0.82352942
0.84705883
0.87843138
0.90196079
0.88235295
0.83921570
0.82352942
0.85882354
0.94117647
0.99607843
0.98823529
0.99215686
0.98823529
0.98431373
0.97647059
0.96862745
0.96078432
0.95294118
0.94901961
0.99607843
0.99215686
0.99215686
0.98823529
0.92156863
0.77254903
0.65882355
0.61176473
0.61176473
0.64313728
0.74509805
0.86274511
0.89411765
0.90980393
0.89019608
0.76862746
0.60392159
0.44313726
0.32156864
0.26274511
0.27058825
0.40000001
0.77254903
0.99215686
0.98039216
0.97254902
0.96862745
0.96078432
0.95686275
0.95294118
0.94901961
0.94901961
0.98431373
0.98431373
0.98823529
0.90980393
0.46274510
0.26274511
0.20000000
0.23529412
0.22352941
0.26666668
0.34509805
0.41176471
0.82352942
0.84313726
0.44313726
0.30196080
0.28235295
0.37254903
0.22745098
0.23921569
0.42352942
0.24313726
0.20000000
0.75294119
0.99215686
0.99215686
0.98823529
0.98431373
0.98431373
0.98431373
0.98039216
0.97254902
0.98039216
0.97254902
0.97647059
0.81960785
0.22352941
0.18823530
0.30980393
0.50588238
0.47058824
0.58431375
0.49803922
0.09019608
0.66666669
0.75686276
0.34509805
0.39215687
0.20392157
0.56078434
0.33333334
0.37254903
0.61568630
0.61176473
0.30588236
0.21176471
0.85882354
0.98431373
0.99215686
0.99607843
0.99215686
0.99215686
0.98823529
0.97647059
0.98823529
0.98039216
0.97254902
0.59215689
0.12549020
0.29019609
0.63921571
0.66274512
0.48627451
0.63921571
0.29411766
0.10980392
0.70980394
0.77254903
0.54509807
0.20784314
0.06274510
0.46274510
0.56470591
0.60392159
0.60784316
0.61176473
0.60392159
0.23137255
0.39215687
0.76862746
0.92156863
0.99215686
0.99215686
0.99215686
0.99215686
0.98039216
0.99607843
0.98431373
0.89019608
0.27843139
0.09803922
0.25490198
0.66274512
0.32156864
0.14117648
0.41568628
0.23529412
0.21960784
0.74509805
0.74117649
0.69803923
0.27450982
0.06666667
0.32549021
0.48235294
0.53333336
0.59607846
0.59215689
0.59607846
0.52156866
0.15686275
0.61568630
0.81568629
0.99215686
0.99215686
0.99215686
0.99215686
0.98823529
0.99607843
0.99215686
0.63137257
0.10588235
0.09803922
0.09411765
0.24313726
0.06666667
0.01176471
0.14509805
0.09411765
0.21176471
0.74901962
0.78431374
0.79215688
0.66274512
0.47843137
0.44705883
0.49019608
0.56862748
0.63529414
0.62352943
0.60784316
0.58431375
0.27843139
0.43137255
0.83921570
0.96862745
0.98823529
0.99215686
0.98823529
0.99215686
0.99215686
0.94509804
0.38431373
0.16470589
0.20392157
0.22352941
0.21960784
0.22745098
0.21176471
0.14509805
0.05098039
0.10588235
0.60784316
0.79215688
0.76078433
0.70196080
0.78431374
0.81960785
0.83529413
0.82745099
0.83137256
0.84313726
0.83921570
0.83137256
0.58039218
0.34901962
0.82745099
0.85098040
0.90588236
0.96862745
0.98823529
0.98431373
0.99215686
0.82745099
0.69411767
0.75686276
0.78823531
0.82745099
0.84313726
0.83921570
0.83137256
0.51372552
0.32549021
0.27843139
0.29411766
0.52941179
0.82352942
0.83137256
0.80000001
0.85490197
0.84313726
0.83921570
0.83921570
0.83921570
0.85490197
0.86274511
0.74509805
0.50196081
0.86274511
0.83921570
0.83921570
0.88627452
0.95294118
0.97647059
0.94117647
0.62352943
0.76862746
0.74509805
0.61568630
0.74117649
0.77647060
0.76470590
0.67843139
0.30588236
0.50196081
0.60392159
0.47843137
0.26666668
0.60000002
0.84705883
0.76078433
0.69019610
0.68627453
0.68627453
0.66274512
0.63137257
0.71764708
0.72549021
0.69411767
0.66274512
0.76078433
0.75686276
0.81960785
0.91372550
0.88235295
0.94509804
0.75294119
0.48627451
0.63921571
0.62745100
0.57647061
0.64705884
0.65098041
0.64313728
0.47843137
0.36470589
0.43921569
0.37254903
0.35294119
0.39607844
0.73333335
0.97254902
0.90980393
0.72549021
0.63921571
0.65490198
0.61960787
0.60392159
0.66666669
0.68235296
0.69019610
0.70196080
0.69411767
0.70196080
0.83921570
0.84705883
0.73725492
0.85490197
0.74901962
0.55294120
0.60392159
0.64313728
0.65882355
0.61960787
0.63529414
0.63529414
0.61568630
0.60784316
0.56470591
0.47450981
0.44705883
0.53333336
0.77647060
0.80784315
0.70196080
0.75294119
0.62352943
0.61176473
0.61176473
0.62745100
0.63137257
0.64313728
0.64705884
0.65882355
0.67843139
0.68235296
0.76862746
0.41960785
0.20000000
0.69803923
0.77647060
0.62745100
0.63529414
0.63921571
0.60000002
0.55686277
0.69411767
0.71372551
0.71372551
0.67450982
0.61568630
0.54117650
0.50980395
0.55686277
0.65490198
0.43137255
0.24705882
0.54901963
0.63529414
0.58039218
0.58431375
0.59607846
0.60784316
0.61568630
0.63137257
0.63921571
0.65882355
0.66666669
0.65098041
0.25098041
0.17647059
0.47058824
0.74509805
0.64705884
0.65098041
0.62745100
0.62745100
0.66666669
0.74509805
0.74901962
0.72941178
0.67843139
0.61568630
0.54509807
0.53333336
0.56862748
0.53725493
0.27058825
0.21568628
0.27843139
0.61960787
0.56470591
0.56862748
0.58431375
0.60000002
0.60784316
0.62352943
0.63137257
0.64705884
0.64705884
0.53333336
0.36078432
0.36862746
0.38039216
0.71372551
0.66274512
0.68235296
0.64313728
0.65490198
0.70980394
0.75686276
0.76470590
0.75294119
0.70588237
0.65098041
0.60392159
0.60000002
0.58039218
0.38823530
0.32941177
0.39215687
0.21960784
0.55294120
0.56078434
0.56470591
0.58431375
0.60392159
0.61568630
0.62352943
0.63529414
0.63921571
0.61568630
0.44313726
0.30980393
0.34117648
0.42352942
0.69411767
0.69019610
0.72156864
0.74509805
0.76470590
0.77647060
0.79607844
0.80392158
0.79607844
0.73725492
0.67058825
0.60000002
0.53725493
0.50980395
0.26274511
0.28627452
0.32156864
0.27843139
0.47843137
0.68627453
0.67843139
0.69019610
0.69411767
0.69411767
0.69019610
0.69411767
0.67843139
0.60784316
0.41176471
0.33333334
0.39215687
0.43137255
0.61176473
0.55294120
0.54509807
0.55294120
0.57254905
0.60000002
0.65490198
0.72941178
0.75294119
0.72156864
0.67450982
0.58039218
0.53333336
0.47058824
0.21568628
0.26666668
0.37647060
0.36078432
0.40784314
0.75686276
0.76470590
0.77647060
0.80000001
0.79607844
0.79607844
0.79607844
0.78431374
0.67843139
0.43529412
0.41960785
0.52549022
0.44705883
0.25882354
0.17647059
0.20000000
0.23137255
0.26274511
0.29019609
0.35686275
0.49803922
0.51372552
0.38039216
0.47843137
0.58431375
0.53333336
0.43921569
0.20784314
0.40392157
0.50980395
0.38039216
0.35294119
0.54509807
0.52941179
0.52549022
0.52156866
0.52549022
0.52549022
0.54117650
0.55294120
0.54117650
0.35294119
0.32549021
0.54117650
0.49019608
0.22745098
0.26274511
0.27843139
0.29411766
0.31372550
0.32549021
0.33725491
0.36078432
0.31764707
0.20000000
0.27058825
0.58823532
0.52549022
0.39607844
0.18823530
0.28235295
0.52156866
0.40784314
0.36862746
0.57254905
0.54901963
0.54117650
0.52156866
0.52549022
0.53725493
0.55686277
0.58039218
0.57647061
0.38039216
0.47843137
0.50980395
0.45098040
0.29019609
0.25882354
0.18039216
0.16078432
0.16470589
0.16078432
0.18431373
0.22745098
0.19215687
0.18823530
0.20000000
0.57254905
0.59607846
0.37254903
0.19607843
0.33725491
0.52941179
0.40000001
0.36862746
0.65490198
0.67450982
0.68235296
0.69019610
0.67058825
0.65882355
0.65098041
0.63529414
0.57647061
0.38823530
0.41568628
0.33333334
0.50980395
0.31372550
0.20784314
0.22352941
0.22352941
0.23137255
0.22745098
0.21960784
0.24313726
0.20784314
0.12941177
0.08627451
0.42745098
0.60784316
0.31764707
0.20784314
0.41568628
0.52156866
0.33725491
0.32941177
0.45490196
0.45098040
0.45490196
0.46274510
0.47058824
0.47058824
0.46666667
0.43921569
0.26274511
0.22745098
0.33333334
0.34901962
0.51764709
0.49803922
0.11372549
0.08627451
0.08235294
0.09019608
0.13725491
0.31372550
0.33725491
0.32549021
0.20000000
0.18431373
0.36078432
0.52156866
0.20000000
0.16470589
0.27450982
0.34117648
0.32941177
0.28235295
0.39607844
0.45882353
0.48627451
0.51372552
0.52941179
0.54901963
0.58039218
0.58431375
0.18431373
0.09803922
0.39607844
0.48627451
0.57647061
0.66274512
0.10980392
0.03921569
0.02352941
0.01568628
0.20784314
0.65490198
0.66666669
0.65490198
0.63921571
0.62745100
0.63529414
0.55294120
0.12941177
0.11764706
0.27450982
0.33725491
0.30196080
0.09411765
0.22745098
0.32549021
0.34509805
0.33725491
0.32941177
0.33725491
0.34901962
0.36078432
0.25490198
0.14509805
0.29019609
0.43529412
0.62745100
0.68627453
0.27843139
0.03921569
0.03529412
0.04313726
0.41568628
0.65490198
0.63921571
0.60392159
0.57647061
0.52941179
0.47058824
0.39215687
0.13333334
0.07058824
0.27843139
0.44313726
0.26274511
0.13333334
0.16470589
0.21568628
0.27058825
0.31764707
0.36862746
0.43137255
0.49019608
0.52549022
0.56862748
0.57647061
0.57647061
0.62745100
0.64313728
0.64705884
0.50980395
0.09803922
0.01176471
0.05490196
0.28627452
0.36078432
0.35294119
0.31372550
0.27450982
0.23921569
0.21960784
0.20000000
0.13333334
0.03529412
0.12156863
0.29019609
0.36078432
0.44313726
0.52941179
0.57647061
0.61176473
0.64705884
0.66666669
0.66274512
0.66666669
0.65490198
0.64313728
0.63529414
0.63529414
0.62745100
0.62352943
0.50980395
0.40392157
0.29803923
0.25098041
0.25882354
0.28627452
0.32941177
0.34117648
0.34117648
0.34901962
0.37647060
0.41176471
0.43921569
0.44313726
0.45882353
0.50196081
0.56470591
0.63137257
0.63137257
0.63921571
0.63137257
0.63137257
0.62352943
0.62745100
0.61960787
0.61960787
0.60784316
0.60392159
0.60000002
0.60784316
0.61176473
0.60392159
0.63137257
0.63137257
0.62352943
0.62352943
0.62352943
0.61176473
0.61176473
0.60784316
0.61176473
0.61568630
0.63137257
0.63921571
0.64313728
0.63529414
0.65098041
0.63921571
0.62352943
0.62352943
0.61960787
0.61568630
0.62352943
0.63921571
0.64705884
0.64313728
0.63529414
0.62745100
0.62352943
0.61960787
0.61568630
0.61176473
0.62352943
0.60784316
0.94509804
0.94901961
0.95294118
0.95686275
0.96470588
0.96470588
0.96862745
0.97254902
0.98039216
0.98039216
0.98431373
0.98823529
0.98823529
0.98431373
0.98823529
0.99215686
0.99215686
0.99215686
0.99215686
0.99215686
0.98823529
0.98823529
0.98431373
0.98431373
0.97647059
0.97254902
0.96862745
0.96862745
0.97254902
0.97254902
0.97254902
0.97254902
0.97254902
0.97647059
0.98431373
0.99215686
0.99215686
0.99215686
0.99607843
0.99215686
0.99215686
0.99215686
0.98823529
0.98823529
0.99215686
0.99215686
0.99215686
0.98823529
0.98823529
0.98823529
0.98823529
0.98823529
0.99215686
0.98823529
0.98823529
0.98431373
0.98039216
0.97647059
0.97254902
0.97254902
0.97254902
0.97254902
0.97254902
0.97254902
0.97254902
0.97647059
0.98431373
0.99215686
0.99215686
0.99215686
0.99607843
0.99215686
0.99607843
0.99607843
0.99607843
0.99607843
0.99215686
0.98823529
0.98823529
0.98823529
0.98823529
0.99215686
0.99215686
0.99607843
0.99607843
0.99607843
0.99607843
0.99215686
0.98823529
0.98039216
0.97647059
0.97647059
0.97647059
0.97254902
0.97254902
0.97254902
0.98039216
0.98823529
0.99215686
0.98823529
0.99215686
0.99215686
0.98823529
0.99215686
0.99607843
0.99607843
0.99607843
1.00000000
1.00000000
1.00000000
1.00000000
0.99607843
1.00000000
1.00000000
0.99607843
0.99607843
0.99215686
0.98823529
0.98823529
0.99215686
0.98823529
0.98431373
0.98039216
0.98039216
0.97254902
0.96862745
0.96862745
0.96862745
0.98823529
0.99215686
0.99215686
0.98823529
0.98431373
0.98431373
0.98823529
0.99607843
0.99215686
0.96470588
0.95686275
0.93333334
0.90588236
0.88627452
0.89019608
0.88235295
0.90588236
0.93333334
0.96862745
0.98823529
1.00000000
0.98823529
0.98431373
0.99215686
0.99607843
0.99215686
0.99607843
0.99215686
0.98823529
0.98431373
0.98039216
0.97647059
0.98823529
0.99215686
0.99215686
0.99215686
1.00000000
1.00000000
0.99607843
0.96470588
0.93725491
0.90196079
0.86666667
0.83921570
0.81960785
0.82352942
0.84705883
0.87843138
0.90588236
0.89411765
0.85490197
0.83921570
0.87450981
0.95294118
0.99607843
0.98823529
0.99215686
0.98823529
0.98823529
0.98431373
0.97647059
0.96862745
0.96078432
0.95686275
0.99607843
0.99607843
0.99215686
0.98823529
0.92156863
0.77254903
0.65882355
0.61568630
0.62745100
0.66274512
0.76470590
0.88235295
0.90980393
0.90980393
0.89019608
0.76862746
0.60784316
0.45882353
0.34117648
0.27843139
0.28627452
0.41568628
0.77254903
0.99215686
0.98039216
0.97647059
0.97254902
0.96862745
0.96470588
0.96078432
0.95686275
0.95686275
0.99215686
0.99607843
0.99607843
0.91372550
0.46666667
0.27450982
0.22352941
0.26666668
0.26274511
0.30980393
0.38823530
0.44313726
0.84313726
0.85490197
0.45490196
0.31764707
0.30980393
0.41176471
0.27058825
0.28235295
0.46666667
0.27843139
0.22352941
0.76862746
0.99607843
0.99215686
0.99215686
0.99215686
0.99215686
0.99215686
0.98823529
0.97647059
0.98823529
0.99215686
0.99215686
0.82745099
0.23529412
0.21960784
0.36470589
0.57254905
0.53333336
0.65490198
0.57254905
0.14901961
0.70196080
0.77647060
0.36862746
0.43137255
0.25098041
0.61568630
0.39215687
0.43137255
0.67450982
0.67058825
0.36078432
0.24705882
0.87450981
0.98431373
0.99215686
0.99607843
0.99607843
0.99607843
0.99215686
0.97647059
0.99607843
0.99607843
0.98431373
0.60392159
0.14117648
0.32549021
0.69019610
0.72549021
0.55686277
0.70196080
0.34117648
0.13333334
0.72549021
0.78823531
0.55294120
0.21568628
0.07450981
0.50588238
0.61568630
0.65882355
0.65882355
0.66274512
0.65882355
0.27058825
0.40784314
0.77254903
0.92156863
0.99215686
0.99215686
0.99215686
0.99215686
0.98039216
0.99215686
0.98823529
0.90588236
0.29019609
0.11764706
0.28627452
0.70588237
0.38039216
0.21960784
0.45490196
0.21176471
0.15686275
0.70588237
0.75294119
0.70980394
0.27450982
0.05882353
0.35686275
0.52549022
0.57647061
0.63921571
0.63921571
0.63921571
0.55686277
0.16862746
0.61568630
0.81568629
0.99607843
0.99215686
0.99215686
0.99215686
0.98823529
0.99215686
0.98823529
0.64313728
0.12156863
0.11372549
0.12156863
0.27843139
0.10980392
0.06274510
0.16862746
0.09803922
0.23137255
0.78039217
0.80784315
0.81960785
0.68235296
0.47843137
0.47450981
0.52941179
0.60392159
0.67450982
0.66274512
0.64313728
0.61176473
0.29019609
0.43529412
0.84313726
0.97647059
0.99215686
0.99607843
0.99215686
0.99215686
0.98431373
0.93333334
0.39215687
0.18039216
0.21960784
0.24313726
0.25098041
0.25882354
0.21960784
0.13725491
0.05490196
0.17254902
0.68627453
0.81176472
0.79607844
0.74117649
0.80784315
0.84705883
0.86666667
0.85882354
0.86274511
0.87058824
0.85882354
0.84705883
0.58823532
0.35294119
0.83529413
0.85882354
0.91372550
0.97647059
0.99215686
0.98431373
0.97647059
0.80392158
0.70196080
0.78039217
0.80392158
0.84313726
0.86666667
0.86274511
0.83137256
0.41568628
0.14117648
0.09019608
0.17254902
0.49411765
0.83921570
0.87450981
0.83529413
0.87843138
0.86666667
0.86274511
0.86274511
0.85882354
0.86274511
0.86666667
0.74901962
0.50588238
0.87450981
0.85490197
0.85490197
0.89803922
0.96078432
0.97647059
0.91764706
0.58431375
0.77254903
0.77647060
0.63529414
0.75686276
0.79607844
0.77647060
0.65490198
0.12941177
0.14901961
0.18823530
0.16470589
0.13725491
0.55294120
0.85882354
0.78431374
0.70588237
0.70196080
0.70196080
0.67843139
0.63921571
0.72156864
0.72941178
0.69803923
0.67450982
0.77647060
0.77254903
0.83529413
0.92941177
0.89411765
0.94509804
0.72549021
0.44705883
0.64313728
0.65490198
0.59607846
0.66274512
0.66274512
0.64313728
0.40784314
0.18431373
0.18039216
0.13725491
0.13725491
0.18823530
0.63529414
0.95294118
0.90980393
0.72941178
0.64705884
0.66274512
0.62352943
0.60784316
0.66666669
0.68627453
0.69411767
0.71764708
0.71372551
0.71764708
0.85490197
0.86666667
0.74901962
0.85490197
0.74117649
0.54901963
0.61960787
0.67058825
0.68627453
0.64705884
0.65882355
0.65490198
0.59607846
0.55686277
0.50588238
0.44705883
0.40784314
0.45882353
0.74509805
0.81568629
0.72156864
0.76862746
0.63529414
0.61960787
0.62352943
0.63921571
0.63921571
0.65098041
0.65882355
0.67058825
0.68627453
0.69411767
0.78039217
0.43529412
0.21176471
0.70196080
0.78431374
0.64705884
0.65882355
0.67058825
0.63529414
0.58823532
0.72549021
0.74509805
0.73333335
0.69019610
0.63137257
0.55686277
0.52156866
0.56078434
0.67058825
0.46274510
0.28627452
0.56862748
0.65098041
0.59607846
0.59607846
0.60784316
0.61960787
0.63137257
0.64313728
0.65490198
0.66274512
0.66666669
0.65882355
0.26666668
0.19215687
0.47450981
0.75294119
0.66666669
0.67450982
0.65490198
0.65098041
0.69019610
0.76862746
0.77254903
0.74509805
0.69411767
0.63137257
0.56078434
0.54509807
0.57254905
0.55294120
0.29411766
0.25098041
0.30196080
0.63529414
0.58039218
0.58039218
0.59607846
0.61568630
0.62352943
0.63921571
0.64705884
0.65098041
0.65098041
0.54117650
0.36862746
0.37647060
0.38431373
0.72156864
0.68235296
0.71372551
0.67058825
0.67450982
0.73333335
0.77647060
0.78431374
0.76862746
0.72156864
0.66666669
0.61960787
0.61176473
0.59215689
0.40392157
0.35294119
0.41960785
0.23529412
0.56862748
0.57647061
0.57647061
0.60000002
0.61960787
0.63137257
0.63921571
0.65098041
0.65098041
0.62352943
0.44705883
0.30980393
0.34117648
0.42745098
0.70196080
0.70980394
0.75294119
0.77254903
0.78431374
0.79607844
0.81568629
0.82745099
0.81176472
0.75294119
0.68627453
0.61568630
0.55294120
0.52941179
0.27843139
0.30588236
0.34117648
0.29803923
0.49803922
0.70196080
0.69411767
0.70196080
0.70980394
0.70980394
0.70588237
0.70980394
0.69803923
0.62352943
0.41960785
0.33725491
0.39215687
0.43529412
0.61960787
0.57254905
0.57647061
0.57647061
0.58431375
0.61176473
0.66666669
0.74117649
0.76862746
0.73725492
0.69019610
0.59607846
0.55294120
0.49803922
0.23529412
0.28235295
0.39215687
0.38039216
0.42745098
0.77254903
0.78039217
0.79215688
0.81568629
0.81176472
0.81176472
0.81176472
0.81176472
0.70196080
0.44705883
0.41568628
0.52156866
0.45098040
0.27058825
0.19607843
0.22745098
0.25098041
0.27058825
0.29803923
0.36470589
0.50588238
0.52941179
0.39607844
0.49411765
0.60000002
0.55686277
0.47450981
0.23137255
0.41176471
0.51764709
0.39607844
0.37254903
0.56078434
0.54509807
0.54117650
0.53725493
0.54117650
0.54117650
0.55686277
0.58431375
0.56862748
0.36078432
0.31764707
0.52941179
0.49411765
0.23529412
0.28235295
0.30980393
0.31764707
0.32156864
0.33333334
0.34509805
0.36862746
0.33333334
0.21568628
0.29019609
0.60392159
0.55294120
0.43529412
0.21568628
0.29019609
0.52549022
0.42352942
0.38823530
0.58823532
0.56470591
0.55686277
0.53725493
0.54117650
0.55294120
0.57254905
0.61176473
0.60392159
0.38823530
0.46274510
0.49411765
0.45098040
0.29803923
0.27450982
0.20392157
0.18039216
0.17254902
0.16862746
0.19215687
0.23529412
0.20392157
0.20392157
0.21176471
0.58823532
0.61960787
0.40784314
0.21960784
0.34901962
0.53333336
0.41960785
0.38823530
0.67058825
0.69019610
0.69803923
0.70588237
0.68627453
0.67450982
0.66666669
0.66666669
0.60784316
0.40000001
0.40784314
0.32156864
0.51372552
0.31764707
0.21568628
0.23529412
0.23137255
0.23529412
0.23137255
0.22352941
0.24705882
0.21176471
0.13333334
0.09019608
0.43529412
0.61960787
0.34117648
0.22745098
0.43529412
0.53725493
0.35686275
0.34509805
0.47058824
0.46666667
0.47058824
0.47843137
0.48627451
0.48627451
0.48235294
0.45882353
0.28235295
0.24313726
0.34509805
0.36078432
0.52941179
0.50196081
0.11764706
0.09411765
0.08627451
0.09411765
0.14117648
0.31764707
0.34117648
0.32941177
0.20392157
0.18823530
0.36470589
0.53333336
0.21960784
0.18431373
0.29411766
0.36078432
0.34509805
0.29803923
0.41176471
0.47450981
0.50196081
0.52941179
0.54509807
0.56470591
0.59607846
0.60000002
0.20000000
0.11372549
0.41176471
0.50196081
0.58823532
0.66666669
0.11372549
0.04705882
0.02745098
0.01960784
0.21176471
0.65882355
0.67058825
0.65882355
0.64313728
0.63137257
0.63921571
0.56470591
0.14509805
0.13333334
0.29019609
0.35686275
0.32156864
0.10980392
0.24313726
0.34117648
0.35686275
0.34901962
0.34509805
0.35294119
0.36078432
0.37647060
0.27058825
0.16078432
0.30588236
0.44705883
0.63921571
0.69019610
0.28235295
0.04313726
0.04313726
0.04705882
0.41960785
0.65882355
0.64313728
0.60784316
0.58039218
0.53333336
0.47450981
0.40000001
0.14901961
0.09019608
0.29411766
0.45882353
0.27843139
0.14901961
0.18039216
0.22745098
0.28235295
0.32941177
0.38039216
0.44313726
0.50196081
0.54117650
0.58431375
0.59215689
0.59215689
0.64313728
0.65490198
0.65098041
0.51372552
0.10196079
0.01568628
0.05882353
0.29019609
0.36470589
0.35686275
0.31764707
0.27843139
0.24313726
0.22352941
0.20784314
0.14901961
0.05098039
0.14117648
0.30980393
0.37647060
0.45882353
0.54117650
0.58823532
0.62352943
0.65882355
0.67843139
0.67450982
0.67843139
0.66666669
0.65490198
0.64705884
0.64705884
0.63921571
0.63529414
0.50980395
0.40784314
0.30196080
0.25490198
0.26274511
0.29019609
0.33333334
0.34509805
0.34509805
0.35294119
0.38039216
0.41568628
0.44705883
0.45490196
0.47058824
0.51764709
0.58039218
0.64705884
0.64705884
0.65098041
0.64313728
0.64313728
0.63529414
0.63921571
0.63137257
0.63137257
0.61960787
0.61568630
0.61176473
0.61568630
0.62352943
0.61568630
0.63137257
0.63529414
0.62745100
0.62352943
0.62352943
0.61568630
0.61176473
0.61176473
0.61176473
0.61568630
0.63137257
0.63921571
0.64705884
0.64705884
0.66274512
0.65098041
0.63529414
0.63529414
0.63137257
0.62745100
0.63529414
0.65098041
0.65882355
0.65490198
0.64705884
0.63921571
0.63529414
0.63137257
0.62745100
0.62352943
0.63529414
0.61960787
0.95294118
0.95686275
0.96078432
0.96078432
0.95686275
0.95686275
0.96078432
0.96470588
0.98039216
0.98039216
0.98431373
0.98823529
0.98823529
0.98431373
0.98823529
0.99215686
0.99215686
0.99215686
0.99215686
0.99215686
0.98823529
0.98823529
0.98431373
0.98431373
0.97647059
0.97254902
0.96862745
0.96470588
0.96862745
0.96862745
0.96862745
0.96862745
0.98039216
0.98431373
0.99215686
0.98823529
0.98431373
0.98431373
0.98823529
0.98823529
0.99215686
0.99215686
0.99215686
0.98823529
0.99215686
0.99215686
0.99215686
0.98823529
0.98823529
0.98823529
0.98823529
0.98823529
0.99215686
0.98823529
0.98823529
0.98431373
0.98039216
0.97647059
0.97254902
0.96862745
0.96862745
0.96862745
0.96862745
0.96862745
0.97647059
0.97647059
0.98431373
0.98823529
0.98431373
0.98431373
0.98823529
0.98823529
0.99215686
0.99215686
0.99215686
0.99215686
0.99215686
0.98823529
0.98823529
0.98823529
0.98823529
0.98823529
0.99215686
0.99215686
0.99607843
0.99607843
0.99607843
0.99215686
0.98823529
0.98039216
0.97254902
0.97254902
0.97254902
0.96862745
0.96862745
0.96862745
0.98039216
0.98823529
0.99215686
0.98431373
0.98431373
0.98431373
0.98039216
0.98431373
0.99215686
0.99215686
0.99215686
0.99607843
0.99607843
1.00000000
1.00000000
0.99607843
1.00000000
1.00000000
0.99607843
0.99215686
0.98823529
0.98431373
0.98823529
0.99215686
0.98823529
0.98431373
0.98039216
0.97647059
0.96862745
0.96470588
0.96470588
0.96470588
0.98039216
0.98823529
0.98823529
0.98431373
0.97647059
0.97647059
0.98039216
0.98823529
0.98823529
0.96470588
0.95294118
0.92941177
0.90196079
0.88627452
0.89019608
0.88235295
0.90588236
0.92941177
0.96470588
0.98431373
1.00000000
0.98823529
0.98431373
0.99215686
0.99607843
0.99215686
0.99215686
0.98823529
0.98431373
0.98039216
0.97647059
0.97254902
0.98039216
0.98431373
0.98431373
0.98431373
0.99215686
0.99607843
0.98823529
0.95686275
0.93333334
0.89803922
0.86274511
0.83529413
0.81960785
0.82352942
0.84705883
0.87843138
0.90196079
0.89019608
0.85098040
0.83529413
0.87058824
0.94901961
0.99607843
0.98823529
0.99215686
0.98823529
0.98431373
0.98039216
0.97254902
0.96470588
0.95686275
0.95294118
0.98431373
0.98039216
0.98039216
0.98039216
0.91372550
0.76470590
0.65098041
0.60784316
0.61960787
0.65490198
0.75686276
0.87843138
0.90588236
0.90980393
0.89019608
0.76862746
0.60784316
0.45490196
0.33725491
0.27450982
0.28235295
0.40784314
0.77254903
0.99215686
0.98039216
0.97254902
0.97254902
0.96470588
0.96078432
0.95686275
0.95294118
0.95294118
0.97254902
0.98431373
0.98431373
0.90980393
0.46274510
0.26666668
0.21568628
0.25882354
0.26274511
0.31372550
0.38039216
0.43137255
0.83529413
0.84705883
0.44313726
0.30196080
0.29803923
0.40784314
0.26666668
0.27843139
0.46274510
0.27450982
0.21960784
0.76470590
1.00000000
0.99215686
0.98431373
0.98039216
0.98039216
0.98039216
0.98039216
0.97647059
0.98039216
0.98823529
0.99607843
0.83529413
0.23921569
0.21960784
0.35686275
0.56078434
0.54509807
0.66666669
0.56862748
0.12941177
0.68627453
0.76862746
0.34901962
0.40000001
0.22352941
0.61960787
0.40000001
0.44313726
0.68235296
0.67450982
0.35294119
0.24313726
0.87450981
0.98823529
0.98039216
0.98039216
0.98039216
0.98039216
0.98039216
0.97647059
0.98823529
0.99215686
0.98823529
0.61176473
0.14509805
0.32156864
0.68235296
0.71764708
0.56078434
0.70588237
0.34509805
0.13333334
0.72941178
0.79215688
0.54509807
0.20392157
0.05490196
0.50980395
0.62745100
0.67058825
0.67058825
0.66666669
0.64705884
0.26274511
0.41176471
0.77647060
0.91764706
0.98431373
0.98431373
0.98431373
0.98431373
0.98039216
0.98823529
0.98823529
0.90980393
0.30196080
0.11764706
0.28235295
0.69803923
0.36862746
0.20784314
0.45098040
0.23137255
0.19215687
0.73725492
0.76862746
0.71764708
0.27058825
0.05098039
0.36078432
0.53333336
0.58431375
0.64705884
0.63921571
0.63529414
0.55294120
0.17647059
0.62352943
0.81568629
0.98823529
0.98431373
0.98431373
0.98823529
0.98823529
0.98823529
0.99215686
0.64705884
0.12941177
0.11764706
0.11764706
0.27450982
0.10588235
0.05098039
0.15294118
0.08627451
0.22352941
0.78039217
0.81960785
0.83137256
0.68235296
0.47058824
0.47843137
0.53725493
0.61176473
0.68235296
0.66666669
0.63921571
0.61176473
0.29411766
0.44313726
0.84313726
0.97254902
0.99215686
0.99215686
0.99215686
0.99215686
0.98039216
0.94117647
0.40000001
0.18823530
0.22352941
0.24705882
0.24705882
0.25490198
0.21568628
0.11372549
0.01960784
0.11764706
0.64313728
0.80392158
0.80392158
0.74117649
0.79215688
0.84705883
0.87450981
0.86666667
0.87058824
0.87450981
0.85882354
0.85098040
0.59607846
0.36078432
0.83529413
0.85882354
0.90980393
0.97254902
0.98823529
0.98431373
0.98039216
0.81568629
0.70980394
0.78823531
0.80784315
0.84705883
0.86666667
0.86274511
0.82352942
0.40000001
0.12549020
0.08627451
0.16078432
0.47058824
0.83921570
0.87450981
0.82352942
0.87843138
0.87058824
0.86274511
0.86666667
0.85882354
0.87058824
0.87450981
0.75686276
0.51372552
0.87843138
0.85882354
0.85882354
0.90196079
0.96078432
0.97647059
0.92156863
0.60000002
0.78039217
0.77647060
0.63529414
0.76078433
0.79607844
0.78039217
0.65098041
0.12156863
0.15294118
0.21568628
0.16862746
0.10588235
0.56078434
0.87450981
0.78039217
0.70980394
0.70588237
0.70588237
0.68235296
0.64705884
0.72941178
0.73725492
0.70588237
0.67843139
0.78039217
0.77647060
0.83921570
0.93333334
0.89411765
0.94509804
0.72941178
0.46274510
0.65098041
0.65882355
0.60000002
0.66666669
0.67058825
0.65490198
0.42352942
0.17254902
0.13725491
0.08235294
0.08627451
0.16470589
0.64705884
0.97254902
0.91764706
0.73725492
0.65490198
0.67058825
0.63529414
0.61568630
0.67843139
0.69411767
0.70196080
0.72156864
0.72156864
0.72941178
0.86666667
0.87843138
0.75686276
0.85490197
0.75686276
0.56470591
0.63529414
0.68235296
0.69803923
0.65490198
0.67058825
0.66666669
0.61568630
0.56470591
0.49411765
0.42352942
0.38431373
0.44705883
0.74901962
0.81960785
0.71764708
0.76862746
0.64705884
0.63529414
0.64313728
0.65882355
0.65882355
0.67058825
0.67450982
0.68627453
0.69803923
0.70196080
0.78823531
0.44313726
0.21960784
0.70980394
0.80000001
0.65882355
0.67058825
0.67843139
0.64313728
0.59607846
0.73333335
0.75686276
0.74509805
0.70588237
0.64705884
0.57254905
0.53333336
0.56078434
0.66666669
0.45490196
0.27450982
0.56862748
0.65882355
0.61176473
0.62352943
0.63137257
0.63529414
0.64705884
0.65882355
0.67058825
0.67058825
0.67450982
0.66274512
0.27058825
0.19607843
0.48627451
0.76862746
0.67843139
0.68627453
0.66666669
0.66274512
0.70196080
0.78039217
0.78431374
0.75686276
0.70588237
0.64313728
0.57254905
0.54901963
0.57254905
0.54901963
0.28627452
0.23921569
0.29803923
0.64313728
0.59215689
0.60392159
0.61960787
0.62745100
0.63529414
0.65098041
0.65882355
0.65882355
0.65882355
0.54901963
0.37647060
0.38431373
0.39607844
0.72941178
0.69019610
0.71764708
0.67450982
0.68235296
0.73725492
0.78431374
0.79215688
0.77647060
0.72941178
0.67450982
0.62745100
0.61568630
0.58823532
0.39607844
0.34509805
0.40784314
0.23137255
0.57254905
0.58823532
0.59607846
0.61568630
0.62745100
0.63921571
0.64705884
0.65882355
0.65882355
0.63137257
0.45490196
0.31764707
0.35294119
0.43921569
0.70980394
0.71372551
0.74901962
0.77254903
0.78431374
0.80000001
0.81960785
0.82745099
0.81568629
0.75686276
0.69019610
0.61960787
0.55294120
0.52549022
0.27450982
0.30196080
0.33333334
0.28627452
0.49411765
0.70980394
0.70588237
0.71372551
0.71372551
0.71372551
0.70980394
0.71372551
0.70196080
0.62745100
0.42745098
0.34509805
0.40392157
0.44705883
0.62352943
0.57254905
0.57254905
0.57254905
0.58431375
0.61568630
0.66666669
0.74509805
0.76862746
0.74117649
0.69019610
0.60000002
0.55294120
0.49019608
0.22745098
0.27843139
0.38823530
0.36470589
0.41568628
0.77647060
0.79215688
0.80000001
0.81568629
0.81176472
0.81176472
0.81176472
0.80784315
0.70196080
0.45098040
0.42352942
0.53333336
0.45882353
0.26666668
0.18823530
0.21960784
0.24313726
0.26666668
0.29411766
0.36078432
0.50196081
0.52549022
0.39215687
0.49019608
0.59607846
0.54901963
0.46274510
0.22352941
0.40784314
0.51372552
0.38039216
0.35686275
0.55686277
0.55294120
0.54509807
0.53333336
0.53725493
0.53725493
0.55294120
0.58039218
0.56470591
0.36862746
0.32941177
0.54509807
0.50588238
0.23137255
0.27450982
0.30196080
0.30980393
0.31764707
0.32941177
0.34117648
0.36470589
0.32941177
0.21176471
0.28235295
0.60000002
0.54509807
0.42352942
0.20784314
0.28627452
0.52156866
0.40392157
0.37254903
0.58431375
0.56862748
0.55686277
0.53333336
0.53725493
0.54901963
0.56862748
0.60784316
0.60392159
0.39607844
0.47843137
0.50980395
0.46274510
0.29803923
0.27058825
0.19607843
0.17254902
0.17254902
0.16470589
0.18823530
0.23137255
0.20000000
0.20000000
0.21176471
0.58431375
0.61176473
0.39215687
0.20784314
0.34117648
0.52941179
0.40000001
0.37254903
0.66274512
0.69411767
0.70196080
0.70196080
0.68627453
0.67450982
0.66666669
0.66274512
0.60392159
0.40392157
0.41960785
0.33725491
0.52549022
0.32941177
0.21568628
0.22745098
0.22745098
0.24313726
0.23921569
0.22745098
0.25098041
0.21960784
0.14117648
0.09803922
0.43921569
0.61568630
0.31764707
0.20784314
0.41568628
0.51764709
0.34117648
0.34117648
0.47058824
0.47843137
0.47843137
0.48627451
0.49803922
0.49803922
0.49411765
0.46274510
0.28235295
0.24705882
0.34901962
0.36862746
0.54901963
0.51764709
0.12156863
0.09019608
0.08627451
0.10196079
0.14901961
0.32549021
0.34901962
0.33725491
0.21176471
0.19607843
0.37254903
0.52549022
0.19607843
0.16078432
0.27058825
0.33725491
0.33333334
0.29411766
0.41960785
0.48627451
0.51372552
0.54117650
0.55686277
0.57647061
0.60784316
0.60392159
0.20392157
0.11764706
0.41568628
0.50980395
0.60784316
0.68235296
0.12156863
0.04313726
0.03137255
0.02745098
0.21960784
0.66666669
0.67843139
0.66666669
0.65098041
0.63921571
0.64705884
0.56078434
0.13333334
0.12156863
0.27843139
0.34117648
0.31372550
0.10588235
0.25098041
0.35294119
0.37647060
0.36862746
0.36078432
0.36862746
0.38039216
0.38039216
0.27450982
0.16470589
0.30980393
0.45882353
0.65882355
0.70980394
0.29411766
0.04705882
0.04705882
0.06274510
0.43529412
0.67058825
0.65882355
0.62352943
0.59215689
0.54901963
0.49019608
0.40784314
0.14901961
0.09019608
0.29411766
0.45882353
0.27843139
0.15294118
0.19215687
0.24705882
0.30196080
0.34901962
0.40000001
0.46274510
0.52156866
0.55294120
0.59215689
0.60392159
0.60392159
0.65490198
0.67450982
0.67058825
0.52941179
0.11372549
0.03137255
0.07843138
0.30980393
0.38431373
0.37254903
0.33725491
0.29803923
0.26274511
0.24313726
0.22352941
0.15686275
0.06274510
0.14901961
0.31764707
0.38039216
0.47058824
0.55686277
0.61176473
0.65098041
0.68627453
0.70588237
0.70196080
0.70196080
0.68627453
0.67450982
0.66666669
0.66666669
0.65490198
0.65490198
0.53725493
0.42352942
0.31764707
0.27450982
0.28235295
0.30588236
0.35294119
0.36470589
0.36078432
0.37254903
0.40000001
0.43529412
0.46666667
0.47058824
0.49019608
0.53333336
0.59607846
0.65882355
0.65882355
0.67058825
0.66666669
0.67450982
0.66274512
0.66666669
0.65882355
0.65882355
0.64313728
0.63529414
0.63137257
0.63529414
0.64313728
0.63529414
0.66274512
0.65882355
0.64313728
0.64313728
0.65098041
0.64313728
0.63921571
0.63921571
0.63921571
0.64313728
0.65882355
0.66666669
0.67450982
0.67058825
0.68627453
0.67450982
0.65882355
0.65098041
0.64705884
0.65098041
0.66666669
0.68235296
0.69019610
0.68627453
0.67843139
0.67058825
0.65882355
0.65490198
0.65098041
0.64705884
0.65882355
0.63921571
1 -1 0 0 0 0 0 0 0 0 0
0 -1 1 0 0 0 0 0 0 0 0
0 -1 0 1 0 0 0 0 0 0 0
0 -1 0 0 1 0 0 0 0 0 0
0 -1 0 0 0 1 0 0 0 0 0
0 -1 0 0 0 0 1 0 0 0 0
0 -1 0 0 0 0 0 1 0 0 0
0 -1 0 0 0 0 0 0 1 0 0
0 -1 0 0 0 0 0 0 0 1 0
