0.28235295
0.27450982
0.24705882
0.23529412
0.24313726
0.27058825
0.26666668
0.23529412
0.26666668
0.36078432
0.47450981
0.40392157
0.42745098
0.41960785
0.25098041
0.24705882
0.25882354
0.21568628
0.26274511
0.34117648
0.38039216
0.42745098
0.38823530
0.22745098
0.19215687
0.20392157
0.19607843
0.19215687
0.19215687
0.23529412
0.30588236
0.30980393
0.24313726
0.24313726
0.25490198
0.23921569
0.21960784
0.24705882
0.25490198
0.22352941
0.25098041
0.35294119
0.47450981
0.43921569
0.47058824
0.42745098
0.24313726
0.21960784
0.26666668
0.22745098
0.22745098
0.31764707
0.42745098
0.52549022
0.56470591
0.45098040
0.30196080
0.23921569
0.25098041
0.23137255
0.21568628
0.27843139
0.33333334
0.32941177
0.24313726
0.26666668
0.26666668
0.23921569
0.24705882
0.29803923
0.28235295
0.21568628
0.24313726
0.33333334
0.36862746
0.37647060
0.41568628
0.42352942
0.25882354
0.17254902
0.26274511
0.26666668
0.28627452
0.32941177
0.50980395
0.62745100
0.65882355
0.67843139
0.49411765
0.25490198
0.24313726
0.21960784
0.21960784
0.25098041
0.26274511
0.29411766
0.23529412
0.27058825
0.25882354
0.23529412
0.25490198
0.30980393
0.34901962
0.22352941
0.23137255
0.30196080
0.33725491
0.34509805
0.33725491
0.36862746
0.28235295
0.16862746
0.17647059
0.24705882
0.28235295
0.43921569
0.59215689
0.63137257
0.64313728
0.69411767
0.66666669
0.39215687
0.20000000
0.21176471
0.24313726
0.23921569
0.27843139
0.31764707
0.20784314
0.25098041
0.25490198
0.24313726
0.22745098
0.26666668
0.35686275
0.23921569
0.21960784
0.30980393
0.28235295
0.32156864
0.31372550
0.29411766
0.27058825
0.21176471
0.18431373
0.29411766
0.34509805
0.51372552
0.61176473
0.60784316
0.53725493
0.58823532
0.70196080
0.61960787
0.33725491
0.23529412
0.25490198
0.27058825
0.27058825
0.26274511
0.19607843
0.24313726
0.25882354
0.26274511
0.23529412
0.29411766
0.48235294
0.37647060
0.28627452
0.41176471
0.27058825
0.29803923
0.32156864
0.29803923
0.28627452
0.20392157
0.27058825
0.34509805
0.43137255
0.57254905
0.58039218
0.59607846
0.57254905
0.58039218
0.66274512
0.68235296
0.48627451
0.24705882
0.23137255
0.22745098
0.19607843
0.17647059
0.18039216
0.23137255
0.23921569
0.25882354
0.22745098
0.30588236
0.58039218
0.63921571
0.56862748
0.58431375
0.38823530
0.28235295
0.31372550
0.30588236
0.28627452
0.23529412
0.32156864
0.44313726
0.54901963
0.56470591
0.52941179
0.54901963
0.51372552
0.50196081
0.58823532
0.63529414
0.57254905
0.25490198
0.20392157
0.20392157
0.18823530
0.21176471
0.17254902
0.20784314
0.21568628
0.24705882
0.25882354
0.29803923
0.49019608
0.65490198
0.70196080
0.72156864
0.63529414
0.42352942
0.34901962
0.34901962
0.38039216
0.50196081
0.60392159
0.63137257
0.58039218
0.49803922
0.48235294
0.51372552
0.44313726
0.38039216
0.49411765
0.57254905
0.65098041
0.43137255
0.20392157
0.18823530
0.21176471
0.24705882
0.16862746
0.20000000
0.20784314
0.24705882
0.25098041
0.27843139
0.43137255
0.61176473
0.67058825
0.69019610
0.73725492
0.71764708
0.63921571
0.60784316
0.62745100
0.65098041
0.61960787
0.58039218
0.54117650
0.49019608
0.46274510
0.47058824
0.40392157
0.34117648
0.41176471
0.54117650
0.65098041
0.74509805
0.58039218
0.36078432
0.26666668
0.24313726
0.16078432
0.21176471
0.23529412
0.23921569
0.27058825
0.31372550
0.40000001
0.55294120
0.63921571
0.68235296
0.70980394
0.72156864
0.71764708
0.67058825
0.61176473
0.58039218
0.54901963
0.52941179
0.50980395
0.48235294
0.47450981
0.45882353
0.38823530
0.34509805
0.41960785
0.57254905
0.62352943
0.69019610
0.78431374
0.72156864
0.49803922
0.30980393
0.16470589
0.18823530
0.23529412
0.24705882
0.25098041
0.29803923
0.36862746
0.52549022
0.64313728
0.67843139
0.67058825
0.62745100
0.59215689
0.55686277
0.53333336
0.57254905
0.57647061
0.56470591
0.55294120
0.53725493
0.52156866
0.49411765
0.45098040
0.39215687
0.41176471
0.51372552
0.54901963
0.54117650
0.63137257
0.77647060
0.76078433
0.59215689
0.17647059
0.19607843
0.25490198
0.27058825
0.23529412
0.27843139
0.37647060
0.55686277
0.64313728
0.61568630
0.61568630
0.60000002
0.55686277
0.54117650
0.52549022
0.56862748
0.60784316
0.62745100
0.62352943
0.61960787
0.61176473
0.61176473
0.57647061
0.52156866
0.45098040
0.47450981
0.58823532
0.51372552
0.45490196
0.61960787
0.76470590
0.76078433
0.16862746
0.20392157
0.25490198
0.27058825
0.25098041
0.30980393
0.48235294
0.61568630
0.61176473
0.56470591
0.56862748
0.54117650
0.51764709
0.52156866
0.52549022
0.56862748
0.57254905
0.56862748
0.61176473
0.65490198
0.64705884
0.63529414
0.64313728
0.64313728
0.61568630
0.58431375
0.63137257
0.63137257
0.46274510
0.50980395
0.67058825
0.70196080
0.16078432
0.21568628
0.24705882
0.28627452
0.27058825
0.38431373
0.58431375
0.61960787
0.69019610
0.56078434
0.41176471
0.38823530
0.34901962
0.26666668
0.24705882
0.30588236
0.37647060
0.44313726
0.48235294
0.53725493
0.58431375
0.59215689
0.57647061
0.57647061
0.60784316
0.62745100
0.63137257
0.65490198
0.57254905
0.52941179
0.60000002
0.60000002
0.16078432
0.23921569
0.24313726
0.28627452
0.30196080
0.47843137
0.50588238
0.49803922
0.71764708
0.59607846
0.44313726
0.43529412
0.26666668
0.20000000
0.22745098
0.29803923
0.42352942
0.49411765
0.47450981
0.43921569
0.43921569
0.47843137
0.53333336
0.56078434
0.55294120
0.56862748
0.60392159
0.65098041
0.61960787
0.55686277
0.54901963
0.54901963
0.17254902
0.25490198
0.24705882
0.29019609
0.32941177
0.48627451
0.39607844
0.42745098
0.72941178
0.68235296
0.57647061
0.50980395
0.37254903
0.30588236
0.36862746
0.44705883
0.46666667
0.49019608
0.47058824
0.42352942
0.39215687
0.34901962
0.39215687
0.47843137
0.52549022
0.52941179
0.52941179
0.58039218
0.63529414
0.57254905
0.50588238
0.54117650
0.17254902
0.24705882
0.23137255
0.26274511
0.35686275
0.50588238
0.47450981
0.63137257
0.85882354
0.77254903
0.51764709
0.43137255
0.49803922
0.44705883
0.43921569
0.43137255
0.40000001
0.37647060
0.36470589
0.40000001
0.43529412
0.40000001
0.37647060
0.37647060
0.41176471
0.43921569
0.46274510
0.54901963
0.62352943
0.57254905
0.49803922
0.51372552
0.18039216
0.23137255
0.21960784
0.25490198
0.36862746
0.53333336
0.65882355
0.84705883
0.87058824
0.77254903
0.52941179
0.47058824
0.54117650
0.49803922
0.39607844
0.33725491
0.33725491
0.33333334
0.35294119
0.39215687
0.44705883
0.47058824
0.45882353
0.43529412
0.41568628
0.40000001
0.45490196
0.53725493
0.60000002
0.57254905
0.47843137
0.45098040
0.16862746
0.21176471
0.21568628
0.28235295
0.34901962
0.52549022
0.70588237
0.72156864
0.74901962
0.78823531
0.62352943
0.52156866
0.49411765
0.46274510
0.37647060
0.29803923
0.27058825
0.24313726
0.24313726
0.27450982
0.33725491
0.36862746
0.36862746
0.35294119
0.33333334
0.37254903
0.47843137
0.53333336
0.57647061
0.54117650
0.41960785
0.41568628
0.15686275
0.21176471
0.21568628
0.27450982
0.32549021
0.47058824
0.59215689
0.58431375
0.67058825
0.72156864
0.69019610
0.59607846
0.51764709
0.49019608
0.42352942
0.32156864
0.28235295
0.25882354
0.26274511
0.28627452
0.30196080
0.31764707
0.30588236
0.27450982
0.32156864
0.41568628
0.48235294
0.54901963
0.59215689
0.52941179
0.42352942
0.41568628
0.18039216
0.22352941
0.21568628
0.25882354
0.28627452
0.43921569
0.61960787
0.60000002
0.60392159
0.60000002
0.62352943
0.59215689
0.53725493
0.52156866
0.47843137
0.34117648
0.31764707
0.31372550
0.29803923
0.28235295
0.29019609
0.32156864
0.29411766
0.30196080
0.36862746
0.41960785
0.47450981
0.56470591
0.58431375
0.49411765
0.42352942
0.42352942
0.18039216
0.23529412
0.23529412
0.26274511
0.27450982
0.37647060
0.56470591
0.50196081
0.42745098
0.43921569
0.45098040
0.47058824
0.46666667
0.45882353
0.45098040
0.41568628
0.39215687
0.36078432
0.31764707
0.30588236
0.32156864
0.31372550
0.32549021
0.35686275
0.39607844
0.45882353
0.54117650
0.59607846
0.54901963
0.48627451
0.42745098
0.38039216
0.16078432
0.23137255
0.23921569
0.27450982
0.30196080
0.30980393
0.44705883
0.43921569
0.32549021
0.31764707
0.31372550
0.34117648
0.37647060
0.39607844
0.40784314
0.39607844
0.42745098
0.46274510
0.44705883
0.43921569
0.45098040
0.41568628
0.40784314
0.43137255
0.47058824
0.51764709
0.55686277
0.54509807
0.52156866
0.51372552
0.42352942
0.32941177
0.15686275
0.23137255
0.25490198
0.27843139
0.28627452
0.34117648
0.35686275
0.40392157
0.40392157
0.41568628
0.37254903
0.34117648
0.34901962
0.36078432
0.39607844
0.41568628
0.40000001
0.38823530
0.41960785
0.45882353
0.46274510
0.44705883
0.44705883
0.47058824
0.48627451
0.50196081
0.49411765
0.48235294
0.50588238
0.48235294
0.35686275
0.29019609
0.15294118
0.24705882
0.30588236
0.31764707
0.29019609
0.38039216
0.35686275
0.32549021
0.33333334
0.37254903
0.45490196
0.41960785
0.38039216
0.34509805
0.33725491
0.37254903
0.38431373
0.35294119
0.34117648
0.38431373
0.43921569
0.47843137
0.45882353
0.43137255
0.43137255
0.44705883
0.46666667
0.48235294
0.47843137
0.42745098
0.30196080
0.26666668
0.13725491
0.23137255
0.35294119
0.35686275
0.27843139
0.30588236
0.30980393
0.30980393
0.30196080
0.27058825
0.39607844
0.46274510
0.44705883
0.40784314
0.35686275
0.33725491
0.33333334
0.34901962
0.35294119
0.35686275
0.38039216
0.38431373
0.40392157
0.41568628
0.41568628
0.43921569
0.47450981
0.47450981
0.47843137
0.40392157
0.25098041
0.21960784
0.13725491
0.27450982
0.35294119
0.32941177
0.24313726
0.24705882
0.23921569
0.27058825
0.29019609
0.26274511
0.36470589
0.36470589
0.36470589
0.37647060
0.37647060
0.36862746
0.34509805
0.34509805
0.36078432
0.35686275
0.35294119
0.35294119
0.36470589
0.40784314
0.43529412
0.44313726
0.46666667
0.48627451
0.49019608
0.41568628
0.26274511
0.22352941
0.15294118
0.30980393
0.34117648
0.30196080
0.24705882
0.23529412
0.24705882
0.26666668
0.30196080
0.27450982
0.32941177
0.34901962
0.29019609
0.25882354
0.28235295
0.30980393
0.31372550
0.35294119
0.39607844
0.40000001
0.37254903
0.37254903
0.38039216
0.39607844
0.42352942
0.45490196
0.48235294
0.50196081
0.48627451
0.44313726
0.30196080
0.23921569
0.16470589
0.30588236
0.32156864
0.29019609
0.25882354
0.27843139
0.26274511
0.29019609
0.30588236
0.28235295
0.30588236
0.31764707
0.28235295
0.26274511
0.25098041
0.22745098
0.22745098
0.25490198
0.34901962
0.45098040
0.43921569
0.40000001
0.40784314
0.41568628
0.42745098
0.46666667
0.48627451
0.47450981
0.48627451
0.43921569
0.30588236
0.25490198
0.19607843
0.29803923
0.30196080
0.28627452
0.29411766
0.29803923
0.26274511
0.33725491
0.30980393
0.28627452
0.29411766
0.28627452
0.29411766
0.33333334
0.29411766
0.23921569
0.20784314
0.20784314
0.23137255
0.34117648
0.45490196
0.46274510
0.44705883
0.43529412
0.45490196
0.47450981
0.46666667
0.48235294
0.50588238
0.42745098
0.30588236
0.26666668
0.19607843
0.26666668
0.29019609
0.29803923
0.30980393
0.29803923
0.27843139
0.32941177
0.29411766
0.28235295
0.28235295
0.28627452
0.30588236
0.41176471
0.33725491
0.20000000
0.21960784
0.20000000
0.16862746
0.18431373
0.30980393
0.47843137
0.48627451
0.47058824
0.49019608
0.49411765
0.49019608
0.50196081
0.49803922
0.41960785
0.34117648
0.32156864
0.19607843
0.26274511
0.31764707
0.32156864
0.29019609
0.28235295
0.29019609
0.30196080
0.27058825
0.26274511
0.28627452
0.29803923
0.29803923
0.34117648
0.32156864
0.20000000
0.16862746
0.19607843
0.17647059
0.14901961
0.19215687
0.34509805
0.46666667
0.50980395
0.50980395
0.50980395
0.51372552
0.51372552
0.50588238
0.45882353
0.39607844
0.33333334
0.29411766
0.29019609
0.26274511
0.25882354
0.27450982
0.30588236
0.28235295
0.24313726
0.29803923
0.38431373
0.46274510
0.41176471
0.43921569
0.40392157
0.23921569
0.24313726
0.26666668
0.22745098
0.29803923
0.37647060
0.40784314
0.46666667
0.40000001
0.25882354
0.25098041
0.25490198
0.23921569
0.24313726
0.25490198
0.31764707
0.40784314
0.40784314
0.25098041
0.25098041
0.26666668
0.25882354
0.24313726
0.27843139
0.27450982
0.23137255
0.27450982
0.38823530
0.48235294
0.45490196
0.48627451
0.41960785
0.24313726
0.21176471
0.27843139
0.23137255
0.23529412
0.33725491
0.44705883
0.46274510
0.43137255
0.37647060
0.35294119
0.32156864
0.29019609
0.26666668
0.27058825
0.36078432
0.42745098
0.43137255
0.24705882
0.27450982
0.28235295
0.25490198
0.25882354
0.31372550
0.30196080
0.22352941
0.25490198
0.37647060
0.40392157
0.40392157
0.42745098
0.41568628
0.26666668
0.16862746
0.27058825
0.27843139
0.28235295
0.32941177
0.44705883
0.45490196
0.45098040
0.49019608
0.41960785
0.30588236
0.28627452
0.25882354
0.27450982
0.31372550
0.33725491
0.38823530
0.24313726
0.28235295
0.27843139
0.25882354
0.27450982
0.32156864
0.34901962
0.22745098
0.23921569
0.34509805
0.38431373
0.37647060
0.35686275
0.36862746
0.29019609
0.18039216
0.18039216
0.25098041
0.29019609
0.39607844
0.45098040
0.45490196
0.46666667
0.50980395
0.48627451
0.33333334
0.23921569
0.25490198
0.28235295
0.27058825
0.33333334
0.38823530
0.21960784
0.26666668
0.27843139
0.26274511
0.25098041
0.28627452
0.35294119
0.25098041
0.23529412
0.33725491
0.32549021
0.35686275
0.34509805
0.31372550
0.27843139
0.21960784
0.19215687
0.30980393
0.34901962
0.43137255
0.47058824
0.46274510
0.41176471
0.42745098
0.50196081
0.46274510
0.32156864
0.27450982
0.28235295
0.30196080
0.33333334
0.33725491
0.20000000
0.25098041
0.27450982
0.27843139
0.25490198
0.30588236
0.45098040
0.35294119
0.28235295
0.40392157
0.29803923
0.34117648
0.35686275
0.32156864
0.30588236
0.21960784
0.27450982
0.37254903
0.42352942
0.47058824
0.44313726
0.44313726
0.46666667
0.45098040
0.45098040
0.47843137
0.40392157
0.27843139
0.26274511
0.25882354
0.23529412
0.22352941
0.18823530
0.23921569
0.25882354
0.28235295
0.24705882
0.31764707
0.53333336
0.56470591
0.50980395
0.52156866
0.38431373
0.32941177
0.35294119
0.33725491
0.30980393
0.23529412
0.29803923
0.43137255
0.48235294
0.42352942
0.35686275
0.37647060
0.39215687
0.35686275
0.35686275
0.42352942
0.45490196
0.27843139
0.24705882
0.23921569
0.21568628
0.26274511
0.18039216
0.22745098
0.23921569
0.26666668
0.27450982
0.31372550
0.47450981
0.57254905
0.60000002
0.61960787
0.55294120
0.42352942
0.38039216
0.37254903
0.36862746
0.43137255
0.50588238
0.52941179
0.44705883
0.32549021
0.31372550
0.35294119
0.31372550
0.23137255
0.26666668
0.36470589
0.47843137
0.37647060
0.23529412
0.21960784
0.23921569
0.30980393
0.18431373
0.21960784
0.22352941
0.26274511
0.26666668
0.29803923
0.43921569
0.56078434
0.58431375
0.59607846
0.61960787
0.58823532
0.54117650
0.51372552
0.50588238
0.49411765
0.44705883
0.41960785
0.38823530
0.34117648
0.32156864
0.32549021
0.27843139
0.21960784
0.27058825
0.38823530
0.48627451
0.58039218
0.49803922
0.36078432
0.29019609
0.29019609
0.17647059
0.22745098
0.25098041
0.25490198
0.28627452
0.33725491
0.41568628
0.52941179
0.55294120
0.56470591
0.57254905
0.57254905
0.57254905
0.52549022
0.45882353
0.41960785
0.37647060
0.36470589
0.35686275
0.34117648
0.33725491
0.32549021
0.27058825
0.23137255
0.29411766
0.43529412
0.46666667
0.50588238
0.60392159
0.60784316
0.44705883
0.30196080
0.17254902
0.19607843
0.25098041
0.26666668
0.27058825
0.31764707
0.38039216
0.49803922
0.53333336
0.54509807
0.52941179
0.50588238
0.47058824
0.41568628
0.36470589
0.40000001
0.41960785
0.41568628
0.40000001
0.38823530
0.38039216
0.35294119
0.31764707
0.25882354
0.26666668
0.36078432
0.38431373
0.36862746
0.43921569
0.60000002
0.61176473
0.46274510
0.18039216
0.20784314
0.27058825
0.29019609
0.25490198
0.28627452
0.37254903
0.49411765
0.52941179
0.49803922
0.50196081
0.48627451
0.43921569
0.38039216
0.33725491
0.38039216
0.44313726
0.46274510
0.46274510
0.47058824
0.46666667
0.46666667
0.43137255
0.36862746
0.28627452
0.30588236
0.44313726
0.36862746
0.27450982
0.43137255
0.59215689
0.57254905
0.17647059
0.21176471
0.26666668
0.29019609
0.26274511
0.30196080
0.44705883
0.53725493
0.53725493
0.46274510
0.45882353
0.43137255
0.40000001
0.38431373
0.39607844
0.43921569
0.43137255
0.40392157
0.44705883
0.50588238
0.50196081
0.48235294
0.47450981
0.47058824
0.44705883
0.40392157
0.45882353
0.47058824
0.29803923
0.31372550
0.48627451
0.52156866
0.17254902
0.22352941
0.25882354
0.29803923
0.28235295
0.35294119
0.50980395
0.56470591
0.70588237
0.52549022
0.32549021
0.33333334
0.28235295
0.20392157
0.20000000
0.25882354
0.29019609
0.29019609
0.30196080
0.35294119
0.42745098
0.46274510
0.41960785
0.39607844
0.42745098
0.45490196
0.45098040
0.48235294
0.40392157
0.34509805
0.41176471
0.40000001
0.17254902
0.25098041
0.25490198
0.29803923
0.30196080
0.42352942
0.42745098
0.47058824
0.75294119
0.58039218
0.38431373
0.39607844
0.22352941
0.17254902
0.23137255
0.29019609
0.32549021
0.35294119
0.34117648
0.29019609
0.27058825
0.31764707
0.38823530
0.41176471
0.38431373
0.38039216
0.41568628
0.46666667
0.45490196
0.38039216
0.37254903
0.35294119
0.18431373
0.26666668
0.25490198
0.29411766
0.31372550
0.41176471
0.32156864
0.42352942
0.76862746
0.66274512
0.50588238
0.42745098
0.29803923
0.25882354
0.32941177
0.34901962
0.32549021
0.35294119
0.35294119
0.32156864
0.28235295
0.21568628
0.23921569
0.32549021
0.37254903
0.35686275
0.32549021
0.38039216
0.47058824
0.42745098
0.33333334
0.34901962
0.18431373
0.26274511
0.24313726
0.26274511
0.32156864
0.42352942
0.41176471
0.63921571
0.90196079
0.76470590
0.39607844
0.27843139
0.36862746
0.32549021
0.31372550
0.30196080
0.28627452
0.27058825
0.26666668
0.30588236
0.34117648
0.29411766
0.25098041
0.24313726
0.27058825
0.27450982
0.27450982
0.37647060
0.47058824
0.43921569
0.32549021
0.31764707
0.18823530
0.24313726
0.22745098
0.25882354
0.33725491
0.45490196
0.62745100
0.87058824
0.90196079
0.77254903
0.42745098
0.30588236
0.40000001
0.35294119
0.26274511
0.24705882
0.25882354
0.26274511
0.27450982
0.29411766
0.33725491
0.36078432
0.35686275
0.31764707
0.29019609
0.25098041
0.29019609
0.38431373
0.44313726
0.45098040
0.32549021
0.27058825
0.17647059
0.21960784
0.21960784
0.28627452
0.32549021
0.44313726
0.60784316
0.64313728
0.74117649
0.81568629
0.56862748
0.40784314
0.37254903
0.34509805
0.27843139
0.22352941
0.20784314
0.19215687
0.17254902
0.17647059
0.22745098
0.25490198
0.25490198
0.23921569
0.21176471
0.23529412
0.34117648
0.39215687
0.43921569
0.44705883
0.29411766
0.26274511
0.16470589
0.22352941
0.22352941
0.28235295
0.30980393
0.41568628
0.45490196
0.46666667
0.68235296
0.76470590
0.71764708
0.54901963
0.43529412
0.40784314
0.34509805
0.27058825
0.24705882
0.22352941
0.21568628
0.22745098
0.22745098
0.23137255
0.22352941
0.18039216
0.21568628
0.29411766
0.35294119
0.41176471
0.52941179
0.49019608
0.33333334
0.29411766
0.18823530
0.23529412
0.22352941
0.26274511
0.28235295
0.43921569
0.63529414
0.61176473
0.65098041
0.64705884
0.67450982
0.61960787
0.50196081
0.44705883
0.41176471
0.29019609
0.27843139
0.27058825
0.24705882
0.23529412
0.24313726
0.26274511
0.21960784
0.20784314
0.25490198
0.30196080
0.35294119
0.48627451
0.58431375
0.48627451
0.36862746
0.30980393
0.18823530
0.24313726
0.23529412
0.27058825
0.27843139
0.38431373
0.60392159
0.53725493
0.45490196
0.48235294
0.49411765
0.51764709
0.47450981
0.43137255
0.42352942
0.38823530
0.37254903
0.33725491
0.29411766
0.29019609
0.29803923
0.27058825
0.26274511
0.28235295
0.31372550
0.38431373
0.49019608
0.58823532
0.56470591
0.49019608
0.38823530
0.26274511
0.17254902
0.24313726
0.25098041
0.28235295
0.30196080
0.31764707
0.47450981
0.47450981
0.35686275
0.34509805
0.33333334
0.37647060
0.40784314
0.41960785
0.42745098
0.41960785
0.45882353
0.48627451
0.46274510
0.47058824
0.47058824
0.42352942
0.41960785
0.43137255
0.46274510
0.50980395
0.56078434
0.55686277
0.52941179
0.51764709
0.36862746
0.20784314
0.16470589
0.23921569
0.26666668
0.28627452
0.29019609
0.34509805
0.37647060
0.44313726
0.44705883
0.45882353
0.41960785
0.39215687
0.39215687
0.40000001
0.43529412
0.45490196
0.43921569
0.43137255
0.45882353
0.49803922
0.50196081
0.48627451
0.48627451
0.50196081
0.50980395
0.52156866
0.51372552
0.49411765
0.51764709
0.48627451
0.29019609
0.17647059
0.15686275
0.25098041
0.30980393
0.32549021
0.30196080
0.38431373
0.36862746
0.35686275
0.36862746
0.41568628
0.50196081
0.47450981
0.43921569
0.40000001
0.38823530
0.41960785
0.43137255
0.40000001
0.38823530
0.43137255
0.48235294
0.52156866
0.49803922
0.46274510
0.46274510
0.47450981
0.49019608
0.50196081
0.49803922
0.41568628
0.22352941
0.15686275
0.14117648
0.23529412
0.36078432
0.36470589
0.29803923
0.32549021
0.32156864
0.33725491
0.32549021
0.29019609
0.40000001
0.47843137
0.49411765
0.46274510
0.41568628
0.40000001
0.38431373
0.39607844
0.40784314
0.41176471
0.43137255
0.43529412
0.45098040
0.45882353
0.45098040
0.47058824
0.50588238
0.50196081
0.49803922
0.39215687
0.18039216
0.12549020
0.14117648
0.28235295
0.37254903
0.34509805
0.25882354
0.27450982
0.25882354
0.29411766
0.30588236
0.26274511
0.34901962
0.35686275
0.37647060
0.40392157
0.41960785
0.41176471
0.39607844
0.40392157
0.41960785
0.40784314
0.40392157
0.40392157
0.41176471
0.45098040
0.47843137
0.48235294
0.50588238
0.51764709
0.51372552
0.41176471
0.20392157
0.13725491
0.15686275
0.31372550
0.35686275
0.31372550
0.25490198
0.25098041
0.25882354
0.28235295
0.31764707
0.29019609
0.31372550
0.34117648
0.29019609
0.26666668
0.29019609
0.31764707
0.34901962
0.40000001
0.44705883
0.45490196
0.43137255
0.42745098
0.43137255
0.44705883
0.47058824
0.49803922
0.52156866
0.53725493
0.51764709
0.45490196
0.25882354
0.15294118
0.16862746
0.29803923
0.32156864
0.29411766
0.26666668
0.27843139
0.26666668
0.30588236
0.32156864
0.30588236
0.29803923
0.30980393
0.28235295
0.25490198
0.23529412
0.21960784
0.25098041
0.28235295
0.38431373
0.50196081
0.49411765
0.45882353
0.45882353
0.47058824
0.48235294
0.51764709
0.52941179
0.51372552
0.52549022
0.45098040
0.25490198
0.15686275
0.20392157
0.28627452
0.29411766
0.28627452
0.29803923
0.30196080
0.26274511
0.34117648
0.32941177
0.30588236
0.30196080
0.29019609
0.29803923
0.31372550
0.27058825
0.23137255
0.22352941
0.22745098
0.25882354
0.38431373
0.50588238
0.51372552
0.49803922
0.49019608
0.50980395
0.53333336
0.51764709
0.52549022
0.54509807
0.42352942
0.23137255
0.16862746
0.20000000
0.26274511
0.29411766
0.30196080
0.31372550
0.30196080
0.27843139
0.33333334
0.30196080
0.29803923
0.29411766
0.29411766
0.30588236
0.37254903
0.30588236
0.21176471
0.23529412
0.22352941
0.18823530
0.21176471
0.34509805
0.51372552
0.54117650
0.52941179
0.54509807
0.54509807
0.54509807
0.55686277
0.53725493
0.39215687
0.25490198
0.23137255
0.20392157
0.26274511
0.32549021
0.32941177
0.29803923
0.28235295
0.29019609
0.31372550
0.28627452
0.28235295
0.29803923
0.30980393
0.30588236
0.34117648
0.31372550
0.20392157
0.17647059
0.21568628
0.19215687
0.16470589
0.20392157
0.36078432
0.50980395
0.56470591
0.56862748
0.56470591
0.56470591
0.56470591
0.54509807
0.43529412
0.31372550
0.25098041
0.22352941
0.20392157
0.16862746
0.16470589
0.16862746
0.16078432
0.17254902
0.16470589
0.15686275
0.22745098
0.34901962
0.27450982
0.28627452
0.28235295
0.16078432
0.16470589
0.16470589
0.14901961
0.24313726
0.32549021
0.35686275
0.40392157
0.30196080
0.14901961
0.15294118
0.16862746
0.17254902
0.17254902
0.17647059
0.22745098
0.29803923
0.30196080
0.18431373
0.17254902
0.17254902
0.16078432
0.14901961
0.14509805
0.16078432
0.15686275
0.14901961
0.21176471
0.33333334
0.30196080
0.32941177
0.30196080
0.15686275
0.14117648
0.17254902
0.13333334
0.15294118
0.26274511
0.38039216
0.32156864
0.21176471
0.18431373
0.22352941
0.22352941
0.21960784
0.20784314
0.19215687
0.26274511
0.32156864
0.32156864
0.18431373
0.19607843
0.18431373
0.16078432
0.16470589
0.18039216
0.17254902
0.13725491
0.14117648
0.17647059
0.20392157
0.23137255
0.27058825
0.28235295
0.17254902
0.10196079
0.16862746
0.16078432
0.16470589
0.21568628
0.27058825
0.21960784
0.20784314
0.23529412
0.22745098
0.19607843
0.20784314
0.18431373
0.18431373
0.22745098
0.24705882
0.28627452
0.18039216
0.20784314
0.18823530
0.16078432
0.16470589
0.18431373
0.21176471
0.13725491
0.13725491
0.15294118
0.16862746
0.19215687
0.19607843
0.21960784
0.18039216
0.12156863
0.11372549
0.14509805
0.18039216
0.24705882
0.23529412
0.20784314
0.24705882
0.26274511
0.23137255
0.18431373
0.16470589
0.17254902
0.20784314
0.21568628
0.25490198
0.30980393
0.16078432
0.19215687
0.18431373
0.16078432
0.14509805
0.16470589
0.22745098
0.15686275
0.14117648
0.17647059
0.13725491
0.17254902
0.18431373
0.17647059
0.17647059
0.17254902
0.14117648
0.18431373
0.20000000
0.23529412
0.23921569
0.24313726
0.22745098
0.21960784
0.22352941
0.22352941
0.20392157
0.20392157
0.22352941
0.25098041
0.25490198
0.25882354
0.14901961
0.18823530
0.19215687
0.18039216
0.14117648
0.16862746
0.29019609
0.23921569
0.20000000
0.28235295
0.15294118
0.16078432
0.17647059
0.18039216
0.20000000
0.15686275
0.18823530
0.21568628
0.22745098
0.23529412
0.21176471
0.23921569
0.30980393
0.27843139
0.20392157
0.20784314
0.22352941
0.21568628
0.18823530
0.19607843
0.17254902
0.16078432
0.12941177
0.16862746
0.18039216
0.19215687
0.14509805
0.17647059
0.34509805
0.36078432
0.33333334
0.38039216
0.24705882
0.15686275
0.17647059
0.19215687
0.19215687
0.13333334
0.18823530
0.29411766
0.27058825
0.18823530
0.14509805
0.17254902
0.23921569
0.21960784
0.16470589
0.19215687
0.24313726
0.18823530
0.16078432
0.15686275
0.15294118
0.19215687
0.11372549
0.13333334
0.14509805
0.16470589
0.16862746
0.19215687
0.30588236
0.36470589
0.36470589
0.40000001
0.34901962
0.21176471
0.19215687
0.22352941
0.22745098
0.25098041
0.28235295
0.31372550
0.22352941
0.12549020
0.11764706
0.14509805
0.16862746
0.12549020
0.12941177
0.18431373
0.25490198
0.22352941
0.16470589
0.15294118
0.16078432
0.22352941
0.12549020
0.13725491
0.14509805
0.16862746
0.16862746
0.18039216
0.28627452
0.37254903
0.36470589
0.36862746
0.38039216
0.32941177
0.29803923
0.28627452
0.26666668
0.23921569
0.16862746
0.16078432
0.15686275
0.13725491
0.12941177
0.14117648
0.14901961
0.12156863
0.14901961
0.20784314
0.25490198
0.33333334
0.30980393
0.25490198
0.21960784
0.21960784
0.11764706
0.14509805
0.17254902
0.17254902
0.20392157
0.21568628
0.27450982
0.36078432
0.32549021
0.30588236
0.29803923
0.29803923
0.33333334
0.27058825
0.18431373
0.15294118
0.11764706
0.11764706
0.12549020
0.12549020
0.14117648
0.14509805
0.12941177
0.11372549
0.15294118
0.24313726
0.25490198
0.23529412
0.30588236
0.38039216
0.30196080
0.21568628
0.11764706
0.12941177
0.16862746
0.18039216
0.18431373
0.20784314
0.25098041
0.33725491
0.29019609
0.28235295
0.26666668
0.25098041
0.25882354
0.20000000
0.13725491
0.14901961
0.15686275
0.16078432
0.15294118
0.15294118
0.15686275
0.14901961
0.13725491
0.11372549
0.11372549
0.16862746
0.18039216
0.13725491
0.17254902
0.31764707
0.36078432
0.26274511
0.12549020
0.14117648
0.18431373
0.20392157
0.18823530
0.20784314
0.23921569
0.29411766
0.28627452
0.25882354
0.25098041
0.26666668
0.23529412
0.16470589
0.12156863
0.14901961
0.18039216
0.18431373
0.18823530
0.20392157
0.20784314
0.21960784
0.19215687
0.14901961
0.10196079
0.11764706
0.20784314
0.16470589
0.09019608
0.16862746
0.30588236
0.29803923
0.12941177
0.14509805
0.16862746
0.18823530
0.19607843
0.21176471
0.28627452
0.32941177
0.37254903
0.26666668
0.21176471
0.22352941
0.18039216
0.15686275
0.18823530
0.23529412
0.20392157
0.15294118
0.18039216
0.23921569
0.24705882
0.22745098
0.20784314
0.19607843
0.18039216
0.15686275
0.20000000
0.21176471
0.11372549
0.10196079
0.21960784
0.25490198
0.12549020
0.15686275
0.16470589
0.19215687
0.19607843
0.22745098
0.30196080
0.38431373
0.63529414
0.37647060
0.12156863
0.15294118
0.11764706
0.08235294
0.11372549
0.13725491
0.13333334
0.10196079
0.09411765
0.12549020
0.19215687
0.21960784
0.17647059
0.15686275
0.17254902
0.18823530
0.18823530
0.20000000
0.17254902
0.12156863
0.16470589
0.15294118
0.11764706
0.16862746
0.16470589
0.18823530
0.18039216
0.24705882
0.22745098
0.34117648
0.70588237
0.45098040
0.21568628
0.22745098
0.10588235
0.07450981
0.12941177
0.14117648
0.12941177
0.14901961
0.14901961
0.10196079
0.08627451
0.12549020
0.17254902
0.18039216
0.14901961
0.14509805
0.16862746
0.19215687
0.19607843
0.15294118
0.14901961
0.13333334
0.12156863
0.18039216
0.16470589
0.18823530
0.19607843
0.22745098
0.16470589
0.36078432
0.74117649
0.56078434
0.33725491
0.27058825
0.21176471
0.16078432
0.15686275
0.14901961
0.12941177
0.14509805
0.15294118
0.13725491
0.11764706
0.07450981
0.08235294
0.12941177
0.16078432
0.14117648
0.11764706
0.14117648
0.20784314
0.21568628
0.14117648
0.13725491
0.12549020
0.17647059
0.16078432
0.18039216
0.18823530
0.23921569
0.25882354
0.58039218
0.90588236
0.69411767
0.24705882
0.14509805
0.22352941
0.17647059
0.14509805
0.11372549
0.11764706
0.10980392
0.09803922
0.12941177
0.15686275
0.12941177
0.09803922
0.08627451
0.11372549
0.10980392
0.09803922
0.14901961
0.21176471
0.24705882
0.15686275
0.11764706
0.13333334
0.16862746
0.15686275
0.17647059
0.20000000
0.25882354
0.51372552
0.86666667
0.90588236
0.74117649
0.29803923
0.12549020
0.18431373
0.14901961
0.09803922
0.09803922
0.10980392
0.11764706
0.12549020
0.12941177
0.14901961
0.16862746
0.16470589
0.14509805
0.12549020
0.10588235
0.13333334
0.16862746
0.21176471
0.27450982
0.17647059
0.10196079
0.13333334
0.15686275
0.15686275
0.19607843
0.19215687
0.27450982
0.53333336
0.61176473
0.73333335
0.80784315
0.45882353
0.21568628
0.17647059
0.16862746
0.12156863
0.09411765
0.09411765
0.07450981
0.05882353
0.05882353
0.08235294
0.09803922
0.10196079
0.09411765
0.07843138
0.08627451
0.15294118
0.16078432
0.23529412
0.30980393
0.16862746
0.10588235
0.12156863
0.16078432
0.15686275
0.18823530
0.18431373
0.26666668
0.38431373
0.41568628
0.65882355
0.75686276
0.69411767
0.44313726
0.27843139
0.24705882
0.20000000
0.15686275
0.13725491
0.11764706
0.10588235
0.10588235
0.09411765
0.09019608
0.09019608
0.07058824
0.08627451
0.12941177
0.15294118
0.17647059
0.38039216
0.40000001
0.21568628
0.14901961
0.14509805
0.16862746
0.15294118
0.17254902
0.17647059
0.32941177
0.59607846
0.57254905
0.61176473
0.60392159
0.64313728
0.56470591
0.39215687
0.28627452
0.25490198
0.14901961
0.12941177
0.14901961
0.13333334
0.12156863
0.11372549
0.13333334
0.10980392
0.09411765
0.11764706
0.13333334
0.15294118
0.30980393
0.49411765
0.40784314
0.27058825
0.19607843
0.15294118
0.17647059
0.16078432
0.18431373
0.17647059
0.27843139
0.56470591
0.48627451
0.37647060
0.39607844
0.41176471
0.43921569
0.39215687
0.32156864
0.30588236
0.28235295
0.25490198
0.20000000
0.15686275
0.15294118
0.17647059
0.16470589
0.14901961
0.14509805
0.16862746
0.22352941
0.34117648
0.49803922
0.49019608
0.40392157
0.29019609
0.13725491
0.13725491
0.17647059
0.17647059
0.19607843
0.20392157
0.20784314
0.39607844
0.39607844
0.24705882
0.22745098
0.21176471
0.25098041
0.28235295
0.30196080
0.32941177
0.30196080
0.32549021
0.36078432
0.33333334
0.34117648
0.35294119
0.27843139
0.28235295
0.30588236
0.32941177
0.39607844
0.47450981
0.47450981
0.45098040
0.43529412
0.26666668
0.08235294
0.12941177
0.16862746
0.17647059
0.18039216
0.18039216
0.21176471
0.25882354
0.33725491
0.34509805
0.36078432
0.27843139
0.22745098
0.23137255
0.24705882
0.30196080
0.32549021
0.28627452
0.26274511
0.30588236
0.36470589
0.37254903
0.35294119
0.35294119
0.37647060
0.39607844
0.41960785
0.40392157
0.36470589
0.41176471
0.39215687
0.18823530
0.06274510
0.12156863
0.17647059
0.19607843
0.20000000
0.18039216
0.24313726
0.23921569
0.24705882
0.26274511
0.32549021
0.41176471
0.34509805
0.27843139
0.23137255
0.21960784
0.27058825
0.29411766
0.25098041
0.20392157
0.26274511
0.33725491
0.40392157
0.38039216
0.32156864
0.31372550
0.32941177
0.35294119
0.36862746
0.37647060
0.30980393
0.12941177
0.05882353
0.10196079
0.15686275
0.23921569
0.22745098
0.18039216
0.21568628
0.21176471
0.24705882
0.21568628
0.18431373
0.30588236
0.38039216
0.38823530
0.32941177
0.25098041
0.23529412
0.22745098
0.25098041
0.23921569
0.23529412
0.26274511
0.27450982
0.30588236
0.30980393
0.29019609
0.31764707
0.36862746
0.36862746
0.37647060
0.28235295
0.09411765
0.04313726
0.10196079
0.19607843
0.23137255
0.21176471
0.16078432
0.18431373
0.16862746
0.20392157
0.21568628
0.18039216
0.21568628
0.20784314
0.27058825
0.31372550
0.29411766
0.26666668
0.23529412
0.23137255
0.26274511
0.23921569
0.21960784
0.22352941
0.23137255
0.28627452
0.32549021
0.33333334
0.36862746
0.39215687
0.40392157
0.30588236
0.10980392
0.04705882
0.12156863
0.21568628
0.21176471
0.18823530
0.16078432
0.14901961
0.15294118
0.19607843
0.23137255
0.20000000
0.19215687
0.19607843
0.16470589
0.16078432
0.19607843
0.20392157
0.24313726
0.28627452
0.32156864
0.30980393
0.25490198
0.24313726
0.24705882
0.26274511
0.30980393
0.35686275
0.39607844
0.42352942
0.41176471
0.35686275
0.16862746
0.05490196
0.12156863
0.20784314
0.20392157
0.18039216
0.15686275
0.16078432
0.15294118
0.19215687
0.22352941
0.21176471
0.19607843
0.17647059
0.15686275
0.14509805
0.12941177
0.11764706
0.17254902
0.22352941
0.31764707
0.41176471
0.36862746
0.29803923
0.29019609
0.29803923
0.32156864
0.38039216
0.40784314
0.39215687
0.41568628
0.35294119
0.14901961
0.05490196
0.14117648
0.19607843
0.18823530
0.17647059
0.16470589
0.17254902
0.15686275
0.21568628
0.21960784
0.21568628
0.20784314
0.17647059
0.17254902
0.17254902
0.14509805
0.13333334
0.14509805
0.17254902
0.20784314
0.32941177
0.43137255
0.40392157
0.36470589
0.34117648
0.36470589
0.41176471
0.39215687
0.40784314
0.45490196
0.32941177
0.11372549
0.05882353
0.14509805
0.17254902
0.18039216
0.18431373
0.18039216
0.17647059
0.16862746
0.20784314
0.20000000
0.20784314
0.19607843
0.18431373
0.19215687
0.21176471
0.17254902
0.13333334
0.16078432
0.16862746
0.13725491
0.17254902
0.29803923
0.45098040
0.44705883
0.41568628
0.42745098
0.43921569
0.43137255
0.45098040
0.44705883
0.27843139
0.10980392
0.08235294
0.14901961
0.17647059
0.20392157
0.20000000
0.17254902
0.16862746
0.17647059
0.20392157
0.18823530
0.19215687
0.21568628
0.22745098
0.23529412
0.24705882
0.20392157
0.12156863
0.11372549
0.16078432
0.13725491
0.11764706
0.15686275
0.30588236
0.45098040
0.49019608
0.47843137
0.46666667
0.46274510
0.47450981
0.44705883
0.29019609
0.13725491
0.09803922
1 0 0 -1 0 0 0 0 0 0 0
0 1 0 -1 0 0 0 0 0 0 0
0 0 1 -1 0 0 0 0 0 0 0
0 0 0 -1 1 0 0 0 0 0 0
0 0 0 -1 0 1 0 0 0 0 0
0 0 0 -1 0 0 1 0 0 0 0
0 0 0 -1 0 0 0 1 0 0 0
0 0 0 -1 0 0 0 0 1 0 0
0 0 0 -1 0 0 0 0 0 1 0
