0.24313726
0.15294118
0.17647059
0.19607843
0.27058825
0.30196080
0.26274511
0.20784314
0.13725491
0.16470589
0.19607843
0.18431373
0.12549020
0.06666667
0.16470589
0.41568628
0.42352942
0.36470589
0.34117648
0.32156864
0.30588236
0.29411766
0.35294119
0.35294119
0.31372550
0.31372550
0.25490198
0.29803923
0.29411766
0.16470589
0.09019608
0.05882353
0.26274511
0.16862746
0.18823530
0.27058825
0.33333334
0.27843139
0.23529412
0.25882354
0.19607843
0.21568628
0.20392157
0.16078432
0.16862746
0.14901961
0.23921569
0.38039216
0.41568628
0.42352942
0.32156864
0.30196080
0.30196080
0.30980393
0.30980393
0.32156864
0.31372550
0.28627452
0.27058825
0.37254903
0.41960785
0.34117648
0.23921569
0.09803922
0.25098041
0.15686275
0.19607843
0.30980393
0.28235295
0.23921569
0.24313726
0.32941177
0.26274511
0.21568628
0.14901961
0.24705882
0.34509805
0.20784314
0.29411766
0.32156864
0.27843139
0.36078432
0.30588236
0.25098041
0.27450982
0.32549021
0.29803923
0.27843139
0.30588236
0.28627452
0.29803923
0.38039216
0.40392157
0.37254903
0.33725491
0.26274511
0.25882354
0.14901961
0.17647059
0.26666668
0.23137255
0.27843139
0.29411766
0.33333334
0.32156864
0.20000000
0.09803922
0.29019609
0.36078432
0.21568628
0.33333334
0.38431373
0.28627452
0.33725491
0.37647060
0.31372550
0.27058825
0.36078432
0.36862746
0.27058825
0.32941177
0.30588236
0.29411766
0.35686275
0.35294119
0.34117648
0.34901962
0.35686275
0.25882354
0.15294118
0.15686275
0.20392157
0.28235295
0.33725491
0.32549021
0.26274511
0.27843139
0.15686275
0.12156863
0.22352941
0.30196080
0.31764707
0.42745098
0.40000001
0.26274511
0.25490198
0.32941177
0.39607844
0.37254903
0.34901962
0.39215687
0.36470589
0.39607844
0.30196080
0.27450982
0.32156864
0.33333334
0.38039216
0.43921569
0.36470589
0.28235295
0.17647059
0.13725491
0.27058825
0.36470589
0.30588236
0.29019609
0.22352941
0.16862746
0.13725491
0.22745098
0.27058825
0.33333334
0.41960785
0.36470589
0.32156864
0.27843139
0.24705882
0.32156864
0.25098041
0.30980393
0.34509805
0.32941177
0.37647060
0.47843137
0.36470589
0.32941177
0.34509805
0.36078432
0.40392157
0.54117650
0.53333336
0.30588236
0.18039216
0.22352941
0.39607844
0.39607844
0.26666668
0.23137255
0.19607843
0.09803922
0.14117648
0.23529412
0.27058825
0.32549021
0.37254903
0.32156864
0.29019609
0.32549021
0.32156864
0.32941177
0.22745098
0.15294118
0.18431373
0.23529412
0.27058825
0.40000001
0.47843137
0.43921569
0.40392157
0.43529412
0.42352942
0.51372552
0.69019610
0.26274511
0.21960784
0.33725491
0.35294119
0.24705882
0.18823530
0.15686275
0.11372549
0.11372549
0.21176471
0.25490198
0.29411766
0.33333334
0.31372550
0.39607844
0.34117648
0.32549021
0.35294119
0.34901962
0.25098041
0.16862746
0.16078432
0.27450982
0.29411766
0.32156864
0.45490196
0.38823530
0.38039216
0.45098040
0.40392157
0.43921569
0.58823532
0.27843139
0.29019609
0.29803923
0.20000000
0.10588235
0.08627451
0.05882353
0.08627451
0.18039216
0.25098041
0.26274511
0.32941177
0.36078432
0.36470589
0.42352942
0.39607844
0.36078432
0.30196080
0.31764707
0.25098041
0.21568628
0.23137255
0.38039216
0.37254903
0.33333334
0.40784314
0.33333334
0.36470589
0.47058824
0.44705883
0.43921569
0.43137255
0.29019609
0.26274511
0.21176471
0.10980392
0.03921569
0.05490196
0.07843138
0.15294118
0.23529412
0.29411766
0.32156864
0.44705883
0.41568628
0.34509805
0.36862746
0.36470589
0.38823530
0.33725491
0.29803923
0.29803923
0.29411766
0.30588236
0.37647060
0.33725491
0.36078432
0.45490196
0.40000001
0.34901962
0.49411765
0.51764709
0.47450981
0.41176471
0.25098041
0.16862746
0.12549020
0.06274510
0.07450981
0.10196079
0.16078432
0.25098041
0.30588236
0.33725491
0.40000001
0.55294120
0.49803922
0.40000001
0.40392157
0.36862746
0.36470589
0.36078432
0.30980393
0.34901962
0.35294119
0.37254903
0.40000001
0.37254903
0.38039216
0.45098040
0.46274510
0.38431373
0.44313726
0.48235294
0.47450981
0.44313726
0.16470589
0.08235294
0.07450981
0.07058824
0.19215687
0.18431373
0.21960784
0.25882354
0.27450982
0.30588236
0.41960785
0.50980395
0.54901963
0.45882353
0.45490196
0.38431373
0.31764707
0.35294119
0.32941177
0.34509805
0.33333334
0.36470589
0.40784314
0.41568628
0.40784314
0.46274510
0.49019608
0.45490196
0.43921569
0.43921569
0.44313726
0.43529412
0.08235294
0.04313726
0.03921569
0.09803922
0.27843139
0.27450982
0.21960784
0.21568628
0.25098041
0.29803923
0.43529412
0.46666667
0.53333336
0.46666667
0.41960785
0.43921569
0.38039216
0.38431373
0.38823530
0.37647060
0.36078432
0.34901962
0.38823530
0.45490196
0.42745098
0.43137255
0.47843137
0.38039216
0.37647060
0.49019608
0.47843137
0.40392157
0.04313726
0.03921569
0.03529412
0.10980392
0.29411766
0.31372550
0.20392157
0.16470589
0.24705882
0.31372550
0.33333334
0.42352942
0.48235294
0.46274510
0.47058824
0.50588238
0.49803922
0.49803922
0.48235294
0.41176471
0.37254903
0.41960785
0.43921569
0.54117650
0.51764709
0.37647060
0.38039216
0.34901962
0.34509805
0.48627451
0.45490196
0.35686275
0.03921569
0.07058824
0.06666667
0.11764706
0.30980393
0.34901962
0.23921569
0.16470589
0.28235295
0.35686275
0.34901962
0.40392157
0.40000001
0.43529412
0.48235294
0.43921569
0.45490196
0.46274510
0.41176471
0.41176471
0.40784314
0.42745098
0.40000001
0.39607844
0.39607844
0.36470589
0.36862746
0.39607844
0.35294119
0.46274510
0.39607844
0.33333334
0.04705882
0.16470589
0.12941177
0.12549020
0.30980393
0.36078432
0.30588236
0.26274511
0.28235295
0.36470589
0.46274510
0.39215687
0.43137255
0.45490196
0.49019608
0.49019608
0.42745098
0.41568628
0.32549021
0.37647060
0.45882353
0.42352942
0.36470589
0.20000000
0.17254902
0.32549021
0.40392157
0.43137255
0.36078432
0.41568628
0.45490196
0.35686275
0.08235294
0.28627452
0.20392157
0.12549020
0.26666668
0.33725491
0.25490198
0.25098041
0.22745098
0.34509805
0.47058824
0.41176471
0.53725493
0.47450981
0.52549022
0.56862748
0.48235294
0.52941179
0.40000001
0.39215687
0.46666667
0.45490196
0.44705883
0.21960784
0.15686275
0.41568628
0.50588238
0.47450981
0.41960785
0.39607844
0.52156866
0.39607844
0.13725491
0.34901962
0.24705882
0.11764706
0.23137255
0.35686275
0.30588236
0.30588236
0.26274511
0.42352942
0.47843137
0.49803922
0.60784316
0.49803922
0.52156866
0.47843137
0.45098040
0.58823532
0.43921569
0.44313726
0.46274510
0.46274510
0.49411765
0.33333334
0.35686275
0.64313728
0.69019610
0.60784316
0.50980395
0.36470589
0.37647060
0.35686275
0.18431373
0.36470589
0.25098041
0.12549020
0.24313726
0.40784314
0.45882353
0.43529412
0.35686275
0.42745098
0.47058824
0.50588238
0.56862748
0.50980395
0.45098040
0.48235294
0.53725493
0.57647061
0.52941179
0.52549022
0.45098040
0.45882353
0.55686277
0.56862748
0.62352943
0.68627453
0.65490198
0.58431375
0.42352942
0.28627452
0.23137255
0.26274511
0.24313726
0.42352942
0.27843139
0.14117648
0.22352941
0.40000001
0.50196081
0.48627451
0.38431373
0.40392157
0.43921569
0.37647060
0.44313726
0.54117650
0.43529412
0.54117650
0.60392159
0.45882353
0.60784316
0.65882355
0.50196081
0.54117650
0.58431375
0.55686277
0.53333336
0.49019608
0.43921569
0.31372550
0.18431373
0.18431373
0.19607843
0.19215687
0.24313726
0.39607844
0.39215687
0.25490198
0.17647059
0.35686275
0.44313726
0.48235294
0.31372550
0.29411766
0.38431373
0.27843139
0.39607844
0.61960787
0.58431375
0.55294120
0.45882353
0.37254903
0.55294120
0.44313726
0.36470589
0.46274510
0.37254903
0.37254903
0.40392157
0.36470589
0.23137255
0.10196079
0.06666667
0.10196079
0.19215687
0.20392157
0.23137255
0.37647060
0.43921569
0.29019609
0.12941177
0.26274511
0.41176471
0.47450981
0.23921569
0.13725491
0.24313726
0.26274511
0.41960785
0.52549022
0.55294120
0.51372552
0.42352942
0.36862746
0.42745098
0.36470589
0.30196080
0.29019609
0.22745098
0.27450982
0.26274511
0.18431373
0.09411765
0.04705882
0.05098039
0.05098039
0.14901961
0.26666668
0.20000000
0.38431373
0.41176471
0.19607843
0.11372549
0.23921569
0.39215687
0.36470589
0.14509805
0.13333334
0.19215687
0.19607843
0.33333334
0.39607844
0.51372552
0.50980395
0.46666667
0.33725491
0.34901962
0.58039218
0.54509807
0.25098041
0.12549020
0.12941177
0.09411765
0.06274510
0.05098039
0.04313726
0.03921569
0.03137255
0.10196079
0.28235295
0.14117648
0.32549021
0.41568628
0.21568628
0.10980392
0.25098041
0.33333334
0.27058825
0.10980392
0.12941177
0.21176471
0.23529412
0.23921569
0.34117648
0.40392157
0.43137255
0.44705883
0.31372550
0.37647060
0.54117650
0.48235294
0.19215687
0.08235294
0.11764706
0.09019608
0.06274510
0.03529412
0.04313726
0.03137255
0.02745098
0.09411765
0.24313726
0.08235294
0.25882354
0.45882353
0.33333334
0.12156863
0.18431373
0.23137255
0.16862746
0.09803922
0.09803922
0.15686275
0.23137255
0.19607843
0.29019609
0.29411766
0.33333334
0.38823530
0.35294119
0.45882353
0.36470589
0.20000000
0.07450981
0.08235294
0.19607843
0.09803922
0.11372549
0.03921569
0.04313726
0.02352941
0.03529412
0.11372549
0.20392157
0.07058824
0.15294118
0.39215687
0.47450981
0.23529412
0.09803922
0.10196079
0.15294118
0.11372549
0.10196079
0.15294118
0.16862746
0.08235294
0.14509805
0.27058825
0.30196080
0.26274511
0.25882354
0.30588236
0.12941177
0.05882353
0.02745098
0.07058824
0.36470589
0.23529412
0.12941177
0.09019608
0.09019608
0.02745098
0.07058824
0.20000000
0.20392157
0.12941177
0.14901961
0.29411766
0.49411765
0.35294119
0.11372549
0.12549020
0.24313726
0.14901961
0.12156863
0.13725491
0.11764706
0.06274510
0.06666667
0.12549020
0.19607843
0.17254902
0.15686275
0.20784314
0.10588235
0.03921569
0.05098039
0.04313726
0.23529412
0.37647060
0.21960784
0.13725491
0.11372549
0.06666667
0.05098039
0.18823530
0.27450982
0.10980392
0.15294118
0.24705882
0.31372550
0.23137255
0.09411765
0.19215687
0.31764707
0.18823530
0.12941177
0.16078432
0.14509805
0.08627451
0.08627451
0.07058824
0.10588235
0.11764706
0.10588235
0.19215687
0.23921569
0.11764706
0.10588235
0.10588235
0.13725491
0.28235295
0.23921569
0.14901961
0.17647059
0.14509805
0.06666667
0.10196079
0.22352941
0.12941177
0.20784314
0.15294118
0.27058825
0.21176471
0.06666667
0.21960784
0.32549021
0.16470589
0.12156863
0.13725491
0.09803922
0.11764706
0.11764706
0.05490196
0.07450981
0.10588235
0.09019608
0.14509805
0.23529412
0.21176471
0.21960784
0.23137255
0.23137255
0.28235295
0.12549020
0.14509805
0.21568628
0.21568628
0.14509805
0.12941177
0.14509805
0.44705883
0.32941177
0.21176471
0.19607843
0.15294118
0.09411765
0.27450982
0.27843139
0.26274511
0.23529412
0.17254902
0.10196079
0.14509805
0.19607843
0.20000000
0.21568628
0.16470589
0.13333334
0.20000000
0.19215687
0.27450982
0.31764707
0.41960785
0.35686275
0.23529412
0.09019608
0.11764706
0.15686275
0.14509805
0.18039216
0.22745098
0.16862746
0.58431375
0.40784314
0.40392157
0.40000001
0.52156866
0.41568628
0.46666667
0.47843137
0.59215689
0.58431375
0.51764709
0.41960785
0.29019609
0.44313726
0.46274510
0.64705884
0.54509807
0.18039216
0.42745098
0.50196081
0.53725493
0.65490198
0.65490198
0.49411765
0.51764709
0.21176471
0.04313726
0.07058824
0.10980392
0.11372549
0.18039216
0.17647059
0.49019608
0.40000001
0.40000001
0.47843137
0.59607846
0.54509807
0.50980395
0.52156866
0.55294120
0.58431375
0.57254905
0.53333336
0.32156864
0.38823530
0.43921569
0.56470591
0.56470591
0.31764707
0.49019608
0.65098041
0.60392159
0.60392159
0.57647061
0.49803922
0.53333336
0.20000000
0.05098039
0.05490196
0.07450981
0.08235294
0.07450981
0.07843138
0.24705882
0.14901961
0.17254902
0.18823530
0.24705882
0.27058825
0.23137255
0.16862746
0.15294118
0.22352941
0.24705882
0.21960784
0.14901961
0.07843138
0.17647059
0.43137255
0.44705883
0.38823530
0.34509805
0.33333334
0.32549021
0.32549021
0.39215687
0.39215687
0.35294119
0.35294119
0.29411766
0.32549021
0.31372550
0.18431373
0.10588235
0.07058824
0.25882354
0.16078432
0.18823530
0.27058825
0.31764707
0.25882354
0.21568628
0.22745098
0.20784314
0.26666668
0.24313726
0.18823530
0.18431373
0.15686275
0.25098041
0.39607844
0.43529412
0.44313726
0.32549021
0.31764707
0.32549021
0.34117648
0.34509805
0.36078432
0.35294119
0.32549021
0.30980393
0.40784314
0.45490196
0.37254903
0.26666668
0.12156863
0.24705882
0.14901961
0.19607843
0.31372550
0.27843139
0.22745098
0.23137255
0.31372550
0.27450982
0.25098041
0.17254902
0.25882354
0.35294119
0.21568628
0.30588236
0.33333334
0.29411766
0.37647060
0.30588236
0.26274511
0.29411766
0.35686275
0.33725491
0.31764707
0.34509805
0.32549021
0.33725491
0.42352942
0.44705883
0.41568628
0.38039216
0.30196080
0.25490198
0.14509805
0.18039216
0.27450982
0.24313726
0.28627452
0.29803923
0.33725491
0.33333334
0.21960784
0.10980392
0.29803923
0.36078432
0.21568628
0.33333334
0.38823530
0.29019609
0.34117648
0.38039216
0.32549021
0.29411766
0.39215687
0.40784314
0.30980393
0.36862746
0.34509805
0.33333334
0.40784314
0.41176471
0.40000001
0.40784314
0.40784314
0.25490198
0.14901961
0.15686275
0.21176471
0.30196080
0.36078432
0.34509805
0.28235295
0.29019609
0.16470589
0.12156863
0.21568628
0.29019609
0.30980393
0.42352942
0.39607844
0.25882354
0.25098041
0.33333334
0.40784314
0.39215687
0.38039216
0.43137255
0.40392157
0.43529412
0.34117648
0.31372550
0.38039216
0.40000001
0.44313726
0.50196081
0.42745098
0.28235295
0.17254902
0.13333334
0.27843139
0.39607844
0.33725491
0.32156864
0.25098041
0.18039216
0.13333334
0.21960784
0.25098041
0.31372550
0.40784314
0.35686275
0.31372550
0.26666668
0.23921569
0.32156864
0.26274511
0.32941177
0.37647060
0.36862746
0.41568628
0.51764709
0.40392157
0.36862746
0.40784314
0.43137255
0.47450981
0.60784316
0.60000002
0.30980393
0.18039216
0.21960784
0.40392157
0.42745098
0.29803923
0.25882354
0.22352941
0.10196079
0.12549020
0.21960784
0.24705882
0.29803923
0.35686275
0.30980393
0.27843139
0.31372550
0.30980393
0.32941177
0.23921569
0.16862746
0.20784314
0.26666668
0.30588236
0.43529412
0.51372552
0.47843137
0.45882353
0.50196081
0.49411765
0.58039218
0.75686276
0.27450982
0.23137255
0.34117648
0.36078432
0.26274511
0.19607843
0.15294118
0.10588235
0.09019608
0.18039216
0.23137255
0.26666668
0.30196080
0.29411766
0.38039216
0.32549021
0.30980393
0.34117648
0.34901962
0.25098041
0.17254902
0.16078432
0.29019609
0.32549021
0.34901962
0.48235294
0.41568628
0.40784314
0.50196081
0.47843137
0.50980395
0.64705884
0.29411766
0.30588236
0.30588236
0.20784314
0.11764706
0.08627451
0.04313726
0.06274510
0.14901961
0.21568628
0.23137255
0.29803923
0.32941177
0.34509805
0.40784314
0.38039216
0.34509805
0.29019609
0.31372550
0.25098041
0.21176471
0.22352941
0.39215687
0.40392157
0.35686275
0.41960785
0.34509805
0.37254903
0.50980395
0.51764709
0.50588238
0.48627451
0.30588236
0.27450982
0.21960784
0.11764706
0.04313726
0.05098039
0.06666667
0.13333334
0.20784314
0.25882354
0.29411766
0.41960785
0.38823530
0.31764707
0.34509805
0.34509805
0.36862746
0.31764707
0.28627452
0.29019609
0.28627452
0.29803923
0.39215687
0.37254903
0.38039216
0.44705883
0.38039216
0.34509805
0.52941179
0.58431375
0.54509807
0.46274510
0.25882354
0.17647059
0.12941177
0.06666667
0.07450981
0.09411765
0.14509805
0.23529412
0.27843139
0.30588236
0.37254903
0.52941179
0.47058824
0.36862746
0.37254903
0.34117648
0.33333334
0.33333334
0.29019609
0.33333334
0.34117648
0.36078432
0.40784314
0.39607844
0.38039216
0.42352942
0.42352942
0.36470589
0.47058824
0.54509807
0.53725493
0.49019608
0.17254902
0.09019608
0.07843138
0.07450981
0.18823530
0.17254902
0.20000000
0.23529412
0.24313726
0.27450982
0.39215687
0.48627451
0.51764709
0.42745098
0.42352942
0.35294119
0.28235295
0.32156864
0.30588236
0.32549021
0.31764707
0.34901962
0.39607844
0.40392157
0.38431373
0.42352942
0.43921569
0.43137255
0.46274510
0.49411765
0.49803922
0.47450981
0.08627451
0.04313726
0.04313726
0.09803922
0.27058825
0.25882354
0.19215687
0.18039216
0.21568628
0.26274511
0.40392157
0.43921569
0.50196081
0.43137255
0.38039216
0.40392157
0.34117648
0.34901962
0.36470589
0.35294119
0.33725491
0.33333334
0.34901962
0.39607844
0.37254903
0.38431373
0.43137255
0.36078432
0.39607844
0.53725493
0.52156866
0.43137255
0.04705882
0.04313726
0.03529412
0.10980392
0.28235295
0.29019609
0.17254902
0.11764706
0.20000000
0.27450982
0.30196080
0.39607844
0.45098040
0.41960785
0.42745098
0.46274510
0.45490196
0.45882353
0.46274510
0.39215687
0.34901962
0.40000001
0.37647060
0.43921569
0.43921569
0.32549021
0.34901962
0.33725491
0.36078432
0.53333336
0.49411765
0.37254903
0.04313726
0.07843138
0.06666667
0.11764706
0.30588236
0.33333334
0.21568628
0.12549020
0.24313726
0.32156864
0.31764707
0.37254903
0.36470589
0.39607844
0.44313726
0.40392157
0.41960785
0.43529412
0.40392157
0.38823530
0.38039216
0.41176471
0.34509805
0.29803923
0.31372550
0.31764707
0.34901962
0.37647060
0.34509805
0.48627451
0.43137255
0.36078432
0.05490196
0.17647059
0.13725491
0.13333334
0.31764707
0.35686275
0.29019609
0.23529412
0.25098041
0.32941177
0.43137255
0.35686275
0.39607844
0.41960785
0.45882353
0.46666667
0.41176471
0.41176471
0.32941177
0.34901962
0.42352942
0.41176471
0.34509805
0.14509805
0.11372549
0.29803923
0.39215687
0.39215687
0.32156864
0.40784314
0.48235294
0.40392157
0.09019608
0.29803923
0.21568628
0.13333334
0.27450982
0.33333334
0.23921569
0.22745098
0.19215687
0.30196080
0.42745098
0.36862746
0.49019608
0.44313726
0.50588238
0.56078434
0.48627451
0.53725493
0.39215687
0.35294119
0.41960785
0.43529412
0.44313726
0.19607843
0.12549020
0.40784314
0.50980395
0.44705883
0.38431373
0.39607844
0.55686277
0.44705883
0.14901961
0.36470589
0.26274511
0.12549020
0.23529412
0.34901962
0.28627452
0.27843139
0.21568628
0.36470589
0.42352942
0.44313726
0.55686277
0.47058824
0.50980395
0.48627451
0.47058824
0.60784316
0.42352942
0.39215687
0.40784314
0.43529412
0.49803922
0.32941177
0.34901962
0.65882355
0.71372551
0.60784316
0.50196081
0.37254903
0.41568628
0.40392157
0.19607843
0.38039216
0.26666668
0.13725491
0.25098041
0.40784314
0.44313726
0.41176471
0.31372550
0.36470589
0.41176471
0.44705883
0.51372552
0.47843137
0.44313726
0.49411765
0.56470591
0.60000002
0.51764709
0.48235294
0.40392157
0.43529412
0.56862748
0.58823532
0.63529414
0.71764708
0.69019610
0.59607846
0.42352942
0.30196080
0.26274511
0.29803923
0.25490198
0.43921569
0.29411766
0.15686275
0.23529412
0.40392157
0.49019608
0.46666667
0.34901962
0.35294119
0.39215687
0.33333334
0.40000001
0.50588238
0.41960785
0.54509807
0.61568630
0.47450981
0.61568630
0.63529414
0.47058824
0.53725493
0.60784316
0.58431375
0.55294120
0.52156866
0.47058824
0.31764707
0.18039216
0.19215687
0.21568628
0.21960784
0.25490198
0.41568628
0.40784314
0.27058825
0.18823530
0.36078432
0.43137255
0.46274510
0.28627452
0.26274511
0.35686275
0.25490198
0.37647060
0.57647061
0.54509807
0.53725493
0.44705883
0.37254903
0.58039218
0.44313726
0.34509805
0.47058824
0.40392157
0.39607844
0.41960785
0.38823530
0.24705882
0.10196079
0.06274510
0.10588235
0.20784314
0.23137255
0.24313726
0.39607844
0.45882353
0.30196080
0.13725491
0.25882354
0.39607844
0.44705883
0.21960784
0.12549020
0.23529412
0.25882354
0.41960785
0.47843137
0.49411765
0.48235294
0.39215687
0.34901962
0.46274510
0.37647060
0.29019609
0.30588236
0.25490198
0.28627452
0.27058825
0.19607843
0.09803922
0.04313726
0.04705882
0.05882353
0.17254902
0.30196080
0.22352941
0.41176471
0.43921569
0.21568628
0.10980392
0.21176471
0.35686275
0.34117648
0.14117648
0.14117648
0.20392157
0.21176471
0.34117648
0.35294119
0.45490196
0.46666667
0.42352942
0.30196080
0.36470589
0.58823532
0.54509807
0.26666668
0.14117648
0.12941177
0.09411765
0.06274510
0.04313726
0.03921569
0.04313726
0.05098039
0.14117648
0.33333334
0.16862746
0.35294119
0.44705883
0.23921569
0.10196079
0.21176471
0.28627452
0.25490198
0.12156863
0.14901961
0.23529412
0.25490198
0.25882354
0.31372550
0.36078432
0.39215687
0.40784314
0.27843139
0.36862746
0.54117650
0.49019608
0.20392157
0.08627451
0.11764706
0.09019608
0.06274510
0.03137255
0.04705882
0.03921569
0.05490196
0.14509805
0.30588236
0.10980392
0.29019609
0.49411765
0.36470589
0.12156863
0.16078432
0.20000000
0.15686275
0.10980392
0.12156863
0.17647059
0.25490198
0.21568628
0.27058825
0.25882354
0.30588236
0.36078432
0.32156864
0.44705883
0.36470589
0.20784314
0.08235294
0.09019608
0.20000000
0.10196079
0.11372549
0.03921569
0.04705882
0.03529412
0.06666667
0.16862746
0.26666668
0.09411765
0.18431373
0.42745098
0.50980395
0.24313726
0.09019608
0.09019608
0.15294118
0.12941177
0.12549020
0.17647059
0.19215687
0.10196079
0.13333334
0.24705882
0.28627452
0.24313726
0.23921569
0.29803923
0.12549020
0.06666667
0.04313726
0.08235294
0.37254903
0.24313726
0.13725491
0.09411765
0.09803922
0.04313726
0.10196079
0.25490198
0.26666668
0.15294118
0.18039216
0.33333334
0.52941179
0.37254903
0.12941177
0.13725491
0.25098041
0.16078432
0.14509805
0.16078432
0.14117648
0.08235294
0.06666667
0.12156863
0.19607843
0.17254902
0.15294118
0.20392157
0.10588235
0.04705882
0.06666667
0.06666667
0.25490198
0.39607844
0.23529412
0.15294118
0.12549020
0.08235294
0.08627451
0.23921569
0.33725491
0.12941177
0.18039216
0.28235295
0.34901962
0.25490198
0.12941177
0.23137255
0.33725491
0.20392157
0.15294118
0.18431373
0.16862746
0.10980392
0.10196079
0.08235294
0.12549020
0.13725491
0.11764706
0.19607843
0.24705882
0.13333334
0.12941177
0.13333334
0.16470589
0.30980393
0.26274511
0.17254902
0.19607843
0.16470589
0.09803922
0.15686275
0.28627452
0.15294118
0.23137255
0.18431373
0.29803923
0.23529412
0.12156863
0.27450982
0.36078432
0.18431373
0.14509805
0.16078432
0.12156863
0.14117648
0.14117648
0.08235294
0.10980392
0.14117648
0.11764706
0.15686275
0.24705882
0.23137255
0.25490198
0.27058825
0.27450982
0.32156864
0.16078432
0.18039216
0.23921569
0.23921569
0.18039216
0.18039216
0.20784314
0.47058824
0.35294119
0.23921569
0.22352941
0.17647059
0.15294118
0.34509805
0.32549021
0.28627452
0.25490198
0.19607843
0.12156863
0.16862746
0.23137255
0.24313726
0.26666668
0.21568628
0.17254902
0.21568628
0.20784314
0.30196080
0.36078432
0.46666667
0.40392157
0.27843139
0.12941177
0.15294118
0.18431373
0.16862746
0.21176471
0.27843139
0.23137255
0.60392159
0.43921569
0.44705883
0.43921569
0.54117650
0.45098040
0.50980395
0.50980395
0.61960787
0.61176473
0.53725493
0.43137255
0.29803923
0.46666667
0.49803922
0.69019610
0.59215689
0.21960784
0.45490196
0.52549022
0.56078434
0.68627453
0.69019610
0.52941179
0.54901963
0.24313726
0.07058824
0.09803922
0.13333334
0.14117648
0.21568628
0.21176471
0.50980395
0.43921569
0.45098040
0.52549022
0.61176473
0.56078434
0.53333336
0.54117650
0.58039218
0.61568630
0.59215689
0.53725493
0.32156864
0.40784314
0.46274510
0.59607846
0.60392159
0.35294119
0.52941179
0.68235296
0.62745100
0.62745100
0.60784316
0.53333336
0.56078434
0.22352941
0.07843138
0.07843138
0.09411765
0.10588235
0.09803922
0.09803922
0.14117648
0.07450981
0.09411765
0.08627451
0.12941177
0.16078432
0.13333334
0.08235294
0.07450981
0.14901961
0.17647059
0.16078432
0.09803922
0.03137255
0.10980392
0.33333334
0.32156864
0.24705882
0.23137255
0.21960784
0.20784314
0.20392157
0.26274511
0.25490198
0.21568628
0.21568628
0.15686275
0.21960784
0.22745098
0.11372549
0.04313726
0.02352941
0.17254902
0.08627451
0.09019608
0.14509805
0.19607843
0.14901961
0.11764706
0.14509805
0.12941177
0.18823530
0.16862746
0.12156863
0.12156863
0.09411765
0.17254902
0.29411766
0.30980393
0.30588236
0.21176471
0.20000000
0.20392157
0.21960784
0.21568628
0.22352941
0.21568628
0.18431373
0.17254902
0.28235295
0.33725491
0.26666668
0.17647059
0.04705882
0.17647059
0.07843138
0.08235294
0.17254902
0.16078432
0.12156863
0.14117648
0.23137255
0.20000000
0.17254902
0.09411765
0.17647059
0.27058825
0.13333334
0.21568628
0.22352941
0.16862746
0.24705882
0.19607843
0.14901961
0.17647059
0.23529412
0.20784314
0.18039216
0.20784314
0.18823530
0.20000000
0.27450982
0.29803923
0.27843139
0.25490198
0.18823530
0.18823530
0.07058824
0.06274510
0.13333334
0.12549020
0.18431373
0.21176471
0.25882354
0.25882354
0.14117648
0.02745098
0.20000000
0.25490198
0.11372549
0.23137255
0.27450982
0.16862746
0.21568628
0.26666668
0.21176471
0.17647059
0.27058825
0.27843139
0.17254902
0.23137255
0.20784314
0.19607843
0.24705882
0.24313726
0.23921569
0.25882354
0.27058825
0.17254902
0.07450981
0.05490196
0.08627451
0.19215687
0.26274511
0.25882354
0.20392157
0.21960784
0.09019608
0.03529412
0.10196079
0.16078432
0.19215687
0.30588236
0.27843139
0.14117648
0.13333334
0.21960784
0.29411766
0.27450982
0.25882354
0.30196080
0.26666668
0.29803923
0.20392157
0.17647059
0.21568628
0.22745098
0.27843139
0.35294119
0.27843139
0.18039216
0.09803922
0.05098039
0.17254902
0.29019609
0.23921569
0.23529412
0.17647059
0.10980392
0.05490196
0.12156863
0.12549020
0.16862746
0.27058825
0.23137255
0.19215687
0.14901961
0.12549020
0.21176471
0.14901961
0.21568628
0.25882354
0.23529412
0.27843139
0.38039216
0.26666668
0.22745098
0.24313726
0.26274511
0.31764707
0.46666667
0.45882353
0.20000000
0.10588235
0.15294118
0.32156864
0.33725491
0.21568628
0.19215687
0.16470589
0.04313726
0.04705882
0.10980392
0.11372549
0.15294118
0.21568628
0.17647059
0.14901961
0.18823530
0.18823530
0.20784314
0.12156863
0.05490196
0.09411765
0.14117648
0.16470589
0.29411766
0.37254903
0.33725491
0.30196080
0.34117648
0.34901962
0.44705883
0.62352943
0.17647059
0.14901961
0.27450982
0.29803923
0.21568628
0.16078432
0.13333334
0.09411765
0.05490196
0.09019608
0.09803922
0.12156863
0.17254902
0.16078432
0.23921569
0.18823530
0.17254902
0.20392157
0.20784314
0.12156863
0.05490196
0.05882353
0.16470589
0.16862746
0.19607843
0.32941177
0.26274511
0.25882354
0.35294119
0.32941177
0.37647060
0.52156866
0.20392157
0.22745098
0.24313726
0.15686275
0.08627451
0.06274510
0.02352941
0.04313726
0.09019608
0.10588235
0.08235294
0.14117648
0.19215687
0.20392157
0.26274511
0.23529412
0.20000000
0.14117648
0.16862746
0.11372549
0.08627451
0.10588235
0.24705882
0.22745098
0.18431373
0.24705882
0.17647059
0.23137255
0.37254903
0.37254903
0.36470589
0.34901962
0.22745098
0.20784314
0.16862746
0.07843138
0.01568628
0.01176471
0.01568628
0.06274510
0.11372549
0.13333334
0.12941177
0.24705882
0.23137255
0.17254902
0.19607843
0.19607843
0.21960784
0.16862746
0.15294118
0.15294118
0.13725491
0.14509805
0.20784314
0.16470589
0.17647059
0.25098041
0.19607843
0.20392157
0.40000001
0.43921569
0.38823530
0.30980393
0.19607843
0.12549020
0.09019608
0.03921569
0.03921569
0.03921569
0.06274510
0.11764706
0.15686275
0.16862746
0.19607843
0.34117648
0.30196080
0.21568628
0.21960784
0.18823530
0.18039216
0.18431373
0.15294118
0.18431373
0.16862746
0.17254902
0.19607843
0.16862746
0.16078432
0.21568628
0.22352941
0.21960784
0.34117648
0.39215687
0.36862746
0.32941177
0.12549020
0.05490196
0.05490196
0.05098039
0.13725491
0.10196079
0.10196079
0.10980392
0.11764706
0.14117648
0.21568628
0.29803923
0.35294119
0.27058825
0.26666668
0.19607843
0.12941177
0.16470589
0.14901961
0.15686275
0.12549020
0.14117648
0.17647059
0.17647059
0.16078432
0.20784314
0.23137255
0.27058825
0.31764707
0.33333334
0.33333334
0.32156864
0.05098039
0.02352941
0.03529412
0.08235294
0.20784314
0.18039216
0.10196079
0.07450981
0.10980392
0.14117648
0.24313726
0.26666668
0.35294119
0.27843139
0.21960784
0.24313726
0.18039216
0.18431373
0.16862746
0.15294118
0.13333334
0.11764706
0.13725491
0.18431373
0.16078432
0.17254902
0.21960784
0.17254902
0.22352941
0.37254903
0.37647060
0.29803923
0.02352941
0.02745098
0.03529412
0.09411765
0.20392157
0.20784314
0.09411765
0.04313726
0.12156863
0.16470589
0.15686275
0.24313726
0.31372550
0.27058825
0.26274511
0.29803923
0.29411766
0.28235295
0.23529412
0.16470589
0.13725491
0.19215687
0.18431373
0.25490198
0.25098041
0.12549020
0.13725491
0.12549020
0.16078432
0.36078432
0.36078432
0.26666668
0.01568628
0.04705882
0.05098039
0.08627451
0.20392157
0.23137255
0.11764706
0.03921569
0.15294118
0.21176471
0.18431373
0.23921569
0.24313726
0.24705882
0.27843139
0.25098041
0.27058825
0.27058825
0.18039216
0.17254902
0.18039216
0.21176471
0.17647059
0.19215687
0.21176471
0.15294118
0.13725491
0.16862746
0.16078432
0.33333334
0.30980393
0.25490198
0.01960784
0.10980392
0.08235294
0.07843138
0.20784314
0.24313726
0.17254902
0.11764706
0.13333334
0.20392157
0.30196080
0.23529412
0.27843139
0.26666668
0.30196080
0.32941177
0.28235295
0.26274511
0.13725491
0.17254902
0.25490198
0.21568628
0.18823530
0.11372549
0.10588235
0.15294118
0.16078432
0.18039216
0.14509805
0.27058825
0.35294119
0.26666668
0.04313726
0.21568628
0.14509805
0.07843138
0.20000000
0.25098041
0.14901961
0.13333334
0.07843138
0.16470589
0.29411766
0.23921569
0.36470589
0.29803923
0.35294119
0.41568628
0.34117648
0.38039216
0.22352941
0.21176471
0.27450982
0.24313726
0.25098041
0.11372549
0.07450981
0.20000000
0.21568628
0.16078432
0.14509805
0.20784314
0.39215687
0.27843139
0.09019608
0.27843139
0.18039216
0.06666667
0.17647059
0.28627452
0.21176471
0.20392157
0.11764706
0.23137255
0.28627452
0.30196080
0.41568628
0.33725491
0.36862746
0.32156864
0.29411766
0.42745098
0.25490198
0.24313726
0.24313726
0.21960784
0.23529412
0.12941177
0.17647059
0.34901962
0.34117648
0.25490198
0.20392157
0.15294118
0.23921569
0.23529412
0.12941177
0.28627452
0.18039216
0.06274510
0.16470589
0.31372550
0.34117648
0.30196080
0.19607843
0.23921569
0.27450982
0.30196080
0.36470589
0.35294119
0.30196080
0.30588236
0.36470589
0.40392157
0.30196080
0.28235295
0.19215687
0.17647059
0.24705882
0.29803923
0.37647060
0.35294119
0.30196080
0.26274511
0.16078432
0.11764706
0.12549020
0.16862746
0.18039216
0.33333334
0.20000000
0.06666667
0.11372549
0.27058825
0.35294119
0.31764707
0.22352941
0.24705882
0.26666668
0.18823530
0.24705882
0.38431373
0.26666668
0.33725491
0.41568628
0.28235295
0.35294119
0.39215687
0.23137255
0.25490198
0.28627452
0.29803923
0.30196080
0.19607843
0.16470589
0.10588235
0.03921569
0.09019608
0.13725491
0.12941177
0.17647059
0.30588236
0.30588236
0.18039216
0.06666667
0.22745098
0.29411766
0.31372550
0.17254902
0.18039216
0.25490198
0.12549020
0.23137255
0.44705883
0.37647060
0.31764707
0.25882354
0.20784314
0.32156864
0.23137255
0.16078432
0.24313726
0.18039216
0.20392157
0.25490198
0.16862746
0.07843138
0.02352941
0.01960784
0.06666667
0.14901961
0.13725491
0.16078432
0.28235295
0.35294119
0.21568628
0.05490196
0.16862746
0.29411766
0.34117648
0.13725491
0.07058824
0.15294118
0.14509805
0.28235295
0.34509805
0.31764707
0.25882354
0.21960784
0.21568628
0.23921569
0.21176471
0.17254902
0.17254902
0.11764706
0.18039216
0.19607843
0.09019608
0.05098039
0.04705882
0.04313726
0.03137255
0.09019608
0.16470589
0.13333334
0.30196080
0.33333334
0.13333334
0.06274510
0.14117648
0.26274511
0.24705882
0.07843138
0.09411765
0.14117648
0.12941177
0.24705882
0.23529412
0.28235295
0.25882354
0.25098041
0.17647059
0.18823530
0.42352942
0.42745098
0.18039216
0.07058824
0.08627451
0.07058824
0.03137255
0.05098039
0.06274510
0.05490196
0.03137255
0.05098039
0.18823530
0.08235294
0.25882354
0.34117648
0.14901961
0.05490196
0.13725491
0.18823530
0.16078432
0.05882353
0.10196079
0.18431373
0.20392157
0.20000000
0.21568628
0.20784314
0.21176471
0.23529412
0.14901961
0.22352941
0.37647060
0.35294119
0.13333334
0.05882353
0.09411765
0.07450981
0.05490196
0.04313726
0.05490196
0.04705882
0.03529412
0.06274510
0.16862746
0.04313726
0.20000000
0.37647060
0.25098041
0.05882353
0.07843138
0.10980392
0.08627451
0.05882353
0.07450981
0.12941177
0.20784314
0.16470589
0.19607843
0.14117648
0.15686275
0.21568628
0.20392157
0.32156864
0.23529412
0.10196079
0.03529412
0.06666667
0.17254902
0.08235294
0.10588235
0.03921569
0.04313726
0.03137255
0.04313726
0.08627451
0.13333334
0.05098039
0.09803922
0.30196080
0.37254903
0.15294118
0.01960784
0.02745098
0.10196079
0.08235294
0.07843138
0.12941177
0.14509805
0.05882353
0.08627451
0.16862746
0.17647059
0.14117648
0.15294118
0.20392157
0.05490196
0.01176471
0.01176471
0.06274510
0.33725491
0.21568628
0.11764706
0.08627451
0.08235294
0.02745098
0.07058824
0.17254902
0.13725491
0.12156863
0.10196079
0.20784314
0.38823530
0.26274511
0.05098039
0.07843138
0.20784314
0.11764706
0.09803922
0.11372549
0.09411765
0.04313726
0.04313726
0.08235294
0.11764706
0.09803922
0.09411765
0.12941177
0.05098039
0.01568628
0.04705882
0.03529412
0.20784314
0.35686275
0.20784314
0.13333334
0.09019608
0.04705882
0.04313726
0.15686275
0.21176471
0.09803922
0.10980392
0.17254902
0.22352941
0.15294118
0.05882353
0.17647059
0.28235295
0.15294118
0.10980392
0.13725491
0.12156863
0.06666667
0.08627451
0.05882353
0.06666667
0.07843138
0.07058824
0.12941177
0.20000000
0.10588235
0.10196079
0.09019608
0.10980392
0.26274511
0.23137255
0.14117648
0.14509805
0.11372549
0.05098039
0.07058824
0.16470589
0.10980392
0.16862746
0.10196079
0.20392157
0.15686275
0.06666667
0.22745098
0.28627452
0.11372549
0.09803922
0.11372549
0.07450981
0.09803922
0.12941177
0.05882353
0.05098039
0.08627451
0.07058824
0.08627451
0.20784314
0.20784314
0.20784314
0.20392157
0.20392157
0.26274511
0.11764706
0.14117648
0.17254902
0.17254902
0.12156863
0.09411765
0.09019608
0.41960785
0.29803923
0.17647059
0.15686275
0.12549020
0.10980392
0.29019609
0.23137255
0.20392157
0.20784314
0.15294118
0.07843138
0.12549020
0.21176471
0.21176471
0.20000000
0.15294118
0.11764706
0.13725491
0.16470589
0.27450982
0.30196080
0.38039216
0.32549021
0.21960784
0.08235294
0.10980392
0.11372549
0.09803922
0.15294118
0.19607843
0.12156863
0.55686277
0.38823530
0.38431373
0.38039216
0.49803922
0.38823530
0.42745098
0.41960785
0.54901963
0.56470591
0.50196081
0.40392157
0.27450982
0.44313726
0.49019608
0.63921571
0.50980395
0.16078432
0.36862746
0.49019608
0.56078434
0.65490198
0.61960787
0.46274510
0.50980395
0.21568628
0.03529412
0.04705882
0.08627451
0.09803922
0.16470589
0.15294118
0.46666667
0.38039216
0.38431373
0.46274510
0.56862748
0.48627451
0.43529412
0.45882353
0.51764709
0.56470591
0.55686277
0.51764709
0.30588236
0.37647060
0.46666667
0.54901963
0.50980395
0.27843139
0.42745098
0.63529414
0.63137257
0.60392159
0.54117650
0.47058824
0.53333336
0.20784314
0.04705882
0.04705882
0.06666667
0.07450981
0.06666667
0.06666667
1 0 0 0 0 0 -1 0 0 0 0
0 1 0 0 0 0 -1 0 0 0 0
0 0 1 0 0 0 -1 0 0 0 0
0 0 0 1 0 0 -1 0 0 0 0
0 0 0 0 1 0 -1 0 0 0 0
0 0 0 0 0 1 -1 0 0 0 0
0 0 0 0 0 0 -1 1 0 0 0
0 0 0 0 0 0 -1 0 1 0 0
0 0 0 0 0 0 -1 0 0 1 0
