0.76862746
0.81176472
0.83137256
0.84313726
0.84705883
0.84705883
0.85490197
0.86666667
0.87450981
0.88235295
0.87843138
0.87450981
0.87450981
0.87843138
0.88235295
0.87450981
0.87058824
0.86666667
0.85882354
0.86666667
0.86666667
0.86274511
0.87450981
0.87450981
0.86666667
0.85882354
0.85098040
0.83137256
0.80784315
0.79607844
0.76862746
0.74509805
0.81960785
0.82745099
0.82745099
0.82352942
0.82352942
0.81960785
0.82352942
0.84313726
0.87058824
0.88627452
0.88235295
0.87843138
0.89019608
0.89019608
0.89411765
0.89411765
0.89411765
0.87450981
0.87058824
0.89411765
0.89803922
0.90196079
0.91372550
0.89803922
0.89803922
0.91372550
0.91372550
0.89411765
0.86274511
0.85098040
0.83529413
0.83921570
0.70980394
0.72549021
0.72156864
0.74509805
0.74117649
0.72941178
0.74509805
0.76470590
0.76862746
0.77254903
0.78039217
0.79607844
0.81960785
0.83137256
0.83921570
0.83921570
0.82352942
0.81176472
0.83137256
0.85882354
0.86666667
0.87058824
0.87450981
0.88235295
0.88627452
0.89019608
0.88627452
0.89019608
0.88627452
0.87450981
0.85098040
0.86274511
0.69803923
0.70196080
0.70196080
0.72156864
0.73725492
0.74901962
0.75294119
0.76078433
0.76078433
0.76078433
0.76470590
0.76470590
0.77254903
0.79215688
0.81176472
0.80392158
0.80392158
0.81176472
0.82352942
0.83921570
0.84705883
0.85882354
0.85882354
0.85098040
0.85882354
0.84313726
0.82745099
0.83529413
0.81176472
0.78039217
0.75686276
0.76078433
0.67058825
0.67058825
0.69019610
0.70588237
0.73725492
0.75686276
0.76862746
0.77254903
0.78823531
0.81568629
0.81960785
0.81568629
0.81568629
0.83529413
0.84705883
0.83921570
0.83529413
0.83137256
0.80784315
0.80392158
0.80392158
0.80000001
0.80000001
0.79607844
0.79607844
0.78039217
0.75686276
0.74509805
0.72549021
0.68627453
0.65882355
0.66274512
0.61960787
0.62745100
0.63529414
0.63921571
0.66274512
0.67450982
0.67058825
0.68627453
0.69411767
0.69803923
0.70980394
0.70196080
0.70196080
0.71372551
0.72156864
0.71372551
0.69411767
0.68627453
0.67450982
0.67058825
0.64705884
0.63137257
0.62352943
0.61960787
0.60784316
0.59215689
0.56862748
0.54117650
0.51372552
0.49411765
0.47058824
0.46274510
0.54509807
0.57254905
0.57647061
0.56078434
0.56862748
0.56470591
0.54509807
0.53725493
0.52941179
0.51764709
0.53333336
0.54117650
0.53333336
0.54509807
0.55686277
0.57647061
0.57647061
0.56862748
0.56470591
0.55686277
0.52156866
0.50980395
0.50196081
0.51764709
0.49803922
0.46666667
0.47058824
0.38039216
0.30980393
0.29411766
0.26274511
0.27843139
0.52549022
0.55294120
0.55686277
0.54117650
0.54509807
0.54901963
0.54509807
0.55294120
0.56078434
0.56078434
0.55294120
0.50196081
0.48235294
0.45882353
0.44705883
0.44705883
0.42745098
0.41960785
0.39607844
0.41176471
0.41176471
0.39607844
0.38039216
0.31372550
0.32941177
0.36470589
0.33333334
0.24313726
0.16470589
0.13725491
0.10980392
0.12941177
0.56078434
0.58039218
0.57647061
0.57647061
0.59215689
0.58823532
0.58823532
0.59607846
0.55294120
0.52549022
0.55294120
0.47843137
0.39215687
0.36078432
0.36470589
0.32156864
0.28627452
0.26666668
0.25882354
0.31372550
0.31372550
0.31764707
0.35294119
0.29803923
0.29803923
0.30980393
0.32549021
0.28235295
0.23921569
0.23137255
0.18039216
0.17647059
0.58431375
0.60784316
0.63137257
0.64313728
0.63137257
0.55294120
0.49411765
0.50196081
0.51764709
0.56470591
0.50980395
0.37254903
0.33333334
0.30588236
0.32941177
0.32941177
0.34901962
0.27450982
0.32549021
0.43137255
0.35294119
0.31372550
0.37647060
0.35686275
0.37647060
0.40392157
0.48627451
0.38431373
0.34901962
0.41176471
0.34901962
0.25882354
0.60000002
0.62745100
0.62352943
0.60000002
0.54117650
0.42745098
0.42745098
0.47058824
0.44705883
0.48627451
0.41568628
0.40784314
0.44313726
0.47450981
0.50196081
0.44705883
0.41176471
0.36078432
0.45882353
0.52941179
0.46274510
0.40392157
0.45098040
0.44705883
0.39607844
0.44705883
0.47058824
0.46666667
0.47058824
0.49803922
0.38431373
0.33725491
0.61176473
0.63921571
0.59215689
0.60000002
0.61568630
0.63137257
0.68235296
0.63529414
0.60392159
0.49411765
0.41568628
0.52156866
0.47843137
0.55294120
0.58039218
0.47843137
0.39215687
0.39607844
0.43921569
0.46666667
0.43137255
0.36862746
0.39607844
0.40000001
0.37254903
0.45098040
0.41176471
0.36862746
0.38039216
0.36078432
0.25882354
0.29411766
0.60000002
0.57254905
0.60392159
0.84705883
0.91372550
0.87843138
0.71764708
0.61176473
0.61176473
0.54117650
0.45882353
0.45490196
0.44705883
0.43529412
0.46274510
0.43529412
0.37647060
0.36470589
0.35294119
0.41960785
0.47058824
0.31764707
0.25098041
0.24313726
0.26274511
0.41568628
0.49803922
0.38431373
0.36862746
0.32549021
0.22352941
0.21176471
0.53725493
0.53725493
0.58823532
0.64705884
0.64705884
0.61960787
0.54901963
0.54117650
0.46666667
0.48627451
0.50588238
0.50196081
0.47450981
0.43921569
0.52549022
0.61568630
0.58431375
0.50980395
0.55686277
0.52156866
0.43137255
0.32156864
0.27450982
0.28627452
0.27450982
0.28627452
0.34509805
0.35294119
0.31764707
0.24705882
0.13725491
0.12549020
0.60000002
0.52941179
0.56078434
0.52941179
0.52549022
0.60000002
0.65882355
0.72156864
0.63921571
0.43921569
0.42352942
0.42745098
0.50588238
0.52156866
0.40000001
0.52549022
0.60392159
0.61176473
0.67843139
0.65882355
0.59215689
0.53333336
0.52549022
0.58431375
0.57647061
0.49019608
0.40392157
0.39215687
0.34117648
0.26274511
0.17254902
0.13333334
0.65490198
0.64705884
0.66666669
0.68627453
0.72941178
0.78039217
0.76862746
0.76078433
0.68627453
0.59215689
0.59215689
0.46274510
0.52156866
0.67843139
0.52549022
0.35686275
0.42352942
0.53725493
0.58823532
0.62352943
0.64313728
0.63137257
0.61176473
0.62352943
0.61568630
0.59607846
0.55686277
0.54117650
0.53333336
0.35294119
0.21568628
0.18823530
0.70980394
0.71764708
0.72549021
0.71372551
0.74117649
0.76078433
0.75686276
0.73333335
0.65098041
0.52156866
0.61568630
0.54901963
0.47843137
0.52549022
0.61176473
0.54117650
0.51764709
0.42352942
0.37647060
0.49411765
0.59215689
0.60392159
0.60000002
0.60784316
0.58823532
0.58039218
0.56470591
0.54509807
0.53725493
0.41176471
0.20784314
0.14509805
0.74901962
0.75294119
0.75294119
0.74117649
0.74901962
0.75686276
0.75686276
0.74509805
0.67843139
0.48235294
0.52549022
0.71764708
0.70588237
0.58431375
0.47843137
0.67843139
0.78823531
0.66274512
0.50980395
0.47058824
0.44705883
0.49411765
0.53333336
0.57647061
0.61568630
0.62352943
0.58431375
0.55294120
0.52941179
0.48235294
0.32941177
0.24705882
0.75294119
0.75294119
0.76078433
0.75686276
0.75686276
0.76078433
0.75686276
0.75686276
0.70196080
0.52941179
0.45490196
0.65490198
0.83529413
0.76470590
0.60000002
0.56078434
0.71372551
0.80392158
0.71764708
0.45490196
0.25882354
0.20784314
0.29803923
0.45098040
0.56078434
0.56078434
0.57647061
0.58039218
0.54509807
0.49019608
0.41568628
0.36862746
0.74509805
0.74901962
0.76078433
0.76470590
0.76470590
0.76862746
0.77254903
0.76862746
0.73725492
0.58039218
0.43921569
0.45098040
0.72941178
0.80784315
0.76862746
0.64313728
0.54509807
0.67843139
0.77647060
0.63921571
0.57647061
0.38823530
0.29019609
0.30588236
0.35686275
0.41960785
0.44705883
0.45098040
0.49411765
0.49803922
0.43921569
0.39607844
0.73725492
0.73725492
0.74509805
0.75294119
0.76078433
0.77647060
0.78431374
0.78039217
0.76862746
0.65098041
0.48627451
0.44313726
0.51372552
0.78431374
0.83921570
0.80392158
0.65098041
0.55294120
0.64313728
0.62745100
0.75294119
0.69411767
0.52941179
0.38823530
0.27450982
0.29019609
0.34117648
0.30588236
0.33333334
0.37254903
0.41568628
0.43529412
0.71372551
0.70196080
0.70588237
0.70980394
0.72941178
0.75294119
0.76470590
0.76862746
0.75686276
0.71764708
0.54509807
0.46666667
0.39607844
0.48627451
0.76078433
0.81176472
0.77254903
0.61960787
0.50980395
0.54509807
0.65882355
0.66666669
0.58823532
0.61960787
0.50980395
0.32156864
0.20784314
0.29803923
0.44313726
0.30196080
0.23529412
0.29411766
0.69019610
0.67843139
0.68235296
0.69411767
0.70588237
0.72156864
0.73333335
0.73725492
0.72549021
0.73333335
0.62745100
0.42745098
0.41960785
0.31372550
0.36078432
0.51764709
0.64705884
0.61176473
0.52156866
0.52549022
0.55294120
0.51764709
0.54117650
0.60784316
0.61568630
0.58039218
0.43921569
0.27843139
0.25882354
0.27843139
0.30588236
0.30196080
0.67058825
0.66666669
0.67843139
0.68627453
0.68627453
0.69411767
0.70196080
0.70980394
0.70588237
0.71372551
0.66274512
0.45490196
0.39607844
0.41176471
0.27058825
0.20000000
0.27843139
0.32941177
0.33333334
0.38039216
0.37647060
0.38823530
0.52549022
0.61960787
0.58431375
0.58431375
0.57647061
0.49019608
0.33725491
0.21176471
0.24313726
0.36470589
0.65882355
0.65490198
0.66274512
0.67058825
0.68235296
0.70196080
0.70980394
0.70196080
0.70196080
0.70196080
0.66666669
0.55294120
0.39607844
0.41176471
0.41568628
0.33333334
0.22352941
0.14117648
0.13725491
0.11372549
0.12941177
0.25098041
0.52549022
0.60000002
0.58431375
0.57647061
0.56470591
0.54509807
0.51372552
0.42745098
0.27450982
0.24313726
0.65098041
0.64705884
0.65098041
0.66666669
0.69019610
0.70980394
0.71764708
0.70980394
0.70196080
0.70588237
0.69019610
0.65882355
0.49803922
0.37647060
0.47450981
0.55294120
0.51372552
0.36470589
0.29019609
0.23137255
0.27843139
0.50196081
0.61568630
0.55686277
0.57254905
0.58039218
0.57254905
0.54901963
0.52549022
0.50196081
0.44313726
0.37647060
0.62352943
0.62745100
0.63529414
0.65490198
0.68627453
0.69803923
0.70588237
0.70980394
0.71372551
0.71764708
0.70196080
0.69019610
0.59607846
0.42352942
0.40392157
0.47450981
0.51764709
0.55686277
0.58823532
0.59607846
0.72941178
0.72549021
0.62352943
0.56470591
0.57254905
0.57647061
0.56862748
0.54509807
0.52156866
0.48627451
0.45490196
0.43137255
0.63529414
0.63529414
0.63921571
0.65490198
0.67058825
0.68235296
0.68627453
0.69019610
0.70196080
0.70588237
0.69411767
0.68627453
0.65882355
0.49019608
0.34901962
0.33333334
0.35686275
0.47450981
0.56862748
0.63137257
0.75686276
0.66666669
0.56470591
0.56078434
0.56470591
0.56470591
0.56078434
0.54901963
0.52156866
0.47843137
0.41960785
0.42745098
0.64705884
0.63137257
0.63137257
0.63921571
0.65098041
0.67058825
0.68235296
0.68235296
0.69019610
0.69019610
0.68627453
0.69019610
0.68235296
0.56862748
0.39607844
0.35294119
0.34117648
0.33725491
0.40000001
0.45490196
0.49411765
0.50588238
0.49019608
0.53333336
0.56078434
0.54901963
0.54901963
0.54117650
0.53333336
0.56078434
0.57254905
0.57254905
0.63529414
0.61568630
0.61568630
0.62352943
0.63921571
0.65490198
0.66666669
0.67450982
0.67450982
0.67450982
0.68627453
0.69019610
0.69019610
0.66666669
0.56078434
0.40784314
0.30588236
0.28627452
0.32941177
0.32941177
0.31372550
0.34901962
0.43529412
0.52941179
0.55686277
0.54901963
0.54117650
0.52156866
0.50588238
0.69411767
0.84705883
0.85490197
0.61960787
0.60000002
0.60000002
0.60784316
0.62352943
0.63921571
0.65098041
0.66666669
0.67058825
0.66274512
0.68235296
0.69019610
0.68627453
0.66666669
0.61568630
0.49019608
0.36862746
0.32549021
0.32549021
0.30196080
0.28235295
0.31372550
0.45490196
0.56078434
0.56078434
0.54901963
0.52941179
0.52156866
0.46274510
0.46666667
0.69411767
0.78431374
0.60392159
0.58431375
0.58823532
0.59607846
0.60392159
0.61960787
0.63529414
0.65098041
0.65490198
0.65490198
0.66274512
0.66666669
0.65490198
0.63529414
0.60784316
0.56862748
0.51764709
0.43529412
0.37254903
0.33725491
0.33725491
0.40392157
0.50196081
0.55294120
0.55686277
0.54117650
0.52156866
0.51372552
0.50196081
0.38431373
0.35294119
0.40392157
0.80000001
0.84705883
0.87450981
0.89019608
0.89019608
0.89411765
0.89803922
0.90980393
0.92156863
0.92941177
0.92156863
0.90980393
0.90588236
0.90588236
0.90980393
0.90588236
0.90196079
0.89803922
0.89411765
0.90588236
0.89803922
0.88627452
0.89019608
0.89019608
0.88627452
0.88235295
0.87058824
0.85098040
0.83137256
0.82352942
0.79607844
0.77254903
0.85490197
0.87058824
0.87843138
0.87843138
0.88235295
0.87843138
0.88235295
0.90196079
0.92549020
0.92941177
0.92156863
0.91372550
0.91372550
0.91372550
0.93333334
0.93333334
0.93333334
0.91764706
0.90588236
0.92549020
0.92549020
0.92549020
0.92941177
0.91372550
0.91764706
0.93333334
0.93333334
0.90980393
0.89019608
0.87843138
0.86666667
0.86666667
0.76078433
0.78431374
0.78823531
0.81960785
0.81960785
0.80784315
0.81960785
0.83921570
0.83921570
0.84313726
0.85490197
0.86274511
0.87843138
0.88235295
0.88627452
0.88627452
0.87058824
0.86274511
0.87843138
0.89803922
0.90196079
0.89803922
0.89803922
0.90588236
0.91372550
0.91372550
0.91372550
0.91372550
0.91764706
0.90980393
0.88627452
0.89803922
0.77254903
0.78823531
0.79607844
0.81568629
0.83137256
0.83921570
0.84705883
0.85490197
0.85490197
0.86274511
0.86274511
0.85882354
0.85882354
0.86666667
0.86666667
0.85882354
0.85882354
0.87058824
0.88627452
0.89803922
0.89803922
0.90588236
0.89803922
0.89019608
0.90196079
0.88627452
0.87058824
0.87450981
0.85882354
0.83137256
0.80784315
0.81176472
0.77647060
0.77647060
0.80392158
0.82745099
0.84313726
0.85882354
0.87450981
0.87843138
0.89411765
0.90980393
0.90980393
0.89803922
0.89019608
0.90588236
0.91372550
0.90196079
0.90196079
0.89803922
0.88235295
0.88235295
0.87450981
0.86274511
0.85882354
0.85490197
0.85098040
0.83529413
0.81176472
0.80392158
0.78823531
0.75686276
0.72941178
0.73333335
0.70980394
0.70196080
0.72156864
0.73725492
0.74901962
0.76470590
0.77647060
0.79215688
0.80000001
0.79607844
0.80392158
0.79215688
0.78431374
0.79607844
0.80784315
0.80000001
0.78039217
0.77254903
0.76078433
0.74901962
0.72941178
0.70980394
0.69411767
0.68627453
0.66274512
0.63529414
0.61176473
0.60000002
0.58039218
0.56078434
0.53725493
0.52941179
0.59607846
0.60784316
0.62352943
0.62352943
0.62745100
0.63921571
0.64313728
0.63529414
0.61960787
0.61568630
0.62745100
0.63137257
0.61960787
0.62745100
0.64705884
0.66274512
0.66666669
0.65882355
0.63921571
0.61568630
0.58039218
0.57254905
0.56470591
0.57254905
0.52549022
0.47450981
0.48235294
0.41568628
0.35294119
0.33725491
0.30588236
0.32156864
0.55686277
0.58039218
0.60392159
0.60392159
0.60392159
0.61568630
0.61960787
0.61176473
0.60000002
0.60784316
0.60000002
0.54117650
0.51372552
0.49411765
0.48627451
0.49019608
0.46666667
0.46274510
0.42352942
0.42352942
0.42352942
0.41176471
0.39607844
0.32156864
0.32156864
0.34117648
0.31764707
0.23529412
0.17647059
0.15294118
0.12549020
0.14509805
0.57647061
0.60392159
0.61176473
0.61960787
0.63529414
0.63529414
0.63137257
0.61176473
0.54509807
0.52156866
0.54509807
0.46274510
0.37647060
0.34509805
0.35686275
0.31372550
0.27450982
0.25882354
0.23921569
0.28235295
0.28235295
0.28627452
0.32549021
0.26274511
0.25490198
0.26666668
0.28627452
0.24313726
0.21960784
0.22352941
0.17254902
0.16862746
0.59215689
0.62745100
0.64705884
0.65490198
0.64705884
0.57647061
0.50588238
0.48235294
0.47843137
0.53333336
0.47450981
0.33333334
0.28627452
0.26274511
0.29019609
0.29411766
0.31372550
0.23921569
0.28235295
0.38431373
0.30196080
0.26274511
0.32941177
0.30588236
0.32941177
0.36078432
0.44313726
0.33333334
0.31372550
0.39607844
0.33333334
0.24313726
0.61176473
0.64313728
0.61176473
0.56078434
0.51764709
0.41960785
0.41176471
0.43137255
0.39215687
0.45490196
0.38039216
0.35686275
0.38823530
0.42745098
0.46666667
0.41176471
0.37647060
0.32549021
0.41960785
0.48235294
0.41960785
0.36078432
0.41176471
0.40392157
0.35686275
0.43137255
0.44705883
0.42745098
0.44313726
0.48235294
0.36862746
0.32156864
0.62745100
0.65098041
0.57254905
0.54901963
0.57647061
0.60392159
0.65490198
0.59607846
0.55686277
0.47058824
0.41960785
0.52941179
0.44705883
0.50196081
0.53725493
0.43921569
0.35686275
0.36078432
0.40784314
0.43137255
0.39215687
0.32941177
0.35294119
0.36078432
0.34509805
0.44313726
0.40000001
0.33725491
0.34509805
0.33333334
0.24313726
0.28627452
0.56862748
0.53333336
0.55294120
0.78431374
0.85882354
0.83529413
0.67058825
0.56470591
0.58039218
0.58431375
0.59215689
0.61568630
0.50588238
0.40784314
0.41568628
0.39607844
0.34509805
0.33725491
0.32941177
0.39607844
0.43921569
0.27450982
0.20000000
0.20784314
0.24313726
0.39607844
0.47450981
0.34901962
0.32156864
0.28235295
0.20392157
0.21176471
0.42352942
0.41960785
0.45882353
0.52156866
0.54509807
0.52941179
0.46274510
0.45490196
0.43137255
0.61176473
0.73333335
0.74117649
0.60392159
0.46274510
0.51372552
0.61176473
0.58823532
0.51764709
0.56862748
0.53333336
0.43529412
0.31372550
0.26274511
0.27843139
0.27058825
0.27843139
0.33333334
0.32941177
0.29019609
0.21960784
0.12156863
0.12156863
0.47058824
0.40000001
0.42352942
0.39607844
0.41960785
0.50588238
0.57254905
0.63921571
0.58823532
0.50196081
0.56078434
0.56862748
0.55294120
0.50588238
0.40392157
0.52941179
0.61568630
0.62352943
0.70588237
0.69411767
0.62745100
0.56862748
0.55686277
0.60784316
0.59607846
0.49803922
0.40784314
0.39215687
0.33725491
0.25882354
0.16470589
0.12156863
0.59607846
0.59215689
0.61568630
0.63529414
0.67843139
0.72941178
0.72941178
0.72549021
0.65490198
0.58039218
0.63921571
0.53333336
0.54117650
0.66274512
0.51372552
0.34509805
0.41176471
0.52156866
0.59215689
0.65490198
0.67843139
0.66666669
0.65098041
0.66274512
0.64705884
0.61960787
0.57254905
0.54901963
0.54117650
0.35686275
0.21568628
0.17647059
0.68235296
0.69803923
0.71372551
0.70588237
0.71764708
0.73725492
0.74117649
0.72549021
0.63137257
0.48627451
0.63529414
0.62352943
0.56470591
0.57647061
0.61568630
0.53725493
0.50588238
0.40784314
0.36470589
0.48235294
0.58823532
0.61176473
0.61568630
0.63529414
0.62352943
0.60784316
0.58039218
0.55294120
0.54117650
0.41176471
0.20784314
0.14509805
0.69411767
0.70196080
0.71764708
0.71372551
0.71372551
0.72156864
0.72549021
0.72549021
0.63137257
0.36078432
0.46274510
0.75294119
0.78823531
0.65882355
0.51764709
0.70980394
0.81568629
0.69019610
0.50196081
0.42745098
0.41176471
0.47058824
0.51372552
0.58039218
0.63529414
0.63529414
0.59215689
0.55686277
0.52941179
0.48235294
0.33333334
0.25490198
0.68235296
0.69019610
0.70588237
0.70980394
0.71372551
0.72549021
0.71764708
0.72156864
0.65490198
0.38039216
0.30588236
0.66274512
0.88235295
0.81568629
0.64313728
0.58039218
0.72941178
0.85490197
0.74901962
0.44705883
0.25882354
0.20000000
0.27450982
0.41176471
0.52156866
0.53333336
0.56862748
0.58431375
0.55294120
0.49803922
0.42745098
0.38039216
0.67843139
0.69019610
0.70980394
0.71764708
0.72549021
0.73333335
0.73333335
0.73333335
0.69019610
0.48627451
0.30196080
0.34901962
0.75294119
0.86274511
0.81960785
0.66666669
0.56078434
0.71372551
0.80000001
0.64313728
0.59607846
0.40392157
0.28235295
0.27058825
0.30980393
0.38431373
0.42745098
0.43921569
0.48235294
0.49019608
0.43921569
0.40000001
0.67450982
0.68235296
0.69803923
0.70980394
0.72156864
0.73725492
0.74509805
0.74117649
0.71372551
0.60784316
0.38823530
0.21960784
0.45490196
0.84313726
0.90588236
0.85098040
0.67843139
0.56470591
0.63529414
0.61568630
0.76470590
0.71372551
0.54117650
0.38431373
0.25882354
0.27058825
0.31372550
0.27450982
0.29019609
0.32941177
0.38823530
0.42352942
0.66274512
0.65490198
0.66274512
0.67450982
0.69411767
0.72156864
0.72941178
0.73333335
0.72941178
0.70196080
0.47450981
0.24705882
0.21568628
0.49411765
0.80392158
0.85490197
0.80784315
0.61960787
0.48235294
0.52549022
0.67058825
0.69411767
0.61176473
0.63529414
0.51764709
0.31764707
0.18431373
0.26666668
0.39215687
0.24313726
0.19215687
0.26274511
0.64313728
0.63921571
0.64705884
0.66666669
0.69019610
0.70980394
0.72156864
0.72549021
0.72549021
0.72156864
0.58431375
0.31764707
0.19215687
0.18039216
0.31764707
0.52941179
0.68235296
0.61176473
0.49803922
0.51372552
0.56862748
0.53725493
0.54901963
0.61960787
0.63137257
0.58431375
0.43137255
0.26274511
0.22352941
0.23529412
0.26274511
0.25882354
0.62745100
0.63137257
0.64705884
0.66666669
0.69019610
0.70588237
0.71372551
0.71764708
0.71372551
0.71372551
0.66274512
0.43529412
0.21176471
0.12156863
0.11764706
0.16078432
0.30196080
0.34117648
0.32549021
0.38431373
0.39215687
0.39607844
0.51372552
0.62352943
0.60000002
0.59607846
0.58431375
0.49411765
0.32941177
0.19607843
0.21176471
0.31372550
0.60784316
0.61568630
0.63529414
0.65098041
0.67843139
0.70588237
0.71764708
0.71372551
0.70588237
0.69803923
0.67843139
0.55686277
0.28627452
0.11372549
0.09019608
0.09803922
0.12156863
0.10980392
0.14509805
0.14117648
0.10980392
0.17647059
0.47843137
0.60392159
0.59215689
0.58039218
0.56470591
0.54509807
0.50196081
0.40392157
0.24705882
0.20784314
0.59215689
0.60392159
0.62352943
0.64705884
0.67450982
0.69411767
0.70980394
0.70980394
0.70196080
0.69411767
0.69411767
0.65490198
0.43921569
0.21176471
0.10196079
0.02352941
0.03921569
0.08235294
0.09019608
0.07843138
0.09019608
0.20784314
0.49019608
0.58431375
0.57254905
0.57254905
0.56078434
0.52941179
0.49411765
0.46666667
0.41568628
0.36470589
0.55686277
0.57647061
0.60000002
0.63137257
0.66666669
0.68235296
0.69803923
0.70588237
0.70980394
0.70588237
0.70980394
0.70588237
0.58039218
0.34509805
0.18823530
0.08627451
0.04313726
0.03529412
0.02745098
0.09019608
0.26274511
0.29019609
0.46274510
0.59215689
0.56862748
0.56470591
0.55294120
0.52156866
0.49411765
0.45490196
0.42352942
0.41176471
0.55686277
0.57254905
0.59215689
0.61960787
0.64313728
0.66274512
0.67450982
0.68627453
0.69803923
0.69803923
0.70588237
0.70980394
0.66666669
0.47450981
0.29803923
0.24313726
0.18823530
0.11372549
0.05882353
0.07058824
0.20784314
0.30588236
0.46274510
0.56862748
0.55686277
0.54901963
0.53725493
0.52156866
0.48627451
0.43921569
0.38431373
0.38823530
0.55686277
0.56078434
0.57254905
0.58823532
0.61568630
0.64313728
0.66274512
0.67450982
0.68235296
0.68627453
0.69411767
0.70588237
0.69411767
0.59215689
0.40392157
0.30980393
0.29019609
0.26274511
0.20000000
0.16078432
0.19215687
0.29803923
0.45882353
0.55686277
0.54509807
0.52941179
0.51764709
0.50588238
0.48627451
0.50196081
0.51372552
0.50980395
0.53333336
0.53333336
0.54901963
0.56862748
0.60000002
0.62745100
0.64313728
0.65882355
0.66666669
0.67843139
0.68627453
0.69019610
0.69019610
0.65882355
0.51764709
0.34509805
0.29803923
0.29411766
0.28235295
0.27058825
0.25882354
0.27843139
0.42352942
0.54117650
0.54117650
0.52549022
0.50980395
0.48627451
0.43921569
0.60784316
0.76078433
0.76078433
0.51372552
0.50980395
0.52549022
0.54117650
0.57647061
0.60392159
0.62352943
0.64313728
0.65882355
0.66274512
0.67450982
0.67843139
0.67843139
0.66274512
0.60000002
0.46666667
0.37647060
0.32156864
0.32156864
0.29411766
0.25490198
0.32549021
0.44705883
0.53333336
0.53725493
0.51764709
0.49803922
0.48235294
0.38823530
0.37254903
0.60000002
0.68627453
0.49411765
0.48627451
0.50196081
0.52156866
0.55294120
0.57647061
0.60000002
0.61960787
0.62745100
0.63529414
0.64705884
0.65490198
0.65490198
0.63529414
0.60784316
0.56078434
0.50980395
0.42745098
0.36862746
0.32549021
0.31764707
0.40000001
0.49019608
0.53333336
0.53725493
0.51372552
0.47843137
0.46666667
0.43921569
0.31372550
0.27843139
0.32549021
0.78823531
0.83529413
0.85882354
0.87843138
0.89803922
0.90196079
0.90980393
0.92156863
0.92549020
0.91372550
0.89803922
0.88235295
0.87450981
0.87843138
0.88235295
0.87058824
0.86274511
0.85098040
0.84313726
0.84705883
0.84705883
0.83921570
0.84313726
0.83921570
0.83137256
0.82745099
0.81568629
0.79607844
0.78431374
0.78039217
0.74901962
0.72549021
0.84705883
0.86274511
0.86666667
0.87058824
0.89411765
0.89803922
0.90196079
0.92156863
0.93725491
0.92549020
0.90980393
0.89411765
0.89411765
0.89803922
0.90980393
0.90588236
0.89803922
0.87450981
0.85882354
0.86666667
0.87058824
0.87058824
0.87450981
0.85098040
0.84705883
0.86274511
0.86274511
0.83921570
0.81960785
0.81176472
0.79607844
0.79607844
0.76862746
0.78823531
0.79215688
0.82352942
0.84313726
0.83921570
0.85098040
0.87058824
0.87058824
0.87058824
0.87450981
0.87843138
0.89019608
0.88627452
0.87450981
0.86666667
0.84313726
0.83137256
0.83529413
0.84313726
0.85098040
0.84705883
0.85098040
0.84705883
0.83921570
0.84313726
0.84313726
0.84313726
0.84313726
0.83529413
0.81176472
0.82352942
0.80392158
0.81568629
0.81960785
0.83921570
0.86666667
0.88235295
0.88627452
0.89411765
0.89803922
0.90196079
0.89803922
0.88627452
0.88627452
0.87843138
0.86666667
0.85098040
0.84313726
0.84705883
0.85098040
0.85882354
0.86274511
0.87058824
0.86666667
0.85098040
0.85098040
0.83921570
0.82352942
0.82745099
0.80392158
0.77254903
0.74901962
0.75294119
0.82352942
0.82352942
0.85098040
0.87058824
0.89019608
0.90588236
0.92156863
0.92941177
0.93333334
0.92156863
0.91764706
0.90196079
0.89411765
0.90196079
0.91372550
0.90196079
0.89019608
0.88235295
0.85882354
0.85882354
0.85490197
0.84705883
0.84313726
0.83921570
0.83529413
0.81960785
0.80000001
0.78823531
0.76078433
0.72156864
0.69411767
0.69803923
0.74901962
0.75686276
0.78431374
0.79607844
0.80784315
0.82352942
0.83137256
0.85098040
0.85098040
0.82745099
0.83137256
0.81568629
0.80000001
0.81568629
0.82745099
0.81176472
0.79215688
0.78039217
0.76470590
0.75686276
0.73333335
0.70980394
0.69411767
0.69411767
0.67843139
0.65490198
0.63137257
0.61176473
0.57647061
0.54901963
0.52941179
0.52156866
0.61960787
0.65098041
0.68235296
0.69019610
0.69803923
0.70588237
0.69803923
0.69411767
0.68627453
0.68235296
0.69019610
0.68627453
0.66274512
0.66274512
0.66666669
0.68627453
0.68627453
0.68235296
0.66274512
0.63921571
0.60000002
0.58039218
0.56862748
0.58039218
0.55294120
0.50588238
0.51372552
0.43921569
0.36078432
0.34117648
0.30588236
0.32549021
0.57647061
0.61960787
0.64705884
0.65490198
0.66666669
0.67058825
0.65882355
0.64313728
0.63921571
0.66274512
0.63921571
0.56470591
0.52549022
0.49411765
0.48235294
0.48235294
0.46274510
0.45882353
0.42745098
0.43137255
0.42745098
0.40784314
0.38431373
0.31372550
0.32549021
0.34901962
0.32549021
0.23921569
0.17647059
0.14901961
0.12156863
0.14117648
0.59215689
0.62352943
0.63921571
0.65098041
0.68235296
0.67058825
0.64705884
0.61960787
0.55686277
0.54509807
0.56078434
0.45882353
0.34901962
0.31372550
0.32549021
0.28235295
0.24705882
0.22745098
0.21960784
0.27843139
0.27058825
0.26666668
0.29803923
0.24313726
0.24313726
0.25490198
0.27058825
0.23137255
0.20784314
0.21176471
0.16078432
0.15686275
0.60392159
0.63529414
0.65882355
0.66666669
0.66666669
0.58431375
0.49803922
0.47058824
0.46666667
0.51764709
0.45490196
0.30588236
0.24705882
0.21960784
0.25490198
0.25882354
0.27843139
0.20000000
0.25490198
0.36470589
0.27843139
0.23137255
0.29019609
0.27450982
0.29803923
0.32941177
0.41176471
0.30588236
0.29019609
0.36862746
0.30588236
0.21960784
0.61176473
0.63529414
0.61176473
0.56862748
0.50588238
0.39607844
0.38823530
0.40784314
0.36470589
0.39607844
0.32156864
0.31372550
0.34901962
0.39215687
0.43921569
0.38431373
0.34509805
0.29803923
0.39607844
0.45490196
0.38431373
0.32156864
0.36470589
0.36078432
0.31764707
0.38431373
0.40000001
0.38823530
0.40392157
0.43921569
0.32549021
0.27843139
0.61568630
0.63529414
0.56078434
0.54117650
0.54509807
0.56470591
0.61960787
0.56862748
0.52549022
0.41960785
0.36862746
0.49019608
0.41568628
0.47450981
0.51372552
0.41960785
0.33725491
0.34509805
0.38823530
0.40392157
0.36078432
0.29411766
0.31372550
0.32156864
0.30588236
0.39215687
0.34901962
0.29019609
0.29803923
0.29019609
0.20000000
0.24705882
0.54901963
0.50980395
0.52156866
0.75294119
0.82352942
0.80000001
0.63921571
0.54117650
0.56078434
0.58431375
0.58823532
0.60000002
0.48235294
0.37254903
0.37647060
0.36470589
0.32549021
0.32941177
0.31372550
0.36862746
0.41568628
0.25098041
0.17647059
0.18431373
0.21176471
0.35686275
0.42745098
0.30196080
0.27843139
0.24705882
0.17254902
0.19215687
0.38823530
0.38039216
0.41568628
0.47843137
0.52156866
0.50980395
0.44705883
0.44705883
0.43529412
0.63921571
0.75686276
0.74509805
0.60000002
0.43529412
0.47058824
0.57254905
0.55686277
0.49411765
0.54509807
0.50196081
0.40784314
0.29019609
0.24313726
0.25882354
0.25098041
0.25098041
0.29803923
0.29411766
0.25098041
0.18431373
0.09803922
0.11372549
0.43137255
0.35686275
0.38039216
0.35686275
0.40000001
0.49019608
0.56470591
0.63529414
0.60392159
0.56470591
0.61176473
0.60392159
0.58039218
0.50980395
0.37647060
0.49803922
0.58039218
0.59215689
0.67058825
0.66274512
0.59607846
0.53725493
0.52549022
0.58431375
0.57647061
0.47843137
0.38823530
0.37254903
0.30980393
0.22745098
0.14509805
0.11372549
0.56862748
0.56470591
0.58431375
0.60784316
0.65098041
0.70588237
0.70980394
0.71372551
0.65882355
0.62352943
0.66666669
0.54509807
0.54901963
0.66666669
0.51372552
0.33333334
0.38431373
0.48627451
0.55294120
0.61568630
0.63921571
0.62745100
0.61176473
0.62745100
0.62352943
0.60000002
0.55686277
0.53725493
0.52156866
0.33333334
0.20000000
0.16862746
0.65490198
0.67843139
0.69803923
0.69019610
0.69019610
0.70980394
0.72156864
0.70980394
0.62352943
0.49411765
0.63529414
0.61176473
0.55686277
0.58039218
0.63137257
0.53333336
0.48235294
0.36470589
0.31764707
0.43921569
0.54509807
0.56470591
0.56470591
0.58823532
0.58431375
0.58039218
0.56470591
0.54509807
0.53725493
0.40392157
0.20000000
0.13725491
0.65490198
0.67843139
0.69411767
0.69411767
0.69019610
0.70196080
0.70980394
0.71372551
0.63137257
0.38823530
0.48235294
0.76470590
0.81176472
0.68627453
0.53333336
0.70588237
0.78431374
0.63137257
0.44705883
0.38823530
0.36862746
0.42352942
0.46666667
0.52941179
0.58823532
0.60000002
0.56862748
0.53725493
0.52156866
0.47843137
0.32549021
0.24313726
0.64313728
0.66274512
0.68235296
0.68627453
0.68627453
0.69411767
0.69019610
0.69411767
0.63529414
0.40784314
0.34509805
0.67058825
0.89803922
0.83137256
0.65098041
0.58823532
0.72156864
0.81960785
0.70980394
0.41960785
0.23137255
0.17647059
0.25882354
0.38431373
0.48235294
0.49411765
0.52549022
0.53725493
0.51764709
0.47450981
0.41176471
0.37254903
0.63529414
0.65882355
0.68235296
0.69411767
0.69411767
0.69803923
0.69803923
0.69803923
0.66274512
0.48627451
0.32941177
0.37647060
0.75294119
0.85882354
0.81960785
0.66666669
0.55686277
0.69411767
0.77647060
0.61568630
0.56470591
0.37647060
0.26666668
0.24705882
0.27843139
0.34901962
0.38431373
0.39607844
0.44705883
0.46666667
0.41960785
0.38823530
0.63529414
0.64705884
0.67058825
0.68627453
0.68627453
0.70196080
0.70980394
0.70588237
0.68627453
0.58823532
0.39607844
0.28235295
0.47843137
0.83529413
0.88627452
0.83137256
0.66274512
0.54901963
0.61176473
0.58823532
0.72549021
0.67058825
0.50196081
0.34901962
0.22745098
0.23921569
0.28627452
0.25098041
0.27450982
0.31764707
0.37647060
0.40784314
0.61568630
0.61960787
0.63137257
0.64705884
0.65882355
0.68235296
0.69411767
0.69803923
0.69019610
0.66274512
0.46666667
0.30588236
0.27843139
0.49803922
0.79607844
0.83921570
0.78823531
0.60784316
0.47058824
0.50196081
0.62745100
0.63921571
0.55294120
0.58823532
0.48235294
0.28627452
0.16078432
0.24313726
0.38039216
0.23921569
0.18039216
0.24313726
0.59607846
0.60000002
0.61568630
0.63529414
0.65098041
0.66666669
0.67450982
0.68235296
0.67843139
0.67843139
0.56470591
0.33333334
0.26274511
0.23529412
0.35294119
0.54117650
0.67843139
0.61176473
0.50196081
0.50588238
0.53725493
0.49019608
0.49411765
0.56862748
0.58823532
0.54509807
0.39607844
0.23137255
0.20784314
0.22745098
0.24705882
0.23529412
0.58039218
0.59215689
0.61176473
0.63137257
0.63921571
0.65490198
0.66274512
0.66666669
0.66274512
0.66666669
0.62352943
0.41960785
0.25882354
0.22745098
0.20784314
0.20392157
0.31764707
0.35294119
0.34509805
0.38823530
0.38039216
0.36862746
0.47450981
0.57254905
0.54509807
0.54117650
0.52941179
0.44313726
0.30196080
0.17647059
0.19215687
0.28627452
0.56862748
0.57647061
0.59607846
0.61176473
0.63137257
0.65098041
0.66274512
0.65882355
0.65490198
0.65490198
0.63529414
0.52156866
0.29803923
0.20000000
0.20392157
0.18823530
0.16862746
0.14117648
0.16862746
0.16078432
0.14509805
0.20784314
0.46666667
0.56078434
0.54509807
0.52941179
0.51372552
0.49019608
0.45882353
0.38039216
0.23137255
0.18823530
0.55294120
0.56078434
0.57254905
0.59215689
0.61960787
0.63921571
0.65490198
0.65098041
0.64705884
0.65882355
0.65490198
0.61568630
0.41960785
0.22745098
0.18823530
0.17647059
0.18823530
0.18431373
0.16862746
0.14117648
0.15686275
0.29019609
0.49019608
0.53333336
0.54117650
0.53725493
0.51764709
0.48235294
0.44705883
0.43137255
0.40392157
0.34509805
0.51372552
0.52941179
0.54901963
0.57254905
0.60784316
0.62352943
0.63529414
0.64313728
0.65098041
0.66274512
0.65882355
0.65098041
0.53725493
0.32549021
0.21960784
0.17647059
0.16470589
0.18039216
0.19215687
0.21568628
0.33333334
0.33725491
0.43921569
0.53725493
0.53333336
0.52156866
0.50980395
0.47450981
0.43921569
0.41568628
0.40392157
0.39215687
0.51372552
0.52156866
0.53725493
0.56078434
0.58431375
0.60000002
0.60784316
0.61568630
0.63137257
0.64313728
0.64313728
0.64705884
0.60784316
0.42352942
0.26666668
0.22352941
0.18823530
0.17254902
0.19215687
0.21176471
0.27843139
0.30588236
0.42745098
0.52549022
0.51372552
0.50196081
0.49019608
0.46666667
0.43137255
0.39215687
0.34117648
0.35686275
0.50980395
0.50980395
0.51764709
0.52941179
0.55294120
0.57647061
0.59215689
0.60000002
0.60784316
0.61176473
0.61960787
0.62745100
0.61960787
0.51764709
0.33725491
0.26274511
0.24313726
0.21960784
0.23137255
0.23137255
0.21568628
0.29019609
0.43529412
0.51764709
0.49803922
0.48235294
0.46666667
0.45098040
0.43921569
0.45098040
0.44705883
0.43921569
0.48627451
0.48235294
0.49019608
0.50588238
0.53333336
0.55686277
0.57254905
0.58431375
0.59215689
0.59607846
0.60392159
0.60784316
0.60784316
0.58039218
0.45882353
0.30196080
0.24705882
0.24705882
0.25882354
0.25490198
0.23921569
0.26666668
0.39607844
0.49803922
0.49411765
0.47450981
0.45490196
0.42745098
0.40392157
0.56078434
0.66666669
0.64313728
0.46666667
0.45882353
0.46666667
0.47843137
0.50980395
0.53333336
0.54901963
0.56470591
0.57647061
0.57647061
0.58823532
0.59607846
0.59215689
0.57647061
0.51764709
0.39607844
0.31372550
0.27843139
0.26274511
0.22745098
0.21568628
0.27843139
0.38823530
0.47450981
0.48235294
0.46274510
0.43529412
0.42352942
0.36078432
0.33333334
0.51372552
0.56470591
0.45490196
0.43921569
0.44705883
0.45882353
0.48235294
0.50588238
0.52941179
0.54509807
0.55294120
0.54901963
0.56078434
0.56470591
0.56078434
0.53725493
0.50196081
0.46666667
0.42745098
0.35294119
0.29019609
0.25098041
0.25098041
0.32941177
0.41568628
0.45490196
0.46274510
0.44313726
0.41960785
0.41176471
0.40392157
0.27843139
0.21960784
0.24705882
1 0 0 0 0 0 0 0 -1 0 0
0 1 0 0 0 0 0 0 -1 0 0
0 0 1 0 0 0 0 0 -1 0 0
0 0 0 1 0 0 0 0 -1 0 0
0 0 0 0 1 0 0 0 -1 0 0
0 0 0 0 0 1 0 0 -1 0 0
0 0 0 0 0 0 1 0 -1 0 0
0 0 0 0 0 0 0 1 -1 0 0
0 0 0 0 0 0 0 0 -1 1 0
