0.58823532
0.57647061
0.57647061
0.56470591
0.54509807
0.53725493
0.53333336
0.52549022
0.51764709
0.51372552
0.46274510
0.34901962
0.36862746
0.45490196
0.50196081
0.52156866
0.51372552
0.51372552
0.50980395
0.51372552
0.54117650
0.51764709
0.52156866
0.55294120
0.54901963
0.47450981
0.44313726
0.41960785
0.43529412
0.46274510
0.46666667
0.44705883
0.60000002
0.58823532
0.58039218
0.57254905
0.56078434
0.55686277
0.54509807
0.54117650
0.52549022
0.52156866
0.50980395
0.32941177
0.34509805
0.34901962
0.40000001
0.47843137
0.54117650
0.52941179
0.52156866
0.53333336
0.61176473
0.66666669
0.69411767
0.70196080
0.63921571
0.54117650
0.49411765
0.48627451
0.52941179
0.52549022
0.45490196
0.40784314
0.62745100
0.61960787
0.60784316
0.59607846
0.58039218
0.56862748
0.55686277
0.55686277
0.54901963
0.56078434
0.48627451
0.18823530
0.23529412
0.27843139
0.29803923
0.31764707
0.45098040
0.50980395
0.49803922
0.51764709
0.63529414
0.73333335
0.74901962
0.72941178
0.63137257
0.51764709
0.52156866
0.63529414
0.61176473
0.56862748
0.51764709
0.43137255
0.63921571
0.63137257
0.62745100
0.61568630
0.60392159
0.58823532
0.57647061
0.56862748
0.55686277
0.60000002
0.50980395
0.31372550
0.17647059
0.15686275
0.22352941
0.25882354
0.32941177
0.55686277
0.56078434
0.52549022
0.55686277
0.60000002
0.62745100
0.62745100
0.55686277
0.48235294
0.52941179
0.63529414
0.59215689
0.55686277
0.49019608
0.43137255
0.65490198
0.64705884
0.65098041
0.66274512
0.63529414
0.60392159
0.58823532
0.58823532
0.58039218
0.62352943
0.51372552
0.41568628
0.37647060
0.21568628
0.15294118
0.17647059
0.28235295
0.68235296
0.67450982
0.56078434
0.58039218
0.58039218
0.57254905
0.57647061
0.54901963
0.56470591
0.61960787
0.62745100
0.60784316
0.52549022
0.46274510
0.44705883
0.66274512
0.64705884
0.65882355
0.68627453
0.65882355
0.61568630
0.60000002
0.59607846
0.60392159
0.56470591
0.38823530
0.41960785
0.41960785
0.37254903
0.15686275
0.12941177
0.16078432
0.31372550
0.56862748
0.59607846
0.65882355
0.64705884
0.54901963
0.52549022
0.56470591
0.68627453
0.71764708
0.71372551
0.65098041
0.54509807
0.48235294
0.45490196
0.66274512
0.64313728
0.64705884
0.65098041
0.63529414
0.62352943
0.61176473
0.60784316
0.63137257
0.48627451
0.21960784
0.40392157
0.43137255
0.41960785
0.34901962
0.14509805
0.05098039
0.02745098
0.24705882
0.56470591
0.61568630
0.56078434
0.51764709
0.50980395
0.54901963
0.65490198
0.71372551
0.71372551
0.68627453
0.64313728
0.57647061
0.50588238
0.66666669
0.65098041
0.64705884
0.64313728
0.63137257
0.62745100
0.62745100
0.64313728
0.69019610
0.52941179
0.23529412
0.26274511
0.41176471
0.41568628
0.41176471
0.36078432
0.12549020
0.05098039
0.05882353
0.21176471
0.53725493
0.57647061
0.50980395
0.50980395
0.51764709
0.55686277
0.65882355
0.69411767
0.67450982
0.61568630
0.58823532
0.56862748
0.67058825
0.65490198
0.65098041
0.64313728
0.63137257
0.63529414
0.61960787
0.58823532
0.60392159
0.43137255
0.38039216
0.23921569
0.25098041
0.39215687
0.40784314
0.41176471
0.34901962
0.14509805
0.07058824
0.02745098
0.17647059
0.50980395
0.58823532
0.54901963
0.52549022
0.52549022
0.58431375
0.60392159
0.56078434
0.54117650
0.55686277
0.58039218
0.67450982
0.66274512
0.66274512
0.64705884
0.63921571
0.65490198
0.62745100
0.58823532
0.63529414
0.47058824
0.40000001
0.35686275
0.21568628
0.25882354
0.38823530
0.37647060
0.39215687
0.35686275
0.13725491
0.05098039
0.04705882
0.15686275
0.47058824
0.62745100
0.58431375
0.61568630
0.61960787
0.58823532
0.56078434
0.55294120
0.56470591
0.54901963
0.69019610
0.68235296
0.67843139
0.66274512
0.65882355
0.67450982
0.69803923
0.70980394
0.69803923
0.64313728
0.46274510
0.39215687
0.35294119
0.20000000
0.25882354
0.38823530
0.37647060
0.40392157
0.37254903
0.11764706
0.04705882
0.03921569
0.11372549
0.45098040
0.64705884
0.65882355
0.60784316
0.58039218
0.56470591
0.55686277
0.55294120
0.54117650
0.68235296
0.67450982
0.67058825
0.66274512
0.65882355
0.67058825
0.69019610
0.69019610
0.65882355
0.65882355
0.66274512
0.44313726
0.38039216
0.33725491
0.21568628
0.25098041
0.36470589
0.38431373
0.41176471
0.36078432
0.12549020
0.05490196
0.05490196
0.10196079
0.41568628
0.65098041
0.60000002
0.55294120
0.54901963
0.54509807
0.54509807
0.53725493
0.69803923
0.69019610
0.68627453
0.67843139
0.67058825
0.67058825
0.66666669
0.66666669
0.65882355
0.63921571
0.68627453
0.49019608
0.36470589
0.40784314
0.35294119
0.17647059
0.22352941
0.36470589
0.40392157
0.41176471
0.38431373
0.14117648
0.05490196
0.04705882
0.05490196
0.33725491
0.61176473
0.58039218
0.54509807
0.53725493
0.53333336
0.55294120
0.72156864
0.70980394
0.70980394
0.70196080
0.69411767
0.69411767
0.68627453
0.68627453
0.67450982
0.65098041
0.65882355
0.45882353
0.41176471
0.38823530
0.34509805
0.28235295
0.18823530
0.24705882
0.36862746
0.38823530
0.41568628
0.39215687
0.18823530
0.10588235
0.10588235
0.08235294
0.29019609
0.57254905
0.61568630
0.57254905
0.53333336
0.54901963
0.73333335
0.71764708
0.71764708
0.70980394
0.70588237
0.70588237
0.70196080
0.70196080
0.69019610
0.67058825
0.66274512
0.49019608
0.46274510
0.49803922
0.32941177
0.31372550
0.30196080
0.20392157
0.25882354
0.38431373
0.40000001
0.42352942
0.38823530
0.23137255
0.25490198
0.25490198
0.19215687
0.32549021
0.46274510
0.38039216
0.31372550
0.29019609
0.62352943
0.70588237
0.73725492
0.72549021
0.72156864
0.72549021
0.71764708
0.70980394
0.69803923
0.69803923
0.64705884
0.53725493
0.47058824
0.62352943
0.55686277
0.34509805
0.34117648
0.30588236
0.20392157
0.25490198
0.37647060
0.39215687
0.40784314
0.30980393
0.24313726
0.32156864
0.25098041
0.18823530
0.23137255
0.21960784
0.21568628
0.17647059
0.53333336
0.64705884
0.74509805
0.71764708
0.74509805
0.74901962
0.74117649
0.73333335
0.72549021
0.76078433
0.63529414
0.49019608
0.48627451
0.65882355
0.56078434
0.31764707
0.34117648
0.36470589
0.30588236
0.20392157
0.25882354
0.37254903
0.44313726
0.29411766
0.20000000
0.31764707
0.27450982
0.25490198
0.29019609
0.27450982
0.25882354
0.22352941
0.51764709
0.54117650
0.69411767
0.70196080
0.69411767
0.61176473
0.54117650
0.48235294
0.45098040
0.53333336
0.55686277
0.50588238
0.49803922
0.67843139
0.51764709
0.23137255
0.28235295
0.34901962
0.35294119
0.29411766
0.18823530
0.31764707
0.45882353
0.23529412
0.19215687
0.27843139
0.21960784
0.22745098
0.24705882
0.22745098
0.15686275
0.14901961
0.46666667
0.43529412
0.52941179
0.56862748
0.50196081
0.52156866
0.31372550
0.18431373
0.18431373
0.21176471
0.25098041
0.25098041
0.32156864
0.50196081
0.46274510
0.18039216
0.13333334
0.27843139
0.33725491
0.35686275
0.29411766
0.36078432
0.44313726
0.19215687
0.20000000
0.28627452
0.22745098
0.22352941
0.21176471
0.10196079
0.12941177
0.17647059
0.37254903
0.28235295
0.32941177
0.32941177
0.31764707
0.47058824
0.29411766
0.13725491
0.19215687
0.13725491
0.09019608
0.05882353
0.18039216
0.22745098
0.21176471
0.16470589
0.18823530
0.21176471
0.34117648
0.35294119
0.36470589
0.44313726
0.41176471
0.13333334
0.19607843
0.34509805
0.27843139
0.27058825
0.25490198
0.09411765
0.13725491
0.16078432
0.24313726
0.22352941
0.28235295
0.29411766
0.27450982
0.34117648
0.33725491
0.20784314
0.15686275
0.12549020
0.12941177
0.09411765
0.14901961
0.18039216
0.21568628
0.25098041
0.27058825
0.23137255
0.26274511
0.36470589
0.35686275
0.45882353
0.38039216
0.09803922
0.15686275
0.29019609
0.21960784
0.19607843
0.21176471
0.20392157
0.18823530
0.18431373
0.22745098
0.22352941
0.22745098
0.36078432
0.40000001
0.34117648
0.36862746
0.28235295
0.18431373
0.15294118
0.12156863
0.13333334
0.15686275
0.11764706
0.17647059
0.21568628
0.22352941
0.27450982
0.32549021
0.33333334
0.34509805
0.42745098
0.31764707
0.06274510
0.13333334
0.24705882
0.20392157
0.22352941
0.20000000
0.20784314
0.20784314
0.21568628
0.16078432
0.16078432
0.24705882
0.50196081
0.34901962
0.29803923
0.35686275
0.23921569
0.14117648
0.10588235
0.08235294
0.15686275
0.19215687
0.14117648
0.22745098
0.30196080
0.32156864
0.29803923
0.32549021
0.33333334
0.35294119
0.36470589
0.25098041
0.05490196
0.14901961
0.25490198
0.21568628
0.22745098
0.19215687
0.20000000
0.21960784
0.20000000
0.27058825
0.23921569
0.34509805
0.36078432
0.28235295
0.29411766
0.26666668
0.12156863
0.05882353
0.04313726
0.04313726
0.16470589
0.20392157
0.23529412
0.45490196
0.47843137
0.37254903
0.23529412
0.27843139
0.33725491
0.36078432
0.38823530
0.21568628
0.10196079
0.13333334
0.19607843
0.18823530
0.18823530
0.16078432
0.21176471
0.22352941
0.18823530
0.61176473
0.58431375
0.38039216
0.07843138
0.14901961
0.16470589
0.09019608
0.04705882
0.05490196
0.05490196
0.07843138
0.10588235
0.11764706
0.21568628
0.27450982
0.25882354
0.17254902
0.19215687
0.20000000
0.18823530
0.16862746
0.23137255
0.17647059
0.11764706
0.08627451
0.08627451
0.07843138
0.10588235
0.13725491
0.18823530
0.18431373
0.16470589
0.62352943
0.61568630
0.38823530
0.10588235
0.09019608
0.08627451
0.07450981
0.06666667
0.09019608
0.07450981
0.07058824
0.09803922
0.13333334
0.16862746
0.10196079
0.10980392
0.13333334
0.18039216
0.16470589
0.12941177
0.10588235
0.11764706
0.14117648
0.09803922
0.07450981
0.04705882
0.05098039
0.08235294
0.10588235
0.10588235
0.08235294
0.09803922
0.60784316
0.60000002
0.50196081
0.16078432
0.09019608
0.09411765
0.08235294
0.07450981
0.09803922
0.05490196
0.14117648
0.10196079
0.09411765
0.12549020
0.08235294
0.10980392
0.12156863
0.17254902
0.25490198
0.12941177
0.10980392
0.10980392
0.12549020
0.09803922
0.07843138
0.04313726
0.03529412
0.15294118
0.25490198
0.07450981
0.02352941
0.12156863
0.57254905
0.55686277
0.54901963
0.20784314
0.09803922
0.25882354
0.23921569
0.25098041
0.23529412
0.06274510
0.22745098
0.16862746
0.14117648
0.12549020
0.08627451
0.10196079
0.07843138
0.18431373
0.26666668
0.08627451
0.08627451
0.08627451
0.11372549
0.10588235
0.07450981
0.04705882
0.07843138
0.18039216
0.40784314
0.16078432
0.03921569
0.24705882
0.50980395
0.48627451
0.49803922
0.29019609
0.12549020
0.21176471
0.14509805
0.09803922
0.07058824
0.04705882
0.06274510
0.07843138
0.08235294
0.10980392
0.11764706
0.10588235
0.05882353
0.15294118
0.27450982
0.14901961
0.08627451
0.06274510
0.10980392
0.10980392
0.05490196
0.08627451
0.26666668
0.31372550
0.43137255
0.19215687
0.04313726
0.34901962
0.48235294
0.45098040
0.46274510
0.45882353
0.36470589
0.29411766
0.25490198
0.19607843
0.14117648
0.10196079
0.08627451
0.07843138
0.06666667
0.06274510
0.08235294
0.05882353
0.01568628
0.07058824
0.18431373
0.15294118
0.07450981
0.03921569
0.09411765
0.10588235
0.06666667
0.07058824
0.12941177
0.16470589
0.21176471
0.12549020
0.02352941
0.18431373
0.48627451
0.44705883
0.45490196
0.48235294
0.52156866
0.54509807
0.52549022
0.50196081
0.45490196
0.32941177
0.28627452
0.26274511
0.20784314
0.16078432
0.14901961
0.15294118
0.12156863
0.08235294
0.07058824
0.05882353
0.05098039
0.03529412
0.06666667
0.10980392
0.09411765
0.09411765
0.10980392
0.10980392
0.13725491
0.08235294
0.02352941
0.12941177
0.36078432
0.34117648
0.33333334
0.34117648
0.36862746
0.36862746
0.39215687
0.39607844
0.39215687
0.38431373
0.37254903
0.38823530
0.31372550
0.28627452
0.31764707
0.34901962
0.30588236
0.24313726
0.16470589
0.10588235
0.08235294
0.09803922
0.12156863
0.12941177
0.11372549
0.12156863
0.13333334
0.12156863
0.12156863
0.10980392
0.04705882
0.10980392
0.76862746
0.75294119
0.75294119
0.74901962
0.73725492
0.72941178
0.72156864
0.71372551
0.70980394
0.71372551
0.61568630
0.44705883
0.46666667
0.59607846
0.66666669
0.68627453
0.69803923
0.70588237
0.69411767
0.69803923
0.70980394
0.67843139
0.67843139
0.71764708
0.72156864
0.65490198
0.63137257
0.62352943
0.64313728
0.65098041
0.65490198
0.63137257
0.78039217
0.76470590
0.76078433
0.75686276
0.75294119
0.74901962
0.73725492
0.72549021
0.71372551
0.69803923
0.64313728
0.40784314
0.39215687
0.42745098
0.50980395
0.61176473
0.71764708
0.72941178
0.71764708
0.71372551
0.76078433
0.80000001
0.82745099
0.83921570
0.78823531
0.70196080
0.66274512
0.66274512
0.70196080
0.68627453
0.62745100
0.60000002
0.81176472
0.80000001
0.78823531
0.78431374
0.77647060
0.76078433
0.75294119
0.74509805
0.73333335
0.72941178
0.60392159
0.24313726
0.25490198
0.30588236
0.35294119
0.40000001
0.57647061
0.67058825
0.67843139
0.68627453
0.77647060
0.86666667
0.88235295
0.86666667
0.77647060
0.67843139
0.68627453
0.79607844
0.76862746
0.72156864
0.68627453
0.62745100
0.82745099
0.81568629
0.81176472
0.80784315
0.80000001
0.78431374
0.76862746
0.75294119
0.73333335
0.76862746
0.61176473
0.34901962
0.20000000
0.16078432
0.23137255
0.29411766
0.38039216
0.66666669
0.72941178
0.69019610
0.70588237
0.75294119
0.78431374
0.78039217
0.71764708
0.66274512
0.70588237
0.79607844
0.74901962
0.72156864
0.66274512
0.61960787
0.84313726
0.83137256
0.83529413
0.85098040
0.82352942
0.79215688
0.78823531
0.77647060
0.76078433
0.79607844
0.61960787
0.45490196
0.41176471
0.22745098
0.15686275
0.18039216
0.28627452
0.77254903
0.85490197
0.73333335
0.72941178
0.73725492
0.74117649
0.74117649
0.71372551
0.72941178
0.78039217
0.78039217
0.76470590
0.69803923
0.63921571
0.63529414
0.85098040
0.83529413
0.84705883
0.86274511
0.83137256
0.80000001
0.80000001
0.79215688
0.78431374
0.73725492
0.50980395
0.47843137
0.45490196
0.40000001
0.17647059
0.13725491
0.15294118
0.38823530
0.73333335
0.76078433
0.80000001
0.80392158
0.72549021
0.69019610
0.71764708
0.82745099
0.84313726
0.84705883
0.80392158
0.71372551
0.66274512
0.65098041
0.84705883
0.82745099
0.83137256
0.83137256
0.81176472
0.80392158
0.80784315
0.80000001
0.81568629
0.64313728
0.32549021
0.46274510
0.47058824
0.45098040
0.37647060
0.16470589
0.06274510
0.05490196
0.32156864
0.68627453
0.77254903
0.73725492
0.70980394
0.69019610
0.72549021
0.82352942
0.85490197
0.85098040
0.83137256
0.79607844
0.74117649
0.68627453
0.85490197
0.83529413
0.83137256
0.83137256
0.81960785
0.81176472
0.81176472
0.83137256
0.86274511
0.66274512
0.32156864
0.31764707
0.45882353
0.45490196
0.44313726
0.39215687
0.15294118
0.05098039
0.05882353
0.28235295
0.67843139
0.75294119
0.70980394
0.70196080
0.71372551
0.75294119
0.81176472
0.82745099
0.81568629
0.77254903
0.75294119
0.74117649
0.86274511
0.84313726
0.83921570
0.83921570
0.83137256
0.82352942
0.80000001
0.77254903
0.76862746
0.53725493
0.44313726
0.29411766
0.30588236
0.43921569
0.44705883
0.44705883
0.38823530
0.14901961
0.05882353
0.05490196
0.25098041
0.63137257
0.75686276
0.74117649
0.72549021
0.72156864
0.74509805
0.75294119
0.72156864
0.71372551
0.73725492
0.76078433
0.86666667
0.85490197
0.85490197
0.85098040
0.84705883
0.84705883
0.81176472
0.76862746
0.79215688
0.56862748
0.45490196
0.40784314
0.27450982
0.31372550
0.43529412
0.41176471
0.42352942
0.38039216
0.15294118
0.05490196
0.05490196
0.21176471
0.59607846
0.80784315
0.78431374
0.80392158
0.79607844
0.77254903
0.75686276
0.74901962
0.76078433
0.74509805
0.87843138
0.86666667
0.86274511
0.85882354
0.85882354
0.86666667
0.89019608
0.89411765
0.87058824
0.78431374
0.54509807
0.42352942
0.38823530
0.27058825
0.31764707
0.41176471
0.40000001
0.43921569
0.40392157
0.13725491
0.05882353
0.05490196
0.15686275
0.56078434
0.81960785
0.84705883
0.80784315
0.78431374
0.76470590
0.74117649
0.74117649
0.73333335
0.87058824
0.85882354
0.85490197
0.85098040
0.85098040
0.86274511
0.88627452
0.87450981
0.84313726
0.84313726
0.78823531
0.50196081
0.40784314
0.37647060
0.25882354
0.28627452
0.39607844
0.41568628
0.44313726
0.39215687
0.16078432
0.06666667
0.05490196
0.14117648
0.51764709
0.80000001
0.78431374
0.76862746
0.76470590
0.74509805
0.74509805
0.74117649
0.88627452
0.87450981
0.87058824
0.86666667
0.86274511
0.86666667
0.86274511
0.85098040
0.84313726
0.84313726
0.85882354
0.60784316
0.41960785
0.41176471
0.36470589
0.23529412
0.26666668
0.39607844
0.43529412
0.44313726
0.42352942
0.16470589
0.04705882
0.05490196
0.08627451
0.41568628
0.76470590
0.79215688
0.77647060
0.75686276
0.74901962
0.76470590
0.90980393
0.89803922
0.89803922
0.89411765
0.89019608
0.89019608
0.88235295
0.87450981
0.86666667
0.87058824
0.85490197
0.60784316
0.50196081
0.41568628
0.36470589
0.33333334
0.22745098
0.27843139
0.40000001
0.41960785
0.46274510
0.42352942
0.18823530
0.09803922
0.10196079
0.11764706
0.39607844
0.73333335
0.79607844
0.74117649
0.69411767
0.69803923
0.92549020
0.90588236
0.90588236
0.90588236
0.90588236
0.90588236
0.89803922
0.89411765
0.89411765
0.89803922
0.85490197
0.63529414
0.59215689
0.60000002
0.39215687
0.33725491
0.32941177
0.23529412
0.29019609
0.41568628
0.44313726
0.46274510
0.40392157
0.23137255
0.24313726
0.26274511
0.25098041
0.41176471
0.54509807
0.44705883
0.36862746
0.32941177
0.80392158
0.89019608
0.92549020
0.92156863
0.92156863
0.91764706
0.91372550
0.90980393
0.90980393
0.91372550
0.83137256
0.67843139
0.61176473
0.78039217
0.65882355
0.35686275
0.36862746
0.33725491
0.22352941
0.28235295
0.41960785
0.43921569
0.44313726
0.32941177
0.25098041
0.33725491
0.28627452
0.21568628
0.24313726
0.22352941
0.19607843
0.13725491
0.69019610
0.81568629
0.92549020
0.91372550
0.92941177
0.91764706
0.92549020
0.92941177
0.90980393
0.93333334
0.78431374
0.63137257
0.58823532
0.80392158
0.66666669
0.33333334
0.39215687
0.38431373
0.30980393
0.22352941
0.30588236
0.42352942
0.48627451
0.32156864
0.22352941
0.34901962
0.29803923
0.26274511
0.29411766
0.27058825
0.22352941
0.17647059
0.65098041
0.68235296
0.84705883
0.86666667
0.84705883
0.75294119
0.69803923
0.63529414
0.56470591
0.63137257
0.63529414
0.59215689
0.55686277
0.78431374
0.59215689
0.23921569
0.31372550
0.35686275
0.35294119
0.32156864
0.23921569
0.36862746
0.49803922
0.25882354
0.21568628
0.31372550
0.24313726
0.23529412
0.25098041
0.21960784
0.12549020
0.10980392
0.56862748
0.54117650
0.63137257
0.67450982
0.61176473
0.62745100
0.42352942
0.29019609
0.27843139
0.29019609
0.30980393
0.31372550
0.34901962
0.55686277
0.50196081
0.16862746
0.14901961
0.27058825
0.33333334
0.38039216
0.34117648
0.40392157
0.47843137
0.21568628
0.22352941
0.32156864
0.25098041
0.23137255
0.21960784
0.12156863
0.14509805
0.18823530
0.44313726
0.34117648
0.38039216
0.38823530
0.39215687
0.55686277
0.36862746
0.21568628
0.29019609
0.22352941
0.15294118
0.12156863
0.18823530
0.25490198
0.22745098
0.15686275
0.21176471
0.21176471
0.32941177
0.35294119
0.40000001
0.49019608
0.44705883
0.15686275
0.21960784
0.38039216
0.30196080
0.27450982
0.26274511
0.12156863
0.18039216
0.20784314
0.29019609
0.25490198
0.30196080
0.33333334
0.35294119
0.43921569
0.41568628
0.27450982
0.22745098
0.17647059
0.16078432
0.13333334
0.15686275
0.20392157
0.22745098
0.25098041
0.32156864
0.24705882
0.23921569
0.32549021
0.37647060
0.50588238
0.41568628
0.12156863
0.18039216
0.32549021
0.24313726
0.20392157
0.20392157
0.16470589
0.18039216
0.18823530
0.23921569
0.23137255
0.22352941
0.40392157
0.48627451
0.42745098
0.43921569
0.34117648
0.22745098
0.18431373
0.13725491
0.14901961
0.16862746
0.13333334
0.18823530
0.21960784
0.23529412
0.22745098
0.22352941
0.22352941
0.32549021
0.45490196
0.33725491
0.07843138
0.15294118
0.27450982
0.22352941
0.21960784
0.16470589
0.14509805
0.14509805
0.16470589
0.16862746
0.17254902
0.25882354
0.54901963
0.41960785
0.35686275
0.40784314
0.28627452
0.18039216
0.13725491
0.10196079
0.17254902
0.20000000
0.15294118
0.23921569
0.30980393
0.30980393
0.22745098
0.20784314
0.23529412
0.32549021
0.36862746
0.25098041
0.05490196
0.15294118
0.27450982
0.23529412
0.21568628
0.14509805
0.12549020
0.13333334
0.13333334
0.30588236
0.27450982
0.38039216
0.40392157
0.32941177
0.32941177
0.29411766
0.15294118
0.09019608
0.06666667
0.05490196
0.17254902
0.21176471
0.24705882
0.46666667
0.49019608
0.38431373
0.20784314
0.23137255
0.32549021
0.36078432
0.38431373
0.20784314
0.09411765
0.13333334
0.20784314
0.20392157
0.18431373
0.11372549
0.11372549
0.12941177
0.12549020
0.65882355
0.63137257
0.42745098
0.11764706
0.18431373
0.19215687
0.10980392
0.06666667
0.08235294
0.07058824
0.08235294
0.10588235
0.12941177
0.22745098
0.29019609
0.27450982
0.19607843
0.20392157
0.21176471
0.22745098
0.18823530
0.22745098
0.17254902
0.11372549
0.08235294
0.09019608
0.09411765
0.10980392
0.10196079
0.10980392
0.12549020
0.13333334
0.66274512
0.65882355
0.43137255
0.15294118
0.13333334
0.12156863
0.10196079
0.09411765
0.10980392
0.08235294
0.07058824
0.09411765
0.14509805
0.18431373
0.11764706
0.12941177
0.15686275
0.21176471
0.20000000
0.16078432
0.12549020
0.12941177
0.15686275
0.11764706
0.07843138
0.03921569
0.06274510
0.09019608
0.09411765
0.09803922
0.10196079
0.12156863
0.62745100
0.61960787
0.52156866
0.20392157
0.14117648
0.13725491
0.12156863
0.10196079
0.11372549
0.05882353
0.14117648
0.09803922
0.10196079
0.13725491
0.09411765
0.12156863
0.14117648
0.20784314
0.29411766
0.14117648
0.13333334
0.15294118
0.16470589
0.13725491
0.09019608
0.03529412
0.04313726
0.16078432
0.25882354
0.12156863
0.09803922
0.16862746
0.57647061
0.56078434
0.55294120
0.22745098
0.12941177
0.29019609
0.26666668
0.27058825
0.24705882
0.07058824
0.23137255
0.17254902
0.14901961
0.13333334
0.09019608
0.10588235
0.10196079
0.21960784
0.30196080
0.11372549
0.12941177
0.13725491
0.15294118
0.13333334
0.08627451
0.04705882
0.07843138
0.17254902
0.40000001
0.18823530
0.09411765
0.25882354
0.51372552
0.49019608
0.49803922
0.30196080
0.14509805
0.22745098
0.16470589
0.11764706
0.09411765
0.07058824
0.08627451
0.09803922
0.10196079
0.12549020
0.13333334
0.12549020
0.08627451
0.18431373
0.30588236
0.18039216
0.12156863
0.09411765
0.13333334
0.11764706
0.06274510
0.09803922
0.26666668
0.30980393
0.42352942
0.21568628
0.09019608
0.34901962
0.49019608
0.45882353
0.47058824
0.47058824
0.38039216
0.30980393
0.26666668
0.22352941
0.17647059
0.14117648
0.12156863
0.10980392
0.09803922
0.09803922
0.11372549
0.08627451
0.03921569
0.09411765
0.21568628
0.18039216
0.09411765
0.05098039
0.10588235
0.11372549
0.08235294
0.09803922
0.14509805
0.17254902
0.21960784
0.16078432
0.07843138
0.19215687
0.49411765
0.45098040
0.45882353
0.48627451
0.52941179
0.54901963
0.53333336
0.52156866
0.48627451
0.35686275
0.31372550
0.29019609
0.23921569
0.18823530
0.17647059
0.18039216
0.14901961
0.10980392
0.09803922
0.08627451
0.06274510
0.04313726
0.07843138
0.12941177
0.12941177
0.13725491
0.14117648
0.13333334
0.15294118
0.12549020
0.09019608
0.14509805
0.36078432
0.34509805
0.33333334
0.34509805
0.37254903
0.37254903
0.39215687
0.40392157
0.40784314
0.39607844
0.38431373
0.40000001
0.32549021
0.29803923
0.32941177
0.36078432
0.33333334
0.27450982
0.19215687
0.13725491
0.10196079
0.11764706
0.15686275
0.17647059
0.16862746
0.17647059
0.17647059
0.15686275
0.14509805
0.16078432
0.11764706
0.12941177
1.00000000
0.98039216
0.98039216
0.97254902
0.96078432
0.96078432
0.96078432
0.95686275
0.96470588
0.96862745
0.80784315
0.56470591
0.60000002
0.78039217
0.90196079
0.93725491
0.93333334
0.93333334
0.93333334
0.94509804
0.94509804
0.91372550
0.92549020
0.93333334
0.93725491
0.91764706
0.91372550
0.89411765
0.89019608
0.91372550
0.89803922
0.88235295
0.99607843
0.97647059
0.97254902
0.96862745
0.96862745
0.96862745
0.96862745
0.95686275
0.97254902
0.98823529
0.81960785
0.42745098
0.43529412
0.51372552
0.64313728
0.77254903
0.90196079
0.93725491
0.94117647
0.94117647
0.94901961
0.96078432
0.98039216
0.97254902
0.95686275
0.93725491
0.89411765
0.88235295
0.91372550
0.91372550
0.87058824
0.87058824
1.00000000
0.99607843
0.98431373
0.98039216
0.98039216
0.97647059
0.97647059
0.97254902
0.98431373
0.99607843
0.74509805
0.23137255
0.25490198
0.32549021
0.40000001
0.47843137
0.71372551
0.87450981
0.92941177
0.94901961
0.96862745
0.98823529
0.99607843
0.97647059
0.94117647
0.89411765
0.87843138
0.96862745
0.94901961
0.93333334
0.93333334
0.90980393
1.00000000
0.99607843
0.99607843
0.99607843
0.99607843
0.99215686
0.98823529
0.98823529
0.98431373
0.97647059
0.71372551
0.36470589
0.20784314
0.14901961
0.21960784
0.30196080
0.43137255
0.79607844
0.93725491
0.93725491
0.92941177
0.92549020
0.93333334
0.93725491
0.91764706
0.87450981
0.87843138
0.95294118
0.92549020
0.93725491
0.92549020
0.90980393
1.00000000
0.99607843
1.00000000
1.00000000
0.99607843
0.99215686
0.99215686
0.99607843
0.98823529
0.96470588
0.70588237
0.49803922
0.43921569
0.22745098
0.14117648
0.16470589
0.27058825
0.82352942
0.99215686
0.94117647
0.93725491
0.92941177
0.92941177
0.94901961
0.93725491
0.93333334
0.93725491
0.92941177
0.93333334
0.90588236
0.90196079
0.91764706
1.00000000
0.99215686
1.00000000
1.00000000
0.99215686
0.99607843
0.98823529
0.98431373
0.98823529
0.90588236
0.60784316
0.52156866
0.48627451
0.41568628
0.17647059
0.12156863
0.14117648
0.43921569
0.87450981
0.95294118
0.96470588
0.96862745
0.93725491
0.92941177
0.93333334
0.97647059
0.97254902
0.96470588
0.93333334
0.88627452
0.89019608
0.90980393
1.00000000
0.99607843
1.00000000
0.99215686
0.98823529
1.00000000
0.99215686
0.97254902
0.97647059
0.78431374
0.42745098
0.52549022
0.50588238
0.47450981
0.38039216
0.15294118
0.06666667
0.08235294
0.39607844
0.83921570
0.95294118
0.94117647
0.94901961
0.94509804
0.93725491
0.96078432
0.96078432
0.93725491
0.93333334
0.95686275
0.94509804
0.91764706
1.00000000
0.99607843
0.99607843
0.99215686
0.99607843
1.00000000
0.99215686
0.98039216
0.97647059
0.77254903
0.41568628
0.39215687
0.50196081
0.48235294
0.45098040
0.39215687
0.16862746
0.05098039
0.07058824
0.36470589
0.83921570
0.96078432
0.94509804
0.94901961
0.93725491
0.92941177
0.95686275
0.95686275
0.95686275
0.94117647
0.93333334
0.94117647
1.00000000
0.99215686
0.98823529
0.98823529
0.99215686
0.99215686
0.94509804
0.89803922
0.87450981
0.61960787
0.51372552
0.35686275
0.35294119
0.47058824
0.46274510
0.45098040
0.40000001
0.15686275
0.06274510
0.07843138
0.33333334
0.78039217
0.94117647
0.94117647
0.93333334
0.91764706
0.92549020
0.93725491
0.91764706
0.90196079
0.90588236
0.94509804
0.99607843
0.98039216
0.98039216
0.97647059
0.98039216
0.98431373
0.92156863
0.87450981
0.89803922
0.63921571
0.49803922
0.45098040
0.31764707
0.35294119
0.45490196
0.41568628
0.43137255
0.41176471
0.18039216
0.03921569
0.05882353
0.28235295
0.71372551
0.95686275
0.94117647
0.94901961
0.94901961
0.94509804
0.94901961
0.94901961
0.93725491
0.92549020
0.99215686
0.98039216
0.97647059
0.98039216
0.98431373
0.98431373
0.98039216
0.98823529
0.99607843
0.89411765
0.60392159
0.44313726
0.41176471
0.31372550
0.35686275
0.41568628
0.40392157
0.45882353
0.42745098
0.13725491
0.05490196
0.07450981
0.21960784
0.67450982
0.94509804
0.97647059
0.97254902
0.95686275
0.93333334
0.94509804
0.92941177
0.92549020
0.97647059
0.96470588
0.96078432
0.97254902
0.97647059
0.97647059
0.98039216
0.97647059
0.97647059
0.97647059
0.87450981
0.53725493
0.41960785
0.40000001
0.28235295
0.30196080
0.40784314
0.42745098
0.45490196
0.40784314
0.16862746
0.07843138
0.09019608
0.21568628
0.61176473
0.92549020
0.96862745
0.96862745
0.94901961
0.96078432
0.94509804
0.94117647
0.98431373
0.96862745
0.96470588
0.97254902
0.97647059
0.97254902
0.96078432
0.95294118
0.96862745
0.97647059
0.96470588
0.67450982
0.43921569
0.39607844
0.35294119
0.25882354
0.28627452
0.40784314
0.44705883
0.45490196
0.43137255
0.17647059
0.06666667
0.07843138
0.12941177
0.50980395
0.92549020
1.00000000
0.99215686
0.96862745
0.93333334
0.94509804
0.99607843
0.98431373
0.98431373
0.98431373
0.98431373
0.98823529
0.98431373
0.97254902
0.98039216
1.00000000
0.96470588
0.68235296
0.54509807
0.41176471
0.34901962
0.34901962
0.24705882
0.29019609
0.41176471
0.43137255
0.46666667
0.43137255
0.20392157
0.09411765
0.10196079
0.16470589
0.49411765
0.88235295
0.96470588
0.88627452
0.80784315
0.80000001
1.00000000
0.98823529
0.99215686
0.98039216
0.98431373
0.99607843
1.00000000
0.99215686
0.99215686
1.00000000
0.94117647
0.69019610
0.65490198
0.64313728
0.40000001
0.32156864
0.33333334
0.25098041
0.30196080
0.42745098
0.44313726
0.47058824
0.42745098
0.23137255
0.23137255
0.27450982
0.27450982
0.46666667
0.61960787
0.48627451
0.36862746
0.31764707
0.87843138
0.96078432
1.00000000
0.99215686
0.99215686
0.99607843
0.99607843
1.00000000
0.99607843
1.00000000
0.89803922
0.72156864
0.67843139
0.85098040
0.69411767
0.34117648
0.35686275
0.34117648
0.23529412
0.29019609
0.41176471
0.43921569
0.46274510
0.33333334
0.24313726
0.32941177
0.27058825
0.21568628
0.25490198
0.20000000
0.13333334
0.06274510
0.76470590
0.88627452
0.99215686
0.97647059
0.97647059
0.95686275
0.97647059
0.99607843
0.98431373
0.99607843
0.83137256
0.66274512
0.64705884
0.86274511
0.70980394
0.35294119
0.36862746
0.38039216
0.32549021
0.22745098
0.29411766
0.41176471
0.48235294
0.32156864
0.22352941
0.34509805
0.29411766
0.26666668
0.29411766
0.24705882
0.15686275
0.09019608
0.72549021
0.74901962
0.90980393
0.90588236
0.85490197
0.75686276
0.70588237
0.67058825
0.61960787
0.67450982
0.65882355
0.61176473
0.61568630
0.82745099
0.61176473
0.23921569
0.30980393
0.36862746
0.36862746
0.32941177
0.24313726
0.38039216
0.51372552
0.27843139
0.22745098
0.30980393
0.24313726
0.24313726
0.25098041
0.19215687
0.08235294
0.06666667
0.62745100
0.59607846
0.68627453
0.71764708
0.64313728
0.65882355
0.45490196
0.34117648
0.34509805
0.34509805
0.34901962
0.34509805
0.41176471
0.58823532
0.49411765
0.15686275
0.16470589
0.29411766
0.33333334
0.38431373
0.36078432
0.43529412
0.51372552
0.25490198
0.24705882
0.31764707
0.25098041
0.23529412
0.22745098
0.11764706
0.15294118
0.21568628
0.48627451
0.38823530
0.42745098
0.44705883
0.47058824
0.64313728
0.44705883
0.29411766
0.37254903
0.29411766
0.21176471
0.16470589
0.23921569
0.26666668
0.21568628
0.16078432
0.23921569
0.21568628
0.30196080
0.34117648
0.41568628
0.52156866
0.48235294
0.19607843
0.24313726
0.37647060
0.30196080
0.28235295
0.26666668
0.13333334
0.21960784
0.26274511
0.32156864
0.29411766
0.34509805
0.37647060
0.41176471
0.50980395
0.47058824
0.32156864
0.27843139
0.21568628
0.18823530
0.14901961
0.18431373
0.20000000
0.23529412
0.29019609
0.34509805
0.21960784
0.17647059
0.29411766
0.38039216
0.52156866
0.43137255
0.14509805
0.19607843
0.32156864
0.24313726
0.21176471
0.20000000
0.14509805
0.17254902
0.18431373
0.27058825
0.26666668
0.26274511
0.43921569
0.51764709
0.46666667
0.47058824
0.36078432
0.24705882
0.20392157
0.14901961
0.16470589
0.19215687
0.14509805
0.21176471
0.25882354
0.24313726
0.15294118
0.10196079
0.13725491
0.30196080
0.46666667
0.35686275
0.10588235
0.17254902
0.27450982
0.23137255
0.22745098
0.15294118
0.10588235
0.11372549
0.11764706
0.19607843
0.20000000
0.28627452
0.58431375
0.45490196
0.38823530
0.43137255
0.30196080
0.20000000
0.16078432
0.12941177
0.20000000
0.23137255
0.18039216
0.26666668
0.33725491
0.29411766
0.16078432
0.11372549
0.14117648
0.29019609
0.37254903
0.26666668
0.08235294
0.17254902
0.27843139
0.24705882
0.21960784
0.12941177
0.09411765
0.09803922
0.09019608
0.32156864
0.29019609
0.39215687
0.43529412
0.36470589
0.36078432
0.31764707
0.16862746
0.10588235
0.08627451
0.07843138
0.19607843
0.23529412
0.27058825
0.49019608
0.50588238
0.35294119
0.19607843
0.23529412
0.29411766
0.33333334
0.37647060
0.20784314
0.09803922
0.13725491
0.21176471
0.21960784
0.18823530
0.09411765
0.08235294
0.10196079
0.09411765
0.65882355
0.62745100
0.42745098
0.14117648
0.21960784
0.21960784
0.12941177
0.07843138
0.09019608
0.08235294
0.09803922
0.12156863
0.14117648
0.23921569
0.30196080
0.27843139
0.17647059
0.21960784
0.25098041
0.23529412
0.17647059
0.22352941
0.16862746
0.10588235
0.07843138
0.09803922
0.10980392
0.10588235
0.08627451
0.10980392
0.11764706
0.11764706
0.65882355
0.65098041
0.42352942
0.16862746
0.16078432
0.14117648
0.11372549
0.09803922
0.11372549
0.09019608
0.07843138
0.10588235
0.14901961
0.18823530
0.12156863
0.13333334
0.17647059
0.21960784
0.19607843
0.18039216
0.15294118
0.14509805
0.16470589
0.10980392
0.07450981
0.05490196
0.07843138
0.09019608
0.09019608
0.14509805
0.12549020
0.12156863
0.62745100
0.61960787
0.52156866
0.21176471
0.15686275
0.14509805
0.12156863
0.09803922
0.10980392
0.06274510
0.14509805
0.10588235
0.10980392
0.14117648
0.09803922
0.13333334
0.17647059
0.19215687
0.24313726
0.15294118
0.17254902
0.17647059
0.17647059
0.13333334
0.08627451
0.04705882
0.05882353
0.14901961
0.24705882
0.19215687
0.14901961
0.17647059
0.56862748
0.55294120
0.54509807
0.22745098
0.12941177
0.28627452
0.26666668
0.25882354
0.22352941
0.05490196
0.22745098
0.17647059
0.16470589
0.14901961
0.10980392
0.12549020
0.11372549
0.21176471
0.28627452
0.11372549
0.14509805
0.15686275
0.16078432
0.13333334
0.08235294
0.05490196
0.08627451
0.14901961
0.36078432
0.24705882
0.16470589
0.25098041
0.48627451
0.46666667
0.47450981
0.28627452
0.13725491
0.22352941
0.15686275
0.10588235
0.07450981
0.06274510
0.09019608
0.11372549
0.12941177
0.15294118
0.16470589
0.15294118
0.10196079
0.19607843
0.31764707
0.19215687
0.13725491
0.11372549
0.14509805
0.12549020
0.06666667
0.10588235
0.27843139
0.29019609
0.38823530
0.26666668
0.16862746
0.34509805
0.45098040
0.41960785
0.43137255
0.44705883
0.36470589
0.29411766
0.25098041
0.20784314
0.16862746
0.14117648
0.13333334
0.12941177
0.12549020
0.12156863
0.14117648
0.11372549
0.06666667
0.12156863
0.24313726
0.20784314
0.11764706
0.07058824
0.12156863
0.12941177
0.09019608
0.10588235
0.16470589
0.17254902
0.20000000
0.20392157
0.15686275
0.20000000
0.46274510
0.41960785
0.42745098
0.46274510
0.50980395
0.52941179
0.50980395
0.50196081
0.47450981
0.35686275
0.32156864
0.30588236
0.25098041
0.20000000
0.18823530
0.19215687
0.16470589
0.12941177
0.11764706
0.10980392
0.07843138
0.05098039
0.09411765
0.15294118
0.13725491
0.14509805
0.17254902
0.15294118
0.15686275
0.16470589
0.16862746
0.16078432
0.34901962
0.32941177
0.32156864
0.32549021
0.34901962
0.35294119
0.37254903
0.38039216
0.38431373
0.38039216
0.38039216
0.40392157
0.32156864
0.29411766
0.32549021
0.36078432
0.33725491
0.27843139
0.19607843
0.13725491
0.10196079
0.11764706
0.16078432
0.19215687
0.18039216
0.18039216
0.20784314
0.18823530
0.16078432
0.20000000
0.19607843
0.15294118
1 0 0 0 0 0 0 0 0 -1 0
0 1 0 0 0 0 0 0 0 -1 0
0 0 1 0 0 0 0 0 0 -1 0
0 0 0 1 0 0 0 0 0 -1 0
0 0 0 0 1 0 0 0 0 -1 0
0 0 0 0 0 1 0 0 0 -1 0
0 0 0 0 0 0 1 0 0 -1 0
0 0 0 0 0 0 0 1 0 -1 0
0 0 0 0 0 0 0 0 1 -1 0
