0.18823530
0.17647059
0.09411765
0.11764706
0.11764706
0.18431373
0.27450982
0.16862746
0.09019608
0.14901961
0.19215687
0.16078432
0.14901961
0.13725491
0.09803922
0.10196079
0.10588235
0.10980392
0.14901961
0.11764706
0.12549020
0.11372549
0.14901961
0.16078432
0.13333334
0.13333334
0.12156863
0.09411765
0.10588235
0.29803923
0.30980393
0.14901961
0.19607843
0.14901961
0.10588235
0.09411765
0.16470589
0.20000000
0.25882354
0.13333334
0.09411765
0.12156863
0.16470589
0.15686275
0.13725491
0.15294118
0.11764706
0.10980392
0.11764706
0.09803922
0.12156863
0.14117648
0.11372549
0.09411765
0.12941177
0.12156863
0.11764706
0.11764706
0.10196079
0.10588235
0.10980392
0.21176471
0.31372550
0.16862746
0.23529412
0.13333334
0.15294118
0.12156863
0.11372549
0.12549020
0.14117648
0.12156863
0.11764706
0.12941177
0.10980392
0.16078432
0.13725491
0.12941177
0.11372549
0.11372549
0.12156863
0.10196079
0.10588235
0.12549020
0.10980392
0.27058825
0.37254903
0.23529412
0.14901961
0.11372549
0.11764706
0.11372549
0.10196079
0.16470589
0.22745098
0.16470589
0.28235295
0.13725491
0.09803922
0.11372549
0.09411765
0.11372549
0.10588235
0.14117648
0.19607843
0.15294118
0.12156863
0.15686275
0.12941177
0.10196079
0.10980392
0.11372549
0.12156863
0.12941177
0.22745098
0.11764706
0.15294118
0.53725493
0.52549022
0.24313726
0.16862746
0.21176471
0.23529412
0.23529412
0.14509805
0.14509805
0.17254902
0.15686275
0.23137255
0.12941177
0.10196079
0.10196079
0.10196079
0.09411765
0.11372549
0.14509805
0.21176471
0.15686275
0.12156863
0.10588235
0.11764706
0.15686275
0.10588235
0.11764706
0.12549020
0.23137255
0.26666668
0.23137255
0.34509805
0.51372552
0.40000001
0.32549021
0.27058825
0.37647060
0.49803922
0.40392157
0.21960784
0.19215687
0.17254902
0.08627451
0.12549020
0.11372549
0.10980392
0.10980392
0.10980392
0.10588235
0.09411765
0.11372549
0.21176471
0.17254902
0.09411765
0.09411765
0.12549020
0.21568628
0.10588235
0.12941177
0.23529412
0.30980393
0.30196080
0.40392157
0.43921569
0.47843137
0.51764709
0.55294120
0.41960785
0.25490198
0.36470589
0.25882354
0.20784314
0.25882354
0.16862746
0.07843138
0.10196079
0.10588235
0.10196079
0.11764706
0.14117648
0.13333334
0.16078432
0.14509805
0.21568628
0.19215687
0.08627451
0.09411765
0.20392157
0.21960784
0.13725491
0.20392157
0.36078432
0.39607844
0.40000001
0.40784314
0.42745098
0.47843137
0.54901963
0.42352942
0.25490198
0.13725491
0.17647059
0.26274511
0.31372550
0.19607843
0.16078432
0.14901961
0.10588235
0.10980392
0.09411765
0.14117648
0.17647059
0.13725491
0.18431373
0.16470589
0.22352941
0.17254902
0.11764706
0.21568628
0.44705883
0.41960785
0.35686275
0.38823530
0.41176471
0.43529412
0.43137255
0.43137255
0.45882353
0.43921569
0.49803922
0.25098041
0.10196079
0.10980392
0.19607843
0.35686275
0.19607843
0.10196079
0.16862746
0.14901961
0.10196079
0.10196079
0.10588235
0.23529412
0.14509805
0.15294118
0.14117648
0.28627452
0.45098040
0.32941177
0.28235295
0.36078432
0.43137255
0.43921569
0.43921569
0.44705883
0.44313726
0.44705883
0.49803922
0.41960785
0.44313726
0.52549022
0.36078432
0.14117648
0.10196079
0.09411765
0.14117648
0.20000000
0.10588235
0.17254902
0.12549020
0.09411765
0.10588235
0.09803922
0.14901961
0.20392157
0.19215687
0.38039216
0.38039216
0.51372552
0.55294120
0.43529412
0.36078432
0.34117648
0.34509805
0.37647060
0.43137255
0.43529412
0.47450981
0.50588238
0.42745098
0.45490196
0.59607846
0.46274510
0.14117648
0.13333334
0.12156863
0.11372549
0.10196079
0.09803922
0.17254902
0.21176471
0.10588235
0.09803922
0.13333334
0.11372549
0.11764706
0.21176471
0.51372552
0.57254905
0.45490196
0.55294120
0.49803922
0.41568628
0.40000001
0.44313726
0.47058824
0.39215687
0.35294119
0.39215687
0.47843137
0.41960785
0.36470589
0.54901963
0.47843137
0.15294118
0.10588235
0.14901961
0.21960784
0.27843139
0.11372549
0.10196079
0.13725491
0.14509805
0.12941177
0.10196079
0.11372549
0.11764706
0.23529412
0.59215689
0.73333335
0.39215687
0.32549021
0.50980395
0.50196081
0.43529412
0.43137255
0.43921569
0.44705883
0.42352942
0.37647060
0.36862746
0.41568628
0.43529412
0.47450981
0.38039216
0.16862746
0.12549020
0.12941177
0.16470589
0.31372550
0.23137255
0.09803922
0.10196079
0.09411765
0.14901961
0.15686275
0.10588235
0.07843138
0.19607843
0.56470591
0.72549021
0.49411765
0.26274511
0.40784314
0.54117650
0.52941179
0.52549022
0.47843137
0.49411765
0.47058824
0.38431373
0.39215687
0.42745098
0.57647061
0.46274510
0.24313726
0.12549020
0.18431373
0.13333334
0.14117648
0.17254902
0.18823530
0.10588235
0.10196079
0.09803922
0.09411765
0.12156863
0.14901961
0.10196079
0.09019608
0.35686275
0.73725492
0.38823530
0.12941177
0.29411766
0.52941179
0.51764709
0.53725493
0.57254905
0.54117650
0.50980395
0.47450981
0.50196081
0.41960785
0.26274511
0.27843139
0.17254902
0.10588235
0.13333334
0.18823530
0.12549020
0.20000000
0.20784314
0.10588235
0.10980392
0.10588235
0.10196079
0.09803922
0.11764706
0.12941177
0.10588235
0.14901961
0.56470591
0.71764708
0.18431373
0.18039216
0.46274510
0.45098040
0.34117648
0.45490196
0.55294120
0.61568630
0.53333336
0.59215689
0.44313726
0.19215687
0.20784314
0.25882354
0.23529412
0.19607843
0.12549020
0.11764706
0.13333334
0.23921569
0.17254902
0.11372549
0.11372549
0.10980392
0.10196079
0.10196079
0.11764706
0.11372549
0.10588235
0.42352942
0.71372551
0.43529412
0.16470589
0.43529412
0.56862748
0.40784314
0.33725491
0.45882353
0.55294120
0.60000002
0.63921571
0.48235294
0.20392157
0.27450982
0.37254903
0.34509805
0.27450982
0.23921569
0.15686275
0.09411765
0.27058825
0.31764707
0.11764706
0.11372549
0.10980392
0.10588235
0.14117648
0.12941177
0.09803922
0.11372549
0.10588235
0.56862748
0.43137255
0.13725491
0.27058825
0.51372552
0.54509807
0.45882353
0.41176471
0.48235294
0.50588238
0.64705884
0.47450981
0.20784314
0.35686275
0.38039216
0.32549021
0.28627452
0.21960784
0.20784314
0.12549020
0.13333334
0.29411766
0.23921569
0.10196079
0.10196079
0.09803922
0.09411765
0.16862746
0.19215687
0.10196079
0.12941177
0.10588235
0.36078432
0.13333334
0.25098041
0.54117650
0.53725493
0.47450981
0.46666667
0.45490196
0.47843137
0.54901963
0.49803922
0.21176471
0.34117648
0.34509805
0.30588236
0.26274511
0.21568628
0.19215687
0.15686275
0.10588235
0.10980392
0.13333334
0.11372549
0.09411765
0.09411765
0.09411765
0.09019608
0.09803922
0.11764706
0.12549020
0.15294118
0.10588235
0.16862746
0.10196079
0.44313726
0.70980394
0.63529414
0.56470591
0.58823532
0.62745100
0.59215689
0.53725493
0.23921569
0.35686275
0.37647060
0.28627452
0.24705882
0.17254902
0.17254902
0.16078432
0.13333334
0.10588235
0.09411765
0.11372549
0.19215687
0.19215687
0.11372549
0.10196079
0.09803922
0.09803922
0.10980392
0.12549020
0.13725491
0.12941177
0.09803922
0.18431373
0.57254905
0.72941178
0.63529414
0.68627453
0.66274512
0.61176473
0.60000002
0.25882354
0.27843139
0.38431373
0.16470589
0.21176471
0.18039216
0.12941177
0.13725491
0.12156863
0.11764706
0.09803922
0.07843138
0.22352941
0.62745100
0.60392159
0.22352941
0.10588235
0.10588235
0.11372549
0.12549020
0.12941177
0.11372549
0.14509805
0.12941177
0.41176471
0.60392159
0.66274512
0.62745100
0.61960787
0.70980394
0.65098041
0.50980395
0.20392157
0.19607843
0.25098041
0.14509805
0.18039216
0.14901961
0.10196079
0.09411765
0.09803922
0.10980392
0.11372549
0.07843138
0.30980393
0.89019608
0.89411765
0.49803922
0.12549020
0.10196079
0.10980392
0.12156863
0.14117648
0.12156863
0.14901961
0.24705882
0.38823530
0.54901963
0.63921571
0.60392159
0.56470591
0.60000002
0.66666669
0.61568630
0.41176471
0.15686275
0.11372549
0.17254902
0.14901961
0.10980392
0.10196079
0.10196079
0.10588235
0.10588235
0.10980392
0.06666667
0.27450982
0.85490197
0.98039216
0.81960785
0.30980393
0.09803922
0.10588235
0.12156863
0.14117648
0.11764706
0.12941177
0.26666668
0.20392157
0.47058824
0.67450982
0.68235296
0.62352943
0.51764709
0.61960787
0.65882355
0.53725493
0.23921569
0.09803922
0.11372549
0.10196079
0.09803922
0.09803922
0.10588235
0.10588235
0.10196079
0.10196079
0.08235294
0.16470589
0.65882355
0.92941177
0.87058824
0.58823532
0.19215687
0.09411765
0.12156863
0.10588235
0.10588235
0.10588235
0.27843139
0.15294118
0.38823530
0.54509807
0.58039218
0.76078433
0.59607846
0.54509807
0.59607846
0.49019608
0.33725491
0.16862746
0.20000000
0.10980392
0.09411765
0.09803922
0.10196079
0.10196079
0.10196079
0.10196079
0.10196079
0.10980392
0.36078432
0.60392159
0.53725493
0.68627453
0.61176473
0.36470589
0.18431373
0.09803922
0.09411765
0.09411765
0.29019609
0.18823530
0.35686275
0.54901963
0.59215689
0.58823532
0.68627453
0.52941179
0.47058824
0.34901962
0.40392157
0.37254903
0.36862746
0.25882354
0.11764706
0.10196079
0.10196079
0.10196079
0.10588235
0.10588235
0.10196079
0.10588235
0.12941177
0.24313726
0.26274511
0.59607846
0.81960785
0.76078433
0.56862748
0.23529412
0.09411765
0.09019608
0.27450982
0.13725491
0.23529412
0.61568630
0.51764709
0.25882354
0.54117650
0.55294120
0.27450982
0.32941177
0.44705883
0.43137255
0.41568628
0.45098040
0.20000000
0.09803922
0.10588235
0.10588235
0.10588235
0.10588235
0.11372549
0.14509805
0.09019608
0.15294118
0.18431373
0.38823530
0.69411767
0.85098040
0.86274511
0.55294120
0.14117648
0.08627451
0.19215687
0.14901961
0.15294118
0.62352943
0.57647061
0.42352942
0.33333334
0.38039216
0.36078432
0.37647060
0.50196081
0.43529412
0.47058824
0.49019608
0.21960784
0.10196079
0.10196079
0.10196079
0.10196079
0.10588235
0.11372549
0.14901961
0.11372549
0.14509805
0.12549020
0.12549020
0.44705883
0.71372551
0.72941178
0.74117649
0.27450982
0.09803922
0.14117648
0.15294118
0.13333334
0.35294119
0.67058825
0.72156864
0.53725493
0.32941177
0.53333336
0.62745100
0.51764709
0.36862746
0.34901962
0.33725491
0.17647059
0.11372549
0.09803922
0.09019608
0.09803922
0.10980392
0.11372549
0.11372549
0.11372549
0.12941177
0.12156863
0.10980392
0.20000000
0.56862748
0.44313726
0.36470589
0.25098041
0.13333334
0.09803922
0.12549020
0.11372549
0.23137255
0.43921569
0.65490198
0.67450982
0.60784316
0.36862746
0.49803922
0.40392157
0.17647059
0.31764707
0.26666668
0.14509805
0.08627451
0.09019608
0.09019608
0.09803922
0.10196079
0.12156863
0.13333334
0.10196079
0.10980392
0.14117648
0.10980392
0.12941177
0.38039216
0.40392157
0.21960784
0.26666668
0.14117648
0.17647059
0.13725491
0.12549020
0.17647059
0.22745098
0.37647060
0.60000002
0.63529414
0.46666667
0.43529412
0.33725491
0.34117648
0.47450981
0.30980393
0.10980392
0.07843138
0.09019608
0.09411765
0.09803922
0.12549020
0.12941177
0.11372549
0.12941177
0.14901961
0.11372549
0.09803922
0.10196079
0.14117648
0.18823530
0.20392157
0.21960784
0.12549020
0.17647059
0.10196079
0.15686275
0.11764706
0.09411765
0.14901961
0.32549021
0.45098040
0.57647061
0.56470591
0.28627452
0.24705882
0.42745098
0.21176471
0.10196079
0.09803922
0.10588235
0.10196079
0.10980392
0.17254902
0.09803922
0.12549020
0.14901961
0.11372549
0.10196079
0.10588235
0.09411765
0.08627451
0.08235294
0.09411765
0.10196079
0.10588235
0.12156863
0.10196079
0.14509805
0.12941177
0.10980392
0.08235294
0.14901961
0.23529412
0.38431373
0.43921569
0.30196080
0.16078432
0.18431373
0.11372549
0.10588235
0.12156863
0.11372549
0.10588235
0.12156863
0.10980392
0.11764706
0.13725491
0.10196079
0.10980392
0.10980392
0.09803922
0.09019608
0.09019608
0.09411765
0.09411765
0.09411765
0.09411765
0.23921569
0.19607843
0.08235294
0.09019608
0.09019608
0.15686275
0.25098041
0.15686275
0.09803922
0.15294118
0.18823530
0.15294118
0.16470589
0.15294118
0.10588235
0.10588235
0.11372549
0.11764706
0.14509805
0.09411765
0.12549020
0.12549020
0.15686275
0.19607843
0.19215687
0.17254902
0.13333334
0.11372549
0.12549020
0.27450982
0.32156864
0.15686275
0.24705882
0.16470589
0.09803922
0.07450981
0.14509805
0.18431373
0.24705882
0.14117648
0.12156863
0.13333334
0.14509805
0.12156863
0.13725491
0.15686275
0.11764706
0.10588235
0.11372549
0.09803922
0.11764706
0.12549020
0.09411765
0.07450981
0.12156863
0.14509805
0.16078432
0.12941177
0.08627451
0.10196079
0.12156863
0.19215687
0.32941177
0.18823530
0.28627452
0.14901961
0.14117648
0.10980392
0.10588235
0.12156863
0.13725491
0.13333334
0.14901961
0.13725491
0.09411765
0.12941177
0.12549020
0.11764706
0.10196079
0.09803922
0.10980392
0.09411765
0.10980392
0.12549020
0.07843138
0.22352941
0.34901962
0.24705882
0.17254902
0.10980392
0.08235294
0.09019608
0.09803922
0.15294118
0.25098041
0.19607843
0.33725491
0.15686275
0.09019608
0.10196079
0.09019608
0.10980392
0.10980392
0.14901961
0.20784314
0.15686275
0.11764706
0.14509805
0.10980392
0.08627451
0.08627451
0.09411765
0.09803922
0.11764706
0.23137255
0.13333334
0.12156863
0.47843137
0.49803922
0.25490198
0.19215687
0.21176471
0.21176471
0.21568628
0.13333334
0.13333334
0.20392157
0.19215687
0.25882354
0.13725491
0.08627451
0.08235294
0.09411765
0.09411765
0.11372549
0.14901961
0.21960784
0.16470589
0.13333334
0.10588235
0.10588235
0.14509805
0.09019608
0.10196079
0.10980392
0.22352941
0.27058825
0.25098041
0.31764707
0.46666667
0.37254903
0.30196080
0.25490198
0.37254903
0.49411765
0.39215687
0.20392157
0.18431373
0.19607843
0.11764706
0.11372549
0.09803922
0.09019608
0.08235294
0.08627451
0.09019608
0.08235294
0.11764706
0.24313726
0.19607843
0.10588235
0.09019608
0.11764706
0.21176471
0.09411765
0.12156863
0.23529412
0.30980393
0.30980393
0.42352942
0.42745098
0.45098040
0.47843137
0.47843137
0.35294119
0.23921569
0.36078432
0.24705882
0.19215687
0.25882354
0.17647059
0.09411765
0.08235294
0.08627451
0.08235294
0.09411765
0.10980392
0.09803922
0.12156863
0.14117648
0.25098041
0.20784314
0.08235294
0.07058824
0.17647059
0.20000000
0.10980392
0.18431373
0.35686275
0.40000001
0.40392157
0.41960785
0.43529412
0.45098040
0.48235294
0.35686275
0.21176471
0.11372549
0.16470589
0.25490198
0.31372550
0.20392157
0.16862746
0.16078432
0.08235294
0.08627451
0.07450981
0.14509805
0.18431373
0.12941177
0.16862746
0.15686275
0.22745098
0.16470589
0.09803922
0.18823530
0.41960785
0.39607844
0.32549021
0.36470589
0.41568628
0.44313726
0.43529412
0.43921569
0.46666667
0.40392157
0.42352942
0.20784314
0.08235294
0.08235294
0.18039216
0.35686275
0.20784314
0.11764706
0.18039216
0.15686275
0.08235294
0.08235294
0.08627451
0.25098041
0.17647059
0.16470589
0.13725491
0.25098041
0.39215687
0.28235295
0.25882354
0.34509805
0.41568628
0.42745098
0.42745098
0.43921569
0.44313726
0.44313726
0.49411765
0.41568628
0.41568628
0.48627451
0.33333334
0.12549020
0.09019608
0.07450981
0.12941177
0.19607843
0.11372549
0.19607843
0.13725491
0.09803922
0.08235294
0.07843138
0.13725491
0.18431373
0.17254902
0.35294119
0.32549021
0.41960785
0.44313726
0.36078432
0.33725491
0.34117648
0.33333334
0.37254903
0.42745098
0.43921569
0.46666667
0.49019608
0.40392157
0.43529412
0.52941179
0.41960785
0.16862746
0.14117648
0.10196079
0.10196079
0.09019608
0.08627451
0.16862746
0.23529412
0.12156863
0.09411765
0.07450981
0.08235294
0.11764706
0.12549020
0.40000001
0.46666667
0.34901962
0.47058824
0.43137255
0.39215687
0.40392157
0.43529412
0.44313726
0.37254903
0.35686275
0.42352942
0.50588238
0.41960785
0.35294119
0.52549022
0.43137255
0.12549020
0.11764706
0.13725491
0.19215687
0.27058825
0.09803922
0.09019608
0.13333334
0.14117648
0.12549020
0.08627451
0.07450981
0.09019608
0.18823530
0.43921569
0.58039218
0.30980393
0.27450982
0.46274510
0.45882353
0.42352942
0.41960785
0.40392157
0.41176471
0.40392157
0.38039216
0.39215687
0.40392157
0.40784314
0.44313726
0.32156864
0.13333334
0.12156863
0.13333334
0.14901961
0.29019609
0.21176471
0.07843138
0.09803922
0.08627451
0.12941177
0.14117648
0.09019608
0.09803922
0.16862746
0.43921569
0.54901963
0.38431373
0.25098041
0.38823530
0.46666667
0.46274510
0.47058824
0.42745098
0.43921569
0.44705883
0.37254903
0.38431373
0.41176471
0.52156866
0.39607844
0.18431373
0.07843138
0.18039216
0.15294118
0.16078432
0.17647059
0.16862746
0.07843138
0.08235294
0.09411765
0.09019608
0.10588235
0.13333334
0.08235294
0.12549020
0.29019609
0.56862748
0.27843139
0.08627451
0.27843139
0.44705883
0.39215687
0.46274510
0.49411765
0.45882353
0.44313726
0.45098040
0.48235294
0.38823530
0.22352941
0.24705882
0.15294118
0.10980392
0.16470589
0.22745098
0.14509805
0.20784314
0.21176471
0.09019608
0.07843138
0.08235294
0.09803922
0.09411765
0.09803922
0.11372549
0.08627451
0.16078432
0.42352942
0.54509807
0.12549020
0.12549020
0.39607844
0.35686275
0.25098041
0.38431373
0.45490196
0.51764709
0.45882353
0.52941179
0.38431373
0.15294118
0.19215687
0.26666668
0.26666668
0.25098041
0.19215687
0.16078432
0.12941177
0.21960784
0.15686275
0.09019608
0.08235294
0.09019608
0.09803922
0.09803922
0.09803922
0.09411765
0.08235294
0.36862746
0.56078434
0.31764707
0.09019608
0.33333334
0.47058824
0.34901962
0.30196080
0.40392157
0.45490196
0.50588238
0.57254905
0.41176471
0.14117648
0.25098041
0.38431373
0.37647060
0.30980393
0.27843139
0.20392157
0.12549020
0.25882354
0.28235295
0.08235294
0.09019608
0.08627451
0.09411765
0.14117648
0.12941177
0.08235294
0.09803922
0.08627451
0.45490196
0.34901962
0.09803922
0.16078432
0.40392157
0.45882353
0.38431373
0.34901962
0.41568628
0.42745098
0.57254905
0.40784314
0.17254902
0.34509805
0.38823530
0.34509805
0.31372550
0.25098041
0.24705882
0.17254902
0.16078432
0.29411766
0.21960784
0.07450981
0.09411765
0.09411765
0.09019608
0.16862746
0.19607843
0.10588235
0.12941177
0.10196079
0.29019609
0.10196079
0.19607843
0.40392157
0.41176471
0.36078432
0.36078432
0.35294119
0.37647060
0.48235294
0.43137255
0.12941177
0.30588236
0.33725491
0.32549021
0.30196080
0.24705882
0.21960784
0.18431373
0.14117648
0.12549020
0.12549020
0.08235294
0.07058824
0.09411765
0.09019608
0.08627451
0.09411765
0.11764706
0.12941177
0.15686275
0.10588235
0.15294118
0.08627451
0.34509805
0.55294120
0.49019608
0.41568628
0.44313726
0.49019608
0.48235294
0.46274510
0.16862746
0.29019609
0.33333334
0.27843139
0.27450982
0.22352941
0.20000000
0.17647059
0.14901961
0.11372549
0.10196079
0.09411765
0.13725491
0.14509805
0.09411765
0.08235294
0.07450981
0.07843138
0.09803922
0.12941177
0.14117648
0.13333334
0.09411765
0.13725491
0.44313726
0.57647061
0.48627451
0.52156866
0.49019608
0.45098040
0.48235294
0.17647059
0.23921569
0.34509805
0.13725491
0.21176471
0.20392157
0.16862746
0.15686275
0.12941177
0.11764706
0.08627451
0.07843138
0.17647059
0.52549022
0.49803922
0.15294118
0.07843138
0.07450981
0.07843138
0.10196079
0.12941177
0.12156863
0.14901961
0.10196079
0.30980393
0.46666667
0.52156866
0.47843137
0.45882353
0.52941179
0.47450981
0.38431373
0.15294118
0.18823530
0.23921569
0.14117648
0.18823530
0.16078432
0.11764706
0.10980392
0.10196079
0.09411765
0.07843138
0.06274510
0.23529412
0.72941178
0.70196080
0.36470589
0.09019608
0.07058824
0.07450981
0.09019608
0.13725491
0.12156863
0.14901961
0.22352941
0.31372550
0.41176471
0.48235294
0.44313726
0.39607844
0.43921569
0.49411765
0.45098040
0.33333334
0.13333334
0.11764706
0.20000000
0.16862746
0.11372549
0.10196079
0.09411765
0.09411765
0.08627451
0.07843138
0.06666667
0.20784314
0.67058825
0.73333335
0.58823532
0.18823530
0.05490196
0.07843138
0.07843138
0.13725491
0.09803922
0.10980392
0.25098041
0.18039216
0.36470589
0.50588238
0.52549022
0.47058824
0.36862746
0.44313726
0.47843137
0.41960785
0.19215687
0.09411765
0.13333334
0.11372549
0.09019608
0.08627451
0.08627451
0.08627451
0.08235294
0.08235294
0.08235294
0.09803922
0.48235294
0.70588237
0.63137257
0.40000001
0.11372549
0.08235294
0.11764706
0.10588235
0.08235294
0.08627451
0.25098041
0.14509805
0.31764707
0.40784314
0.45098040
0.63921571
0.44705883
0.37254903
0.43921569
0.37647060
0.27450982
0.13725491
0.18039216
0.09411765
0.07450981
0.07843138
0.08235294
0.08235294
0.08235294
0.08235294
0.09803922
0.05882353
0.25098041
0.49019608
0.41568628
0.53333336
0.45882353
0.27843139
0.16470589
0.07843138
0.07450981
0.08627451
0.27058825
0.19607843
0.31372550
0.43137255
0.46666667
0.47843137
0.55686277
0.39215687
0.34117648
0.23921569
0.32156864
0.29803923
0.30980393
0.22352941
0.09411765
0.09019608
0.08627451
0.08235294
0.08627451
0.08627451
0.12549020
0.13333334
0.14509805
0.28627452
0.29019609
0.51764709
0.61568630
0.52549022
0.40000001
0.14901961
0.06666667
0.08627451
0.27843139
0.15686275
0.19215687
0.47450981
0.38431373
0.16470589
0.44313726
0.45882353
0.18431373
0.22745098
0.35294119
0.31764707
0.31372550
0.38823530
0.16862746
0.09019608
0.09019608
0.08627451
0.08627451
0.08627451
0.13333334
0.19215687
0.16078432
0.25490198
0.26274511
0.35294119
0.50980395
0.58823532
0.60784316
0.37647060
0.08627451
0.08627451
0.20784314
0.16078432
0.11372549
0.46666667
0.42745098
0.33725491
0.25882354
0.30588236
0.27450982
0.26274511
0.37647060
0.29019609
0.35686275
0.42352942
0.18823530
0.09019608
0.09019608
0.08627451
0.08235294
0.08235294
0.10196079
0.16078432
0.16078432
0.21568628
0.17254902
0.10196079
0.33725491
0.53725493
0.52156866
0.54509807
0.19607843
0.09019608
0.13333334
0.14509805
0.11764706
0.27450982
0.54509807
0.59215689
0.42745098
0.23137255
0.40784314
0.47450981
0.36078432
0.23921569
0.27843139
0.31372550
0.17254902
0.10196079
0.09019608
0.08235294
0.07843138
0.07450981
0.09803922
0.11764706
0.13725491
0.17254902
0.15686275
0.09019608
0.12941177
0.45490196
0.29411766
0.25882354
0.18431373
0.09411765
0.08235294
0.10980392
0.09803922
0.24705882
0.40392157
0.51764709
0.49803922
0.45882353
0.24705882
0.36470589
0.30980393
0.12549020
0.25882354
0.24705882
0.15294118
0.09019608
0.08627451
0.08235294
0.07843138
0.07450981
0.10980392
0.14117648
0.12156863
0.14509805
0.16862746
0.09019608
0.08235294
0.31764707
0.31372550
0.14901961
0.21568628
0.09803922
0.15686275
0.11372549
0.10588235
0.18823530
0.20784314
0.27843139
0.46666667
0.50588238
0.32941177
0.29803923
0.27450982
0.33333334
0.41176471
0.28627452
0.11764706
0.08235294
0.07843138
0.07843138
0.08235294
0.10980392
0.12941177
0.12549020
0.14117648
0.16078432
0.11764706
0.08235294
0.07843138
0.12156863
0.15294118
0.15686275
0.18431373
0.09019608
0.15686275
0.07843138
0.14117648
0.09411765
0.05490196
0.11372549
0.32156864
0.41568628
0.45098040
0.43137255
0.20392157
0.22352941
0.37647060
0.18823530
0.09411765
0.07843138
0.07843138
0.07843138
0.09803922
0.16862746
0.10980392
0.13725491
0.15294118
0.10588235
0.09019608
0.09019608
0.08627451
0.08627451
0.07450981
0.06666667
0.07843138
0.07843138
0.10196079
0.07843138
0.12941177
0.12941177
0.13333334
0.12941177
0.21176471
0.27058825
0.34509805
0.36470589
0.23529412
0.12941177
0.15686275
0.09803922
0.07843138
0.07058824
0.07058824
0.08235294
0.10980392
0.11372549
0.13725491
0.15294118
0.09411765
0.07843138
0.08235294
0.09411765
0.08627451
0.08235294
0.08235294
0.08235294
0.09019608
0.07843138
0.08235294
0.10980392
0.05882353
0.06666667
0.05882353
0.11372549
0.19215687
0.11372549
0.07058824
0.07843138
0.12549020
0.10196079
0.06666667
0.07058824
0.05882353
0.08235294
0.07450981
0.06274510
0.09411765
0.07843138
0.10588235
0.09019608
0.09411765
0.08627451
0.05098039
0.04705882
0.05490196
0.04705882
0.05490196
0.19607843
0.18823530
0.08627451
0.09411765
0.08235294
0.07450981
0.04313726
0.10196079
0.12549020
0.16862746
0.07843138
0.06666667
0.05882353
0.08627451
0.08235294
0.06666667
0.09411765
0.08235294
0.09019608
0.09411765
0.05490196
0.07450981
0.10980392
0.10196079
0.05490196
0.05098039
0.04705882
0.05098039
0.06274510
0.09019608
0.07843138
0.04705882
0.10980392
0.18431373
0.09411765
0.12549020
0.06666667
0.12156863
0.08235294
0.07058824
0.06666667
0.06666667
0.06274510
0.07058824
0.06274510
0.03529412
0.09019608
0.08235294
0.08235294
0.08235294
0.09019608
0.09411765
0.05490196
0.05490196
0.08235294
0.05098039
0.13725491
0.19215687
0.11372549
0.08235294
0.06666667
0.09019608
0.08235294
0.05098039
0.08235294
0.11372549
0.09411765
0.16470589
0.07058824
0.06666667
0.08627451
0.07843138
0.07843138
0.05490196
0.07450981
0.12156863
0.08627451
0.06274510
0.09803922
0.08627451
0.07450981
0.08235294
0.09019608
0.08235294
0.07058824
0.15686275
0.06274510
0.03529412
0.27058825
0.23137255
0.07450981
0.07058824
0.08235294
0.08235294
0.09411765
0.07843138
0.09019608
0.07843138
0.10196079
0.13333334
0.06666667
0.06666667
0.09411765
0.10196079
0.07058824
0.09019608
0.09411765
0.11764706
0.07843138
0.06666667
0.06666667
0.07843138
0.11764706
0.08235294
0.08627451
0.06666667
0.14117648
0.16470589
0.10980392
0.13333334
0.17647059
0.07058824
0.08627451
0.09411765
0.15294118
0.22352941
0.18823530
0.11372549
0.11372549
0.09411765
0.04313726
0.06274510
0.06666667
0.07450981
0.09411765
0.08235294
0.05490196
0.06274510
0.07450981
0.13333334
0.08627451
0.03921569
0.07450981
0.07450981
0.14509805
0.07450981
0.07843138
0.12156863
0.16862746
0.14117648
0.16862746
0.15294118
0.14509805
0.16862746
0.24313726
0.20784314
0.08627451
0.14901961
0.08627451
0.07843138
0.12941177
0.10196079
0.03137255
0.06274510
0.07450981
0.07843138
0.05490196
0.06274510
0.07058824
0.09019608
0.07058824
0.15294118
0.12156863
0.03921569
0.06274510
0.10980392
0.10980392
0.05882353
0.09411765
0.15294118
0.16862746
0.16470589
0.13725491
0.15294118
0.14117648
0.16862746
0.18431373
0.15686275
0.05098039
0.02745098
0.08235294
0.13333334
0.07843138
0.10196079
0.10588235
0.07450981
0.08235294
0.06666667
0.07843138
0.11372549
0.10196079
0.12549020
0.07058824
0.11372549
0.08235294
0.04313726
0.13333334
0.25490198
0.19607843
0.16078432
0.15294118
0.12156863
0.15294118
0.16862746
0.16078432
0.18823530
0.11372549
0.15686275
0.08627451
0.09411765
0.08627451
0.09019608
0.17647059
0.03921569
0.01960784
0.10980392
0.10980392
0.07450981
0.06274510
0.05882353
0.19607843
0.09803922
0.07450981
0.05882353
0.12941177
0.21176471
0.14117648
0.12941177
0.20000000
0.18431373
0.14509805
0.16470589
0.14509805
0.14117648
0.17647059
0.24705882
0.18431373
0.15294118
0.22745098
0.15294118
0.05098039
0.09019608
0.07450981
0.07450981
0.09019608
0.00392157
0.10980392
0.07843138
0.05882353
0.06274510
0.04705882
0.09019608
0.14509805
0.05490196
0.13725491
0.16470589
0.23529412
0.18431373
0.13725491
0.11764706
0.11764706
0.11764706
0.12549020
0.19215687
0.16862746
0.21176471
0.28235295
0.21568628
0.22352941
0.27450982
0.21960784
0.07058824
0.07843138
0.04705882
0.05098039
0.05490196
0.05098039
0.12156863
0.17254902
0.06274510
0.05882353
0.06666667
0.07058824
0.08235294
0.05882353
0.15294118
0.23921569
0.18431373
0.18823530
0.12549020
0.12156863
0.14901961
0.18039216
0.17254902
0.14117648
0.15686275
0.19215687
0.26274511
0.22745098
0.17254902
0.30588236
0.23529412
0.05098039
0.07843138
0.05882353
0.08235294
0.15294118
0.05882353
0.09019608
0.11764706
0.10196079
0.07450981
0.05490196
0.08235294
0.06666667
0.08627451
0.22745098
0.28235295
0.10588235
0.08627451
0.16078432
0.15686275
0.13725491
0.16078432
0.16078432
0.15294118
0.15294118
0.14509805
0.15294118
0.16078432
0.14509805
0.21568628
0.19607843
0.04313726
0.07450981
0.08627451
0.04705882
0.17254902
0.11764706
0.05490196
0.09019608
0.06274510
0.10196079
0.09803922
0.05882353
0.09803922
0.08235294
0.20000000
0.26274511
0.19607843
0.05882353
0.12549020
0.20000000
0.18823530
0.19607843
0.16078432
0.19215687
0.20000000
0.09411765
0.13333334
0.19215687
0.26274511
0.18823530
0.08627451
0.02745098
0.07450981
0.07058824
0.06666667
0.05490196
0.09411765
0.05098039
0.07843138
0.08235294
0.05490196
0.08235294
0.09411765
0.05882353
0.08627451
0.12156863
0.27058825
0.10980392
0.05882353
0.10196079
0.16078432
0.17254902
0.22745098
0.24705882
0.20784314
0.18039216
0.15686275
0.21176471
0.19607843
0.10588235
0.11372549
0.05098039
0.03529412
0.07843138
0.10980392
0.05098039
0.09019608
0.09411765
0.05098039
0.08235294
0.08235294
0.07058824
0.05490196
0.08235294
0.08627451
0.07058824
0.06274510
0.17647059
0.27058825
0.07843138
0.09411765
0.17647059
0.12156863
0.09411765
0.20392157
0.25098041
0.29019609
0.20392157
0.27450982
0.22745098
0.05490196
0.07450981
0.14509805
0.10980392
0.07843138
0.07843138
0.07450981
0.05098039
0.10588235
0.07058824
0.08627451
0.07843138
0.06666667
0.05882353
0.06274510
0.09019608
0.07450981
0.07843138
0.18039216
0.29019609
0.14901961
0.07450981
0.18823530
0.18823530
0.14901961
0.17254902
0.20784314
0.27058825
0.29803923
0.32549021
0.25098041
0.06274510
0.11764706
0.14901961
0.12156863
0.10196079
0.12941177
0.08235294
0.01568628
0.15686275
0.18431373
0.04313726
0.07843138
0.06274510
0.05490196
0.09019608
0.08627451
0.06666667
0.07843138
0.08627451
0.21176471
0.18039216
0.07058824
0.10196079
0.20392157
0.18039216
0.18039216
0.20392157
0.18431373
0.17647059
0.31372550
0.22745098
0.05098039
0.16862746
0.14901961
0.08627451
0.08627451
0.06274510
0.10196079
0.06666667
0.04313726
0.13725491
0.14901961
0.09411765
0.07058824
0.06274510
0.06274510
0.12549020
0.12549020
0.05098039
0.09411765
0.09019608
0.14509805
0.03137255
0.10980392
0.20784314
0.18431373
0.11764706
0.12941177
0.14901961
0.16470589
0.14509805
0.18039216
0.04705882
0.14509805
0.13333334
0.09411765
0.08627451
0.06666667
0.05882353
0.06274510
0.05882353
0.07058824
0.04313726
0.05490196
0.11764706
0.10196079
0.07450981
0.08235294
0.07450981
0.06666667
0.05882353
0.09803922
0.07058824
0.10980392
0.06666667
0.16078432
0.24313726
0.21960784
0.18039216
0.17647059
0.20392157
0.18823530
0.20784314
0.05098039
0.14509805
0.16470589
0.09019608
0.08627451
0.06274510
0.06666667
0.06666667
0.07450981
0.06274510
0.08627451
0.03921569
0.05098039
0.09411765
0.08235294
0.08235294
0.09411765
0.09019608
0.07058824
0.05490196
0.07058824
0.07450981
0.08235294
0.09411765
0.21960784
0.25882354
0.20392157
0.26274511
0.21960784
0.11372549
0.16078432
0.10588235
0.10980392
0.16078432
0.01960784
0.06274510
0.06666667
0.06666667
0.07843138
0.07058824
0.08235294
0.07450981
0.06274510
0.08235294
0.26666668
0.23529412
0.05882353
0.07058824
0.09411765
0.10196079
0.09411765
0.06666667
0.05490196
0.08627451
0.06274510
0.18823530
0.25098041
0.27450982
0.21568628
0.20000000
0.27843139
0.19607843
0.14117648
0.04705882
0.08627451
0.11372549
0.05490196
0.08235294
0.07058824
0.06274510
0.06666667
0.07058824
0.08627451
0.09411765
0.07058824
0.13725491
0.36078432
0.28627452
0.17647059
0.06274510
0.07843138
0.09019608
0.08235294
0.09411765
0.07450981
0.09803922
0.13725491
0.17647059
0.21176471
0.24313726
0.21568628
0.19215687
0.21960784
0.25098041
0.20000000
0.10980392
0.07450981
0.07058824
0.08627451
0.06274510
0.06666667
0.07058824
0.07058824
0.08235294
0.07843138
0.08235294
0.07843138
0.12549020
0.31764707
0.28235295
0.30588236
0.10588235
0.05882353
0.09411765
0.04313726
0.08235294
0.07058824
0.06666667
0.14509805
0.07058824
0.18039216
0.30196080
0.30980393
0.22352941
0.14509805
0.22745098
0.22745098
0.19607843
0.09803922
0.06274510
0.04313726
0.03137255
0.09803922
0.09803922
0.07450981
0.07450981
0.07058824
0.07058824
0.07450981
0.05882353
0.25098041
0.31764707
0.27843139
0.19215687
0.05098039
0.07450981
0.09411765
0.06666667
0.09019608
0.05882353
0.15294118
0.04705882
0.15294118
0.22745098
0.23921569
0.36470589
0.21176471
0.18823530
0.25882354
0.19215687
0.12156863
0.05882353
0.10588235
0.02745098
0.09019608
0.11372549
0.07843138
0.07058824
0.07058824
0.07058824
0.06666667
0.04705882
0.13725491
0.20000000
0.09411765
0.22745098
0.23137255
0.14901961
0.10196079
0.06274510
0.11764706
0.08235294
0.16470589
0.09803922
0.18431373
0.20000000
0.26274511
0.34901962
0.35686275
0.17254902
0.22745098
0.10588235
0.11372549
0.15294118
0.18039216
0.08627451
0.04705882
0.07450981
0.07450981
0.07058824
0.07450981
0.07450981
0.06274510
0.10196079
0.06274510
0.05490196
0.02745098
0.23921569
0.29411766
0.21960784
0.16470589
0.08235294
0.10196079
0.09803922
0.16470589
0.07843138
0.10196079
0.22745098
0.19607843
0.11372549
0.30588236
0.25098041
0.10980392
0.12941177
0.10196079
0.14117648
0.15294118
0.18431373
0.06666667
0.04705882
0.07058824
0.07450981
0.07450981
0.07450981
0.05882353
0.12156863
0.05490196
0.06274510
0.10980392
0.20392157
0.25490198
0.24313726
0.24313726
0.18039216
0.07058824
0.09803922
0.10588235
0.09019608
0.05098039
0.29803923
0.23529412
0.18823530
0.14901961
0.19215687
0.18039216
0.12549020
0.10588235
0.12156863
0.20392157
0.23137255
0.08235294
0.05882353
0.07843138
0.07450981
0.07058824
0.07058824
0.04705882
0.08627451
0.04313726
0.07450981
0.09803922
0.06274510
0.20392157
0.26274511
0.19607843
0.28235295
0.12549020
0.09019608
0.06666667
0.07843138
0.05882353
0.17254902
0.32549021
0.32549021
0.24313726
0.12549020
0.24313726
0.21960784
0.11764706
0.11372549
0.14509805
0.15294118
0.06666667
0.06666667
0.08627451
0.07450981
0.06666667
0.06274510
0.07058824
0.07843138
0.07058824
0.08235294
0.07058824
0.08235294
0.07450981
0.21568628
0.12941177
0.13333334
0.09411765
0.06666667
0.04705882
0.07058824
0.05882353
0.13725491
0.23137255
0.29803923
0.26274511
0.25882354
0.10980392
0.18039216
0.14901961
0.03921569
0.10196079
0.08627451
0.05098039
0.05882353
0.07843138
0.07058824
0.06274510
0.05098039
0.07058824
0.08627451
0.05490196
0.06274510
0.08235294
0.08235294
0.05098039
0.14901961
0.21176471
0.07843138
0.13333334
0.07058824
0.14509805
0.10980392
0.08627451
0.12156863
0.14509805
0.18431373
0.25490198
0.24313726
0.15686275
0.16862746
0.15294118
0.18431373
0.23137255
0.14117648
0.04705882
0.07058824
0.07450981
0.06274510
0.05882353
0.07450981
0.07058824
0.05098039
0.07058824
0.09803922
0.05882353
0.06666667
0.05882353
0.04705882
0.11372549
0.10588235
0.11372549
0.07450981
0.15294118
0.08627451
0.11764706
0.06666667
0.06666667
0.09019608
0.16470589
0.16470589
0.23529412
0.27058825
0.09411765
0.09803922
0.21960784
0.08627451
0.06274510
0.09019608
0.07450981
0.05490196
0.06274510
0.12549020
0.03921569
0.06274510
0.09803922
0.07843138
0.07058824
0.07450981
0.07058824
0.06666667
0.07450981
0.05882353
0.03137255
0.07843138
0.09019608
0.08627451
0.09019608
0.05882353
0.06274510
0.04313726
0.07058824
0.09803922
0.19215687
0.22352941
0.14117648
0.06666667
0.06274510
0.04313726
0.08627451
0.09411765
0.06666667
0.05490196
0.07058824
0.06274510
0.06274510
0.08235294
0.06666667
0.09803922
0.10980392
0.08235294
0.07450981
0.09803922
0.09803922
0.10196079
0.05882353
0.08627451
1 0 0 0 0 0 -1 0 0 0 0
0 1 0 0 0 0 -1 0 0 0 0
0 0 1 0 0 0 -1 0 0 0 0
0 0 0 1 0 0 -1 0 0 0 0
0 0 0 0 1 0 -1 0 0 0 0
0 0 0 0 0 1 -1 0 0 0 0
0 0 0 0 0 0 -1 1 0 0 0
0 0 0 0 0 0 -1 0 1 0 0
0 0 0 0 0 0 -1 0 0 1 0
