0.18823530
0.25490198
0.32941177
0.36078432
0.36862746
0.43921569
0.50196081
0.80000001
0.95686275
0.95294118
0.95686275
0.90588236
0.85882354
0.85490197
0.80784315
0.76078433
0.71764708
0.66666669
0.60000002
0.68235296
0.80784315
0.79607844
0.80392158
0.79215688
0.76470590
0.78823531
0.80392158
0.82352942
0.61960787
0.23921569
0.19215687
0.17647059
0.05490196
0.06274510
0.07450981
0.12156863
0.20000000
0.36078432
0.52941179
0.69019610
0.69803923
0.64313728
0.63137257
0.56470591
0.52156866
0.53725493
0.50588238
0.47058824
0.46274510
0.46666667
0.46666667
0.64313728
0.90196079
0.92549020
0.93725491
0.94117647
0.94509804
0.95294118
0.96078432
0.98039216
0.63921571
0.11764706
0.07843138
0.09019608
0.11764706
0.14117648
0.12549020
0.24705882
0.38431373
0.44705883
0.51764709
0.52156866
0.54901963
0.50196081
0.50588238
0.50980395
0.50588238
0.59215689
0.76078433
0.81176472
0.83921570
0.87058824
0.72156864
0.62352943
0.95686275
0.98039216
0.97647059
0.98823529
0.98431373
0.98039216
0.98039216
0.98823529
0.62352943
0.11372549
0.08627451
0.09019608
0.25490198
0.28627452
0.25098041
0.32549021
0.36078432
0.36470589
0.49411765
0.80784315
0.81960785
0.48627451
0.40784314
0.36470589
0.32156864
0.51764709
0.92941177
0.98431373
0.98039216
0.98431373
0.55294120
0.46274510
0.95294118
0.97254902
0.96862745
0.98039216
0.98431373
0.98039216
0.98039216
0.98823529
0.61176473
0.10196079
0.05490196
0.06666667
0.28627452
0.32156864
0.26274511
0.31764707
0.36470589
0.32156864
0.45882353
0.87843138
0.78431374
0.33725491
0.31764707
0.30196080
0.29019609
0.60784316
0.95686275
0.96470588
0.97254902
0.91764706
0.39215687
0.44313726
0.91764706
0.96470588
0.96078432
0.95294118
0.96078432
0.98431373
0.97647059
0.99215686
0.61568630
0.10980392
0.07058824
0.10588235
0.29019609
0.35294119
0.29803923
0.40000001
0.61568630
0.45882353
0.45882353
0.86274511
0.82352942
0.54117650
0.54509807
0.55294120
0.57254905
0.81568629
0.96862745
0.95686275
0.96078432
0.92941177
0.69019610
0.70588237
0.91764706
0.96470588
0.80784315
0.65098041
0.82352942
0.98431373
0.97254902
1.00000000
0.58823532
0.09803922
0.10196079
0.12941177
0.32156864
0.42352942
0.41960785
0.50980395
0.63529414
0.57254905
0.50196081
0.83529413
0.94509804
0.90980393
0.90196079
0.90196079
0.92156863
0.95294118
0.96078432
0.95686275
0.94901961
0.94117647
0.93725491
0.89019608
0.71764708
0.61960787
0.56862748
0.52156866
0.61176473
0.70588237
0.78431374
0.81568629
0.49411765
0.12549020
0.12156863
0.13725491
0.26274511
0.42745098
0.47058824
0.51372552
0.60000002
0.56862748
0.49411765
0.81176472
0.96470588
0.96078432
0.95686275
0.94901961
0.95686275
0.96470588
0.96470588
0.96078432
0.95686275
0.94509804
0.94509804
0.77647060
0.40784314
0.29803923
0.36862746
0.51372552
0.66666669
0.78823531
0.68235296
0.65490198
0.50196081
0.14901961
0.14509805
0.14117648
0.19607843
0.34509805
0.35294119
0.32941177
0.45882353
0.50196081
0.46274510
0.78823531
0.96078432
0.95686275
0.96470588
0.95294118
0.95294118
0.96078432
0.95686275
0.95686275
0.96470588
0.91372550
0.68627453
0.36470589
0.22745098
0.24705882
0.24313726
0.39215687
0.74117649
0.93333334
0.69803923
0.68235296
0.51764709
0.18039216
0.19607843
0.17647059
0.36470589
0.42352942
0.37254903
0.35686275
0.46274510
0.46666667
0.43921569
0.76078433
0.96470588
0.95686275
0.93333334
0.91764706
0.94509804
0.96862745
0.96470588
0.96862745
0.81960785
0.51764709
0.26274511
0.19607843
0.20784314
0.19607843
0.18823530
0.33333334
0.72549021
0.58039218
0.52941179
0.58039218
0.33333334
0.23529412
0.24705882
0.19607843
0.42745098
0.45490196
0.34509805
0.36470589
0.43921569
0.43921569
0.42352942
0.75294119
0.93725491
0.70196080
0.53725493
0.51764709
0.59215689
0.71372551
0.77254903
0.67058825
0.40000001
0.25098041
0.21960784
0.20784314
0.18431373
0.19215687
0.39215687
0.39215687
0.65098041
0.27843139
0.55686277
0.47843137
0.19607843
0.25098041
0.29019609
0.21176471
0.50980395
0.60392159
0.29411766
0.29019609
0.34117648
0.36470589
0.40392157
0.73333335
0.68627453
0.35686275
0.29019609
0.26666668
0.31372550
0.33333334
0.29019609
0.22352941
0.21176471
0.25882354
0.25490198
0.23137255
0.20784314
0.32156864
0.73725492
0.50196081
0.44705883
0.19607843
0.46274510
0.30980393
0.15294118
0.17647059
0.27843139
0.21960784
0.48235294
0.58039218
0.29411766
0.27058825
0.32941177
0.33725491
0.36862746
0.61176473
0.43921569
0.29019609
0.24705882
0.21960784
0.25490198
0.30980393
0.24705882
0.17254902
0.20392157
0.30196080
0.32941177
0.25882354
0.22352941
0.58823532
0.87058824
0.40784314
0.31372550
0.25098041
0.26274511
0.19607843
0.12941177
0.12941177
0.24705882
0.19607843
0.36470589
0.45882353
0.30196080
0.25882354
0.30588236
0.31372550
0.35294119
0.47843137
0.28627452
0.22352941
0.20000000
0.18039216
0.19215687
0.28627452
0.24313726
0.15686275
0.19607843
0.32941177
0.36862746
0.27450982
0.33725491
0.82352942
0.89803922
0.59607846
0.58039218
0.25882354
0.13333334
0.15686275
0.12549020
0.18431373
0.24313726
0.16862746
0.40392157
0.39607844
0.37254903
0.37647060
0.38039216
0.36862746
0.38823530
0.36078432
0.17254902
0.18823530
0.21568628
0.18039216
0.19607843
0.25882354
0.20000000
0.15294118
0.17254902
0.26666668
0.35294119
0.30980393
0.48235294
0.89803922
0.87843138
0.83921570
0.65882355
0.16470589
0.12156863
0.14901961
0.14901961
0.21568628
0.23529412
0.15294118
0.48235294
0.46274510
0.44705883
0.47058824
0.47450981
0.42745098
0.38823530
0.27058825
0.13725491
0.18431373
0.23529412
0.16862746
0.17254902
0.19607843
0.15686275
0.13333334
0.14509805
0.21960784
0.34509805
0.30196080
0.53333336
0.88627452
0.85882354
0.81960785
0.54901963
0.12549020
0.14509805
0.14117648
0.16078432
0.12941177
0.16862746
0.17254902
0.45882353
0.45882353
0.45882353
0.47058824
0.46274510
0.43529412
0.43137255
0.24313726
0.13725491
0.18823530
0.22352941
0.19607843
0.21176471
0.17254902
0.10588235
0.07843138
0.09411765
0.16862746
0.27450982
0.25882354
0.52156866
0.81176472
0.59607846
0.40000001
0.28235295
0.12156863
0.14901961
0.19607843
0.26274511
0.09803922
0.12549020
0.13725491
0.45882353
0.45490196
0.43921569
0.44705883
0.44313726
0.36470589
0.23921569
0.13725491
0.16862746
0.18431373
0.30588236
0.58823532
0.70980394
0.61568630
0.44705883
0.37647060
0.26274511
0.14901961
0.20784314
0.22352941
0.30980393
0.38823530
0.23529412
0.15294118
0.12941177
0.12549020
0.13725491
0.23137255
0.27843139
0.09803922
0.10196079
0.10588235
0.47843137
0.48627451
0.48235294
0.47058824
0.43529412
0.36470589
0.27450982
0.14117648
0.16862746
0.21568628
0.21960784
0.34901962
0.49411765
0.61960787
0.70588237
0.73333335
0.47058824
0.17647059
0.17647059
0.17254902
0.18823530
0.12941177
0.14901961
0.12941177
0.11764706
0.12156863
0.13725491
0.14901961
0.17647059
0.19215687
0.18431373
0.16078432
0.47058824
0.46274510
0.46666667
0.47058824
0.45882353
0.47843137
0.41960785
0.17254902
0.14901961
0.21568628
0.20000000
0.08235294
0.06274510
0.09411765
0.17254902
0.26274511
0.21176471
0.16862746
0.15686275
0.12941177
0.16078432
0.17647059
0.13725491
0.07058824
0.09019608
0.09803922
0.13333334
0.15686275
0.29411766
0.38039216
0.34509805
0.30196080
0.46274510
0.45098040
0.46274510
0.47843137
0.46274510
0.46666667
0.40000001
0.15294118
0.14117648
0.28627452
0.42745098
0.38431373
0.30980393
0.23921569
0.14901961
0.08627451
0.08235294
0.16470589
0.17254902
0.18431373
0.16470589
0.13725491
0.12549020
0.08235294
0.07843138
0.06274510
0.10196079
0.30588236
0.42745098
0.47450981
0.49411765
0.47843137
0.49803922
0.49019608
0.50980395
0.52549022
0.50196081
0.50980395
0.41176471
0.13725491
0.14509805
0.40000001
0.50588238
0.49803922
0.47843137
0.41176471
0.34509805
0.29803923
0.22745098
0.17647059
0.18431373
0.24705882
0.16078432
0.08627451
0.14509805
0.14901961
0.10588235
0.09019608
0.15686275
0.38823530
0.44705883
0.47843137
0.50196081
0.49803922
0.52156866
0.52941179
0.53725493
0.53333336
0.50588238
0.51764709
0.39215687
0.13333334
0.18039216
0.44705883
0.50196081
0.49411765
0.47843137
0.42745098
0.40392157
0.39607844
0.36862746
0.24313726
0.23529412
0.34117648
0.31764707
0.21176471
0.13725491
0.17647059
0.13333334
0.08627451
0.33333334
0.50980395
0.49411765
0.51764709
0.50980395
0.49411765
0.51764709
0.52549022
0.54117650
0.52549022
0.49803922
0.50588238
0.36470589
0.15686275
0.25098041
0.46666667
0.47843137
0.45098040
0.45490196
0.45882353
0.43529412
0.41960785
0.40392157
0.28627452
0.33333334
0.42745098
0.41960785
0.36862746
0.25098041
0.18431373
0.09803922
0.12549020
0.50196081
0.57254905
0.54117650
0.54117650
0.54117650
0.53333336
0.52941179
0.49803922
0.50588238
0.50588238
0.49411765
0.49019608
0.36470589
0.22745098
0.30588236
0.41960785
0.40392157
0.41176471
0.42745098
0.42745098
0.43137255
0.41960785
0.37647060
0.32156864
0.29411766
0.36470589
0.38431373
0.37254903
0.36470589
0.30980393
0.13333334
0.29019609
0.61176473
0.60000002
0.56862748
0.55686277
0.56862748
0.56078434
0.50588238
0.49411765
0.50196081
0.50980395
0.50980395
0.50196081
0.38823530
0.24705882
0.28235295
0.35294119
0.38431373
0.40392157
0.41960785
0.43137255
0.43137255
0.41960785
0.36862746
0.30980393
0.27058825
0.36470589
0.40392157
0.40392157
0.41176471
0.38431373
0.31764707
0.54117650
0.63921571
0.59607846
0.57647061
0.56078434
0.57647061
0.56470591
0.49411765
0.50588238
0.52549022
0.52156866
0.50196081
0.45882353
0.35686275
0.29019609
0.33333334
0.41176471
0.45098040
0.44705883
0.45490196
0.45490196
0.45098040
0.43921569
0.41568628
0.30588236
0.34509805
0.41568628
0.43529412
0.44705883
0.45098040
0.41960785
0.51372552
0.67843139
0.65098041
0.59607846
0.55686277
0.54117650
0.57254905
0.56078434
0.49803922
0.50196081
0.52941179
0.51372552
0.48627451
0.46274510
0.43529412
0.45882353
0.47058824
0.47450981
0.49411765
0.49019608
0.49019608
0.47450981
0.45882353
0.45490196
0.45098040
0.44313726
0.45098040
0.42352942
0.44313726
0.47843137
0.49803922
0.46666667
0.59607846
0.65490198
0.65098041
0.61176473
0.56862748
0.54509807
0.56078434
0.56470591
0.51372552
0.51764709
0.51372552
0.49019608
0.47843137
0.47843137
0.48235294
0.49019608
0.48627451
0.48627451
0.48235294
0.49019608
0.49019608
0.48235294
0.47450981
0.47843137
0.46274510
0.45098040
0.45098040
0.43137255
0.42745098
0.45882353
0.46666667
0.48627451
0.67450982
0.64313728
0.61568630
0.60000002
0.57254905
0.56862748
0.56470591
0.56470591
0.51764709
0.51372552
0.51372552
0.49411765
0.48235294
0.47450981
0.46274510
0.49019608
0.52549022
0.52549022
0.49411765
0.49803922
0.50588238
0.49411765
0.47058824
0.48627451
0.48627451
0.47058824
0.46666667
0.44705883
0.44313726
0.44313726
0.46666667
0.47843137
0.54901963
0.59215689
0.61960787
0.64705884
0.63529414
0.62352943
0.58823532
0.57647061
0.50588238
0.51372552
0.50588238
0.48627451
0.48235294
0.48627451
0.47843137
0.49411765
0.54509807
0.53725493
0.51372552
0.50980395
0.50980395
0.48235294
0.46274510
0.48235294
0.47843137
0.49803922
0.50588238
0.47058824
0.49019608
0.49411765
0.50196081
0.50196081
0.50588238
0.52941179
0.54901963
0.59215689
0.60392159
0.63137257
0.65098041
0.66274512
0.49803922
0.52941179
0.53333336
0.51764709
0.52156866
0.49803922
0.46666667
0.49019608
0.52549022
0.51764709
0.50196081
0.50588238
0.49019608
0.46666667
0.47450981
0.49411765
0.48235294
0.49803922
0.49803922
0.47843137
0.48627451
0.51372552
0.52156866
0.51372552
0.53333336
0.53725493
0.52549022
0.54509807
0.56078434
0.56470591
0.54901963
0.56862748
0.19215687
0.26666668
0.34901962
0.40784314
0.42745098
0.48627451
0.53333336
0.81176472
0.97647059
0.97647059
0.96862745
0.92156863
0.88235295
0.87450981
0.83137256
0.79215688
0.75686276
0.71372551
0.65098041
0.71764708
0.81176472
0.79215688
0.81176472
0.80392158
0.78039217
0.80392158
0.81568629
0.83137256
0.62745100
0.24705882
0.19607843
0.17647059
0.05098039
0.05882353
0.07450981
0.15294118
0.25490198
0.41176471
0.55294120
0.70980394
0.73725492
0.69019610
0.67058825
0.61568630
0.57647061
0.58823532
0.55294120
0.51764709
0.51764709
0.52549022
0.53333336
0.67843139
0.90588236
0.92156863
0.94509804
0.95294118
0.95294118
0.96470588
0.97254902
0.98823529
0.64705884
0.12549020
0.08627451
0.09019608
0.15294118
0.15294118
0.12941177
0.26274511
0.43137255
0.49019608
0.52156866
0.53333336
0.59607846
0.56470591
0.56078434
0.56862748
0.56078434
0.63921571
0.79607844
0.82745099
0.85098040
0.89019608
0.74901962
0.65098041
0.96078432
0.97647059
0.98431373
0.99215686
0.98823529
0.98039216
0.98431373
0.99607843
0.63137257
0.12156863
0.09411765
0.09411765
0.34117648
0.34117648
0.28235295
0.37254903
0.45490196
0.45490196
0.52941179
0.81568629
0.85882354
0.54509807
0.46274510
0.41568628
0.36078432
0.54117650
0.93725491
0.97647059
0.97647059
0.98823529
0.56470591
0.48627451
0.95686275
0.96470588
0.97647059
0.98431373
0.98431373
0.98039216
0.98039216
0.99215686
0.61960787
0.10980392
0.06274510
0.07058824
0.37647060
0.38823530
0.33333334
0.40392157
0.47450981
0.42352942
0.50980395
0.88235295
0.80000001
0.37647060
0.36078432
0.32941177
0.30588236
0.61568630
0.95686275
0.96470588
0.97254902
0.92156863
0.40000001
0.45490196
0.92156863
0.96470588
0.96470588
0.94901961
0.94901961
0.97254902
0.98039216
0.99215686
0.62352943
0.11372549
0.07058824
0.10588235
0.35686275
0.41176471
0.38431373
0.48235294
0.69019610
0.52156866
0.48627451
0.86274511
0.82352942
0.56470591
0.58039218
0.56862748
0.58039218
0.82352942
0.97647059
0.95686275
0.96078432
0.92941177
0.69019610
0.70980394
0.92941177
0.97254902
0.81568629
0.67058825
0.83137256
0.98431373
0.98431373
1.00000000
0.59607846
0.10980392
0.09411765
0.12941177
0.37254903
0.47058824
0.49019608
0.56470591
0.67843139
0.60392159
0.51372552
0.83529413
0.94901961
0.92156863
0.92549020
0.91372550
0.92549020
0.95686275
0.96470588
0.95686275
0.94901961
0.94117647
0.93725491
0.90588236
0.73725492
0.63529414
0.58823532
0.56078434
0.64313728
0.71764708
0.78823531
0.81176472
0.50196081
0.14117648
0.12156863
0.13725491
0.30588236
0.46274510
0.53333336
0.55686277
0.63921571
0.59607846
0.50196081
0.81176472
0.96470588
0.96862745
0.96470588
0.94901961
0.95686275
0.96470588
0.96078432
0.96078432
0.95686275
0.94509804
0.94509804
0.79215688
0.42352942
0.31372550
0.38039216
0.52549022
0.67058825
0.77254903
0.65098041
0.63529414
0.50588238
0.16470589
0.15294118
0.14509805
0.23921569
0.38039216
0.41568628
0.38431373
0.51764709
0.54901963
0.47843137
0.78823531
0.96078432
0.95686275
0.96078432
0.94509804
0.94901961
0.95294118
0.94901961
0.95686275
0.96470588
0.91372550
0.69019610
0.36862746
0.22745098
0.24705882
0.23529412
0.38039216
0.73333335
0.91764706
0.66666669
0.65098041
0.51372552
0.20000000
0.21176471
0.18039216
0.40392157
0.47450981
0.45882353
0.44705883
0.54901963
0.53333336
0.46274510
0.76470590
0.96470588
0.95294118
0.92156863
0.90980393
0.93725491
0.96470588
0.96470588
0.96078432
0.81568629
0.50980395
0.25490198
0.18431373
0.20000000
0.18823530
0.17647059
0.32156864
0.72941178
0.59607846
0.53333336
0.56470591
0.32941177
0.24705882
0.25882354
0.20000000
0.41960785
0.49411765
0.44313726
0.48235294
0.54117650
0.50588238
0.45098040
0.76470590
0.93333334
0.69019610
0.51372552
0.50196081
0.56862748
0.68627453
0.75686276
0.64705884
0.36470589
0.21568628
0.18431373
0.17647059
0.17647059
0.19215687
0.38431373
0.38431373
0.64705884
0.28627452
0.58039218
0.48235294
0.20000000
0.25882354
0.29803923
0.21568628
0.47450981
0.61176473
0.36078432
0.38823530
0.43921569
0.44705883
0.46666667
0.75686276
0.67843139
0.33725491
0.26274511
0.21960784
0.24313726
0.25098041
0.21176471
0.16470589
0.15686275
0.20392157
0.20000000
0.18823530
0.19215687
0.32549021
0.73333335
0.49803922
0.44705883
0.20392157
0.48235294
0.32156864
0.15686275
0.18431373
0.28627452
0.22352941
0.47058824
0.60000002
0.35686275
0.34509805
0.40784314
0.42745098
0.45490196
0.64313728
0.42352942
0.25882354
0.21568628
0.17254902
0.18431373
0.21568628
0.15294118
0.09803922
0.13333334
0.23137255
0.25882354
0.20000000
0.20000000
0.58823532
0.87058824
0.41176471
0.31372550
0.25882354
0.27450982
0.20392157
0.13333334
0.13333334
0.25098041
0.19607843
0.38431373
0.49803922
0.37254903
0.32549021
0.37647060
0.40000001
0.44313726
0.51372552
0.25882354
0.18039216
0.16862746
0.14509805
0.13333334
0.21176471
0.17647059
0.08235294
0.12549020
0.25490198
0.29411766
0.20784314
0.30588236
0.81960785
0.90196079
0.60000002
0.58823532
0.26666668
0.14117648
0.16470589
0.12941177
0.18823530
0.25098041
0.16862746
0.40784314
0.40784314
0.41176471
0.43529412
0.45098040
0.45098040
0.47058824
0.39215687
0.13725491
0.13725491
0.18431373
0.13333334
0.12941177
0.18823530
0.14117648
0.09019608
0.10588235
0.20000000
0.28235295
0.23529412
0.44313726
0.89411765
0.87843138
0.84313726
0.66666669
0.16862746
0.12549020
0.15686275
0.15686275
0.21960784
0.23529412
0.15294118
0.49019608
0.47058824
0.46666667
0.49411765
0.51764709
0.48627451
0.45882353
0.28627452
0.10588235
0.13725491
0.19607843
0.12941177
0.12156863
0.13725491
0.09803922
0.07843138
0.09411765
0.16078432
0.26666668
0.22745098
0.50196081
0.88627452
0.84705883
0.81960785
0.55686277
0.13333334
0.14901961
0.15686275
0.17254902
0.13333334
0.16862746
0.17254902
0.52549022
0.52156866
0.52156866
0.52156866
0.51372552
0.49019608
0.48627451
0.26274511
0.11372549
0.13725491
0.17647059
0.16862746
0.19215687
0.14117648
0.07058824
0.04313726
0.06666667
0.12549020
0.20784314
0.20000000
0.51372552
0.83137256
0.59607846
0.40392157
0.29019609
0.12941177
0.15294118
0.19607843
0.26274511
0.09803922
0.12549020
0.13725491
0.55294120
0.54901963
0.53333336
0.54117650
0.52941179
0.43137255
0.29019609
0.17254902
0.15294118
0.13725491
0.26666668
0.58431375
0.70980394
0.61176473
0.43529412
0.36470589
0.25882354
0.13333334
0.16862746
0.19607843
0.31764707
0.41568628
0.25490198
0.16470589
0.13725491
0.13333334
0.14117648
0.21176471
0.25882354
0.09019608
0.10196079
0.10588235
0.56078434
0.56862748
0.56470591
0.56862748
0.52941179
0.44313726
0.33725491
0.18039216
0.14901961
0.18039216
0.21176471
0.36862746
0.51372552
0.63137257
0.71372551
0.73333335
0.47450981
0.17254902
0.15294118
0.16470589
0.20000000
0.15686275
0.17254902
0.14117648
0.12549020
0.13333334
0.14509805
0.13725491
0.16078432
0.18823530
0.18431373
0.16078432
0.56862748
0.55686277
0.56078434
0.56078434
0.54901963
0.56078434
0.49411765
0.20784314
0.12549020
0.19607843
0.23137255
0.12549020
0.09803922
0.12156863
0.18431373
0.26666668
0.21960784
0.16470589
0.12941177
0.12156863
0.16862746
0.18823530
0.15294118
0.08235294
0.09803922
0.10588235
0.14117648
0.16862746
0.30196080
0.38431373
0.34509805
0.30196080
0.57647061
0.56078434
0.56470591
0.56470591
0.54117650
0.54117650
0.46274510
0.17647059
0.12156863
0.27843139
0.47058824
0.44313726
0.36862746
0.29411766
0.19607843
0.11372549
0.11372549
0.16470589
0.15686275
0.19215687
0.18039216
0.14901961
0.14117648
0.09019608
0.07450981
0.05882353
0.10980392
0.32941177
0.44705883
0.48627451
0.49803922
0.48235294
0.59607846
0.58039218
0.59607846
0.60000002
0.57647061
0.58039218
0.46274510
0.15686275
0.13333334
0.40392157
0.55294120
0.56078434
0.54509807
0.48627451
0.41960785
0.35294119
0.28235295
0.18039216
0.18039216
0.25098041
0.15686275
0.08627451
0.14901961
0.15294118
0.09803922
0.07843138
0.16078432
0.41176471
0.46274510
0.49019608
0.50980395
0.50588238
0.61176473
0.60784316
0.61176473
0.61176473
0.58039218
0.58431375
0.44313726
0.15294118
0.16862746
0.45882353
0.56078434
0.55294120
0.53333336
0.48627451
0.45882353
0.45098040
0.43137255
0.25098041
0.23529412
0.32941177
0.30196080
0.21176471
0.14509805
0.18823530
0.13333334
0.08235294
0.34509805
0.53333336
0.51372552
0.53333336
0.51764709
0.50196081
0.60000002
0.60392159
0.61176473
0.60392159
0.57254905
0.57254905
0.41176471
0.17647059
0.24313726
0.48627451
0.54901963
0.51764709
0.51372552
0.51372552
0.48235294
0.47450981
0.47058824
0.30196080
0.34509805
0.46274510
0.46274510
0.42745098
0.31372550
0.22352941
0.10980392
0.13333334
0.52549022
0.59607846
0.56078434
0.55686277
0.54901963
0.54117650
0.62745100
0.58823532
0.58823532
0.58431375
0.56862748
0.55686277
0.40784314
0.24313726
0.30196080
0.44705883
0.49019608
0.49803922
0.49803922
0.49019608
0.48235294
0.47058824
0.43921569
0.32941177
0.30588236
0.43529412
0.47058824
0.46274510
0.45490196
0.37254903
0.16078432
0.30588236
0.64313728
0.62745100
0.58431375
0.56862748
0.57647061
0.56862748
0.60392159
0.58431375
0.59215689
0.58823532
0.58039218
0.56078434
0.42745098
0.25882354
0.28235295
0.38431373
0.46666667
0.49803922
0.50588238
0.50980395
0.49803922
0.48235294
0.43529412
0.32941177
0.29803923
0.43921569
0.48627451
0.47843137
0.49019608
0.45882353
0.36470589
0.57254905
0.67843139
0.62745100
0.59607846
0.57254905
0.58039218
0.57647061
0.56862748
0.57647061
0.60000002
0.59607846
0.56862748
0.50588238
0.39215687
0.32156864
0.36862746
0.45882353
0.52156866
0.53333336
0.54509807
0.54901963
0.54509807
0.52549022
0.49019608
0.36470589
0.40392157
0.50196081
0.52156866
0.52156866
0.52156866
0.50588238
0.57254905
0.71372551
0.69411767
0.63921571
0.59215689
0.56470591
0.58431375
0.57647061
0.56862748
0.57254905
0.60000002
0.59607846
0.57254905
0.53725493
0.50196081
0.52156866
0.53333336
0.54901963
0.58039218
0.57254905
0.57647061
0.56862748
0.55686277
0.55686277
0.54117650
0.52549022
0.52941179
0.52156866
0.54117650
0.56862748
0.58039218
0.55294120
0.64705884
0.67843139
0.68627453
0.65882355
0.60784316
0.58431375
0.59215689
0.58431375
0.58823532
0.58823532
0.58823532
0.58431375
0.57647061
0.57254905
0.57647061
0.57254905
0.56862748
0.57647061
0.58039218
0.57647061
0.57647061
0.57647061
0.57254905
0.58039218
0.56078434
0.54117650
0.53725493
0.52941179
0.52941179
0.54901963
0.55294120
0.56078434
0.71372551
0.66274512
0.63921571
0.63921571
0.61176473
0.60392159
0.60000002
0.58823532
0.58823532
0.58431375
0.58431375
0.57647061
0.57254905
0.56862748
0.56078434
0.57254905
0.60000002
0.61568630
0.58823532
0.58431375
0.59215689
0.58823532
0.56862748
0.57647061
0.57254905
0.54901963
0.54509807
0.53333336
0.52549022
0.52156866
0.54117650
0.54117650
0.58431375
0.61176473
0.64705884
0.67058825
0.66274512
0.65490198
0.61960787
0.59607846
0.57647061
0.58039218
0.57254905
0.55686277
0.55294120
0.56862748
0.56862748
0.56862748
0.61568630
0.61568630
0.59607846
0.59215689
0.59607846
0.57647061
0.55686277
0.56078434
0.54901963
0.56078434
0.56470591
0.53725493
0.55686277
0.55294120
0.55686277
0.55686277
0.54117650
0.55294120
0.58039218
0.61568630
0.61960787
0.65490198
0.67843139
0.67450982
0.57254905
0.59607846
0.59215689
0.58039218
0.58039218
0.56862748
0.56078434
0.58039218
0.60784316
0.60000002
0.57647061
0.58039218
0.56862748
0.54509807
0.55294120
0.56078434
0.54901963
0.56078434
0.55686277
0.54509807
0.54509807
0.55686277
0.55686277
0.54117650
0.56078434
0.57254905
0.56470591
0.56470591
0.57647061
0.58823532
0.57254905
0.58431375
0.18823530
0.26274511
0.34117648
0.37254903
0.36078432
0.42745098
0.51372552
0.81176472
0.96862745
0.96862745
0.96470588
0.91372550
0.87450981
0.86666667
0.82352942
0.78039217
0.74117649
0.69803923
0.63529414
0.70588237
0.81176472
0.79607844
0.80784315
0.80000001
0.77647060
0.80000001
0.81176472
0.82745099
0.61960787
0.23137255
0.18039216
0.16470589
0.05098039
0.05098039
0.05882353
0.10588235
0.16470589
0.32941177
0.52941179
0.70588237
0.72549021
0.67450982
0.65490198
0.59607846
0.55686277
0.56862748
0.53725493
0.50196081
0.49803922
0.50588238
0.50980395
0.66666669
0.90196079
0.92156863
0.94117647
0.94901961
0.94901961
0.96078432
0.96862745
0.98431373
0.63921571
0.10980392
0.06666667
0.07843138
0.09411765
0.10588235
0.08235294
0.18823530
0.30196080
0.36862746
0.47843137
0.52941179
0.58039218
0.54117650
0.54509807
0.54901963
0.54117650
0.62352943
0.78431374
0.82352942
0.84705883
0.88627452
0.74117649
0.64313728
0.96078432
0.97647059
0.98039216
0.98823529
0.98431373
0.98039216
0.98039216
0.99215686
0.62352943
0.10588235
0.07450981
0.07450981
0.20000000
0.23137255
0.19607843
0.25490198
0.26274511
0.27450982
0.45098040
0.80784315
0.84705883
0.52549022
0.44705883
0.39607844
0.34509805
0.53333336
0.93333334
0.98039216
0.97647059
0.98431373
0.56078434
0.47843137
0.95686275
0.96862745
0.97254902
0.98431373
0.98431373
0.98039216
0.98039216
0.98823529
0.61176473
0.09411765
0.04313726
0.05098039
0.21568628
0.25490198
0.21176471
0.25490198
0.28235295
0.26274511
0.43529412
0.87450981
0.79607844
0.36470589
0.34901962
0.32156864
0.29803923
0.61176473
0.95686275
0.96470588
0.97254902
0.92156863
0.39607844
0.44705883
0.91764706
0.95686275
0.95294118
0.95686275
0.95294118
0.97254902
0.98431373
0.99607843
0.61960787
0.10588235
0.06274510
0.08627451
0.22745098
0.29019609
0.26274511
0.36470589
0.58823532
0.45098040
0.44705883
0.85882354
0.82352942
0.55686277
0.56862748
0.56470591
0.57647061
0.81960785
0.97254902
0.95686275
0.96078432
0.92941177
0.69019610
0.70980394
0.92156863
0.96470588
0.80784315
0.67058825
0.81960785
0.97254902
0.98431373
0.99607843
0.58431375
0.09803922
0.08627451
0.10980392
0.29411766
0.39215687
0.41568628
0.52549022
0.67450982
0.60392159
0.48627451
0.82352942
0.94901961
0.91764706
0.91764706
0.90980393
0.92549020
0.95686275
0.96078432
0.95686275
0.94901961
0.94117647
0.93725491
0.90588236
0.73725492
0.64313728
0.59215689
0.54117650
0.61176473
0.69411767
0.77254903
0.79607844
0.47843137
0.11764706
0.10196079
0.11372549
0.27450982
0.42745098
0.49411765
0.53725493
0.63921571
0.58823532
0.45882353
0.79607844
0.96470588
0.96470588
0.96470588
0.94901961
0.95686275
0.96470588
0.96078432
0.96078432
0.95686275
0.94509804
0.94509804
0.78823531
0.42352942
0.32549021
0.39607844
0.50980395
0.65098041
0.76470590
0.63921571
0.61960787
0.48235294
0.13725491
0.12941177
0.12156863
0.17254902
0.30196080
0.33333334
0.30196080
0.40784314
0.43921569
0.40392157
0.77647060
0.96470588
0.95686275
0.96078432
0.94901961
0.95294118
0.95686275
0.95294118
0.95686275
0.96862745
0.91372550
0.68627453
0.35294119
0.21960784
0.25490198
0.25490198
0.38039216
0.73333335
0.92941177
0.66666669
0.64705884
0.50196081
0.18039216
0.19215687
0.15686275
0.28627452
0.33333334
0.29803923
0.28235295
0.35294119
0.35686275
0.36470589
0.74117649
0.96470588
0.94901961
0.91764706
0.90980393
0.93725491
0.96470588
0.96862745
0.96078432
0.80784315
0.50980395
0.25490198
0.16078432
0.18039216
0.18431373
0.18431373
0.31764707
0.74117649
0.60784316
0.52941179
0.57254905
0.33333334
0.24313726
0.24705882
0.18431373
0.33725491
0.38039216
0.28235295
0.28235295
0.33725491
0.32941177
0.32549021
0.70588237
0.92549020
0.67058825
0.49803922
0.48627451
0.54117650
0.66274512
0.74901962
0.63137257
0.35294119
0.21568628
0.18823530
0.15686275
0.14901961
0.18039216
0.37647060
0.35686275
0.65490198
0.30588236
0.58039218
0.49803922
0.21176471
0.25490198
0.28235295
0.21176471
0.43137255
0.53725493
0.22745098
0.18039216
0.20000000
0.21176471
0.25882354
0.66666669
0.67058825
0.31372550
0.24313726
0.19215687
0.19607843
0.20392157
0.17647059
0.14901961
0.14901961
0.20000000
0.19607843
0.16862746
0.16862746
0.30980393
0.72549021
0.47450981
0.44705883
0.22352941
0.48235294
0.33333334
0.16862746
0.18039216
0.27450982
0.21960784
0.43529412
0.53333336
0.23529412
0.16470589
0.18431373
0.18039216
0.21960784
0.54117650
0.41176471
0.23529412
0.19215687
0.15686275
0.14901961
0.17647059
0.11764706
0.08235294
0.12156863
0.21960784
0.24705882
0.18039216
0.18039216
0.57254905
0.86274511
0.39607844
0.31764707
0.26666668
0.27450982
0.21176471
0.14509805
0.13725491
0.24705882
0.19607843
0.33333334
0.40784314
0.23137255
0.16470589
0.18431373
0.17647059
0.22745098
0.41176471
0.24705882
0.15686275
0.14117648
0.13333334
0.10980392
0.18431373
0.16078432
0.07058824
0.10588235
0.23137255
0.27058825
0.18823530
0.28627452
0.80784315
0.89411765
0.59607846
0.58431375
0.26666668
0.13725491
0.16862746
0.13725491
0.19607843
0.25490198
0.16862746
0.33333334
0.29803923
0.25490198
0.27058825
0.25882354
0.23137255
0.25882354
0.29019609
0.12549020
0.10980392
0.14901961
0.09803922
0.08627451
0.15686275
0.12549020
0.07058824
0.08235294
0.16862746
0.24313726
0.21568628
0.42745098
0.87843138
0.87450981
0.84705883
0.66274512
0.16470589
0.12156863
0.15686275
0.16078432
0.22745098
0.24313726
0.15686275
0.35686275
0.32941177
0.30980393
0.34901962
0.34509805
0.28627452
0.26666668
0.20392157
0.09019608
0.10196079
0.16078432
0.09019608
0.08235294
0.10588235
0.07843138
0.05882353
0.06666667
0.12941177
0.23529412
0.20784314
0.48627451
0.87843138
0.85490197
0.82352942
0.55294120
0.12941177
0.14509805
0.15294118
0.16862746
0.13333334
0.17254902
0.17647059
0.33333334
0.33725491
0.33333334
0.32941177
0.32549021
0.33725491
0.38039216
0.21176471
0.10196079
0.10980392
0.16078432
0.14509805
0.15686275
0.11372549
0.03921569
0.02745098
0.04705882
0.10196079
0.18823530
0.18431373
0.49411765
0.81960785
0.60000002
0.40392157
0.28627452
0.12549020
0.15294118
0.19607843
0.26274511
0.09803922
0.12549020
0.14509805
0.32941177
0.32549021
0.30980393
0.31764707
0.33333334
0.29803923
0.21568628
0.12549020
0.14117648
0.11372549
0.25490198
0.58823532
0.70980394
0.60392159
0.42745098
0.36078432
0.25098041
0.12156863
0.16078432
0.18431373
0.30196080
0.40000001
0.25098041
0.16078432
0.13333334
0.12941177
0.13725491
0.21960784
0.26666668
0.09411765
0.10196079
0.10588235
0.32941177
0.33725491
0.33725491
0.37254903
0.34117648
0.27058825
0.20392157
0.12549020
0.14509805
0.13725491
0.16862746
0.36862746
0.52156866
0.64313728
0.72941178
0.74117649
0.47058824
0.16862746
0.14509805
0.15686275
0.19215687
0.14901961
0.16470589
0.13725491
0.12156863
0.12549020
0.14117648
0.14117648
0.16470589
0.18823530
0.18431373
0.15686275
0.32941177
0.32156864
0.32941177
0.34901962
0.33333334
0.34901962
0.31764707
0.15294118
0.12156863
0.12156863
0.12549020
0.04313726
0.03529412
0.08235294
0.16862746
0.26274511
0.21176471
0.15294118
0.12156863
0.12549020
0.16862746
0.18431373
0.14509805
0.07843138
0.09411765
0.10196079
0.13725491
0.16470589
0.29803923
0.38431373
0.34509805
0.29411766
0.34117648
0.32941177
0.33333334
0.34117648
0.32156864
0.32156864
0.29803923
0.13333334
0.11372549
0.18039216
0.31372550
0.27450982
0.20784314
0.15686275
0.08627451
0.03921569
0.05098039
0.14117648
0.15294118
0.19215687
0.17647059
0.14117648
0.12549020
0.08627451
0.07450981
0.05882353
0.10980392
0.32549021
0.43921569
0.48235294
0.49411765
0.47450981
0.37254903
0.36078432
0.37647060
0.38823530
0.36862746
0.36078432
0.30980393
0.11764706
0.11372549
0.28235295
0.36078432
0.35294119
0.34117648
0.29411766
0.24705882
0.20784314
0.15294118
0.13333334
0.16078432
0.23137255
0.14509805
0.07843138
0.14117648
0.15686275
0.10588235
0.08627451
0.16470589
0.40392157
0.45882353
0.48627451
0.50588238
0.50196081
0.38823530
0.38823530
0.39607844
0.38431373
0.36078432
0.35686275
0.28627452
0.09803922
0.12941177
0.31764707
0.34509805
0.34117648
0.32941177
0.29411766
0.28627452
0.27843139
0.26274511
0.16862746
0.17254902
0.24705882
0.23529412
0.16862746
0.12549020
0.18431373
0.14117648
0.09411765
0.34117648
0.52549022
0.50980395
0.52941179
0.51372552
0.49803922
0.38039216
0.38823530
0.39607844
0.37647060
0.34901962
0.35294119
0.26666668
0.11764706
0.19215687
0.33333334
0.32549021
0.29803923
0.30588236
0.32156864
0.30196080
0.28235295
0.27843139
0.19215687
0.24705882
0.28627452
0.27843139
0.27843139
0.20000000
0.16078432
0.09803922
0.14117648
0.52156866
0.58823532
0.55686277
0.55294120
0.54509807
0.53725493
0.40392157
0.36862746
0.36862746
0.36470589
0.35686275
0.35294119
0.28235295
0.19607843
0.25490198
0.29803923
0.26666668
0.27058825
0.28235295
0.29019609
0.29803923
0.28627452
0.25490198
0.23529412
0.21960784
0.23137255
0.23921569
0.24705882
0.25490198
0.23529412
0.10588235
0.30196080
0.63921571
0.61568630
0.58039218
0.56470591
0.56862748
0.56470591
0.38039216
0.36862746
0.37647060
0.37647060
0.38823530
0.39215687
0.32941177
0.21568628
0.24313726
0.25490198
0.25490198
0.26274511
0.27843139
0.29803923
0.30588236
0.29803923
0.27058825
0.23921569
0.20784314
0.25882354
0.27843139
0.27058825
0.27450982
0.27058825
0.27058825
0.55686277
0.67450982
0.61960787
0.59215689
0.57254905
0.58431375
0.56862748
0.35686275
0.37647060
0.40000001
0.39607844
0.39607844
0.38039216
0.29803923
0.22745098
0.27450982
0.32156864
0.30980393
0.29411766
0.30980393
0.32941177
0.33725491
0.31764707
0.32941177
0.24313726
0.26666668
0.30588236
0.30980393
0.31764707
0.31372550
0.30980393
0.48235294
0.70980394
0.69411767
0.63137257
0.58823532
0.56470591
0.59215689
0.57254905
0.36078432
0.37254903
0.40392157
0.38823530
0.37254903
0.36078432
0.34117648
0.34117648
0.35294119
0.34901962
0.33333334
0.32941177
0.34901962
0.34509805
0.34117648
0.34117648
0.36470589
0.36470589
0.34509805
0.30980393
0.32549021
0.35686275
0.37254903
0.37254903
0.57254905
0.69411767
0.70980394
0.65882355
0.60784316
0.58039218
0.58823532
0.58039218
0.37647060
0.38823530
0.38823530
0.36470589
0.35294119
0.35294119
0.35294119
0.34509805
0.34901962
0.36078432
0.34509805
0.34509805
0.34901962
0.35686275
0.35294119
0.36862746
0.36078432
0.34117648
0.32156864
0.30980393
0.31372550
0.33725491
0.34117648
0.39215687
0.63529414
0.65882355
0.65098041
0.65098041
0.62745100
0.62352943
0.61960787
0.59607846
0.38039216
0.38039216
0.38823530
0.36470589
0.35294119
0.34509805
0.33333334
0.35686275
0.39607844
0.40784314
0.37647060
0.36470589
0.36862746
0.36470589
0.34117648
0.36078432
0.36078432
0.33725491
0.32549021
0.31764707
0.31764707
0.31372550
0.33725491
0.36470589
0.46666667
0.53725493
0.58039218
0.63137257
0.64705884
0.65490198
0.63921571
0.61568630
0.36862746
0.38431373
0.37647060
0.36078432
0.35294119
0.36470589
0.36078432
0.36078432
0.40784314
0.40000001
0.38039216
0.37254903
0.37647060
0.34901962
0.33333334
0.34509805
0.33725491
0.35686275
0.36862746
0.33725491
0.35686275
0.35686275
0.36078432
0.36862746
0.37647060
0.40392157
0.42745098
0.48235294
0.51764709
0.58431375
0.63921571
0.67843139
0.36470589
0.40392157
0.40784314
0.40000001
0.39607844
0.37254903
0.34509805
0.35294119
0.38039216
0.37647060
0.36470589
0.37647060
0.35686275
0.32941177
0.34509805
0.36470589
0.34117648
0.35686275
0.36862746
0.35294119
0.35686275
0.38039216
0.38431373
0.36862746
0.39215687
0.40392157
0.39215687
0.41176471
0.43921569
0.43921569
0.45098040
0.49411765
1 0 0 0 0 0 0 -1 0 0 0
0 1 0 0 0 0 0 -1 0 0 0
0 0 1 0 0 0 0 -1 0 0 0
0 0 0 1 0 0 0 -1 0 0 0
0 0 0 0 1 0 0 -1 0 0 0
0 0 0 0 0 1 0 -1 0 0 0
0 0 0 0 0 0 1 -1 0 0 0
0 0 0 0 0 0 0 -1 1 0 0
0 0 0 0 0 0 0 -1 0 1 0
