0.05490196
0.05882353
0.06666667
0.06274510
0.06666667
0.07450981
0.07450981
0.07450981
0.08235294
0.08627451
0.09019608
0.09803922
0.10196079
0.10196079
0.10196079
0.09803922
0.09019608
0.08627451
0.09019608
0.08627451
0.09019608
0.09803922
0.10196079
0.10196079
0.10196079
0.10588235
0.10196079
0.09803922
0.09803922
0.09411765
0.09411765
0.09019608
0.04705882
0.05490196
0.06274510
0.05882353
0.05882353
0.05490196
0.05882353
0.07058824
0.07843138
0.08627451
0.09019608
0.09411765
0.09411765
0.09411765
0.09803922
0.09803922
0.09019608
0.08627451
0.08627451
0.08235294
0.08627451
0.09019608
0.09411765
0.09411765
0.09803922
0.10588235
0.10196079
0.09411765
0.09411765
0.08627451
0.08627451
0.08235294
0.04705882
0.05098039
0.05882353
0.05882353
0.08235294
0.13333334
0.07843138
0.07843138
0.08235294
0.08627451
0.09019608
0.09411765
0.09803922
0.09411765
0.09019608
0.09019608
0.08627451
0.08627451
0.08235294
0.08235294
0.08235294
0.09019608
0.09019608
0.09019608
0.09411765
0.09803922
0.09803922
0.09019608
0.09019608
0.09019608
0.09019608
0.08627451
0.05098039
0.05490196
0.06274510
0.03137255
0.25490198
0.52549022
0.22352941
0.07450981
0.10196079
0.08627451
0.08235294
0.10196079
0.11372549
0.11372549
0.10196079
0.10196079
0.09803922
0.09803922
0.09019608
0.08235294
0.08235294
0.09019608
0.09019608
0.09411765
0.09803922
0.09803922
0.09803922
0.09411765
0.09411765
0.09411765
0.09411765
0.09019608
0.05490196
0.05882353
0.06274510
0.07450981
0.43921569
0.63529414
0.41176471
0.33333334
0.34901962
0.21568628
0.18823530
0.16078432
0.11764706
0.10980392
0.10980392
0.10588235
0.08627451
0.08235294
0.08235294
0.08235294
0.07843138
0.09019608
0.09019608
0.09019608
0.09803922
0.10196079
0.10196079
0.09411765
0.09411765
0.09411765
0.09411765
0.09019608
0.05882353
0.06274510
0.06274510
0.18823530
0.50980395
0.52156866
0.50196081
0.61960787
0.65490198
0.57254905
0.56078434
0.53333336
0.48235294
0.47058824
0.43921569
0.40000001
0.35294119
0.29803923
0.22745098
0.16078432
0.16470589
0.15294118
0.13725491
0.12549020
0.12549020
0.10196079
0.08235294
0.09411765
0.09019608
0.07843138
0.08627451
0.09411765
0.06274510
0.06666667
0.06666667
0.20392157
0.51764709
0.54117650
0.53725493
0.63921571
0.70980394
0.70980394
0.73333335
0.78039217
0.78039217
0.79215688
0.79607844
0.80392158
0.80000001
0.78039217
0.78431374
0.68627453
0.75294119
0.72941178
0.67450982
0.63137257
0.59215689
0.52156866
0.39607844
0.23137255
0.21176471
0.16862746
0.10588235
0.05882353
0.06274510
0.06666667
0.06274510
0.19607843
0.56470591
0.61960787
0.61960787
0.66666669
0.65490198
0.65098041
0.74509805
0.76862746
0.74901962
0.73333335
0.76470590
0.79607844
0.80000001
0.74117649
0.71764708
0.79215688
0.86274511
0.87843138
0.87843138
0.89411765
0.91372550
0.86274511
0.66274512
0.38039216
0.45490196
0.45098040
0.40392157
0.35686275
0.06274510
0.06666667
0.06666667
0.25098041
0.61176473
0.63921571
0.65882355
0.69803923
0.57254905
0.52549022
0.66666669
0.67843139
0.56470591
0.52156866
0.62352943
0.76078433
0.78431374
0.68627453
0.58823532
0.67843139
0.73725492
0.71764708
0.70980394
0.70196080
0.66274512
0.54509807
0.53333336
0.61568630
0.66274512
0.68235296
0.70980394
0.66666669
0.06666667
0.06274510
0.09019608
0.34117648
0.63137257
0.67450982
0.72549021
0.69803923
0.54117650
0.49411765
0.51372552
0.49411765
0.46274510
0.42352942
0.43921569
0.51764709
0.55294120
0.50196081
0.45098040
0.48235294
0.54901963
0.46666667
0.41960785
0.49411765
0.56470591
0.60000002
0.72549021
0.80000001
0.75686276
0.71372551
0.70588237
0.62745100
0.06666667
0.06274510
0.10588235
0.37647060
0.66274512
0.69019610
0.70588237
0.66274512
0.52941179
0.46274510
0.36862746
0.29019609
0.41176471
0.46274510
0.45490196
0.43137255
0.37647060
0.32156864
0.35686275
0.33725491
0.34117648
0.32156864
0.31372550
0.49019608
0.68627453
0.75686276
0.75686276
0.72156864
0.66274512
0.65882355
0.65098041
0.58431375
0.06666667
0.07058824
0.07843138
0.36470589
0.70196080
0.69019610
0.71372551
0.58431375
0.55294120
0.51764709
0.24313726
0.16862746
0.41960785
0.51764709
0.56862748
0.54117650
0.45882353
0.36862746
0.40392157
0.39607844
0.36862746
0.36078432
0.34117648
0.29019609
0.34509805
0.45490196
0.58039218
0.61568630
0.61568630
0.62352943
0.58431375
0.54117650
0.06274510
0.07058824
0.12549020
0.39607844
0.72941178
0.74117649
0.72549021
0.56862748
0.55686277
0.57647061
0.35294119
0.23921569
0.49803922
0.52156866
0.54117650
0.56862748
0.50980395
0.42352942
0.36470589
0.35294119
0.37647060
0.34117648
0.32549021
0.29803923
0.28235295
0.25882354
0.29411766
0.45882353
0.62352943
0.56078434
0.48627451
0.47843137
0.11372549
0.22745098
0.30196080
0.49803922
0.69803923
0.71372551
0.70196080
0.60392159
0.61176473
0.65098041
0.63921571
0.61176473
0.56078434
0.48235294
0.45882353
0.52549022
0.53725493
0.45882353
0.40000001
0.31764707
0.33725491
0.34509805
0.35294119
0.31764707
0.27450982
0.29411766
0.25098041
0.30196080
0.56078434
0.52941179
0.47058824
0.47058824
0.34117648
0.45098040
0.50588238
0.61960787
0.65098041
0.63921571
0.67843139
0.56862748
0.48235294
0.60000002
0.65882355
0.67450982
0.61960787
0.50980395
0.45098040
0.54117650
0.54509807
0.51372552
0.48627451
0.36862746
0.30980393
0.37647060
0.36862746
0.31372550
0.25098041
0.26666668
0.30588236
0.21568628
0.40000001
0.50196081
0.51372552
0.52156866
0.45490196
0.54509807
0.66274512
0.65490198
0.63529414
0.60784316
0.62745100
0.58823532
0.49411765
0.50196081
0.50588238
0.52549022
0.57647061
0.59215689
0.53725493
0.72941178
0.63137257
0.49803922
0.45490196
0.40784314
0.36862746
0.42352942
0.37254903
0.32549021
0.29411766
0.27843139
0.32549021
0.23529412
0.24705882
0.35686275
0.52156866
0.56078434
0.57647061
0.66274512
0.65098041
0.62352943
0.62745100
0.61960787
0.60392159
0.58823532
0.58039218
0.55294120
0.48627451
0.40000001
0.40000001
0.50588238
0.68235296
0.79607844
0.71764708
0.57647061
0.43921569
0.37647060
0.32156864
0.38039216
0.40000001
0.37254903
0.32549021
0.29411766
0.34117648
0.25490198
0.23137255
0.26274511
0.36862746
0.54509807
0.69411767
0.64705884
0.58823532
0.60392159
0.60392159
0.59215689
0.60392159
0.61960787
0.63529414
0.66666669
0.65882355
0.48627451
0.36862746
0.43137255
0.65882355
0.76862746
0.75686276
0.64313728
0.40000001
0.27450982
0.27450982
0.34901962
0.34509805
0.36078432
0.34901962
0.31372550
0.33333334
0.25882354
0.23529412
0.24313726
0.18823530
0.45098040
0.59215689
0.56862748
0.54901963
0.54901963
0.54901963
0.56862748
0.60392159
0.64313728
0.68235296
0.71372551
0.74901962
0.60000002
0.38823530
0.59215689
0.47058824
0.44313726
0.47058824
0.38431373
0.33333334
0.33333334
0.36470589
0.39607844
0.36862746
0.34117648
0.31764707
0.30980393
0.31764707
0.29411766
0.24313726
0.20000000
0.17254902
0.34509805
0.55686277
0.52941179
0.55686277
0.54901963
0.56862748
0.61568630
0.63529414
0.65490198
0.68235296
0.69803923
0.72549021
0.60392159
0.47058824
0.65098041
0.51764709
0.26666668
0.19607843
0.23921569
0.30588236
0.32549021
0.34509805
0.32941177
0.38823530
0.36862746
0.30980393
0.25490198
0.29019609
0.33725491
0.24313726
0.19215687
0.21568628
0.28235295
0.57647061
0.55294120
0.57647061
0.59607846
0.61568630
0.63137257
0.58431375
0.55294120
0.51764709
0.47843137
0.46274510
0.32941177
0.26666668
0.41568628
0.51372552
0.46274510
0.40784314
0.38823530
0.37254903
0.43529412
0.39607844
0.30980393
0.39215687
0.33333334
0.33333334
0.30980393
0.26666668
0.31372550
0.26666668
0.27058825
0.21960784
0.27058825
0.60000002
0.57254905
0.60000002
0.61568630
0.58431375
0.54117650
0.53333336
0.50588238
0.43137255
0.36862746
0.31372550
0.19607843
0.23137255
0.26666668
0.40784314
0.48235294
0.53725493
0.61960787
0.46666667
0.44313726
0.42745098
0.33333334
0.41960785
0.41176471
0.33333334
0.29803923
0.28235295
0.26274511
0.32941177
0.25882354
0.19607843
0.26274511
0.61176473
0.64705884
0.66274512
0.67058825
0.64313728
0.54901963
0.52549022
0.47843137
0.45882353
0.43921569
0.34901962
0.21960784
0.29803923
0.23921569
0.24313726
0.39607844
0.49803922
0.52941179
0.55686277
0.47058824
0.35686275
0.32941177
0.39607844
0.41960785
0.39607844
0.38039216
0.25882354
0.17647059
0.26274511
0.16470589
0.27058825
0.27843139
0.69803923
0.71764708
0.72549021
0.71372551
0.71764708
0.69803923
0.66666669
0.60392159
0.52156866
0.46666667
0.41176471
0.29411766
0.32156864
0.13725491
0.09411765
0.16862746
0.34509805
0.47843137
0.57647061
0.44705883
0.36470589
0.33725491
0.36078432
0.36862746
0.33333334
0.32941177
0.21176471
0.10196079
0.16862746
0.27843139
0.35686275
0.26666668
0.76470590
0.75686276
0.74901962
0.68235296
0.65882355
0.63921571
0.66274512
0.67450982
0.54901963
0.51764709
0.59607846
0.59607846
0.53333336
0.43921569
0.30980393
0.16862746
0.13725491
0.23137255
0.33725491
0.36470589
0.35686275
0.33333334
0.29411766
0.29803923
0.26274511
0.21960784
0.09019608
0.11372549
0.36862746
0.44313726
0.35294119
0.31764707
0.67450982
0.70588237
0.76078433
0.74117649
0.65882355
0.60784316
0.60784316
0.60392159
0.57647061
0.59215689
0.69019610
0.74117649
0.74901962
0.73333335
0.67450982
0.56078434
0.40392157
0.26274511
0.23529412
0.31764707
0.33725491
0.31764707
0.20392157
0.16078432
0.14901961
0.09803922
0.08627451
0.30588236
0.47058824
0.34509805
0.31764707
0.40000001
0.67058825
0.69411767
0.74117649
0.69803923
0.65490198
0.63137257
0.60784316
0.61568630
0.63921571
0.67450982
0.74117649
0.78039217
0.80392158
0.77647060
0.75686276
0.66274512
0.60000002
0.64705884
0.61568630
0.43137255
0.35686275
0.31764707
0.18431373
0.20392157
0.17254902
0.19215687
0.35686275
0.42352942
0.34117648
0.27450982
0.34901962
0.39607844
0.74901962
0.76078433
0.74901962
0.68235296
0.63137257
0.60000002
0.62352943
0.70588237
0.76078433
0.80000001
0.81176472
0.82352942
0.82745099
0.82352942
0.74901962
0.64705884
0.58039218
0.63921571
0.61568630
0.48235294
0.37254903
0.27843139
0.40000001
0.48627451
0.38431373
0.39607844
0.45098040
0.40784314
0.32549021
0.39215687
0.47843137
0.47843137
0.77647060
0.78431374
0.79215688
0.75686276
0.67450982
0.69411767
0.74117649
0.78823531
0.81568629
0.81176472
0.80392158
0.81568629
0.80784315
0.80392158
0.74509805
0.71372551
0.67058825
0.59215689
0.43921569
0.46666667
0.42745098
0.47450981
0.52549022
0.50196081
0.44313726
0.38039216
0.38823530
0.38039216
0.37254903
0.42745098
0.43529412
0.43529412
0.79607844
0.77647060
0.76078433
0.75294119
0.73333335
0.76078433
0.77254903
0.78431374
0.78823531
0.79607844
0.83529413
0.81960785
0.77647060
0.72156864
0.68627453
0.63137257
0.60392159
0.52941179
0.47058824
0.51372552
0.50196081
0.47843137
0.42745098
0.43137255
0.37254903
0.32549021
0.39215687
0.40784314
0.38823530
0.41568628
0.42745098
0.41176471
0.83529413
0.79607844
0.75686276
0.73725492
0.75294119
0.74901962
0.75686276
0.79215688
0.81176472
0.81176472
0.76470590
0.75294119
0.70980394
0.62745100
0.48627451
0.42352942
0.45098040
0.44313726
0.44705883
0.41960785
0.40392157
0.38039216
0.38823530
0.36862746
0.33333334
0.36470589
0.40784314
0.40784314
0.40784314
0.44705883
0.41960785
0.35294119
0.76862746
0.74509805
0.76078433
0.74117649
0.74509805
0.72549021
0.74509805
0.79215688
0.80784315
0.76470590
0.69803923
0.67450982
0.61176473
0.53333336
0.41176471
0.40000001
0.41176471
0.41568628
0.40784314
0.38431373
0.38039216
0.36470589
0.34901962
0.32941177
0.36470589
0.43529412
0.42352942
0.43921569
0.46666667
0.45490196
0.44313726
0.39215687
0.05882353
0.06274510
0.07058824
0.07450981
0.08235294
0.08627451
0.08235294
0.08235294
0.08627451
0.09019608
0.09411765
0.10196079
0.10588235
0.10588235
0.10588235
0.10196079
0.09411765
0.09019608
0.09411765
0.09019608
0.09411765
0.10196079
0.10588235
0.10588235
0.10588235
0.10980392
0.10980392
0.10980392
0.10980392
0.10588235
0.10588235
0.10196079
0.04705882
0.05490196
0.06274510
0.07058824
0.07450981
0.07058824
0.07450981
0.07843138
0.08627451
0.09019608
0.09411765
0.10196079
0.10196079
0.10196079
0.10196079
0.10196079
0.09411765
0.09019608
0.09019608
0.08627451
0.09019608
0.09803922
0.09803922
0.09803922
0.10196079
0.10980392
0.10588235
0.10588235
0.10588235
0.09803922
0.09803922
0.09411765
0.05490196
0.05882353
0.06274510
0.07843138
0.09411765
0.12549020
0.09019608
0.09019608
0.09019608
0.10196079
0.10196079
0.10588235
0.11372549
0.10588235
0.10588235
0.10196079
0.09803922
0.09411765
0.08627451
0.08627451
0.08627451
0.09411765
0.09411765
0.09411765
0.09803922
0.10196079
0.10196079
0.10196079
0.10196079
0.10196079
0.10196079
0.09803922
0.06274510
0.06666667
0.07058824
0.05882353
0.23921569
0.44705883
0.20392157
0.09411765
0.10980392
0.09019608
0.09411765
0.11372549
0.11764706
0.11372549
0.11372549
0.11372549
0.10980392
0.10588235
0.09803922
0.08627451
0.08627451
0.09411765
0.09411765
0.09803922
0.10196079
0.10196079
0.10196079
0.10588235
0.10588235
0.10588235
0.10588235
0.10196079
0.06666667
0.07058824
0.07450981
0.07843138
0.37254903
0.54117650
0.36078432
0.29803923
0.32156864
0.20392157
0.18039216
0.15686275
0.13333334
0.12156863
0.11372549
0.10588235
0.09803922
0.09411765
0.08627451
0.08627451
0.08235294
0.09411765
0.09411765
0.09803922
0.10196079
0.10588235
0.10588235
0.10588235
0.10588235
0.10588235
0.10588235
0.10196079
0.07058824
0.07450981
0.07058824
0.15294118
0.42352942
0.43137255
0.38431373
0.45882353
0.52549022
0.47450981
0.43921569
0.40392157
0.37254903
0.36078432
0.34509805
0.32156864
0.29411766
0.25490198
0.20784314
0.15294118
0.14901961
0.12941177
0.12156863
0.11764706
0.11764706
0.11372549
0.10980392
0.10588235
0.10196079
0.10980392
0.10588235
0.10588235
0.07450981
0.07450981
0.07058824
0.16862746
0.41176471
0.41568628
0.37254903
0.43529412
0.55294120
0.56862748
0.52941179
0.55294120
0.55294120
0.60784316
0.61960787
0.60000002
0.60392159
0.61568630
0.67058825
0.59215689
0.65490198
0.61960787
0.56862748
0.53333336
0.50588238
0.45490196
0.33725491
0.17254902
0.15686275
0.14901961
0.10588235
0.09803922
0.07450981
0.07450981
0.06666667
0.17254902
0.42745098
0.43137255
0.41960785
0.44313726
0.52156866
0.53725493
0.51372552
0.52941179
0.52156866
0.57647061
0.58431375
0.55686277
0.56862748
0.54509807
0.57254905
0.63921571
0.70980394
0.73725492
0.74509805
0.77254903
0.77647060
0.70980394
0.50980395
0.22745098
0.30588236
0.32549021
0.29803923
0.27450982
0.07450981
0.07450981
0.07058824
0.19607843
0.46274510
0.44705883
0.44705883
0.49411765
0.48627451
0.45882353
0.49019608
0.51372552
0.46274510
0.44705883
0.47843137
0.52941179
0.54901963
0.47843137
0.42352942
0.48627451
0.52941179
0.52941179
0.51764709
0.52549022
0.50980395
0.40784314
0.35294119
0.38823530
0.44313726
0.47058824
0.49411765
0.49019608
0.07843138
0.07843138
0.09411765
0.25490198
0.47058824
0.48235294
0.51372552
0.50196081
0.46274510
0.43921569
0.43137255
0.44705883
0.41568628
0.38823530
0.38039216
0.42352942
0.43921569
0.40000001
0.37254903
0.38039216
0.43137255
0.34901962
0.29803923
0.36078432
0.43137255
0.49019608
0.54509807
0.56470591
0.50588238
0.47450981
0.46274510
0.43529412
0.07843138
0.07843138
0.10980392
0.29411766
0.48627451
0.47058824
0.48627451
0.48627451
0.44705883
0.40392157
0.34901962
0.31372550
0.35294119
0.41568628
0.43529412
0.39607844
0.34509805
0.30588236
0.34901962
0.32156864
0.32549021
0.30980393
0.29019609
0.40784314
0.56862748
0.68235296
0.64313728
0.53333336
0.42745098
0.40392157
0.40000001
0.37254903
0.07843138
0.08627451
0.08235294
0.28627452
0.52549022
0.47058824
0.50196081
0.45490196
0.50980395
0.46666667
0.24705882
0.18039216
0.37254903
0.45098040
0.51764709
0.48235294
0.40000001
0.32156864
0.35686275
0.35294119
0.33725491
0.33725491
0.32156864
0.25882354
0.30196080
0.42352942
0.49019608
0.42352942
0.41960785
0.41568628
0.36862746
0.34901962
0.08235294
0.08235294
0.10980392
0.30196080
0.54509807
0.52549022
0.51764709
0.44705883
0.52941179
0.52549022
0.33333334
0.21176471
0.45882353
0.49019608
0.50196081
0.52549022
0.45882353
0.36862746
0.31764707
0.32549021
0.35294119
0.32549021
0.29803923
0.26274511
0.25882354
0.24313726
0.25098041
0.33333334
0.48627451
0.42745098
0.33725491
0.32549021
0.10980392
0.18823530
0.22352941
0.35686275
0.49019608
0.48235294
0.45882353
0.44313726
0.54901963
0.57254905
0.57254905
0.54509807
0.52156866
0.47058824
0.43529412
0.49411765
0.48627451
0.40392157
0.35294119
0.29411766
0.32156864
0.32549021
0.33333334
0.30588236
0.25882354
0.27843139
0.23529412
0.26274511
0.45098040
0.42352942
0.37647060
0.36470589
0.25490198
0.33725491
0.36862746
0.43137255
0.45882353
0.49411765
0.54117650
0.45098040
0.37254903
0.50196081
0.57647061
0.59215689
0.54901963
0.46274510
0.40784314
0.49019608
0.49411765
0.46666667
0.42352942
0.30588236
0.28235295
0.35294119
0.35294119
0.30588236
0.23921569
0.24705882
0.29411766
0.20784314
0.33333334
0.42745098
0.45098040
0.45098040
0.32941177
0.41960785
0.51372552
0.50588238
0.49019608
0.48627451
0.50980395
0.47450981
0.36862746
0.37254903
0.40000001
0.41568628
0.43921569
0.49411765
0.47450981
0.65882355
0.57254905
0.45490196
0.40392157
0.33725491
0.32156864
0.40000001
0.35686275
0.30588236
0.27450982
0.25882354
0.30588236
0.22352941
0.22352941
0.31764707
0.43529412
0.46274510
0.47058824
0.55686277
0.53725493
0.51764709
0.52941179
0.52549022
0.49411765
0.46666667
0.46274510
0.43137255
0.36078432
0.27058825
0.25882354
0.36862746
0.57647061
0.71764708
0.63529414
0.49411765
0.38039216
0.33333334
0.27058825
0.34509805
0.38039216
0.35686275
0.30588236
0.27843139
0.32156864
0.23137255
0.20784314
0.24313726
0.31764707
0.43921569
0.55294120
0.50980395
0.47843137
0.49019608
0.49411765
0.47843137
0.48235294
0.49803922
0.52549022
0.56078434
0.52549022
0.35294119
0.25882354
0.31764707
0.54901963
0.66274512
0.65098041
0.54117650
0.33725491
0.25490198
0.24313726
0.33333334
0.33333334
0.34509805
0.33333334
0.29803923
0.31372550
0.23529412
0.21176471
0.23921569
0.18823530
0.36862746
0.45490196
0.43921569
0.43921569
0.44705883
0.43921569
0.44313726
0.47843137
0.52156866
0.56862748
0.60784316
0.64313728
0.49019608
0.29411766
0.50980395
0.39215687
0.34901962
0.37647060
0.31764707
0.27450982
0.28627452
0.33333334
0.37647060
0.34509805
0.32156864
0.29803923
0.29019609
0.30196080
0.27058825
0.22352941
0.20000000
0.17254902
0.28627452
0.46274510
0.44313726
0.47450981
0.46666667
0.47058824
0.50588238
0.53333336
0.54901963
0.56470591
0.58039218
0.61176473
0.50588238
0.38823530
0.55686277
0.44313726
0.22352941
0.15686275
0.20000000
0.25490198
0.28235295
0.32156864
0.30980393
0.35686275
0.33725491
0.28235295
0.23137255
0.27450982
0.30980393
0.21960784
0.18431373
0.20784314
0.23137255
0.49411765
0.47450981
0.49411765
0.51372552
0.51372552
0.53333336
0.50196081
0.46666667
0.43137255
0.38823530
0.39215687
0.29019609
0.21960784
0.33333334
0.40392157
0.37647060
0.32549021
0.30980393
0.29803923
0.37647060
0.35294119
0.27058825
0.34509805
0.29019609
0.30196080
0.28235295
0.24313726
0.27058825
0.22745098
0.24705882
0.20000000
0.22745098
0.51372552
0.47843137
0.49019608
0.49019608
0.47843137
0.46666667
0.45098040
0.41960785
0.36078432
0.30980393
0.27450982
0.19215687
0.22352941
0.23921569
0.30588236
0.32156864
0.41176471
0.54901963
0.36862746
0.38039216
0.37254903
0.27450982
0.35686275
0.35294119
0.28627452
0.26666668
0.25490198
0.20392157
0.27058825
0.21960784
0.17254902
0.23137255
0.53333336
0.54901963
0.54117650
0.53725493
0.53333336
0.46274510
0.44313726
0.39215687
0.37254903
0.36862746
0.29803923
0.20392157
0.29803923
0.21960784
0.20392157
0.27058825
0.36078432
0.43137255
0.46274510
0.40392157
0.28627452
0.27450982
0.33333334
0.36078432
0.34117648
0.33333334
0.22745098
0.13333334
0.21176471
0.12941177
0.25098041
0.24313726
0.59215689
0.60000002
0.61176473
0.60392159
0.60784316
0.58823532
0.55686277
0.49803922
0.41568628
0.36862746
0.32549021
0.24313726
0.27450982
0.09019608
0.07058824
0.11764706
0.24705882
0.35686275
0.45490196
0.36470589
0.28627452
0.28235295
0.30196080
0.30588236
0.27450982
0.26666668
0.18039216
0.08235294
0.14117648
0.25490198
0.34509805
0.22352941
0.63137257
0.64313728
0.63921571
0.56470591
0.53725493
0.50980395
0.52549022
0.54117650
0.43137255
0.39607844
0.46274510
0.46666667
0.40392157
0.34117648
0.23137255
0.11764706
0.10588235
0.15294118
0.22745098
0.28235295
0.27450982
0.27058825
0.22745098
0.21568628
0.18431373
0.16078432
0.07058824
0.10588235
0.36470589
0.42352942
0.34509805
0.27450982
0.56862748
0.59607846
0.63529414
0.60392159
0.52156866
0.46666667
0.46666667
0.47058824
0.44313726
0.45882353
0.54117650
0.57254905
0.55294120
0.56078434
0.50588238
0.41568628
0.30196080
0.18431373
0.17254902
0.24705882
0.26666668
0.24705882
0.14509805
0.10980392
0.09803922
0.06666667
0.06666667
0.25882354
0.45882353
0.32549021
0.31372550
0.35294119
0.54509807
0.56862748
0.60392159
0.55686277
0.51764709
0.49019608
0.46666667
0.47450981
0.48627451
0.52549022
0.58431375
0.60392159
0.61176473
0.60392159
0.59607846
0.52549022
0.48235294
0.54509807
0.50588238
0.37254903
0.31764707
0.23921569
0.12549020
0.14509805
0.11764706
0.14509805
0.27843139
0.32941177
0.30588236
0.23137255
0.29803923
0.33725491
0.64313728
0.64705884
0.62352943
0.54901963
0.49019608
0.45098040
0.48235294
0.56078434
0.60000002
0.64313728
0.65098041
0.63921571
0.64313728
0.67058825
0.60392159
0.51764709
0.45490196
0.54117650
0.54901963
0.42745098
0.31372550
0.19607843
0.30196080
0.37254903
0.28627452
0.28627452
0.31764707
0.30196080
0.26274511
0.30588236
0.37647060
0.40000001
0.67450982
0.67058825
0.67058825
0.63137257
0.52941179
0.54117650
0.60000002
0.63921571
0.64705884
0.64705884
0.63529414
0.62745100
0.63921571
0.64313728
0.58039218
0.56078434
0.50588238
0.44705883
0.34117648
0.36078432
0.31764707
0.36862746
0.39607844
0.37647060
0.32941177
0.27450982
0.26666668
0.27058825
0.28235295
0.31764707
0.32549021
0.35686275
0.68235296
0.65882355
0.63921571
0.63137257
0.60392159
0.62745100
0.62745100
0.61176473
0.60392159
0.61568630
0.65490198
0.64705884
0.60784316
0.54509807
0.51764709
0.48627451
0.44705883
0.38823530
0.34901962
0.38823530
0.37254903
0.37254903
0.32941177
0.30980393
0.27058825
0.24313726
0.28627452
0.30196080
0.29411766
0.31764707
0.33333334
0.34901962
0.74117649
0.69019610
0.63137257
0.61960787
0.61960787
0.61960787
0.62352943
0.63529414
0.64705884
0.63921571
0.59215689
0.58431375
0.54509807
0.48627451
0.38431373
0.33333334
0.34509805
0.32549021
0.34901962
0.33725491
0.32156864
0.29803923
0.30196080
0.27843139
0.26274511
0.27843139
0.30980393
0.30196080
0.31764707
0.35686275
0.33333334
0.29019609
0.67843139
0.64313728
0.62745100
0.61568630
0.60392159
0.58039218
0.61960787
0.66666669
0.66274512
0.60784316
0.52941179
0.50196081
0.45490196
0.39215687
0.31372550
0.30980393
0.32156864
0.32549021
0.32549021
0.30588236
0.29803923
0.28235295
0.27058825
0.25882354
0.28627452
0.34117648
0.32941177
0.33333334
0.37254903
0.37254903
0.36078432
0.33725491
0.07058824
0.07450981
0.08235294
0.08235294
0.08627451
0.09803922
0.10196079
0.10196079
0.10196079
0.10980392
0.11372549
0.12156863
0.12549020
0.12549020
0.12549020
0.12156863
0.11372549
0.10980392
0.10980392
0.10980392
0.11372549
0.12156863
0.12549020
0.12549020
0.12549020
0.12941177
0.12941177
0.12941177
0.12941177
0.12549020
0.12549020
0.12156863
0.07843138
0.08235294
0.09019608
0.08235294
0.08235294
0.08627451
0.09411765
0.09803922
0.10588235
0.10980392
0.11764706
0.12156863
0.12156863
0.12156863
0.12156863
0.12156863
0.11372549
0.10980392
0.10980392
0.10588235
0.10980392
0.11764706
0.11764706
0.11764706
0.12156863
0.12941177
0.12549020
0.12549020
0.12549020
0.11764706
0.11764706
0.11372549
0.07843138
0.08235294
0.09019608
0.08235294
0.10196079
0.12549020
0.12156863
0.11372549
0.11764706
0.11764706
0.12549020
0.12156863
0.11764706
0.12549020
0.12941177
0.12549020
0.11764706
0.11372549
0.10588235
0.10588235
0.10588235
0.11372549
0.11372549
0.11372549
0.11764706
0.12156863
0.12156863
0.12156863
0.12156863
0.12156863
0.12156863
0.11764706
0.08235294
0.08235294
0.09019608
0.07843138
0.19607843
0.36470589
0.19607843
0.10588235
0.11764706
0.10588235
0.11764706
0.12941177
0.12941177
0.14509805
0.13725491
0.13333334
0.12941177
0.12549020
0.11764706
0.10588235
0.10588235
0.11372549
0.11372549
0.11764706
0.12156863
0.12156863
0.12156863
0.12549020
0.12549020
0.12549020
0.12549020
0.12156863
0.08627451
0.09019608
0.09411765
0.10588235
0.31764707
0.43137255
0.27450982
0.23921569
0.29019609
0.19215687
0.14901961
0.12941177
0.12941177
0.13333334
0.12549020
0.12156863
0.11764706
0.11372549
0.10980392
0.10980392
0.10588235
0.11372549
0.11372549
0.11764706
0.12549020
0.12549020
0.12549020
0.12156863
0.12549020
0.12549020
0.12549020
0.12156863
0.09019608
0.09019608
0.09411765
0.13725491
0.32941177
0.33725491
0.27450982
0.31764707
0.40392157
0.37647060
0.28235295
0.25882354
0.27450982
0.27843139
0.27058825
0.25098041
0.22745098
0.21568628
0.18823530
0.14509805
0.14901961
0.13725491
0.13333334
0.12549020
0.12156863
0.11372549
0.10980392
0.11764706
0.13725491
0.13333334
0.11764706
0.12156863
0.09411765
0.09411765
0.09411765
0.13725491
0.30196080
0.29803923
0.23529412
0.25098041
0.39215687
0.43529412
0.32156864
0.34117648
0.35686275
0.44705883
0.46274510
0.41568628
0.41960785
0.47450981
0.57254905
0.49411765
0.54117650
0.54509807
0.51372552
0.46274510
0.44705883
0.40000001
0.28235295
0.16862746
0.18039216
0.14117648
0.10196079
0.10980392
0.09411765
0.09411765
0.09019608
0.14901961
0.30196080
0.27058825
0.24705882
0.25098041
0.37647060
0.40784314
0.30588236
0.30196080
0.31372550
0.42745098
0.41176471
0.34117648
0.36470589
0.35686275
0.43921569
0.52549022
0.56862748
0.60000002
0.63529414
0.66666669
0.66666669
0.60784316
0.41960785
0.14509805
0.22745098
0.23529412
0.21960784
0.21568628
0.09411765
0.09803922
0.09019608
0.16470589
0.30980393
0.25882354
0.26274511
0.30196080
0.36862746
0.35686275
0.32156864
0.35686275
0.36078432
0.37647060
0.35294119
0.32549021
0.32549021
0.26274511
0.23529412
0.31764707
0.36470589
0.35294119
0.34901962
0.37254903
0.38431373
0.30980393
0.24313726
0.23529412
0.28627452
0.30588236
0.32156864
0.34117648
0.09803922
0.09803922
0.10980392
0.20392157
0.30588236
0.28235295
0.29803923
0.29803923
0.36078432
0.38431373
0.34117648
0.37647060
0.36862746
0.37647060
0.33725491
0.32941177
0.33725491
0.32549021
0.30588236
0.29411766
0.33333334
0.25490198
0.19607843
0.23137255
0.30980393
0.36470589
0.38039216
0.34117648
0.29803923
0.30588236
0.29803923
0.30588236
0.09803922
0.10196079
0.12156863
0.22745098
0.31372550
0.26274511
0.26666668
0.30588236
0.34901962
0.35294119
0.29019609
0.24313726
0.27450982
0.36862746
0.40392157
0.36078432
0.30196080
0.29411766
0.34901962
0.30980393
0.30196080
0.28235295
0.25098041
0.32156864
0.45098040
0.58039218
0.51372552
0.36470589
0.27058825
0.22745098
0.22352941
0.21960784
0.09803922
0.10588235
0.10196079
0.21176471
0.34117648
0.27058825
0.32549021
0.32941177
0.43137255
0.40392157
0.23529412
0.17254902
0.29411766
0.35686275
0.45098040
0.42745098
0.34509805
0.28235295
0.32549021
0.33725491
0.30588236
0.29411766
0.28235295
0.23529412
0.26274511
0.36862746
0.38039216
0.26666668
0.26666668
0.26274511
0.21960784
0.20000000
0.09803922
0.11764706
0.11764706
0.20392157
0.36470589
0.34117648
0.34117648
0.31372550
0.44705883
0.45882353
0.28627452
0.17254902
0.38431373
0.41960785
0.44313726
0.47450981
0.41960785
0.33333334
0.27058825
0.30196080
0.32941177
0.29803923
0.26666668
0.23529412
0.22745098
0.19215687
0.19215687
0.23529412
0.37254903
0.32156864
0.23529412
0.20784314
0.11372549
0.17647059
0.18823530
0.23137255
0.32549021
0.32941177
0.28235295
0.26666668
0.42745098
0.47843137
0.47058824
0.43921569
0.43137255
0.43137255
0.40000001
0.44705883
0.43921569
0.35294119
0.29803923
0.24313726
0.29803923
0.31372550
0.31764707
0.28235295
0.23137255
0.23529412
0.21960784
0.21960784
0.35686275
0.32941177
0.28627452
0.26666668
0.21960784
0.24313726
0.25098041
0.27058825
0.29019609
0.35294119
0.40784314
0.32549021
0.26274511
0.36862746
0.42352942
0.47450981
0.44705883
0.36470589
0.34117648
0.42352942
0.42745098
0.40784314
0.37647060
0.24313726
0.25882354
0.35294119
0.34509805
0.29411766
0.23137255
0.22352941
0.27058825
0.18039216
0.25882354
0.35294119
0.36862746
0.36862746
0.25882354
0.30196080
0.34901962
0.35294119
0.34509805
0.34509805
0.39215687
0.36862746
0.26274511
0.25098041
0.26274511
0.28627452
0.29803923
0.36078432
0.37647060
0.55294120
0.47843137
0.40784314
0.35686275
0.27058825
0.26666668
0.36862746
0.33333334
0.29803923
0.25882354
0.23529412
0.29411766
0.21960784
0.19607843
0.28627452
0.34509805
0.34901962
0.36078432
0.41960785
0.39215687
0.40392157
0.41568628
0.39607844
0.38431373
0.36470589
0.34901962
0.30980393
0.23137255
0.15686275
0.13725491
0.25098041
0.47843137
0.60392159
0.52549022
0.43529412
0.32941177
0.26666668
0.20784314
0.30588236
0.33725491
0.32156864
0.26666668
0.23921569
0.30588236
0.22352941
0.19215687
0.23529412
0.23921569
0.30588236
0.41960785
0.37254903
0.37647060
0.38039216
0.36862746
0.34509805
0.36470589
0.38823530
0.41176471
0.43921569
0.40392157
0.22745098
0.14509805
0.22352941
0.43137255
0.52156866
0.51764709
0.44705883
0.27058825
0.19215687
0.19607843
0.31372550
0.30196080
0.31372550
0.29019609
0.24705882
0.29411766
0.23137255
0.19607843
0.22745098
0.16470589
0.27450982
0.31764707
0.31764707
0.33333334
0.32549021
0.31372550
0.32156864
0.34509805
0.39215687
0.45490196
0.48235294
0.50196081
0.34901962
0.18823530
0.42352942
0.30980393
0.24705882
0.27843139
0.23137255
0.21960784
0.25490198
0.30980393
0.35686275
0.30980393
0.29803923
0.25882354
0.24313726
0.27450982
0.25882354
0.20784314
0.17647059
0.16078432
0.21960784
0.34901962
0.33333334
0.36078432
0.34901962
0.35294119
0.39607844
0.41568628
0.42352942
0.45098040
0.47058824
0.49019608
0.39607844
0.29019609
0.45490196
0.36078432
0.15294118
0.10980392
0.13725491
0.19215687
0.23529412
0.28235295
0.27843139
0.31764707
0.30196080
0.23921569
0.18431373
0.23921569
0.27450982
0.18431373
0.14901961
0.18039216
0.18431373
0.39215687
0.37254903
0.39215687
0.40000001
0.39607844
0.41960785
0.40000001
0.36862746
0.33725491
0.31372550
0.32156864
0.24313726
0.18431373
0.26666668
0.29803923
0.27843139
0.24313726
0.22352941
0.21176471
0.30196080
0.27843139
0.21568628
0.29803923
0.24705882
0.25490198
0.23921569
0.20784314
0.23137255
0.18823530
0.20392157
0.16470589
0.18039216
0.40000001
0.36862746
0.36862746
0.37647060
0.36470589
0.34901962
0.35294119
0.33333334
0.29019609
0.25098041
0.23137255
0.18039216
0.22352941
0.21568628
0.22745098
0.20000000
0.30588236
0.44705883
0.26666668
0.30196080
0.29019609
0.20392157
0.30588236
0.30588236
0.24313726
0.21568628
0.22352941
0.18039216
0.23137255
0.18039216
0.14117648
0.18039216
0.41568628
0.42352942
0.41176471
0.42352942
0.41960785
0.34117648
0.34117648
0.30588236
0.29411766
0.30588236
0.25098041
0.18823530
0.29019609
0.20392157
0.17647059
0.18431373
0.24705882
0.32156864
0.35686275
0.32156864
0.21568628
0.20784314
0.28235295
0.30980393
0.29411766
0.27843139
0.18431373
0.09019608
0.15294118
0.09803922
0.22745098
0.20000000
0.45098040
0.46274510
0.49019608
0.49019608
0.49803922
0.47058824
0.43921569
0.36862746
0.30980393
0.29411766
0.25098041
0.18431373
0.22745098
0.07843138
0.05490196
0.08627451
0.17254902
0.25098041
0.36078432
0.29019609
0.21960784
0.21568628
0.25098041
0.25882354
0.22745098
0.20392157
0.13333334
0.05098039
0.09803922
0.22352941
0.32549021
0.17647059
0.49019608
0.50588238
0.53333336
0.45882353
0.41568628
0.39215687
0.38431373
0.39215687
0.31764707
0.30980393
0.34509805
0.33725491
0.29019609
0.24705882
0.15294118
0.08627451
0.08235294
0.10588235
0.17254902
0.21568628
0.20784314
0.22352941
0.18039216
0.14901961
0.10588235
0.08627451
0.03921569
0.09019608
0.33333334
0.39607844
0.34117648
0.21568628
0.46274510
0.46666667
0.51372552
0.48627451
0.39607844
0.34117648
0.32941177
0.32549021
0.32549021
0.34509805
0.39215687
0.40000001
0.39607844
0.38039216
0.31764707
0.27843139
0.20392157
0.13333334
0.12941177
0.16862746
0.17254902
0.18823530
0.10980392
0.05882353
0.05490196
0.04313726
0.03921569
0.20784314
0.41176471
0.31764707
0.28627452
0.28235295
0.41960785
0.42745098
0.44705883
0.41960785
0.39607844
0.36470589
0.32941177
0.32549021
0.33725491
0.36078432
0.40392157
0.41960785
0.43137255
0.42745098
0.41568628
0.36470589
0.34509805
0.42352942
0.38823530
0.27843139
0.22352941
0.15294118
0.08627451
0.09411765
0.08627451
0.07843138
0.17254902
0.23137255
0.25882354
0.20000000
0.21960784
0.25098041
0.53333336
0.52549022
0.47843137
0.41176471
0.36470589
0.31764707
0.33725491
0.40000001
0.43137255
0.45490196
0.45490196
0.45098040
0.46274510
0.50196081
0.45490196
0.39607844
0.34509805
0.43921569
0.47843137
0.35686275
0.24705882
0.12549020
0.21176471
0.24313726
0.18431373
0.18823530
0.20000000
0.20000000
0.20000000
0.22352941
0.27843139
0.30980393
0.56078434
0.55686277
0.54117650
0.49411765
0.38823530
0.40000001
0.46666667
0.47058824
0.47058824
0.46666667
0.44705883
0.44705883
0.47450981
0.49411765
0.43921569
0.42352942
0.36470589
0.30588236
0.25098041
0.25882354
0.21568628
0.25882354
0.26666668
0.25098041
0.21960784
0.18823530
0.17647059
0.16862746
0.18823530
0.22352941
0.23137255
0.25882354
0.55686277
0.52941179
0.51764709
0.50588238
0.45882353
0.48627451
0.50196081
0.44705883
0.40784314
0.41568628
0.45882353
0.47058824
0.42352942
0.38431373
0.38431373
0.34509805
0.30588236
0.27843139
0.24705882
0.27058825
0.27450982
0.26666668
0.22745098
0.20784314
0.18039216
0.16078432
0.18039216
0.19215687
0.20000000
0.21960784
0.23921569
0.26274511
0.63137257
0.56078434
0.50196081
0.49803922
0.49411765
0.47843137
0.47843137
0.47450981
0.47450981
0.45882353
0.40392157
0.41568628
0.38039216
0.33333334
0.27843139
0.25490198
0.25490198
0.24705882
0.27058825
0.25490198
0.25882354
0.21176471
0.23529412
0.20784314
0.18431373
0.18431373
0.20000000
0.20000000
0.21960784
0.24705882
0.23529412
0.23137255
0.56470591
0.50980395
0.48627451
0.46666667
0.46274510
0.44313726
0.48235294
0.52941179
0.52549022
0.45882353
0.37254903
0.34509805
0.32941177
0.26666668
0.21176471
0.22352941
0.23921569
0.23529412
0.23921569
0.21960784
0.23137255
0.21960784
0.21960784
0.20784314
0.21568628
0.23921569
0.23529412
0.22745098
0.27058825
0.28235295
0.27058825
0.25098041
1 0 0 0 0 0 -1 0 0 0 0
0 1 0 0 0 0 -1 0 0 0 0
0 0 1 0 0 0 -1 0 0 0 0
0 0 0 1 0 0 -1 0 0 0 0
0 0 0 0 1 0 -1 0 0 0 0
0 0 0 0 0 1 -1 0 0 0 0
0 0 0 0 0 0 -1 1 0 0 0
0 0 0 0 0 0 -1 0 1 0 0
0 0 0 0 0 0 -1 0 0 1 0
