1.00000000
1.00000000
1.00000000
1.00000000
1.00000000
1.00000000
0.96078432
0.95686275
1.00000000
1.00000000
1.00000000
1.00000000
0.98039216
0.91372550
0.91764706
0.86666667
0.76862746
0.75686276
0.76470590
0.72549021
0.72549021
0.32549021
0.09803922
0.04313726
0.02745098
0.10980392
0.06666667
0.01568628
0.01960784
0.01568628
0.03529412
0.01960784
1.00000000
0.99607843
0.99607843
0.98039216
0.92549020
0.90588236
0.86274511
0.85490197
0.96078432
0.98823529
0.98823529
0.98431373
0.90980393
0.83137256
0.81568629
0.80000001
0.61176473
0.60392159
0.58431375
0.50196081
0.43137255
0.23921569
0.06274510
0.03921569
0.01960784
0.09019608
0.11764706
0.05490196
0.04705882
0.02352941
0.01568628
0.01176471
1.00000000
0.99607843
1.00000000
0.90588236
0.74901962
0.76862746
0.79607844
0.84313726
0.90980393
0.97647059
0.99215686
0.97647059
0.82745099
0.74509805
0.70588237
0.71764708
0.49019608
0.35686275
0.39607844
0.38039216
0.27058825
0.20392157
0.10980392
0.07058824
0.03137255
0.05098039
0.11372549
0.13333334
0.08235294
0.03921569
0.01176471
0.00392157
1.00000000
0.98431373
0.91764706
0.71372551
0.60000002
0.69019610
0.74901962
0.82352942
0.88627452
0.96078432
0.99607843
0.98431373
0.80784315
0.65098041
0.57647061
0.51764709
0.38823530
0.23921569
0.27058825
0.27058825
0.20000000
0.20392157
0.14509805
0.09019608
0.07450981
0.08235294
0.09019608
0.10588235
0.06666667
0.01960784
0.01176471
0.01176471
1.00000000
0.97647059
0.80000001
0.66666669
0.66274512
0.75294119
0.76470590
0.79215688
0.78431374
0.90588236
0.98039216
0.93725491
0.84705883
0.67843139
0.55294120
0.38823530
0.36078432
0.22745098
0.22745098
0.24705882
0.18039216
0.15686275
0.10588235
0.07450981
0.06274510
0.03529412
0.04313726
0.03529412
0.03137255
0.03529412
0.04313726
0.02352941
1.00000000
0.99215686
0.78039217
0.64313728
0.67843139
0.72156864
0.77254903
0.76078433
0.78431374
0.84705883
0.92941177
0.87450981
0.71372551
0.48627451
0.36862746
0.31764707
0.23529412
0.18823530
0.18431373
0.16078432
0.16470589
0.12156863
0.09019608
0.14901961
0.12549020
0.07450981
0.04313726
0.03529412
0.04313726
0.03137255
0.03921569
0.02352941
1.00000000
0.94509804
0.74901962
0.67843139
0.65882355
0.56470591
0.70196080
0.72549021
0.73725492
0.82352942
0.89803922
0.90196079
0.61568630
0.49019608
0.39215687
0.31372550
0.26274511
0.18823530
0.19607843
0.14901961
0.15686275
0.08627451
0.05490196
0.10980392
0.14117648
0.08627451
0.02745098
0.02352941
0.02745098
0.01176471
0.02745098
0.02745098
1.00000000
0.86274511
0.67450982
0.57254905
0.59607846
0.59607846
0.61568630
0.63137257
0.68235296
0.87058824
0.96078432
0.97254902
0.90980393
0.89019608
0.84313726
0.77647060
0.68627453
0.51764709
0.34117648
0.15294118
0.10588235
0.05882353
0.04705882
0.06666667
0.06666667
0.07058824
0.03921569
0.03137255
0.00784314
0.00392157
0.01176471
0.01176471
1.00000000
0.87843138
0.56470591
0.65490198
0.65098041
0.73333335
0.78823531
0.83137256
0.93725491
0.98431373
0.98823529
0.98431373
0.99607843
1.00000000
1.00000000
1.00000000
0.98823529
0.95686275
0.77254903
0.24705882
0.11764706
0.16470589
0.12156863
0.10196079
0.07450981
0.03921569
0.06666667
0.05098039
0.00392157
0.00392157
0.01960784
0.01960784
1.00000000
0.91764706
0.70980394
0.69803923
0.70196080
0.78823531
0.96078432
1.00000000
0.96862745
0.95686275
0.98823529
0.99215686
0.99215686
0.99215686
0.99215686
0.97254902
0.94901961
0.94509804
0.86274511
0.31764707
0.07450981
0.21568628
0.11372549
0.05098039
0.05098039
0.04705882
0.05490196
0.02352941
0.00784314
0.00392157
0.01568628
0.01960784
0.98431373
0.81176472
0.66666669
0.70588237
0.74117649
0.92941177
0.94509804
0.92549020
0.93333334
0.94901961
0.98823529
0.99607843
0.99607843
1.00000000
0.90196079
0.73725492
0.74901962
0.83529413
0.85490197
0.39607844
0.08627451
0.20000000
0.34117648
0.21176471
0.02745098
0.03529412
0.04313726
0.01960784
0.00392157
0.00000000
0.00392157
0.01176471
0.91764706
0.67450982
0.48627451
0.56862748
0.73725492
0.94117647
0.91372550
0.94117647
0.98039216
0.96862745
0.98823529
0.99607843
1.00000000
1.00000000
0.92156863
0.80000001
0.74509805
0.80392158
0.85882354
0.60000002
0.33725491
0.27058825
0.33333334
0.16862746
0.05490196
0.05098039
0.06274510
0.04705882
0.02352941
0.03529412
0.03529412
0.11372549
0.84705883
0.70980394
0.53333336
0.47843137
0.57254905
0.88235295
0.88235295
0.93333334
0.96862745
0.97647059
0.98823529
0.98823529
0.98431373
0.98431373
0.97254902
0.94901961
0.85490197
0.79607844
0.77254903
0.58039218
0.49803922
0.51372552
0.23137255
0.19607843
0.18431373
0.16078432
0.29411766
0.16078432
0.19215687
0.33333334
0.29411766
0.49019608
0.89411765
0.77647060
0.74117649
0.73725492
0.74117649
0.84705883
0.79607844
0.94117647
0.96470588
0.97647059
0.98039216
0.98823529
0.95294118
0.92941177
0.89803922
0.77254903
0.67843139
0.64313728
0.41960785
0.24313726
0.23137255
0.25882354
0.14901961
0.25882354
0.38039216
0.46274510
0.36470589
0.25490198
0.38823530
0.55294120
0.70588237
0.89019608
0.86666667
0.88235295
0.86274511
0.68235296
0.83137256
0.87058824
0.80392158
0.96078432
0.94509804
0.96470588
0.96078432
0.97254902
0.93333334
0.86666667
0.76470590
0.65490198
0.65882355
0.67450982
0.31764707
0.11372549
0.05098039
0.11764706
0.01960784
0.22745098
0.25882354
0.52941179
0.25098041
0.29019609
0.58823532
0.84705883
0.92941177
1.00000000
0.77647060
0.82745099
0.83921570
0.70196080
0.80392158
0.92549020
0.93725491
0.96862745
0.95686275
0.97254902
0.85490197
0.67843139
0.49411765
0.38039216
0.41960785
0.67843139
0.49803922
0.62352943
0.30588236
0.14117648
0.01960784
0.05490196
0.04313726
0.16470589
0.16862746
0.26666668
0.25490198
0.47843137
0.81176472
0.96862745
0.90588236
0.91764706
0.80784315
0.79215688
0.80784315
0.71764708
0.65098041
0.63529414
0.67450982
0.81960785
0.92156863
0.96078432
0.89411765
0.64313728
0.37254903
0.25882354
0.46666667
0.64313728
0.38431373
0.51372552
0.23921569
0.21176471
0.16862746
0.15294118
0.15686275
0.10588235
0.11764706
0.15294118
0.23921569
0.56470591
0.78431374
0.86666667
0.78431374
0.77647060
0.59215689
0.55686277
0.51372552
0.49803922
0.47450981
0.36470589
0.27058825
0.25098041
0.46274510
0.70588237
0.78823531
0.58823532
0.43921569
0.25882354
0.33725491
0.45882353
0.59215689
0.68235296
0.40784314
0.32156864
0.32549021
0.19215687
0.14117648
0.08235294
0.04705882
0.06274510
0.09019608
0.17254902
0.36470589
0.43921569
0.36862746
0.43137255
0.45882353
0.44313726
0.41960785
0.41568628
0.41176471
0.35294119
0.25490198
0.04313726
0.05098039
0.16862746
0.20392157
0.12941177
0.14509805
0.13333334
0.20784314
0.21960784
0.32156864
0.45882353
0.46666667
0.42352942
0.23529412
0.20000000
0.23921569
0.16470589
0.07843138
0.01176471
0.00000000
0.00000000
0.03529412
0.21568628
0.16078432
0.13333334
0.51372552
0.44313726
0.42745098
0.41960785
0.40392157
0.36862746
0.28235295
0.17647059
0.10980392
0.05882353
0.06666667
0.09411765
0.15294118
0.03137255
0.12549020
0.24705882
0.24705882
0.21568628
0.23137255
0.20000000
0.14509805
0.53333336
0.87450981
0.43137255
0.11764706
0.03921569
0.02352941
0.01960784
0.01176471
0.28235295
0.17254902
0.09019608
0.46274510
0.41176471
0.41568628
0.42745098
0.41960785
0.39607844
0.36078432
0.32941177
0.29411766
0.24313726
0.21176471
0.23529412
0.24313726
0.01176471
0.02745098
0.07450981
0.11764706
0.21176471
0.12549020
0.00784314
0.09019608
0.50588238
0.72549021
0.32549021
0.04705882
0.01960784
0.03137255
0.02352941
0.00784314
0.18431373
0.18823530
0.11372549
0.41568628
0.37647060
0.38431373
0.42352942
0.43137255
0.40784314
0.38431373
0.36078432
0.35294119
0.34509805
0.31764707
0.30196080
0.20392157
0.07450981
0.11764706
0.17254902
0.07843138
0.01960784
0.03137255
0.09411765
0.07843138
0.13333334
0.18039216
0.14117648
0.03529412
0.00392157
0.00000000
0.00392157
0.00392157
0.03921569
0.14509805
0.14117648
0.37647060
0.35686275
0.37254903
0.40000001
0.41176471
0.40784314
0.38431373
0.36470589
0.36470589
0.36078432
0.34901962
0.32941177
0.31764707
0.31764707
0.27058825
0.22352941
0.23529412
0.14509805
0.05098039
0.22352941
0.11372549
0.03529412
0.10980392
0.15294118
0.07058824
0.04313726
0.05490196
0.10588235
0.05098039
0.00784314
0.07843138
0.09019608
0.37254903
0.35686275
0.36470589
0.37647060
0.38823530
0.40000001
0.38039216
0.36078432
0.36862746
0.36470589
0.34509805
0.34509805
0.39215687
0.42745098
0.41568628
0.31372550
0.21568628
0.15686275
0.13333334
0.37647060
0.15294118
0.01176471
0.01176471
0.02352941
0.01960784
0.05098039
0.26274511
0.39215687
0.08235294
0.03921569
0.07450981
0.09411765
0.34901962
0.34901962
0.34901962
0.35294119
0.37254903
0.38431373
0.36470589
0.34509805
0.34901962
0.34901962
0.34117648
0.34509805
0.35294119
0.38431373
0.43137255
0.43529412
0.36470589
0.21568628
0.17647059
0.27450982
0.15294118
0.02745098
0.00000000
0.01568628
0.01568628
0.00000000
0.13333334
0.18823530
0.06666667
0.14117648
0.10980392
0.08235294
0.32549021
0.33725491
0.33333334
0.33725491
0.34509805
0.34901962
0.35294119
0.34509805
0.34509805
0.35294119
0.35294119
0.34901962
0.34901962
0.34509805
0.36862746
0.39215687
0.38431373
0.30588236
0.18823530
0.12549020
0.10588235
0.03529412
0.01568628
0.03921569
0.14509805
0.22352941
0.11764706
0.02745098
0.11764706
0.22352941
0.20000000
0.15294118
0.32549021
0.32549021
0.33725491
0.35294119
0.36470589
0.38039216
0.39215687
0.39607844
0.40000001
0.38431373
0.40000001
0.38039216
0.36470589
0.33725491
0.30980393
0.30980393
0.30980393
0.27450982
0.21960784
0.13333334
0.07843138
0.05490196
0.07843138
0.11372549
0.18039216
0.24705882
0.23921569
0.16862746
0.19215687
0.20784314
0.15686275
0.14509805
0.37647060
0.37647060
0.38431373
0.40392157
0.43921569
0.46274510
0.45490196
0.44313726
0.43137255
0.38823530
0.40392157
0.39607844
0.37647060
0.34117648
0.30980393
0.31372550
0.32156864
0.32156864
0.32156864
0.29803923
0.28627452
0.27450982
0.24313726
0.22745098
0.20784314
0.20392157
0.21176471
0.21176471
0.21176471
0.18431373
0.14509805
0.12941177
0.43137255
0.41176471
0.38823530
0.37647060
0.38823530
0.38431373
0.40392157
0.41960785
0.41568628
0.38039216
0.41568628
0.40392157
0.36078432
0.36470589
0.38431373
0.38823530
0.39215687
0.40392157
0.41176471
0.42352942
0.42745098
0.42352942
0.38431373
0.34117648
0.29019609
0.25882354
0.27450982
0.24705882
0.23529412
0.24705882
0.26274511
0.23921569
0.36862746
0.36078432
0.39215687
0.45882353
0.45490196
0.40784314
0.40784314
0.40784314
0.39607844
0.38823530
0.43529412
0.45098040
0.36862746
0.34901962
0.39215687
0.40784314
0.39607844
0.38823530
0.43137255
0.44313726
0.41568628
0.39215687
0.37647060
0.35294119
0.30980393
0.26666668
0.25882354
0.24705882
0.23529412
0.23529412
0.25882354
0.28235295
0.57647061
0.51764709
0.45490196
0.51372552
0.50980395
0.49019608
0.43137255
0.38039216
0.39607844
0.40784314
0.43529412
0.46666667
0.39607844
0.34117648
0.34117648
0.39215687
0.39215687
0.37647060
0.41176471
0.43137255
0.40392157
0.38823530
0.36862746
0.34901962
0.32156864
0.27843139
0.23921569
0.21568628
0.18823530
0.17647059
0.18039216
0.18039216
0.87058824
0.73725492
0.53725493
0.45882353
0.45098040
0.43137255
0.41176471
0.41176471
0.41960785
0.41568628
0.41960785
0.41568628
0.39215687
0.35686275
0.30196080
0.35686275
0.37254903
0.36862746
0.34901962
0.35294119
0.35294119
0.35294119
0.36470589
0.34901962
0.32156864
0.30196080
0.27450982
0.20000000
0.14901961
0.14117648
0.13725491
0.13333334
1.00000000
1.00000000
1.00000000
1.00000000
1.00000000
1.00000000
0.94509804
0.93725491
1.00000000
1.00000000
1.00000000
1.00000000
0.98039216
0.88235295
0.90980393
0.80784315
0.68235296
0.68235296
0.67843139
0.66274512
0.72941178
0.36862746
0.13725491
0.07450981
0.05490196
0.13333334
0.08627451
0.02352941
0.01960784
0.01568628
0.03529412
0.01960784
1.00000000
0.98823529
0.99607843
0.96862745
0.90588236
0.87058824
0.80392158
0.79607844
0.92549020
0.98823529
1.00000000
0.99607843
0.90196079
0.79607844
0.79215688
0.76078433
0.56862748
0.56470591
0.52549022
0.45882353
0.43137255
0.27058825
0.09803922
0.07058824
0.04705882
0.11372549
0.14117648
0.06666667
0.05098039
0.02352941
0.01568628
0.01176471
1.00000000
0.98431373
0.98431373
0.87843138
0.70588237
0.70196080
0.71372551
0.76078433
0.84313726
0.96470588
1.00000000
0.99215686
0.82745099
0.70980394
0.67450982
0.70196080
0.49019608
0.35686275
0.37647060
0.37647060
0.28235295
0.23529412
0.14509805
0.10196079
0.05882353
0.07450981
0.13725491
0.14509805
0.08627451
0.03921569
0.01176471
0.00392157
1.00000000
0.97254902
0.87058824
0.65098041
0.52549022
0.60784316
0.66274512
0.72941178
0.80392158
0.92941177
0.98823529
0.98823529
0.81568629
0.62745100
0.54117650
0.52156866
0.42352942
0.26274511
0.28627452
0.29803923
0.23137255
0.23921569
0.18039216
0.12549020
0.10980392
0.10980392
0.11372549
0.12156863
0.07058824
0.02352941
0.01176471
0.01176471
1.00000000
0.98039216
0.74901962
0.58431375
0.57647061
0.67058825
0.68627453
0.70588237
0.69803923
0.85490197
0.95294118
0.93725491
0.85490197
0.65882355
0.53333336
0.41568628
0.40392157
0.25490198
0.25490198
0.28627452
0.22352941
0.20000000
0.14901961
0.10980392
0.09019608
0.05882353
0.06666667
0.05882353
0.05490196
0.05882353
0.05882353
0.03137255
1.00000000
1.00000000
0.73725492
0.56862748
0.60392159
0.64705884
0.69803923
0.67450982
0.69803923
0.77647060
0.88627452
0.87058824
0.72941178
0.48627451
0.36862746
0.35686275
0.28235295
0.21960784
0.22352941
0.20784314
0.21176471
0.16862746
0.13333334
0.18431373
0.15294118
0.09803922
0.06666667
0.05490196
0.07058824
0.06274510
0.05882353
0.03137255
1.00000000
0.95686275
0.70588237
0.61176473
0.59215689
0.49411765
0.63137257
0.64313728
0.65882355
0.74509805
0.84705883
0.89019608
0.62745100
0.50196081
0.40392157
0.34901962
0.30196080
0.22745098
0.25098041
0.20392157
0.20784314
0.13333334
0.09411765
0.14901961
0.17254902
0.11372549
0.05098039
0.04313726
0.05098039
0.03137255
0.03529412
0.03137255
1.00000000
0.87450981
0.63137257
0.50196081
0.52156866
0.52156866
0.54509807
0.56862748
0.63137257
0.81568629
0.92549020
0.95686275
0.91372550
0.89803922
0.85098040
0.78823531
0.70196080
0.53725493
0.37647060
0.19607843
0.15686275
0.10588235
0.09019608
0.10196079
0.09803922
0.09411765
0.06274510
0.05098039
0.02745098
0.01568628
0.01568628
0.00784314
1.00000000
0.88627452
0.51764709
0.56862748
0.56862748
0.65490198
0.71764708
0.78823531
0.92549020
0.98039216
0.98431373
0.98039216
0.99607843
1.00000000
1.00000000
1.00000000
0.97647059
0.94117647
0.77254903
0.27450982
0.16862746
0.21960784
0.16862746
0.13725491
0.10196079
0.06274510
0.09411765
0.07450981
0.01960784
0.01176471
0.01568628
0.01568628
0.99607843
0.87843138
0.63137257
0.61176473
0.62745100
0.74901962
0.92941177
0.98823529
0.96470588
0.96078432
0.98823529
0.99215686
0.99607843
0.99215686
0.98823529
0.97254902
0.94509804
0.93725491
0.86274511
0.34117648
0.11764706
0.26274511
0.15294118
0.08235294
0.07843138
0.07843138
0.08235294
0.04313726
0.01176471
0.00784314
0.00784314
0.00784314
0.94509804
0.72941178
0.59607846
0.63137257
0.67058825
0.90980393
0.92941177
0.90980393
0.92549020
0.94509804
0.98823529
0.99607843
0.99607843
1.00000000
0.91764706
0.76862746
0.77254903
0.85098040
0.87058824
0.42745098
0.12549020
0.23137255
0.35686275
0.23137255
0.05490196
0.06274510
0.06666667
0.03137255
0.01176471
0.00392157
0.00784314
0.01176471
0.84313726
0.57647061
0.44313726
0.49411765
0.65882355
0.90588236
0.88235295
0.91764706
0.96470588
0.96078432
0.98823529
0.99607843
0.99607843
0.99607843
0.93333334
0.81960785
0.76078433
0.81568629
0.86274511
0.60784316
0.34901962
0.27450982
0.33333334
0.18039216
0.07450981
0.06274510
0.07058824
0.05490196
0.02745098
0.03529412
0.02352941
0.09019608
0.75686276
0.60392159
0.47058824
0.39607844
0.48627451
0.83137256
0.83921570
0.90196079
0.94509804
0.96470588
0.98823529
0.98823529
0.97254902
0.96078432
0.94901961
0.93333334
0.85490197
0.81176472
0.78039217
0.58431375
0.50196081
0.51764709
0.24313726
0.20784314
0.19607843
0.16078432
0.29411766
0.16862746
0.19215687
0.29803923
0.24705882
0.41960785
0.81960785
0.68627453
0.65882355
0.65882355
0.65098041
0.79215688
0.74901962
0.90588236
0.93725491
0.95686275
0.98431373
0.99215686
0.93333334
0.89803922
0.87450981
0.76470590
0.70588237
0.71372551
0.49803922
0.31764707
0.29411766
0.30980393
0.18039216
0.28235295
0.39215687
0.45882353
0.36078432
0.26274511
0.39215687
0.52549022
0.67843139
0.83529413
0.81960785
0.84313726
0.81176472
0.63137257
0.76470590
0.81960785
0.74509805
0.89803922
0.90196079
0.93725491
0.95294118
0.96470588
0.91372550
0.83921570
0.75686276
0.69411767
0.73333335
0.77254903
0.45098040
0.20784314
0.10980392
0.17647059
0.05098039
0.29803923
0.34117648
0.54117650
0.25490198
0.29411766
0.57254905
0.84313726
0.93333334
0.99607843
0.70588237
0.76078433
0.76470590
0.63529414
0.72941178
0.86274511
0.87843138
0.90196079
0.90196079
0.92156863
0.82745099
0.65882355
0.48627451
0.37647060
0.41960785
0.70980394
0.57254905
0.71764708
0.40784314
0.23137255
0.05882353
0.09411765
0.06274510
0.22745098
0.23921569
0.28235295
0.26666668
0.46666667
0.75686276
0.90980393
0.85882354
0.85098040
0.75294119
0.73333335
0.73333335
0.65098041
0.58823532
0.59607846
0.65098041
0.78039217
0.87450981
0.90588236
0.85882354
0.62352943
0.36862746
0.26666668
0.45098040
0.61176473
0.40000001
0.57254905
0.31764707
0.32941177
0.23529412
0.20784314
0.19215687
0.15294118
0.16078432
0.17254902
0.25490198
0.54509807
0.71372551
0.77254903
0.70588237
0.68627453
0.58823532
0.55686277
0.50588238
0.48627451
0.46274510
0.37647060
0.28627452
0.24705882
0.44705883
0.67843139
0.76470590
0.57647061
0.43921569
0.26666668
0.30588236
0.40392157
0.56078434
0.68235296
0.46666667
0.42352942
0.40392157
0.27843139
0.19607843
0.14117648
0.09803922
0.09019608
0.10196079
0.16470589
0.32941177
0.40392157
0.36078432
0.41960785
0.46666667
0.47450981
0.45098040
0.43137255
0.41568628
0.36862746
0.27843139
0.05882353
0.06666667
0.18431373
0.20784314
0.12941177
0.14509805
0.13333334
0.20392157
0.22745098
0.31372550
0.42352942
0.45490196
0.43921569
0.27843139
0.27058825
0.27058825
0.20000000
0.10588235
0.01960784
0.00784314
0.00000000
0.04313726
0.23137255
0.20784314
0.19215687
0.49411765
0.46274510
0.46666667
0.43921569
0.41176471
0.37647060
0.30588236
0.20784314
0.13725491
0.08235294
0.07843138
0.10196079
0.16470589
0.03529412
0.14509805
0.28627452
0.27843139
0.21568628
0.21960784
0.18431373
0.13725491
0.52549022
0.85098040
0.43137255
0.13333334
0.04705882
0.03921569
0.03137255
0.01568628
0.29019609
0.21960784
0.15294118
0.43921569
0.41568628
0.43529412
0.44705883
0.43529412
0.41176471
0.38823530
0.36078432
0.31764707
0.25882354
0.22352941
0.25098041
0.25882354
0.02352941
0.05490196
0.10980392
0.16078432
0.24705882
0.13333334
0.01176471
0.08627451
0.49019608
0.70980394
0.33333334
0.07450981
0.03529412
0.04705882
0.03529412
0.00392157
0.18039216
0.21568628
0.15686275
0.40784314
0.37254903
0.39215687
0.43921569
0.44705883
0.42352942
0.40784314
0.39215687
0.37647060
0.36078432
0.33333334
0.31764707
0.21176471
0.08235294
0.14509805
0.20784314
0.11764706
0.05490196
0.04313726
0.10980392
0.10196079
0.16078432
0.20392157
0.16862746
0.06274510
0.01960784
0.00784314
0.00784314
0.00392157
0.03921569
0.16470589
0.16862746
0.37254903
0.36078432
0.38039216
0.41568628
0.42745098
0.42352942
0.40784314
0.40000001
0.38823530
0.37254903
0.36862746
0.34901962
0.32156864
0.31764707
0.29019609
0.24705882
0.26666668
0.16862746
0.06666667
0.24313726
0.13333334
0.06274510
0.14117648
0.17647059
0.08627451
0.05098039
0.04313726
0.07843138
0.04705882
0.00784314
0.09803922
0.10980392
0.36470589
0.36862746
0.38431373
0.39215687
0.40392157
0.41568628
0.40784314
0.39215687
0.38823530
0.37647060
0.36862746
0.36862746
0.39607844
0.42352942
0.41568628
0.31764707
0.22352941
0.17647059
0.15686275
0.39215687
0.15686275
0.01568628
0.02352941
0.02745098
0.01960784
0.05098039
0.21960784
0.33725491
0.06666667
0.03921569
0.09411765
0.10588235
0.34901962
0.36470589
0.37647060
0.37254903
0.38823530
0.40000001
0.39607844
0.39215687
0.38431373
0.37647060
0.37254903
0.37254903
0.36862746
0.39607844
0.43137255
0.43137255
0.36078432
0.22745098
0.20392157
0.29019609
0.15686275
0.03921569
0.01568628
0.02352941
0.01176471
0.00000000
0.12549020
0.17647059
0.07058824
0.13333334
0.11372549
0.09019608
0.33725491
0.35294119
0.36078432
0.36862746
0.37647060
0.38039216
0.38823530
0.38431373
0.37647060
0.37647060
0.38039216
0.37254903
0.37254903
0.36470589
0.38431373
0.40784314
0.40000001
0.32549021
0.21960784
0.15294118
0.12549020
0.05882353
0.04313726
0.05098039
0.14509805
0.21568628
0.10588235
0.01176471
0.10196079
0.19215687
0.17647059
0.14117648
0.32549021
0.33725491
0.35294119
0.36078432
0.37647060
0.39607844
0.40392157
0.40392157
0.40784314
0.39215687
0.40784314
0.39215687
0.38039216
0.35686275
0.34117648
0.34509805
0.34117648
0.30980393
0.25490198
0.16078432
0.10196079
0.07058824
0.09019608
0.11764706
0.17647059
0.22745098
0.21176471
0.14509805
0.16862746
0.19215687
0.14901961
0.14509805
0.35686275
0.36078432
0.37254903
0.37647060
0.41176471
0.43529412
0.43529412
0.43137255
0.42352942
0.38823530
0.40000001
0.39607844
0.38431373
0.36078432
0.33333334
0.33725491
0.34509805
0.34509805
0.34117648
0.31372550
0.29411766
0.27450982
0.23921569
0.22352941
0.20392157
0.20392157
0.21960784
0.21568628
0.21960784
0.20000000
0.16862746
0.15294118
0.38823530
0.37254903
0.35686275
0.36078432
0.37647060
0.37254903
0.39215687
0.40784314
0.41176471
0.38431373
0.40000001
0.38823530
0.36470589
0.37647060
0.38431373
0.38039216
0.38431373
0.40000001
0.41176471
0.41568628
0.41568628
0.41176471
0.36862746
0.32549021
0.27843139
0.25490198
0.27450982
0.24705882
0.23137255
0.23921569
0.25490198
0.22745098
0.33725491
0.33333334
0.38431373
0.45490196
0.44705883
0.41176471
0.41568628
0.40392157
0.38823530
0.38039216
0.41176471
0.43137255
0.36470589
0.35686275
0.38431373
0.38431373
0.38039216
0.38039216
0.41960785
0.42745098
0.40000001
0.38039216
0.36862746
0.34509805
0.30588236
0.26666668
0.26274511
0.24705882
0.22745098
0.21568628
0.23921569
0.25882354
0.49803922
0.45098040
0.41568628
0.48235294
0.47843137
0.48235294
0.43529412
0.38039216
0.39215687
0.39215687
0.40784314
0.44313726
0.39215687
0.34509805
0.34901962
0.37647060
0.38039216
0.36862746
0.39607844
0.41568628
0.38823530
0.38039216
0.36862746
0.34901962
0.32156864
0.29019609
0.25490198
0.22745098
0.20000000
0.18431373
0.19215687
0.19215687
0.72941178
0.61568630
0.45098040
0.40392157
0.40784314
0.40392157
0.40000001
0.40000001
0.40784314
0.39607844
0.39607844
0.39607844
0.38823530
0.35686275
0.31764707
0.35686275
0.35686275
0.35294119
0.34117648
0.34509805
0.34509805
0.34901962
0.36470589
0.34901962
0.32156864
0.30980393
0.28627452
0.21568628
0.16862746
0.17254902
0.17254902
0.16862746
1.00000000
1.00000000
1.00000000
1.00000000
0.99215686
0.98823529
0.90588236
0.88235295
0.98039216
1.00000000
1.00000000
1.00000000
0.95294118
0.80000001
0.84313726
0.66666669
0.49803922
0.50980395
0.50196081
0.50588238
0.63921571
0.29019609
0.04705882
0.01960784
0.01960784
0.08627451
0.04313726
0.00784314
0.01960784
0.01176471
0.02745098
0.01568628
1.00000000
1.00000000
1.00000000
0.95294118
0.80784315
0.75686276
0.69019610
0.65882355
0.84705883
0.97254902
0.98431373
1.00000000
0.87843138
0.67058825
0.69019610
0.63529414
0.41960785
0.41176471
0.36470589
0.30980393
0.32549021
0.18431373
0.02745098
0.02352941
0.01960784
0.06666667
0.07843138
0.02745098
0.03529412
0.01568628
0.01176471
0.00392157
1.00000000
0.98823529
0.95686275
0.79215688
0.53725493
0.50980395
0.52941179
0.57647061
0.70588237
0.91764706
0.98823529
0.98823529
0.78431374
0.56862748
0.53333336
0.58823532
0.37254903
0.22745098
0.24313726
0.24313726
0.16078432
0.13725491
0.07450981
0.04313726
0.01960784
0.02745098
0.06274510
0.08235294
0.05882353
0.03529412
0.00784314
0.00000000
1.00000000
0.95686275
0.78823531
0.51764709
0.37647060
0.42352942
0.47058824
0.54117650
0.63921571
0.85490197
0.96862745
0.96862745
0.74509805
0.49411765
0.38823530
0.41568628
0.32549021
0.14901961
0.17647059
0.18039216
0.10980392
0.13333334
0.09803922
0.05490196
0.04705882
0.05490196
0.03529412
0.05098039
0.03921569
0.01568628
0.00784314
0.00392157
1.00000000
0.96078432
0.63529414
0.42352942
0.41176471
0.48235294
0.49019608
0.51764709
0.51764709
0.74509805
0.89411765
0.90980393
0.78823531
0.52549022
0.38039216
0.31372550
0.32549021
0.16470589
0.16078432
0.17254902
0.09803922
0.10196079
0.07843138
0.04705882
0.03529412
0.01568628
0.02352941
0.01176471
0.00784314
0.01960784
0.03137255
0.01960784
1.00000000
0.98823529
0.61568630
0.39607844
0.42745098
0.47450981
0.52549022
0.50588238
0.49803922
0.58823532
0.75686276
0.81568629
0.64313728
0.34509805
0.24705882
0.27058825
0.21176471
0.14117648
0.14117648
0.09411765
0.09411765
0.09019608
0.07843138
0.12156863
0.09019608
0.04705882
0.03137255
0.02352941
0.02352941
0.01568628
0.03137255
0.01960784
0.99607843
0.93725491
0.58039218
0.43921569
0.42745098
0.34509805
0.46274510
0.47058824
0.47058824
0.56470591
0.73333335
0.83921570
0.55686277
0.41176471
0.33333334
0.29803923
0.24705882
0.16470589
0.18431373
0.10980392
0.10980392
0.07058824
0.05490196
0.08627451
0.09803922
0.05098039
0.01568628
0.01176471
0.01568628
0.00392157
0.01960784
0.01960784
0.99607843
0.84705883
0.50588238
0.33333334
0.36470589
0.37254903
0.36470589
0.40784314
0.52156866
0.74117649
0.89019608
0.95294118
0.89019608
0.87843138
0.83137256
0.77254903
0.68627453
0.51764709
0.34117648
0.12941177
0.08235294
0.05098039
0.04313726
0.04313726
0.03137255
0.03921569
0.01960784
0.01568628
0.00784314
0.00392157
0.00784314
0.00392157
0.99607843
0.85098040
0.38823530
0.41176471
0.40784314
0.49019608
0.57254905
0.72549021
0.90196079
0.95686275
0.98039216
0.98823529
0.97254902
0.99215686
1.00000000
1.00000000
0.99215686
0.96078432
0.76078433
0.22745098
0.10588235
0.15686275
0.10196079
0.07843138
0.04705882
0.01568628
0.03529412
0.03137255
0.00784314
0.00784314
0.01176471
0.00784314
0.94901961
0.78039217
0.47843137
0.45098040
0.47843137
0.65882355
0.88235295
0.98039216
0.96078432
0.94901961
0.98431373
0.99215686
0.98039216
0.98431373
0.98431373
0.98431373
0.96470588
0.94901961
0.85882354
0.30980393
0.06274510
0.20000000
0.09019608
0.03529412
0.04313726
0.03137255
0.02745098
0.01176471
0.00784314
0.00784314
0.00392157
0.00784314
0.89803922
0.59607846
0.43529412
0.46274510
0.53333336
0.86666667
0.92156863
0.89803922
0.90980393
0.93333334
0.98039216
0.99607843
0.99607843
1.00000000
0.93333334
0.80000001
0.80392158
0.87058824
0.87843138
0.41176471
0.08627451
0.16862746
0.29411766
0.18823530
0.02745098
0.02352941
0.03137255
0.01568628
0.01176471
0.01568628
0.00784314
0.01960784
0.74509805
0.43137255
0.31764707
0.34117648
0.54509807
0.87843138
0.87450981
0.90588236
0.95294118
0.94509804
0.97647059
0.98823529
0.98823529
0.99607843
0.94509804
0.84313726
0.78431374
0.83529413
0.87450981
0.60000002
0.32156864
0.21960784
0.27450982
0.14117648
0.05098039
0.04313726
0.05490196
0.04705882
0.02352941
0.03137255
0.01960784
0.08235294
0.58431375
0.45490196
0.36862746
0.27450982
0.39607844
0.80784315
0.82352942
0.89019608
0.92941177
0.94509804
0.97254902
0.97254902
0.96078432
0.95686275
0.94117647
0.92549020
0.86274511
0.83529413
0.80392158
0.58823532
0.48235294
0.48627451
0.20784314
0.18039216
0.16862746
0.14509805
0.27843139
0.15294118
0.17254902
0.26274511
0.21568628
0.37647060
0.68627453
0.54509807
0.53333336
0.56470591
0.58823532
0.76078433
0.72156864
0.88627452
0.91764706
0.93333334
0.96078432
0.97254902
0.92156863
0.89019608
0.86274511
0.76470590
0.74117649
0.77647060
0.56470591
0.36078432
0.32156864
0.32549021
0.18039216
0.26666668
0.36470589
0.43137255
0.33725491
0.23529412
0.35294119
0.49019608
0.64705884
0.79215688
0.76862746
0.76470590
0.72549021
0.58431375
0.72549021
0.80000001
0.72549021
0.87843138
0.87843138
0.90980393
0.93725491
0.95294118
0.90196079
0.82745099
0.74509805
0.72156864
0.79607844
0.85098040
0.53333336
0.25490198
0.14117648
0.22352941
0.07058824
0.27450982
0.30196080
0.50196081
0.23529412
0.27058825
0.51372552
0.80392158
0.91764706
0.97254902
0.73333335
0.76862746
0.74509805
0.58823532
0.68235296
0.83529413
0.86666667
0.88627452
0.88235295
0.90588236
0.81176472
0.64705884
0.47450981
0.37254903
0.42745098
0.74117649
0.62745100
0.79215688
0.50588238
0.28627452
0.06666667
0.10196079
0.05882353
0.20392157
0.22745098
0.26666668
0.25098041
0.41960785
0.65098041
0.82352942
0.79607844
0.80000001
0.74901962
0.70980394
0.69411767
0.61176473
0.55294120
0.58039218
0.64705884
0.78039217
0.87058824
0.90196079
0.83921570
0.60784316
0.36862746
0.27843139
0.46274510
0.60392159
0.40784314
0.61176473
0.40000001
0.41960785
0.29411766
0.25098041
0.22352941
0.17254902
0.16862746
0.18039216
0.24705882
0.47450981
0.57254905
0.63137257
0.57647061
0.56470591
0.61960787
0.58823532
0.52549022
0.49803922
0.47058824
0.39607844
0.30980393
0.25882354
0.45098040
0.67450982
0.75294119
0.56470591
0.43921569
0.27450982
0.30588236
0.38039216
0.53725493
0.67058825
0.49019608
0.50196081
0.51372552
0.39607844
0.29803923
0.19607843
0.10588235
0.09803922
0.10196079
0.11764706
0.23137255
0.27058825
0.20000000
0.25490198
0.52156866
0.55294120
0.52156866
0.47450981
0.43921569
0.38823530
0.30196080
0.08235294
0.07450981
0.17254902
0.20000000
0.12941177
0.14509805
0.13725491
0.21960784
0.25098041
0.32156864
0.41568628
0.46274510
0.44705883
0.30588236
0.31764707
0.32156864
0.25882354
0.13725491
0.02745098
0.01568628
0.00392157
0.02745098
0.16862746
0.09019608
0.03921569
0.50588238
0.49803922
0.51372552
0.48235294
0.45098040
0.41176471
0.34117648
0.23529412
0.15294118
0.07843138
0.07450981
0.10196079
0.16470589
0.03921569
0.15686275
0.31372550
0.30588236
0.23921569
0.23529412
0.17254902
0.10588235
0.47843137
0.82352942
0.45098040
0.16470589
0.05490196
0.05098039
0.05098039
0.01568628
0.26274511
0.15294118
0.05882353
0.45098040
0.44705883
0.48235294
0.49411765
0.48235294
0.45882353
0.43137255
0.39607844
0.33725491
0.26666668
0.22352941
0.25098041
0.26274511
0.02745098
0.06274510
0.12156863
0.18823530
0.27843139
0.15686275
0.01960784
0.07843138
0.47058824
0.70588237
0.34901962
0.08235294
0.04705882
0.06666667
0.04705882
0.00392157
0.18431373
0.20392157
0.13333334
0.42352942
0.41176471
0.44313726
0.48627451
0.49411765
0.47058824
0.45098040
0.42352942
0.40000001
0.37647060
0.34901962
0.32941177
0.21960784
0.09019608
0.15294118
0.22352941
0.14901961
0.08627451
0.06274510
0.12549020
0.11764706
0.19215687
0.25490198
0.20392157
0.06666667
0.02745098
0.01960784
0.01176471
0.01176471
0.05882353
0.17647059
0.16862746
0.40000001
0.40000001
0.43137255
0.46274510
0.47450981
0.47058824
0.44705883
0.42745098
0.41568628
0.40392157
0.39607844
0.36862746
0.33333334
0.32156864
0.28627452
0.25098041
0.28627452
0.19215687
0.08235294
0.25882354
0.15686275
0.10196079
0.19607843
0.21960784
0.09411765
0.05490196
0.03529412
0.06274510
0.04313726
0.00784314
0.07843138
0.08235294
0.39607844
0.40784314
0.42745098
0.43921569
0.45098040
0.46274510
0.44705883
0.42352942
0.42745098
0.41960785
0.40392157
0.39215687
0.41176471
0.42745098
0.40000001
0.30588236
0.22745098
0.18823530
0.16862746
0.40392157
0.16862746
0.03137255
0.05098039
0.05882353
0.03529412
0.05098039
0.18823530
0.29411766
0.05882353
0.04313726
0.08235294
0.09019608
0.39215687
0.40784314
0.41568628
0.41176471
0.43529412
0.45098040
0.44705883
0.43529412
0.42745098
0.41568628
0.40392157
0.40000001
0.39607844
0.41568628
0.42745098
0.42745098
0.36078432
0.23137255
0.21176471
0.29803923
0.16078432
0.03529412
0.01960784
0.03137255
0.01568628
0.00000000
0.10588235
0.14901961
0.05098039
0.12549020
0.10588235
0.09019608
0.38431373
0.39607844
0.40000001
0.41568628
0.42352942
0.43137255
0.43529412
0.42352942
0.40784314
0.40392157
0.40000001
0.39607844
0.40392157
0.40000001
0.40000001
0.41960785
0.41176471
0.34117648
0.23529412
0.16470589
0.13333334
0.06666667
0.04705882
0.04705882
0.12941177
0.19215687
0.09803922
0.01176471
0.07843138
0.16862746
0.16862746
0.14509805
0.36470589
0.37254903
0.38823530
0.40392157
0.40784314
0.41568628
0.41960785
0.42352942
0.42352942
0.40392157
0.42352942
0.40784314
0.40392157
0.38431373
0.36862746
0.36862746
0.36862746
0.33333334
0.27450982
0.17647059
0.10980392
0.08235294
0.10196079
0.10588235
0.15294118
0.20392157
0.19607843
0.12941177
0.14901961
0.17254902
0.13725491
0.14117648
0.38039216
0.38039216
0.38823530
0.38431373
0.41568628
0.42745098
0.43137255
0.43137255
0.42745098
0.39215687
0.40784314
0.40392157
0.40000001
0.37647060
0.35294119
0.35294119
0.36078432
0.36078432
0.34901962
0.31764707
0.29019609
0.27843139
0.23921569
0.21176471
0.18431373
0.18823530
0.19607843
0.19215687
0.20392157
0.18039216
0.14117648
0.12941177
0.38823530
0.37254903
0.35686275
0.36470589
0.38431373
0.38823530
0.40000001
0.40392157
0.41568628
0.39607844
0.40784314
0.39215687
0.36862746
0.38431373
0.37647060
0.37647060
0.38039216
0.39215687
0.40392157
0.40392157
0.40000001
0.39215687
0.35294119
0.31764707
0.27843139
0.26274511
0.26666668
0.23921569
0.23921569
0.23137255
0.24313726
0.21568628
0.33725491
0.33725491
0.39215687
0.46666667
0.45490196
0.43529412
0.43921569
0.41960785
0.40784314
0.40392157
0.41176471
0.42352942
0.36862746
0.36470589
0.37647060
0.36470589
0.36862746
0.37647060
0.40784314
0.41176471
0.38431373
0.36078432
0.35294119
0.33725491
0.30196080
0.27058825
0.26666668
0.25490198
0.24313726
0.22745098
0.24313726
0.26274511
0.46274510
0.42352942
0.40784314
0.48627451
0.47450981
0.48235294
0.44705883
0.39215687
0.40392157
0.40784314
0.40392157
0.43529412
0.39215687
0.35686275
0.35294119
0.36862746
0.36862746
0.36470589
0.38431373
0.40392157
0.37647060
0.37254903
0.36078432
0.34117648
0.31372550
0.28627452
0.25490198
0.23529412
0.21176471
0.20000000
0.20392157
0.20392157
0.64705884
0.54901963
0.41176471
0.38823530
0.39215687
0.39215687
0.39215687
0.39215687
0.40000001
0.39215687
0.38431373
0.38431373
0.38039216
0.36078432
0.32941177
0.36078432
0.34509805
0.33725491
0.32941177
0.33333334
0.33333334
0.33725491
0.35294119
0.34117648
0.31372550
0.29803923
0.28235295
0.22352941
0.18039216
0.18039216
0.17647059
0.17254902
1 0 0 0 0 0 0 0 0 -1 0
0 1 0 0 0 0 0 0 0 -1 0
0 0 1 0 0 0 0 0 0 -1 0
0 0 0 1 0 0 0 0 0 -1 0
0 0 0 0 1 0 0 0 0 -1 0
0 0 0 0 0 1 0 0 0 -1 0
0 0 0 0 0 0 1 0 0 -1 0
0 0 0 0 0 0 0 1 0 -1 0
0 0 0 0 0 0 0 0 1 -1 0
