0.42745098
0.35686275
0.58039218
0.58431375
0.32156864
0.17647059
0.16862746
0.18431373
0.14901961
0.24705882
0.35294119
0.24705882
0.26274511
0.17254902
0.16078432
0.21568628
0.23529412
0.23137255
0.31764707
0.25882354
0.34117648
0.27450982
0.22352941
0.19607843
0.30980393
0.25490198
0.09803922
0.41176471
0.46666667
0.21176471
0.20784314
0.12941177
0.30980393
0.17254902
0.17647059
0.49803922
0.52549022
0.21568628
0.17647059
0.22745098
0.36078432
0.21568628
0.20784314
0.32941177
0.36862746
0.19607843
0.14117648
0.13725491
0.22745098
0.22352941
0.22352941
0.26666668
0.20392157
0.14509805
0.25098041
0.34509805
0.36470589
0.27058825
0.14901961
0.33333334
0.25882354
0.27450982
0.34901962
0.21568628
0.13725491
0.12156863
0.18431373
0.40784314
0.24313726
0.25098041
0.41960785
0.53333336
0.66274512
0.47843137
0.47450981
0.66666669
0.56862748
0.43921569
0.23529412
0.18823530
0.35294119
0.33333334
0.18823530
0.19607843
0.20000000
0.15686275
0.20784314
0.34509805
0.35686275
0.28235295
0.25490198
0.25882354
0.26666668
0.37254903
0.41176471
0.36470589
0.17647059
0.20000000
0.21568628
0.36078432
0.21960784
0.58823532
0.78431374
0.66666669
0.61568630
0.59215689
0.71764708
0.65490198
0.50196081
0.45882353
0.26274511
0.25098041
0.47843137
0.45098040
0.23137255
0.17254902
0.20000000
0.23529412
0.23921569
0.22352941
0.34901962
0.35686275
0.31372550
0.27450982
0.30196080
0.39607844
0.40000001
0.40784314
0.23137255
0.18431373
0.14509805
0.21568628
0.41568628
0.81960785
0.81176472
0.62745100
0.59215689
0.58039218
0.58431375
0.47843137
0.40784314
0.40392157
0.34509805
0.36078432
0.46666667
0.49411765
0.49803922
0.27450982
0.18431373
0.34509805
0.43921569
0.19215687
0.27058825
0.28627452
0.34117648
0.38431373
0.32156864
0.19607843
0.22745098
0.33333334
0.19215687
0.12549020
0.12549020
0.14117648
0.43529412
0.79607844
0.64313728
0.64313728
0.60000002
0.58823532
0.54509807
0.43529412
0.38039216
0.38039216
0.43921569
0.50196081
0.47843137
0.40784314
0.54509807
0.53333336
0.32156864
0.36078432
0.52549022
0.28627452
0.18823530
0.24705882
0.40784314
0.47843137
0.36470589
0.22352941
0.16862746
0.26666668
0.18823530
0.09803922
0.14901961
0.15686275
0.30588236
0.74901962
0.65098041
0.64705884
0.63137257
0.56862748
0.56470591
0.50980395
0.43137255
0.40784314
0.44705883
0.47843137
0.48235294
0.41960785
0.35686275
0.53333336
0.55686277
0.54509807
0.65098041
0.48235294
0.22352941
0.24705882
0.35294119
0.40000001
0.30196080
0.37254903
0.25882354
0.25098041
0.18823530
0.12156863
0.09411765
0.10980392
0.20392157
0.65490198
0.72941178
0.61960787
0.70196080
0.68627453
0.52549022
0.50980395
0.50196081
0.47450981
0.45882353
0.48235294
0.45098040
0.40392157
0.36078432
0.46274510
0.61176473
0.74117649
0.81568629
0.67843139
0.46274510
0.29803923
0.19607843
0.19607843
0.24313726
0.32941177
0.27843139
0.33333334
0.21960784
0.14117648
0.14901961
0.11764706
0.19607843
0.60784316
0.73725492
0.65490198
0.70196080
0.78823531
0.57647061
0.45882353
0.49411765
0.49411765
0.47058824
0.48627451
0.47843137
0.48235294
0.48235294
0.55294120
0.61568630
0.73333335
0.84313726
0.74117649
0.64705884
0.58431375
0.31372550
0.16470589
0.25098041
0.25490198
0.28235295
0.37647060
0.22352941
0.12941177
0.12549020
0.16078432
0.24705882
0.54901963
0.73725492
0.69803923
0.60392159
0.81960785
0.60784316
0.45098040
0.46666667
0.52549022
0.51764709
0.46274510
0.46274510
0.54117650
0.55686277
0.61176473
0.70588237
0.73725492
0.82745099
0.74117649
0.59607846
0.74117649
0.62745100
0.34117648
0.22745098
0.21568628
0.25882354
0.28235295
0.26274511
0.21960784
0.18039216
0.28235295
0.27843139
0.44313726
0.70588237
0.72156864
0.47058824
0.51764709
0.58431375
0.46274510
0.45882353
0.51764709
0.53333336
0.51372552
0.47058824
0.49803922
0.53725493
0.53333336
0.60784316
0.70196080
0.80000001
0.71372551
0.58823532
0.67843139
0.75686276
0.55294120
0.28627452
0.23921569
0.25098041
0.30196080
0.30196080
0.25098041
0.19215687
0.36470589
0.45098040
0.43529412
0.62745100
0.72941178
0.50980395
0.26274511
0.39607844
0.43529412
0.46666667
0.49411765
0.50196081
0.50196081
0.50980395
0.48627451
0.49411765
0.50588238
0.54509807
0.56862748
0.67843139
0.72156864
0.65490198
0.61960787
0.66666669
0.61960787
0.47058824
0.38823530
0.32941177
0.35294119
0.35686275
0.26274511
0.21960784
0.30588236
0.35686275
0.33725491
0.53725493
0.71764708
0.62745100
0.40392157
0.30980393
0.40392157
0.48235294
0.48235294
0.47843137
0.45490196
0.50980395
0.50196081
0.49411765
0.50588238
0.54901963
0.57647061
0.58431375
0.61568630
0.65098041
0.60000002
0.53333336
0.64313728
0.62352943
0.44705883
0.34117648
0.25490198
0.33725491
0.42352942
0.38431373
0.39215687
0.36862746
0.34117648
0.49803922
0.67843139
0.67843139
0.56862748
0.44313726
0.36862746
0.38823530
0.49803922
0.49019608
0.47843137
0.49019608
0.49411765
0.50588238
0.52549022
0.52941179
0.52156866
0.54901963
0.57647061
0.57647061
0.54117650
0.51372552
0.62745100
0.60392159
0.50588238
0.30980393
0.18823530
0.29803923
0.42745098
0.46666667
0.51372552
0.52549022
0.46666667
0.49411765
0.59607846
0.69803923
0.58823532
0.39215687
0.38823530
0.38039216
0.41960785
0.50588238
0.49803922
0.48627451
0.48627451
0.52156866
0.53725493
0.51764709
0.49411765
0.49411765
0.56470591
0.55686277
0.55686277
0.55294120
0.58431375
0.57254905
0.63921571
0.38039216
0.26274511
0.35294119
0.45098040
0.45098040
0.49411765
0.50588238
0.50196081
0.45098040
0.46666667
0.64313728
0.51764709
0.41960785
0.54901963
0.52549022
0.42745098
0.47058824
0.51764709
0.49411765
0.48235294
0.51372552
0.52941179
0.47843137
0.47843137
0.48627451
0.53725493
0.47843137
0.54509807
0.52941179
0.54509807
0.63921571
0.67450982
0.52549022
0.28627452
0.33333334
0.48627451
0.48235294
0.37647060
0.34117648
0.41568628
0.46666667
0.44313726
0.60000002
0.52941179
0.42352942
0.49411765
0.48235294
0.41568628
0.42352942
0.45490196
0.48627451
0.47843137
0.50588238
0.52156866
0.46666667
0.49411765
0.54901963
0.53725493
0.41960785
0.49019608
0.48235294
0.46274510
0.62352943
0.68235296
0.61568630
0.39607844
0.26274511
0.39215687
0.41960785
0.24313726
0.21176471
0.34117648
0.53725493
0.56078434
0.61960787
0.59215689
0.44313726
0.40392157
0.41568628
0.40000001
0.44705883
0.40784314
0.41568628
0.48627451
0.51764709
0.52156866
0.52941179
0.53725493
0.58431375
0.54509807
0.52549022
0.50196081
0.44705883
0.38431373
0.43529412
0.67058825
0.58823532
0.50588238
0.24313726
0.26274511
0.30980393
0.22745098
0.21960784
0.34509805
0.50980395
0.54117650
0.50196081
0.54901963
0.57647061
0.49411765
0.45490196
0.45882353
0.46666667
0.45882353
0.45882353
0.46274510
0.48235294
0.50980395
0.52549022
0.51764709
0.55686277
0.53725493
0.53725493
0.52156866
0.43529412
0.38431373
0.28627452
0.47843137
0.60784316
0.60784316
0.23529412
0.23921569
0.25098041
0.31372550
0.33333334
0.35686275
0.48235294
0.42352942
0.33725491
0.40784314
0.56862748
0.64705884
0.56078434
0.47843137
0.47058824
0.48627451
0.45882353
0.43921569
0.43137255
0.49803922
0.52156866
0.51372552
0.54509807
0.54509807
0.52549022
0.52549022
0.42745098
0.38431373
0.28235295
0.18431373
0.52941179
0.63529414
0.26274511
0.36862746
0.41176471
0.25490198
0.36862746
0.43137255
0.37647060
0.36862746
0.44313726
0.43529412
0.46666667
0.55294120
0.54509807
0.49803922
0.49019608
0.47450981
0.41176471
0.40784314
0.40784314
0.40392157
0.47058824
0.51764709
0.51372552
0.50980395
0.49803922
0.44313726
0.38823530
0.37254903
0.30980393
0.10196079
0.27058825
0.56862748
0.23137255
0.36078432
0.42352942
0.21176471
0.32549021
0.42745098
0.32941177
0.34117648
0.38039216
0.43921569
0.45490196
0.50196081
0.50980395
0.58431375
0.52941179
0.45098040
0.39215687
0.40000001
0.40000001
0.38431373
0.42745098
0.50980395
0.42745098
0.48627451
0.49019608
0.38431373
0.36078432
0.38039216
0.35686275
0.11764706
0.10196079
0.35686275
0.15294118
0.30588236
0.35294119
0.20000000
0.33333334
0.46274510
0.42352942
0.45098040
0.34901962
0.32549021
0.25098041
0.49019608
0.57254905
0.61960787
0.54117650
0.48235294
0.41960785
0.43921569
0.43137255
0.43137255
0.42352942
0.43137255
0.41176471
0.43921569
0.50196081
0.42352942
0.34117648
0.35294119
0.36470589
0.16470589
0.02745098
0.17254902
0.12941177
0.31372550
0.45882353
0.23137255
0.32156864
0.40784314
0.57254905
0.61568630
0.47843137
0.35294119
0.29411766
0.64705884
0.61568630
0.65882355
0.53725493
0.41568628
0.43137255
0.45882353
0.47843137
0.44705883
0.40784314
0.38431373
0.40000001
0.36470589
0.41176471
0.43921569
0.35294119
0.33333334
0.35294119
0.22352941
0.06666667
0.30196080
0.20000000
0.30196080
0.39607844
0.25098041
0.19607843
0.30588236
0.51372552
0.70588237
0.63921571
0.38431373
0.50980395
0.78431374
0.67450982
0.66666669
0.58823532
0.38823530
0.36470589
0.40784314
0.43529412
0.44313726
0.40784314
0.36470589
0.33725491
0.33333334
0.34509805
0.36862746
0.38431373
0.32941177
0.30588236
0.26666668
0.19607843
0.41960785
0.15686275
0.18431373
0.32941177
0.32156864
0.25882354
0.43921569
0.50588238
0.56078434
0.65882355
0.61568630
0.65882355
0.83921570
0.72941178
0.63137257
0.61176473
0.46666667
0.33333334
0.40784314
0.40392157
0.38823530
0.38431373
0.35686275
0.26666668
0.19607843
0.19607843
0.25882354
0.31372550
0.31764707
0.39215687
0.43137255
0.40392157
0.47843137
0.10196079
0.21960784
0.49803922
0.51372552
0.30588236
0.59215689
0.55294120
0.51372552
0.40000001
0.62745100
0.87843138
0.86666667
0.69411767
0.59607846
0.61176473
0.46666667
0.30196080
0.39607844
0.40392157
0.32549021
0.28235295
0.28235295
0.24313726
0.17647059
0.16470589
0.25882354
0.39607844
0.45490196
0.60784316
0.60784316
0.54509807
0.57647061
0.13333334
0.24313726
0.50980395
0.50196081
0.38823530
0.50196081
0.49803922
0.50588238
0.50196081
0.72941178
0.78431374
0.69019610
0.62745100
0.57254905
0.56078434
0.43529412
0.16470589
0.24705882
0.34901962
0.30980393
0.28627452
0.31764707
0.29803923
0.32549021
0.43921569
0.52156866
0.57647061
0.56470591
0.56470591
0.52156866
0.48235294
0.51764709
0.28235295
0.24313726
0.33333334
0.30980393
0.32941177
0.51372552
0.54117650
0.49411765
0.50980395
0.56078434
0.59215689
0.59215689
0.54901963
0.51372552
0.49803922
0.41176471
0.14901961
0.25490198
0.40000001
0.39607844
0.37647060
0.40392157
0.39607844
0.50980395
0.63137257
0.60392159
0.56078434
0.53333336
0.47843137
0.41568628
0.38431373
0.43137255
0.38039216
0.30196080
0.27450982
0.21568628
0.36470589
0.56078434
0.45490196
0.30588236
0.32549021
0.23137255
0.33725491
0.43921569
0.41568628
0.40000001
0.36470589
0.23921569
0.23137255
0.43137255
0.52941179
0.47843137
0.41568628
0.55686277
0.65098041
0.61176473
0.54901963
0.52549022
0.49411765
0.41176471
0.34509805
0.30980393
0.23529412
0.38823530
0.32549021
0.32156864
0.26666668
0.29803923
0.54509807
0.46666667
0.30196080
0.31764707
0.41960785
0.29803923
0.25098041
0.27450982
0.17254902
0.12941177
0.11372549
0.14117648
0.36862746
0.53725493
0.52941179
0.46666667
0.54117650
0.67843139
0.65490198
0.54117650
0.44313726
0.44705883
0.41568628
0.31372550
0.28627452
0.22745098
0.18431373
0.37254903
0.22352941
0.24313726
0.28235295
0.47450981
0.58431375
0.44705883
0.25882354
0.29803923
0.45490196
0.38823530
0.36862746
0.36470589
0.16078432
0.07843138
0.06666667
0.31372550
0.60000002
0.53333336
0.46666667
0.58039218
0.61568630
0.60000002
0.55294120
0.47843137
0.40000001
0.33725491
0.31764707
0.28235295
0.25098041
0.24313726
0.31764707
0.46666667
0.33725491
0.33725491
0.56470591
0.55294120
0.29803923
0.26666668
0.36470589
0.38431373
0.31764707
0.37647060
0.45098040
0.37254903
0.33333334
0.27450982
0.30196080
0.32941177
0.30588236
0.35294119
0.44705883
0.36862746
0.45882353
0.41960785
0.38431373
0.37254903
0.47843137
0.38823530
0.21960784
0.47843137
0.47450981
0.29803923
0.32549021
0.23921569
0.25882354
0.18431373
0.19215687
0.47450981
0.53725493
0.32549021
0.34509805
0.34901962
0.43921569
0.34901962
0.32941177
0.43137255
0.44313726
0.29803923
0.26274511
0.24313726
0.30588236
0.32549021
0.28235295
0.33333334
0.31372550
0.26274511
0.39607844
0.53333336
0.55686277
0.40392157
0.25882354
0.40784314
0.29019609
0.35294119
0.45490196
0.32549021
0.21960784
0.21960784
0.25882354
0.41960785
0.29803923
0.34117648
0.49411765
0.54509807
0.63529414
0.50980395
0.52941179
0.72156864
0.61176473
0.43921569
0.31764707
0.30196080
0.43921569
0.42352942
0.20392157
0.23529412
0.32156864
0.24313726
0.32156864
0.52549022
0.56078434
0.45098040
0.39607844
0.37254903
0.35686275
0.46274510
0.52941179
0.49411765
0.34901962
0.34509805
0.32156864
0.41176471
0.29411766
0.61960787
0.78431374
0.67058825
0.60392159
0.58823532
0.72941178
0.65490198
0.51764709
0.46666667
0.29803923
0.30980393
0.51764709
0.49803922
0.21568628
0.21960784
0.35294119
0.30196080
0.31372550
0.39215687
0.55686277
0.56078434
0.50196081
0.43921569
0.45098040
0.50588238
0.53725493
0.56470591
0.40392157
0.32941177
0.24313726
0.27058825
0.44313726
0.79607844
0.79607844
0.64313728
0.62352943
0.59215689
0.59215689
0.46666667
0.41176471
0.43529412
0.37647060
0.40784314
0.52549022
0.54117650
0.47058824
0.35686275
0.37647060
0.42352942
0.48235294
0.37647060
0.49803922
0.48627451
0.52156866
0.54509807
0.48235294
0.33333334
0.38039216
0.50196081
0.34117648
0.25882354
0.21568628
0.19607843
0.43137255
0.73725492
0.61176473
0.64705884
0.63137257
0.60392159
0.54509807
0.43921569
0.39215687
0.38823530
0.45882353
0.54901963
0.55686277
0.51372552
0.58823532
0.52549022
0.41176471
0.42352942
0.52941179
0.40000001
0.37647060
0.43921569
0.58039218
0.63921571
0.52941179
0.38431373
0.33333334
0.44705883
0.31764707
0.21568628
0.24705882
0.27450982
0.36078432
0.71372551
0.62352943
0.65098041
0.64313728
0.58039218
0.57254905
0.51372552
0.43921569
0.41568628
0.45098040
0.50196081
0.53333336
0.53725493
0.49019608
0.53333336
0.54509807
0.54509807
0.61568630
0.48627451
0.32549021
0.43529412
0.56078434
0.60784316
0.50980395
0.56078434
0.44313726
0.43529412
0.31372550
0.24313726
0.20784314
0.27450982
0.33333334
0.68235296
0.74117649
0.63921571
0.72549021
0.70196080
0.53333336
0.51764709
0.51372552
0.48627451
0.46666667
0.49411765
0.47058824
0.45882353
0.49411765
0.56078434
0.60392159
0.69411767
0.77254903
0.63921571
0.49019608
0.43921569
0.39607844
0.43137255
0.47450981
0.53333336
0.46274510
0.49803922
0.36862746
0.29019609
0.27058825
0.24313726
0.32941177
0.66274512
0.76470590
0.69803923
0.74509805
0.80784315
0.56470591
0.45098040
0.49803922
0.50588238
0.49019608
0.49803922
0.47450981
0.47450981
0.52941179
0.59607846
0.60392159
0.69411767
0.81176472
0.72156864
0.63529414
0.61960787
0.40784314
0.32156864
0.43921569
0.44705883
0.45098040
0.51764709
0.38039216
0.28235295
0.29411766
0.30588236
0.40000001
0.64313728
0.76862746
0.74509805
0.66666669
0.82745099
0.57254905
0.43529412
0.46274510
0.52156866
0.53333336
0.47450981
0.46666667
0.52941179
0.54509807
0.59607846
0.69411767
0.70196080
0.78823531
0.72941178
0.58039218
0.73333335
0.61568630
0.39215687
0.38039216
0.39607844
0.41176471
0.43529412
0.42352942
0.32549021
0.31372550
0.41960785
0.41960785
0.54901963
0.73725492
0.75686276
0.52156866
0.52156866
0.55686277
0.45882353
0.46274510
0.51372552
0.54509807
0.52549022
0.47843137
0.49411765
0.52156866
0.52549022
0.60392159
0.67058825
0.75686276
0.69803923
0.56470591
0.65490198
0.71764708
0.55294120
0.38823530
0.37647060
0.38431373
0.46274510
0.47058824
0.31764707
0.26666668
0.50196081
0.59607846
0.58039218
0.69803923
0.76078433
0.55294120
0.27843139
0.39215687
0.44705883
0.47843137
0.49019608
0.50196081
0.50588238
0.50588238
0.47450981
0.48235294
0.49803922
0.54117650
0.54901963
0.65098041
0.70588237
0.62745100
0.57254905
0.62352943
0.60000002
0.48627451
0.45490196
0.43137255
0.51372552
0.54509807
0.36470589
0.32941177
0.48627451
0.53333336
0.53333336
0.66274512
0.76078433
0.66274512
0.42745098
0.31372550
0.40000001
0.47450981
0.47843137
0.47450981
0.45098040
0.50588238
0.49411765
0.49019608
0.50196081
0.54117650
0.56470591
0.57254905
0.60392159
0.62745100
0.56078434
0.49019608
0.59607846
0.58431375
0.43921569
0.41176471
0.41176471
0.53725493
0.59607846
0.56862748
0.58039218
0.52549022
0.52156866
0.63921571
0.72941178
0.70196080
0.58431375
0.42352942
0.32549021
0.35686275
0.49019608
0.48627451
0.47450981
0.49019608
0.49019608
0.50980395
0.52156866
0.51372552
0.50980395
0.54509807
0.56470591
0.56470591
0.52941179
0.47450981
0.56470591
0.54509807
0.44705883
0.35686275
0.34901962
0.49803922
0.63529414
0.68627453
0.70588237
0.67450982
0.63529414
0.67450982
0.70196080
0.72156864
0.57254905
0.30196080
0.29019609
0.31764707
0.37647060
0.49411765
0.49803922
0.48627451
0.48627451
0.52549022
0.53725493
0.51372552
0.48627451
0.49411765
0.56470591
0.55294120
0.53333336
0.50588238
0.52941179
0.50980395
0.54901963
0.39215687
0.39215687
0.54509807
0.65490198
0.66274512
0.69411767
0.68235296
0.65098041
0.60392159
0.60000002
0.69019610
0.46666667
0.30196080
0.46274510
0.47058824
0.36862746
0.44705883
0.50980395
0.49411765
0.48235294
0.51764709
0.53333336
0.47843137
0.47450981
0.48235294
0.53725493
0.47058824
0.51764709
0.49019608
0.49411765
0.57254905
0.58431375
0.49019608
0.36470589
0.51372552
0.67058825
0.68627453
0.59215689
0.56470591
0.56470591
0.57254905
0.57254905
0.67450982
0.46274510
0.30588236
0.41176471
0.41568628
0.34901962
0.38431373
0.43921569
0.48235294
0.48235294
0.50588238
0.52156866
0.46666667
0.49019608
0.54509807
0.52941179
0.40784314
0.48235294
0.45882353
0.41960785
0.56078434
0.60784316
0.53333336
0.41176471
0.40784314
0.53725493
0.60784316
0.46666667
0.43921569
0.51764709
0.67450982
0.68235296
0.69019610
0.55294120
0.32549021
0.28235295
0.30588236
0.31764707
0.41176471
0.38823530
0.40784314
0.48235294
0.51372552
0.52156866
0.52941179
0.53725493
0.58431375
0.54117650
0.51764709
0.49803922
0.43137255
0.34901962
0.38039216
0.61568630
0.50588238
0.45882353
0.34901962
0.37254903
0.46666667
0.38039216
0.35686275
0.50980395
0.69019610
0.66666669
0.54509807
0.56862748
0.53725493
0.41960785
0.38039216
0.41960785
0.45098040
0.44313726
0.43921569
0.44705883
0.48235294
0.50980395
0.52941179
0.51764709
0.55294120
0.53333336
0.53333336
0.51372552
0.41960785
0.36470589
0.24705882
0.43529412
0.56470591
0.52549022
0.36862746
0.32941177
0.37254903
0.39215687
0.44705883
0.53333336
0.64313728
0.52549022
0.38039216
0.53333336
0.59215689
0.61568630
0.53725493
0.45490196
0.45490196
0.47450981
0.44313726
0.42352942
0.40784314
0.48235294
0.51764709
0.50588238
0.53333336
0.53725493
0.52156866
0.51764709
0.42745098
0.37647060
0.25490198
0.17647059
0.51372552
0.55686277
0.42745098
0.47058824
0.56078434
0.41176471
0.50196081
0.60392159
0.57647061
0.47450981
0.53333336
0.58431375
0.52549022
0.51764709
0.50588238
0.47843137
0.47058824
0.45098040
0.39607844
0.39215687
0.37647060
0.37647060
0.45098040
0.49411765
0.49019608
0.49803922
0.49803922
0.43529412
0.39607844
0.37647060
0.29019609
0.10588235
0.26274511
0.52156866
0.33725491
0.44313726
0.54509807
0.40392157
0.48627451
0.54117650
0.53333336
0.45098040
0.50588238
0.56470591
0.57254905
0.48235294
0.44313726
0.57254905
0.51372552
0.42745098
0.36862746
0.37647060
0.37647060
0.35294119
0.39215687
0.47450981
0.40000001
0.46666667
0.47843137
0.37254903
0.36862746
0.39215687
0.35294119
0.12156863
0.11372549
0.36078432
0.19215687
0.36470589
0.42352942
0.29803923
0.50980395
0.54901963
0.52156866
0.51764709
0.46666667
0.46274510
0.38431373
0.50196081
0.52156866
0.60000002
0.52156866
0.45490196
0.38431373
0.40392157
0.40000001
0.40000001
0.38431373
0.40000001
0.38431373
0.41176471
0.47843137
0.41176471
0.35294119
0.37254903
0.36862746
0.17254902
0.06666667
0.24313726
0.18823530
0.42352942
0.58039218
0.29019609
0.41960785
0.53333336
0.62745100
0.61960787
0.55294120
0.52156866
0.40392157
0.68235296
0.61176473
0.63921571
0.50980395
0.38039216
0.38431373
0.40784314
0.43137255
0.41176471
0.38431373
0.35686275
0.36862746
0.33725491
0.38431373
0.42352942
0.36470589
0.35686275
0.36078432
0.23529412
0.13725491
0.41960785
0.34509805
0.45098040
0.53333336
0.29803923
0.20392157
0.43529412
0.63529414
0.72941178
0.67058825
0.52941179
0.64705884
0.84313726
0.65098041
0.61960787
0.56862748
0.33725491
0.29019609
0.34509805
0.38039216
0.40000001
0.37254903
0.32549021
0.30196080
0.29019609
0.28627452
0.32941177
0.36862746
0.33725491
0.31372550
0.29019609
0.30980393
0.57254905
0.36470589
0.33725491
0.43529412
0.35294119
0.24313726
0.51764709
0.63921571
0.68627453
0.68235296
0.60784316
0.75294119
0.88235295
0.67843139
0.57647061
0.56470591
0.38823530
0.23137255
0.32941177
0.33725491
0.32941177
0.33333334
0.30588236
0.23137255
0.17254902
0.17254902
0.22352941
0.27843139
0.29411766
0.37647060
0.42745098
0.45882353
0.60000002
0.27843139
0.35686275
0.63137257
0.63529414
0.37254903
0.71372551
0.72549021
0.67450982
0.49019608
0.59607846
0.86274511
0.85882354
0.64313728
0.53725493
0.53725493
0.39607844
0.22745098
0.32549021
0.33725491
0.26274511
0.23529412
0.24705882
0.21568628
0.16470589
0.15294118
0.22745098
0.35686275
0.40784314
0.56078434
0.54901963
0.48627451
0.63137257
0.21960784
0.35294119
0.63921571
0.60784316
0.44313726
0.60000002
0.59215689
0.60392159
0.57647061
0.71372551
0.72549021
0.63529414
0.56078434
0.49019608
0.48627451
0.40392157
0.14117648
0.20392157
0.29411766
0.26274511
0.26666668
0.30980393
0.29411766
0.29019609
0.36078432
0.45882353
0.51764709
0.49411765
0.49411765
0.43921569
0.39607844
0.55294120
0.38823530
0.33725491
0.41960785
0.36862746
0.34901962
0.57647061
0.58039218
0.51764709
0.50196081
0.50196081
0.50588238
0.50980395
0.46666667
0.40000001
0.39607844
0.38431373
0.13333334
0.21568628
0.36470589
0.38431373
0.38823530
0.40000001
0.38039216
0.48627451
0.57254905
0.53333336
0.48627451
0.45490196
0.40392157
0.34509805
0.33725491
0.49411765
0.54509807
0.39215687
0.38039216
0.27843139
0.40784314
0.69019610
0.62745100
0.42745098
0.44705883
0.35294119
0.34117648
0.36470589
0.34509805
0.30196080
0.30196080
0.21568628
0.20392157
0.40000001
0.50196081
0.47450981
0.42745098
0.52156866
0.61176473
0.58823532
0.51372552
0.45490196
0.41960785
0.34901962
0.28235295
0.26666668
0.26274511
0.50588238
0.45490196
0.43529412
0.39215687
0.32156864
0.61176473
0.63529414
0.49019608
0.45098040
0.59215689
0.49411765
0.38039216
0.30588236
0.17647059
0.12156863
0.11372549
0.13725491
0.34509805
0.51764709
0.50588238
0.45490196
0.53725493
0.62352943
0.59607846
0.48627451
0.38431373
0.38431373
0.35686275
0.27058825
0.25490198
0.23137255
0.26274511
0.52156866
0.34509805
0.40000001
0.39215687
0.50588238
0.71372551
0.59215689
0.36470589
0.40784314
0.63137257
0.58823532
0.56470591
0.49019608
0.22745098
0.14117648
0.09803922
0.31764707
0.58039218
0.50588238
0.43529412
0.57254905
0.59607846
0.54117650
0.47450981
0.39607844
0.32549021
0.29019609
0.27843139
0.25490198
0.25490198
0.31764707
0.43921569
0.61960787
0.21960784
0.21176471
0.49019608
0.49803922
0.25098041
0.11764706
0.11764706
0.13725491
0.07843138
0.11764706
0.16078432
0.13333334
0.12941177
0.04705882
0.06274510
0.08235294
0.10196079
0.11372549
0.23921569
0.17254902
0.23529412
0.17647059
0.14117648
0.11764706
0.22745098
0.18431373
0.03921569
0.29411766
0.36078432
0.13333334
0.14509805
0.06666667
0.13725491
0.07058824
0.11372549
0.42745098
0.48235294
0.14509805
0.06274510
0.10588235
0.22352941
0.08627451
0.05490196
0.24705882
0.29019609
0.10588235
0.06666667
0.04313726
0.10980392
0.12941177
0.13333334
0.16470589
0.10980392
0.06274510
0.18039216
0.27450982
0.29803923
0.22352941
0.09803922
0.24313726
0.15686275
0.18823530
0.28235295
0.15294118
0.07058824
0.09019608
0.14901961
0.34117648
0.16078432
0.10588235
0.24313726
0.32941177
0.40392157
0.24705882
0.32549021
0.62352943
0.48235294
0.24313726
0.11764706
0.11372549
0.24313726
0.26274511
0.08235294
0.07450981
0.11372549
0.07450981
0.14117648
0.27058825
0.29803923
0.24313726
0.19215687
0.19215687
0.17254902
0.28235295
0.34117648
0.29019609
0.13725491
0.14901961
0.13725491
0.25882354
0.08627451
0.45490196
0.69411767
0.52156866
0.35294119
0.35294119
0.52549022
0.52549022
0.35294119
0.22352941
0.08627451
0.13725491
0.33333334
0.37254903
0.11372549
0.05098039
0.12156863
0.15294118
0.16078432
0.13725491
0.29019609
0.30588236
0.23921569
0.22352941
0.21960784
0.30196080
0.31764707
0.32549021
0.16078432
0.09411765
0.04705882
0.08627451
0.19215687
0.64313728
0.76078433
0.52156866
0.39215687
0.38431373
0.38823530
0.26666668
0.20000000
0.20000000
0.14901961
0.20392157
0.31764707
0.38039216
0.37254903
0.18431373
0.12156863
0.24705882
0.31372550
0.10588235
0.20392157
0.20784314
0.26666668
0.31764707
0.24313726
0.12549020
0.15686275
0.25098041
0.09803922
0.02352941
0.03921569
0.03529412
0.20000000
0.50588238
0.46666667
0.50196081
0.42352942
0.36470589
0.31764707
0.21568628
0.17647059
0.19607843
0.22745098
0.30980393
0.32549021
0.28235295
0.39215687
0.37254903
0.22352941
0.24705882
0.34901962
0.15686275
0.10196079
0.15686275
0.32156864
0.38431373
0.27058825
0.15686275
0.09803922
0.18823530
0.11372549
0.02352941
0.08235294
0.07843138
0.14117648
0.43137255
0.37254903
0.46666667
0.45882353
0.32156864
0.28627452
0.23921569
0.19215687
0.20000000
0.20784314
0.25490198
0.29411766
0.27058825
0.22352941
0.36078432
0.40000001
0.37254903
0.45490196
0.30588236
0.10588235
0.16862746
0.27058825
0.30588236
0.20392157
0.30588236
0.18823530
0.16862746
0.12941177
0.07843138
0.06274510
0.05098039
0.08627451
0.38823530
0.43921569
0.40784314
0.55294120
0.49411765
0.25098041
0.20784314
0.21176471
0.21176471
0.19215687
0.22745098
0.21568628
0.20392157
0.23921569
0.35294119
0.44313726
0.51764709
0.65490198
0.51764709
0.32156864
0.21960784
0.11764706
0.11372549
0.16078432
0.27058825
0.20784314
0.24705882
0.12941177
0.06666667
0.10196079
0.09019608
0.09803922
0.34117648
0.43921569
0.42745098
0.57647061
0.68627453
0.36470589
0.18823530
0.21568628
0.21568628
0.19215687
0.21176471
0.21176471
0.21960784
0.27450982
0.40784314
0.47843137
0.54509807
0.73333335
0.63137257
0.49803922
0.48235294
0.20000000
0.05098039
0.16470589
0.20000000
0.21568628
0.29019609
0.12941177
0.03529412
0.06666667
0.11372549
0.16470589
0.33333334
0.44705883
0.45098040
0.53333336
0.76078433
0.36862746
0.19607843
0.21960784
0.23921569
0.22352941
0.18431373
0.20000000
0.27450982
0.29019609
0.38039216
0.51764709
0.53725493
0.72941178
0.67843139
0.45490196
0.65098041
0.47450981
0.17254902
0.14901961
0.16470589
0.18431373
0.19607843
0.18039216
0.10588235
0.09019608
0.17647059
0.17254902
0.26274511
0.43529412
0.45490196
0.41568628
0.49411765
0.36862746
0.20784314
0.19215687
0.22745098
0.23921569
0.23921569
0.22745098
0.25882354
0.27843139
0.28627452
0.36862746
0.46274510
0.66274512
0.64313728
0.46274510
0.55686277
0.61176473
0.40392157
0.18039216
0.15686275
0.16862746
0.23921569
0.21568628
0.12156863
0.07058824
0.23529412
0.32941177
0.29411766
0.38431373
0.42745098
0.38039216
0.21176471
0.23921569
0.20000000
0.18039216
0.20784314
0.22745098
0.23529412
0.27058825
0.26274511
0.25490198
0.25490198
0.29019609
0.30196080
0.49411765
0.60000002
0.52941179
0.43921569
0.52941179
0.50196081
0.30980393
0.25490198
0.23137255
0.30588236
0.26274511
0.13725491
0.09803922
0.19215687
0.23921569
0.22745098
0.33333334
0.39607844
0.37254903
0.22745098
0.14117648
0.18823530
0.21176471
0.21176471
0.22352941
0.18431373
0.25490198
0.27450982
0.25882354
0.25490198
0.28235295
0.29803923
0.35686275
0.42352942
0.48627451
0.40784314
0.35294119
0.48235294
0.44705883
0.27058825
0.21960784
0.20000000
0.23137255
0.29411766
0.27450982
0.28627452
0.23137255
0.21176471
0.32941177
0.40000001
0.36470589
0.29019609
0.21960784
0.16078432
0.15686275
0.24705882
0.25098041
0.20392157
0.21176471
0.23529412
0.25490198
0.26666668
0.26274511
0.25490198
0.29803923
0.31372550
0.36078432
0.37647060
0.27450982
0.38039216
0.43529412
0.30196080
0.16470589
0.10980392
0.18039216
0.29803923
0.33725491
0.40784314
0.39215687
0.32549021
0.35294119
0.38823530
0.39607844
0.31372550
0.16078432
0.14509805
0.16078432
0.20392157
0.27058825
0.22745098
0.20000000
0.21176471
0.25490198
0.27450982
0.27058825
0.25490198
0.24313726
0.29411766
0.31764707
0.34117648
0.29411766
0.30980393
0.36862746
0.41960785
0.19215687
0.14509805
0.21568628
0.31764707
0.30588236
0.36470589
0.36078432
0.35294119
0.30980393
0.28235295
0.34901962
0.23921569
0.16078432
0.24313726
0.29411766
0.25882354
0.22745098
0.24313726
0.22745098
0.23137255
0.25882354
0.27450982
0.24313726
0.26666668
0.25882354
0.30980393
0.28235295
0.31764707
0.28235295
0.26666668
0.38431373
0.43137255
0.32156864
0.16078432
0.17647059
0.34901962
0.34509805
0.23137255
0.18823530
0.26666668
0.32156864
0.26274511
0.31372550
0.22352941
0.11764706
0.12941177
0.18823530
0.20784314
0.14117648
0.16078432
0.23529412
0.25490198
0.26274511
0.27450982
0.23529412
0.27450982
0.32156864
0.32549021
0.23921569
0.29019609
0.25098041
0.18431373
0.34901962
0.42352942
0.40784314
0.25882354
0.09411765
0.24313726
0.28235295
0.10980392
0.08627451
0.21568628
0.39215687
0.38039216
0.36078432
0.27450982
0.18039216
0.11764706
0.16078432
0.17647059
0.14117648
0.09411765
0.15294118
0.25882354
0.27843139
0.27058825
0.29411766
0.29803923
0.33333334
0.31372550
0.31372550
0.30196080
0.23529412
0.12549020
0.18431373
0.41568628
0.36078432
0.31764707
0.07843138
0.11372549
0.16470589
0.08235294
0.09019608
0.20784314
0.33725491
0.36862746
0.27843139
0.24705882
0.27450982
0.20000000
0.21568628
0.21176471
0.14509805
0.13333334
0.16078432
0.20392157
0.23529412
0.25098041
0.27450982
0.27843139
0.32156864
0.30980393
0.31764707
0.31372550
0.23921569
0.16470589
0.09411765
0.25490198
0.35686275
0.35686275
0.10196079
0.10196079
0.11764706
0.12549020
0.18823530
0.22745098
0.29019609
0.21960784
0.12549020
0.20000000
0.22745098
0.23137255
0.20392157
0.14901961
0.12156863
0.14901961
0.15294118
0.15294118
0.15294118
0.24313726
0.28627452
0.27058825
0.30196080
0.31764707
0.31372550
0.33333334
0.23921569
0.18431373
0.11764706
0.07058824
0.29019609
0.34901962
0.12549020
0.22352941
0.28235295
0.09803922
0.20784314
0.29019609
0.22352941
0.15686275
0.26274511
0.29019609
0.22352941
0.18039216
0.15686275
0.10980392
0.10588235
0.12156863
0.10588235
0.12156863
0.13333334
0.16078432
0.23529412
0.29019609
0.29019609
0.27843139
0.26666668
0.25098041
0.20784314
0.17647059
0.13333334
0.03529412
0.10588235
0.32941177
0.07843138
0.21568628
0.26666668
0.07450981
0.17647059
0.24313726
0.18431373
0.14509805
0.23529412
0.31372550
0.28627452
0.20784314
0.17254902
0.20000000
0.14509805
0.09803922
0.07450981
0.11764706
0.14901961
0.13333334
0.17647059
0.27450982
0.20784314
0.26274511
0.26666668
0.20000000
0.18039216
0.18431373
0.17254902
0.03921569
0.03921569
0.21568628
0.02745098
0.20784314
0.20000000
0.05098039
0.22745098
0.27450982
0.22745098
0.23921569
0.18431373
0.21960784
0.10980392
0.23529412
0.30196080
0.31372550
0.19607843
0.14509805
0.09803922
0.14509805
0.15686275
0.15686275
0.15686275
0.16470589
0.14901961
0.21568628
0.31764707
0.24705882
0.16078432
0.17254902
0.18823530
0.06666667
0.02352941
0.13333334
0.04313726
0.26666668
0.35294119
0.11764706
0.21960784
0.27450982
0.36862746
0.36862746
0.26666668
0.25490198
0.18039216
0.44313726
0.38431373
0.38823530
0.23529412
0.10980392
0.10980392
0.13725491
0.16078432
0.14117648
0.14117648
0.12549020
0.13725491
0.12549020
0.18431373
0.23137255
0.16078432
0.16470589
0.19215687
0.10588235
0.07450981
0.32549021
0.11372549
0.27058825
0.33333334
0.16078432
0.09803922
0.22745098
0.40000001
0.50196081
0.40784314
0.23921569
0.40000001
0.60392159
0.42352942
0.39607844
0.31764707
0.10196079
0.07058824
0.08235294
0.10196079
0.10980392
0.12941177
0.10980392
0.08627451
0.07843138
0.05098039
0.12156863
0.18039216
0.15686275
0.14901961
0.12941177
0.18039216
0.45490196
0.08627451
0.12941177
0.23529412
0.20000000
0.15686275
0.35686275
0.41568628
0.41176471
0.40784314
0.33725491
0.47843137
0.62745100
0.43921569
0.34901962
0.32156864
0.17254902
0.04705882
0.07450981
0.07058824
0.09019608
0.11764706
0.11372549
0.07450981
0.05882353
0.05490196
0.06666667
0.10980392
0.12549020
0.20000000
0.24313726
0.30588236
0.46666667
0.04705882
0.16078432
0.40000001
0.42745098
0.23921569
0.53333336
0.48235294
0.38039216
0.20000000
0.33333334
0.61568630
0.59607846
0.37254903
0.28235295
0.32941177
0.21176471
0.07058824
0.09803922
0.10196079
0.09019608
0.06666667
0.09019608
0.11372549
0.09411765
0.08235294
0.10196079
0.20000000
0.24705882
0.38431373
0.36078432
0.34117648
0.50196081
0.06274510
0.19215687
0.41960785
0.39215687
0.29803923
0.40784314
0.37647060
0.37254903
0.34901962
0.50196081
0.49019608
0.36078432
0.28627452
0.24313726
0.30588236
0.25490198
0.05490196
0.05490196
0.09803922
0.12549020
0.14117648
0.18431373
0.17254902
0.16078432
0.21960784
0.32156864
0.37647060
0.34901962
0.33333334
0.26666668
0.24705882
0.40784314
0.20392157
0.16078432
0.20000000
0.16862746
0.20784314
0.37254903
0.36470589
0.31764707
0.32156864
0.32156864
0.27058825
0.23529412
0.20392157
0.18039216
0.20000000
0.22352941
0.05882353
0.10196079
0.19607843
0.23529412
0.28627452
0.29803923
0.25098041
0.34901962
0.44313726
0.39215687
0.34509805
0.32156864
0.27058825
0.19607843
0.18431373
0.32941177
0.27450982
0.17254902
0.13725491
0.09411765
0.24313726
0.43529412
0.34509805
0.16862746
0.18823530
0.10196079
0.12941177
0.14509805
0.12941177
0.11372549
0.12941177
0.08627451
0.07450981
0.23921569
0.34901962
0.32156864
0.30980393
0.43137255
0.50980395
0.48235294
0.41568628
0.33333334
0.28235295
0.21568628
0.16078432
0.14117648
0.12941177
0.35294119
0.17254902
0.20784314
0.16078432
0.16078432
0.43137255
0.35294119
0.20784314
0.18039216
0.29019609
0.19607843
0.13333334
0.09803922
0.04705882
0.02745098
0.03529412
0.05490196
0.21568628
0.38039216
0.38039216
0.33725491
0.43529412
0.52941179
0.49019608
0.37647060
0.27450982
0.26274511
0.22352941
0.13333334
0.13725491
0.12941177
0.15294118
0.38431373
0.07843138
0.18039216
0.18823530
0.34509805
0.50588238
0.31764707
0.11764706
0.14509805
0.31764707
0.26274511
0.25882354
0.24705882
0.11372549
0.08235294
0.04705882
0.20784314
0.47450981
0.41176471
0.31764707
0.45882353
0.50196081
0.43529412
0.34117648
0.27058825
0.21568628
0.16862746
0.13725491
0.12156863
0.14901961
0.23137255
0.33333334
0.48235294
1 0 0 0 0 0 -1 0 0 0 0
0 1 0 0 0 0 -1 0 0 0 0
0 0 1 0 0 0 -1 0 0 0 0
0 0 0 1 0 0 -1 0 0 0 0
0 0 0 0 1 0 -1 0 0 0 0
0 0 0 0 0 1 -1 0 0 0 0
0 0 0 0 0 0 -1 1 0 0 0
0 0 0 0 0 0 -1 0 1 0 0
0 0 0 0 0 0 -1 0 0 1 0
