0.29803923
0.39215687
0.37254903
0.33725491
0.41176471
0.46274510
0.47450981
0.47843137
0.47058824
0.38431373
0.49019608
0.50196081
0.48235294
0.39215687
0.30980393
0.22745098
0.13725491
0.17254902
0.18039216
0.16470589
0.16470589
0.30980393
0.23921569
0.09411765
0.01960784
0.02352941
0.05882353
0.27058825
0.21960784
0.09411765
0.35294119
0.58039218
0.20392157
0.36078432
0.33725491
0.31372550
0.34509805
0.29019609
0.27450982
0.27843139
0.26666668
0.24313726
0.48627451
0.51372552
0.50980395
0.39215687
0.29019609
0.20000000
0.13333334
0.14509805
0.14901961
0.14117648
0.13725491
0.30980393
0.27058825
0.10196079
0.05098039
0.07450981
0.16078432
0.33333334
0.22352941
0.14509805
0.36078432
0.50980395
0.12156863
0.21176471
0.29019609
0.26274511
0.20392157
0.15686275
0.12156863
0.14509805
0.16862746
0.20000000
0.46666667
0.49019608
0.48627451
0.38823530
0.25098041
0.26274511
0.27058825
0.25490198
0.22352941
0.24705882
0.29019609
0.39607844
0.39607844
0.26274511
0.24705882
0.28627452
0.34901962
0.38823530
0.31372550
0.30196080
0.37647060
0.34117648
0.14901961
0.14509805
0.27450982
0.30196080
0.23529412
0.27058825
0.21176471
0.20392157
0.20392157
0.23529412
0.38039216
0.45490196
0.43921569
0.42352942
0.38039216
0.41960785
0.39607844
0.39215687
0.35686275
0.47843137
0.52941179
0.46666667
0.44705883
0.44313726
0.43137255
0.41568628
0.41176471
0.43137255
0.41176471
0.38039216
0.41960785
0.36470589
0.25098041
0.23529412
0.31372550
0.36862746
0.43137255
0.32941177
0.22352941
0.24705882
0.25490198
0.22352941
0.27843139
0.34117648
0.39215687
0.49803922
0.58823532
0.61176473
0.62352943
0.63921571
0.58039218
0.56862748
0.49019608
0.40392157
0.38823530
0.35686275
0.40392157
0.36862746
0.34509805
0.34901962
0.38823530
0.43137255
0.37647060
0.38039216
0.33333334
0.29803923
0.35686275
0.33725491
0.32941177
0.25490198
0.19215687
0.28235295
0.30196080
0.26666668
0.29411766
0.29411766
0.35686275
0.63921571
0.78431374
0.79215688
0.82352942
0.85490197
0.83137256
0.77647060
0.54901963
0.38431373
0.43921569
0.36862746
0.41960785
0.36862746
0.30588236
0.32941177
0.32156864
0.41568628
0.35294119
0.36078432
0.32549021
0.29019609
0.29411766
0.23921569
0.15294118
0.16862746
0.25882354
0.33333334
0.37254903
0.35294119
0.32156864
0.30588236
0.39607844
0.68235296
0.80000001
0.83529413
0.86666667
0.87843138
0.86274511
0.85490197
0.73725492
0.61176473
0.63529414
0.55294120
0.43921569
0.48627451
0.40784314
0.42745098
0.36470589
0.35686275
0.42352942
0.34117648
0.39607844
0.32156864
0.21176471
0.19607843
0.23921569
0.26274511
0.38823530
0.44313726
0.45882353
0.39607844
0.42352942
0.52941179
0.56078434
0.76862746
0.83137256
0.87843138
0.87843138
0.84705883
0.84705883
0.77647060
0.69019610
0.51764709
0.52941179
0.75686276
0.64313728
0.49411765
0.52941179
0.47843137
0.54509807
0.41176471
0.41176471
0.38823530
0.38039216
0.28235295
0.16470589
0.20000000
0.52156866
0.58823532
0.50588238
0.57254905
0.58039218
0.56862748
0.64313728
0.68627453
0.69411767
0.84705883
0.85098040
0.87843138
0.89411765
0.83921570
0.81568629
0.67843139
0.50980395
0.43529412
0.46274510
0.70588237
0.89803922
0.73333335
0.59215689
0.53333336
0.63921571
0.43529412
0.39215687
0.50588238
0.39215687
0.32941177
0.20000000
0.21568628
0.50980395
0.67058825
0.62352943
0.67450982
0.77647060
0.80000001
0.83137256
0.80784315
0.80392158
0.86274511
0.87843138
0.87843138
0.89019608
0.84313726
0.78431374
0.63137257
0.54509807
0.56078434
0.58039218
0.73725492
0.87450981
0.76470590
0.72156864
0.65882355
0.60392159
0.47843137
0.45098040
0.52156866
0.36862746
0.41960785
0.34901962
0.14509805
0.31372550
0.59215689
0.65882355
0.72941178
0.83529413
0.84705883
0.86274511
0.86274511
0.86666667
0.88235295
0.87843138
0.87450981
0.85490197
0.83137256
0.81568629
0.70980394
0.63137257
0.62745100
0.72941178
0.81960785
0.80392158
0.68235296
0.67058825
0.72156864
0.60000002
0.45490196
0.43921569
0.46274510
0.32941177
0.41568628
0.41568628
0.14901961
0.22352941
0.53333336
0.61568630
0.73725492
0.80784315
0.81960785
0.84313726
0.83137256
0.83921570
0.84313726
0.84313726
0.85490197
0.80000001
0.78823531
0.81568629
0.80392158
0.78431374
0.77254903
0.83921570
0.84705883
0.72941178
0.65882355
0.57254905
0.59215689
0.52941179
0.48627451
0.38431373
0.39215687
0.37647060
0.45098040
0.38431373
0.27058825
0.26274511
0.49803922
0.59215689
0.70980394
0.75686276
0.76078433
0.77254903
0.78431374
0.78431374
0.77647060
0.81176472
0.80784315
0.72156864
0.74117649
0.79215688
0.79607844
0.83921570
0.87058824
0.89019608
0.89411765
0.79607844
0.68627453
0.54509807
0.49411765
0.41960785
0.45882353
0.39215687
0.39215687
0.40392157
0.48627451
0.37647060
0.40784314
0.32156864
0.44313726
0.58823532
0.65098041
0.69411767
0.69411767
0.69803923
0.71764708
0.69803923
0.70588237
0.76078433
0.74509805
0.63529414
0.67058825
0.69019610
0.68235296
0.80000001
0.89411765
0.90588236
0.93333334
0.88235295
0.70588237
0.58431375
0.51764709
0.49019608
0.52549022
0.49019608
0.41176471
0.45098040
0.38039216
0.40392157
0.48627451
0.34509805
0.47450981
0.61568630
0.63529414
0.64313728
0.63921571
0.65882355
0.62352943
0.56862748
0.64705884
0.70196080
0.69019610
0.59215689
0.54901963
0.50980395
0.52156866
0.68627453
0.85882354
0.90196079
0.92156863
0.90588236
0.65490198
0.56470591
0.52941179
0.58823532
0.53725493
0.54117650
0.40000001
0.53333336
0.34117648
0.37647060
0.50196081
0.37254903
0.45882353
0.59215689
0.61568630
0.56862748
0.52156866
0.52156866
0.45490196
0.45882353
0.60000002
0.69019610
0.58039218
0.45490196
0.35294119
0.33725491
0.43529412
0.59607846
0.79607844
0.87058824
0.83137256
0.87450981
0.54117650
0.46666667
0.45882353
0.39607844
0.35294119
0.45098040
0.46666667
0.50588238
0.42352942
0.45490196
0.49803922
0.34117648
0.35294119
0.44313726
0.58823532
0.47450981
0.35294119
0.39215687
0.38431373
0.42745098
0.52156866
0.51764709
0.41176471
0.30980393
0.24313726
0.31764707
0.40784314
0.55686277
0.72156864
0.82352942
0.83921570
0.82745099
0.47843137
0.23921569
0.30196080
0.29411766
0.30196080
0.38823530
0.39607844
0.44705883
0.45098040
0.53725493
0.43921569
0.36078432
0.44313726
0.34509805
0.40392157
0.34509805
0.33725491
0.36078432
0.32941177
0.40392157
0.48627451
0.37647060
0.39607844
0.41176471
0.33333334
0.39607844
0.42745098
0.50588238
0.61960787
0.70196080
0.72156864
0.66666669
0.56470591
0.44313726
0.40000001
0.47058824
0.36470589
0.38431373
0.47843137
0.36862746
0.45098040
0.57647061
0.40000001
0.35686275
0.44313726
0.32941177
0.38823530
0.36470589
0.35686275
0.41960785
0.34117648
0.46274510
0.51764709
0.37254903
0.39215687
0.47058824
0.41568628
0.49019608
0.52156866
0.43529412
0.49019608
0.59215689
0.67058825
0.60392159
0.58431375
0.59607846
0.45098040
0.47843137
0.51764709
0.42352942
0.55294120
0.29411766
0.44705883
0.54509807
0.41568628
0.45490196
0.46274510
0.36862746
0.43529412
0.40784314
0.39215687
0.42352942
0.38823530
0.60784316
0.61568630
0.48235294
0.45490196
0.52156866
0.41960785
0.43137255
0.58431375
0.50980395
0.45490196
0.54901963
0.64313728
0.69803923
0.64705884
0.66274512
0.51372552
0.40784314
0.56470591
0.49803922
0.56078434
0.37254903
0.48627451
0.44313726
0.39215687
0.49411765
0.44705883
0.44705883
0.53725493
0.44705883
0.47058824
0.47843137
0.43137255
0.63921571
0.66666669
0.53333336
0.47843137
0.56470591
0.45882353
0.42745098
0.50980395
0.49803922
0.37647060
0.43921569
0.45098040
0.50980395
0.61960787
0.65098041
0.52941179
0.32549021
0.43137255
0.48235294
0.44705883
0.43137255
0.49411765
0.32941177
0.30588236
0.41176471
0.32941177
0.49019608
0.56470591
0.37647060
0.43137255
0.43137255
0.36078432
0.50980395
0.56862748
0.47843137
0.38823530
0.50196081
0.38823530
0.38431373
0.46274510
0.42745098
0.30980393
0.28627452
0.26274511
0.21568628
0.40784314
0.54901963
0.51764709
0.29803923
0.35686275
0.49411765
0.38823530
0.44313726
0.50980395
0.34509805
0.28627452
0.35686275
0.34117648
0.44313726
0.41568628
0.29803923
0.39607844
0.38431373
0.32549021
0.46274510
0.49411765
0.46666667
0.33333334
0.43137255
0.35686275
0.36470589
0.49803922
0.49019608
0.36078432
0.24705882
0.19607843
0.23137255
0.32156864
0.48627451
0.55686277
0.41176471
0.39215687
0.52156866
0.47058824
0.46666667
0.39215687
0.34901962
0.36470589
0.41960785
0.40784314
0.41960785
0.43921569
0.32941177
0.47843137
0.47450981
0.41568628
0.57254905
0.54117650
0.48235294
0.41176471
0.49019608
0.40392157
0.36078432
0.42352942
0.48627451
0.38039216
0.24705882
0.17647059
0.25098041
0.41960785
0.54117650
0.45490196
0.38823530
0.30588236
0.42352942
0.40784314
0.46274510
0.32549021
0.25882354
0.30980393
0.38039216
0.41960785
0.50588238
0.45882353
0.34117648
0.44705883
0.38823530
0.34509805
0.50196081
0.47843137
0.36862746
0.30980393
0.43137255
0.35686275
0.25490198
0.32549021
0.40784314
0.42352942
0.30588236
0.23529412
0.27058825
0.44313726
0.48627451
0.49019608
0.43529412
0.27843139
0.34117648
0.42745098
0.50588238
0.37254903
0.28235295
0.37254903
0.34117648
0.34117648
0.44705883
0.30588236
0.32941177
0.47058824
0.34901962
0.31372550
0.47058824
0.51764709
0.40784314
0.34509805
0.49019608
0.47843137
0.34901962
0.43137255
0.50980395
0.52941179
0.45490196
0.37647060
0.38823530
0.41960785
0.32941177
0.47450981
0.63137257
0.52941179
0.38039216
0.49019608
0.49411765
0.38039216
0.36470589
0.47058824
0.40784314
0.38431373
0.40000001
0.27450982
0.41568628
0.56470591
0.40784314
0.40000001
0.53725493
0.65098041
0.53333336
0.41176471
0.54901963
0.56078434
0.42352942
0.51764709
0.60392159
0.56862748
0.48627451
0.39607844
0.40784314
0.51372552
0.45490196
0.46666667
0.58431375
0.58823532
0.43529412
0.38823530
0.44705883
0.35294119
0.38431373
0.47058824
0.46666667
0.52549022
0.43921569
0.31372550
0.45490196
0.56078434
0.42745098
0.43921569
0.54509807
0.65882355
0.56078434
0.42745098
0.52941179
0.54117650
0.41960785
0.48235294
0.61176473
0.61176473
0.50980395
0.41960785
0.40392157
0.45490196
0.43529412
0.51764709
0.60392159
0.60784316
0.45098040
0.35686275
0.39607844
0.34509805
0.39607844
0.43921569
0.43137255
0.54901963
0.44313726
0.30588236
0.46274510
0.53725493
0.41176471
0.44705883
0.54117650
0.63137257
0.54117650
0.43529412
0.52156866
0.54117650
0.41960785
0.45882353
0.55686277
0.56078434
0.48627451
0.38039216
0.34117648
0.36078432
0.26666668
0.35686275
0.52549022
0.59607846
0.47058824
0.29411766
0.28235295
0.25882354
0.33333334
0.40000001
0.41176471
0.52549022
0.39215687
0.32156864
0.43921569
0.48235294
0.36862746
0.40000001
0.48235294
0.55294120
0.44313726
0.32941177
0.40000001
0.45490196
0.33333334
0.34901962
0.43529412
0.49803922
0.48235294
0.32941177
0.27843139
0.38431373
0.27843139
0.20392157
0.32156864
0.47843137
0.49019608
0.35686275
0.22745098
0.21568628
0.25490198
0.29019609
0.35294119
0.42745098
0.32156864
0.31764707
0.32941177
0.33333334
0.28235295
0.34509805
0.45490196
0.52156866
0.41176471
0.27450982
0.32941177
0.41176471
0.29019609
0.28235295
0.41568628
0.57647061
0.53725493
0.38823530
0.31764707
0.45882353
0.41568628
0.30196080
0.32549021
0.40392157
0.46274510
0.46274510
0.20392157
0.21960784
0.23921569
0.23137255
0.32156864
0.34117648
0.29411766
0.25490198
0.29803923
0.28235295
0.23529412
0.38039216
0.50980395
0.52941179
0.41568628
0.30588236
0.35294119
0.45882353
0.34117648
0.31764707
0.52549022
0.61568630
0.58039218
0.45490196
0.38039216
0.50196081
0.49803922
0.38431373
0.38039216
0.40784314
0.35294119
0.31764707
0.34117648
0.42745098
0.40392157
0.39215687
0.46274510
0.50588238
0.51764709
0.51764709
0.50980395
0.35686275
0.35294119
0.36862746
0.33333334
0.26666668
0.31764707
0.23921569
0.12941177
0.17254902
0.18431373
0.18823530
0.16470589
0.26274511
0.21960784
0.08627451
0.02352941
0.01960784
0.05882353
0.29019609
0.21568628
0.06666667
0.35294119
0.59607846
0.21960784
0.41568628
0.38431373
0.36470589
0.40000001
0.32549021
0.30980393
0.30980393
0.29411766
0.21960784
0.34901962
0.37647060
0.35294119
0.28627452
0.30980393
0.21568628
0.12941177
0.14901961
0.16078432
0.16470589
0.13333334
0.23137255
0.20784314
0.07843138
0.03921569
0.05098039
0.14509805
0.33725491
0.18039216
0.09019608
0.30980393
0.47058824
0.10588235
0.23529412
0.34509805
0.30588236
0.23529412
0.18039216
0.13725491
0.15686275
0.17647059
0.17254902
0.33725491
0.35294119
0.34117648
0.27843139
0.21960784
0.20392157
0.23137255
0.21960784
0.21176471
0.18823530
0.16470589
0.23529412
0.21176471
0.14901961
0.15294118
0.17254902
0.21568628
0.25882354
0.19215687
0.15686275
0.19215687
0.22745098
0.12156863
0.14901961
0.29803923
0.29803923
0.17254902
0.23921569
0.20000000
0.18431373
0.18823530
0.20000000
0.30196080
0.30588236
0.29803923
0.28627452
0.28235295
0.23529412
0.28627452
0.32156864
0.27843139
0.22745098
0.24705882
0.26274511
0.23137255
0.24313726
0.26274511
0.24705882
0.23529412
0.22352941
0.22745098
0.21960784
0.20392157
0.21568628
0.23137255
0.23921569
0.25098041
0.27058825
0.24313726
0.24313726
0.20392157
0.21568628
0.22745098
0.19215687
0.25490198
0.26666668
0.27843139
0.40392157
0.53333336
0.48235294
0.52156866
0.60000002
0.49411765
0.37647060
0.23529412
0.27450982
0.24705882
0.24313726
0.19607843
0.21176471
0.23137255
0.23529412
0.22745098
0.21568628
0.24313726
0.23137255
0.38431373
0.34509805
0.26274511
0.25098041
0.25098041
0.20784314
0.17647059
0.26666668
0.28627452
0.24705882
0.28235295
0.27843139
0.30980393
0.59215689
0.75686276
0.76078433
0.79607844
0.84313726
0.80784315
0.72941178
0.39215687
0.28235295
0.29019609
0.26666668
0.20392157
0.19215687
0.24705882
0.21568628
0.19215687
0.14509805
0.17647059
0.21960784
0.40000001
0.33333334
0.22745098
0.18431373
0.16078432
0.16078432
0.24313726
0.32549021
0.36078432
0.33725491
0.30588236
0.28235295
0.36078432
0.65098041
0.77647060
0.80392158
0.84313726
0.87450981
0.86666667
0.84705883
0.68627453
0.54901963
0.53725493
0.44705883
0.28627452
0.20784314
0.24705882
0.25490198
0.27843139
0.24313726
0.19215687
0.21960784
0.48627451
0.35294119
0.18039216
0.16078432
0.21960784
0.25490198
0.37647060
0.43137255
0.44313726
0.37647060
0.40392157
0.50588238
0.52156866
0.74901962
0.80784315
0.85882354
0.85882354
0.83529413
0.83529413
0.75294119
0.65490198
0.48627451
0.51372552
0.74901962
0.66274512
0.34509805
0.22745098
0.35294119
0.52156866
0.36078432
0.21176471
0.19607843
0.47450981
0.30588236
0.14509805
0.19607843
0.50980395
0.58431375
0.49411765
0.56078434
0.57254905
0.56078434
0.62352943
0.65098041
0.65098041
0.83529413
0.83529413
0.87450981
0.89411765
0.82745099
0.79215688
0.62352943
0.45882353
0.41176471
0.45490196
0.70196080
0.92156863
0.67843139
0.39215687
0.41960785
0.57254905
0.34509805
0.27843139
0.19215687
0.47450981
0.29411766
0.14901961
0.18823530
0.49411765
0.67058825
0.61568630
0.67450982
0.78431374
0.80784315
0.83137256
0.78823531
0.77647060
0.83921570
0.87450981
0.87450981
0.88627452
0.83529413
0.75294119
0.57647061
0.49803922
0.52941179
0.55686277
0.73333335
0.87843138
0.73333335
0.69019610
0.61176473
0.52549022
0.29019609
0.28235295
0.22352941
0.41568628
0.28627452
0.18039216
0.12549020
0.29803923
0.58039218
0.63921571
0.70980394
0.82352942
0.83137256
0.86274511
0.85098040
0.85490197
0.86666667
0.87058824
0.86666667
0.83921570
0.80784315
0.78431374
0.67058825
0.60000002
0.61176473
0.71372551
0.82745099
0.79215688
0.64313728
0.63529414
0.70196080
0.56470591
0.35686275
0.27843139
0.29411766
0.35294119
0.29803923
0.22352941
0.12156863
0.21568628
0.50588238
0.57254905
0.69019610
0.76470590
0.78039217
0.81960785
0.79607844
0.80392158
0.81568629
0.81960785
0.84313726
0.77254903
0.74901962
0.79215688
0.78431374
0.77254903
0.76470590
0.83137256
0.84313726
0.70980394
0.62745100
0.54509807
0.58039218
0.50588238
0.44313726
0.26666668
0.27843139
0.32156864
0.28627452
0.30588236
0.19215687
0.22352941
0.46274510
0.53725493
0.65882355
0.70980394
0.71372551
0.72549021
0.73333335
0.73333335
0.72941178
0.77254903
0.78823531
0.68235296
0.69019610
0.76078433
0.77254903
0.83921570
0.86666667
0.89019608
0.89019608
0.78039217
0.65490198
0.50196081
0.47450981
0.41176471
0.41176471
0.32156864
0.23529412
0.30980393
0.27058825
0.35686275
0.27058825
0.20392157
0.40000001
0.51764709
0.59215689
0.63137257
0.63529414
0.63921571
0.66666669
0.64705884
0.64705884
0.71372551
0.71372551
0.58431375
0.61176473
0.63529414
0.63137257
0.78039217
0.88627452
0.90196079
0.93725491
0.88235295
0.65882355
0.50980395
0.48235294
0.48235294
0.50980395
0.45490196
0.30196080
0.28235295
0.32941177
0.32941177
0.27450982
0.21960784
0.42745098
0.54901963
0.56470591
0.57647061
0.57254905
0.59215689
0.56862748
0.49803922
0.58039218
0.66274512
0.65490198
0.52941179
0.48235294
0.43921569
0.43137255
0.61176473
0.83137256
0.89411765
0.89803922
0.89803922
0.60000002
0.49411765
0.50980395
0.59607846
0.45882353
0.40784314
0.32156864
0.24705882
0.34509805
0.31764707
0.26274511
0.30588236
0.42352942
0.54509807
0.54117650
0.50196081
0.44705883
0.45098040
0.38823530
0.39215687
0.54117650
0.64705884
0.54901963
0.40392157
0.27450982
0.22745098
0.32941177
0.47843137
0.72156864
0.83529413
0.78823531
0.84705883
0.50980395
0.45098040
0.45098040
0.40392157
0.21568628
0.18823530
0.23529412
0.28235295
0.31372550
0.27058825
0.27450982
0.30588236
0.29803923
0.38431373
0.54117650
0.43529412
0.30980393
0.33725491
0.32156864
0.35686275
0.43529412
0.47843137
0.33333334
0.22352941
0.18823530
0.15294118
0.26274511
0.44313726
0.62745100
0.75686276
0.79607844
0.78039217
0.38039216
0.23921569
0.25882354
0.25098041
0.21176471
0.14901961
0.14509805
0.29803923
0.29803923
0.24313726
0.29411766
0.30196080
0.25490198
0.24313726
0.29803923
0.26666668
0.27058825
0.25098041
0.26274511
0.22745098
0.27058825
0.30980393
0.27058825
0.23137255
0.24705882
0.16862746
0.22352941
0.41176471
0.52156866
0.61176473
0.64705884
0.56470591
0.31372550
0.30196080
0.32549021
0.30588236
0.31372550
0.22745098
0.20000000
0.32941177
0.25882354
0.23529412
0.29411766
0.30588236
0.26666668
0.24313726
0.16078432
0.25882354
0.32941177
0.28235295
0.27450982
0.22745098
0.24705882
0.29803923
0.30588236
0.25098041
0.30196080
0.23921569
0.21568628
0.30196080
0.40392157
0.51764709
0.60000002
0.48627451
0.25882354
0.26666668
0.30588236
0.29019609
0.32156864
0.27843139
0.21176471
0.32549021
0.25882354
0.24313726
0.28235295
0.26666668
0.23921569
0.24313726
0.18431373
0.28235295
0.30980393
0.28627452
0.28627452
0.24705882
0.23137255
0.27058825
0.29411766
0.22745098
0.26666668
0.21960784
0.19215687
0.22745098
0.36470589
0.50588238
0.60784316
0.62745100
0.29411766
0.23137255
0.27058825
0.26274511
0.29019609
0.33333334
0.26666668
0.29019609
0.25882354
0.24705882
0.28235295
0.25098041
0.21176471
0.22352941
0.18431373
0.25882354
0.22352941
0.26274511
0.26666668
0.23921569
0.25098041
0.27843139
0.30980393
0.24705882
0.27843139
0.24313726
0.16862746
0.20000000
0.27058825
0.41568628
0.40784314
0.45098040
0.36078432
0.24705882
0.25882354
0.26666668
0.30196080
0.37647060
0.36470589
0.25490198
0.23921569
0.28627452
0.31764707
0.23921569
0.27450982
0.22745098
0.18431373
0.25882354
0.23529412
0.30980393
0.29019609
0.23921569
0.26666668
0.30980393
0.33333334
0.27058825
0.31372550
0.31372550
0.21176471
0.20392157
0.21960784
0.27450982
0.22352941
0.19215687
0.30196080
0.29803923
0.28235295
0.26666668
0.30196080
0.34117648
0.37254903
0.25882354
0.22745098
0.28627452
0.29803923
0.23529412
0.32941177
0.23529412
0.22352941
0.32156864
0.24313726
0.32941177
0.33333334
0.24313726
0.21176471
0.30588236
0.36078432
0.27450982
0.31372550
0.30980393
0.23921569
0.19607843
0.20000000
0.21176471
0.15294118
0.18823530
0.28627452
0.34509805
0.25098041
0.24705882
0.31764707
0.29411766
0.30588236
0.23921569
0.22352941
0.29803923
0.27058825
0.23137255
0.28627452
0.18823530
0.24705882
0.27843139
0.24313726
0.33725491
0.31764707
0.24313726
0.19215687
0.27058825
0.35294119
0.24705882
0.26274511
0.26274511
0.19607843
0.21176471
0.20000000
0.19607843
0.14509805
0.19607843
0.40000001
0.46274510
0.20392157
0.19607843
0.32156864
0.34509805
0.29803923
0.20784314
0.28627452
0.33333334
0.25490198
0.25490198
0.20392157
0.19215687
0.25098041
0.24313726
0.26666668
0.32549021
0.30196080
0.23529412
0.20784314
0.28235295
0.37254903
0.30980393
0.27843139
0.28627452
0.21176471
0.18431373
0.18823530
0.20392157
0.18823530
0.21176471
0.43137255
0.41960785
0.25098041
0.21568628
0.26666668
0.36470589
0.28627452
0.18431373
0.26274511
0.28627452
0.21960784
0.25882354
0.18431373
0.21960784
0.23529412
0.26274511
0.30588236
0.36078432
0.32156864
0.25490198
0.23921569
0.23921569
0.30980393
0.31764707
0.30196080
0.33725491
0.25098041
0.16078432
0.16078432
0.21960784
0.28235295
0.22745098
0.30980393
0.22745098
0.17254902
0.22745098
0.23529412
0.27450982
0.23921569
0.18823530
0.25098041
0.23921569
0.21960784
0.25882354
0.20000000
0.18039216
0.21176471
0.26274511
0.25882354
0.31764707
0.27450982
0.20000000
0.22745098
0.23921569
0.28627452
0.30196080
0.26274511
0.30980393
0.26274511
0.19607843
0.18039216
0.21568628
0.27450982
0.21568628
0.24313726
0.30980393
0.18431373
0.20000000
0.23137255
0.28235295
0.23529412
0.20000000
0.25490198
0.21568628
0.23529412
0.23921569
0.17647059
0.13725491
0.20000000
0.26666668
0.22745098
0.29803923
0.25098041
0.18039216
0.21960784
0.25882354
0.30196080
0.29803923
0.23921569
0.30980393
0.26666668
0.20392157
0.20000000
0.19607843
0.28235295
0.25098041
0.19215687
0.33333334
0.28235295
0.21960784
0.21960784
0.24313726
0.25882354
0.20392157
0.25098041
0.21176471
0.24705882
0.21568628
0.17647059
0.14901961
0.21176471
0.25882354
0.21176471
0.28627452
0.24313726
0.18431373
0.21960784
0.25098041
0.30980393
0.30196080
0.22352941
0.31764707
0.27450982
0.20392157
0.20000000
0.22745098
0.33725491
0.29803923
0.18431373
0.25490198
0.29411766
0.26666668
0.24313726
0.24705882
0.25882354
0.22745098
0.23921569
0.23137255
0.25490198
0.19607843
0.16078432
0.16078432
0.27058825
0.22745098
0.19215687
0.28627452
0.24313726
0.18823530
0.23529412
0.26666668
0.33333334
0.31764707
0.22745098
0.33333334
0.28627452
0.21176471
0.22352941
0.29019609
0.35686275
0.35294119
0.24313726
0.23921569
0.23137255
0.20784314
0.20392157
0.23529412
0.28235295
0.26274511
0.25490198
0.28235295
0.27058825
0.18431373
0.14117648
0.20392157
0.36862746
0.25098041
0.22352941
0.32549021
0.25882354
0.22352941
0.28627452
0.30980393
0.35294119
0.33725491
0.25098041
0.34117648
0.27450982
0.20000000
0.22352941
0.23921569
0.30980393
0.32941177
0.26274511
0.25098041
0.27058825
0.19215687
0.14509805
0.17254902
0.22352941
0.20784314
0.21960784
0.28627452
0.27843139
0.18823530
0.14509805
0.21960784
0.33725491
0.24705882
0.23921569
0.28627452
0.21960784
0.20000000
0.21960784
0.23921569
0.29803923
0.28235295
0.20784314
0.27450982
0.23921569
0.25490198
0.24313726
0.21176471
0.29019609
0.33725491
0.29019609
0.25098041
0.32549021
0.26274511
0.15686275
0.12156863
0.11764706
0.32549021
0.40392157
0.38431373
0.37254903
0.45490196
0.47450981
0.47058824
0.46666667
0.45490196
0.23921569
0.04705882
0.05098039
0.04313726
0.07450981
0.28235295
0.20392157
0.07843138
0.12549020
0.16078432
0.17647059
0.17647059
0.22352941
0.20000000
0.09803922
0.01568628
0.02352941
0.05882353
0.28235295
0.20392157
0.04705882
0.31372550
0.56078434
0.20392157
0.41568628
0.37254903
0.35686275
0.38823530
0.29803923
0.28235295
0.27450982
0.25882354
0.12549020
0.05098039
0.03921569
0.03921569
0.08235294
0.27843139
0.18431373
0.08235294
0.10980392
0.13333334
0.15686275
0.12549020
0.18431373
0.17647059
0.09019608
0.03921569
0.05098039
0.14509805
0.32549021
0.17647059
0.07843138
0.28627452
0.43921569
0.07450981
0.23529412
0.35294119
0.31372550
0.22352941
0.16862746
0.12941177
0.14509805
0.16470589
0.10588235
0.07450981
0.05882353
0.06666667
0.11372549
0.20784314
0.17647059
0.17647059
0.19215687
0.20392157
0.18823530
0.15686275
0.19607843
0.18039216
0.16078432
0.16862746
0.18431373
0.23921569
0.27450982
0.20000000
0.16470589
0.19607843
0.22745098
0.07843138
0.13725491
0.30196080
0.31764707
0.18431373
0.24313726
0.20000000
0.18431373
0.18431373
0.16470589
0.17254902
0.18039216
0.21176471
0.25882354
0.30588236
0.24313726
0.29803923
0.34509805
0.30588236
0.25098041
0.28235295
0.29019609
0.25490198
0.27450982
0.29411766
0.28235295
0.27058825
0.25882354
0.25490198
0.25490198
0.23137255
0.24313726
0.18039216
0.19607843
0.26274511
0.30196080
0.25490198
0.25490198
0.19607843
0.20000000
0.21568628
0.17647059
0.24313726
0.26274511
0.30196080
0.43529412
0.55294120
0.49803922
0.54901963
0.63529414
0.52549022
0.41176471
0.27450982
0.32156864
0.29803923
0.27450982
0.21960784
0.23921569
0.25882354
0.27058825
0.25882354
0.24313726
0.28235295
0.27058825
0.28627452
0.24705882
0.27450982
0.25098041
0.21176471
0.19215687
0.15294118
0.24313726
0.26274511
0.22745098
0.26274511
0.26666668
0.29411766
0.56862748
0.72549021
0.72941178
0.77647060
0.83921570
0.81568629
0.76078433
0.41960785
0.32156864
0.34509805
0.32549021
0.24705882
0.21176471
0.28627452
0.25882354
0.22745098
0.17647059
0.20784314
0.27058825
0.29019609
0.23921569
0.22352941
0.16470589
0.12941177
0.12549020
0.21176471
0.30196080
0.34117648
0.31372550
0.29411766
0.27450982
0.29803923
0.55294120
0.70196080
0.74509805
0.81568629
0.85882354
0.85490197
0.83921570
0.68235296
0.53333336
0.53333336
0.49803922
0.36078432
0.23137255
0.29803923
0.32156864
0.35686275
0.31372550
0.22745098
0.27450982
0.40784314
0.30196080
0.18431373
0.16078432
0.21176471
0.23137255
0.35294119
0.40392157
0.42745098
0.35294119
0.38431373
0.46274510
0.43137255
0.68627453
0.76470590
0.84313726
0.85098040
0.81960785
0.82352942
0.71764708
0.61176473
0.45490196
0.48627451
0.74117649
0.72156864
0.41176471
0.27450982
0.40784314
0.54901963
0.38431373
0.25882354
0.23137255
0.39607844
0.26666668
0.14117648
0.16862746
0.47843137
0.56862748
0.47843137
0.54901963
0.56862748
0.55686277
0.60392159
0.57647061
0.55294120
0.79215688
0.79607844
0.86274511
0.89019608
0.80784315
0.76470590
0.53725493
0.35686275
0.39215687
0.45882353
0.69803923
0.93333334
0.69411767
0.40392157
0.41960785
0.55686277
0.39607844
0.37647060
0.23529412
0.42352942
0.30980393
0.15686275
0.15686275
0.47058824
0.66274512
0.59607846
0.66666669
0.79607844
0.82352942
0.82745099
0.73725492
0.70980394
0.79215688
0.83921570
0.84313726
0.86666667
0.81568629
0.70588237
0.48235294
0.43137255
0.51764709
0.56078434
0.74117649
0.88235295
0.67058825
0.65098041
0.60392159
0.52941179
0.35686275
0.36862746
0.29411766
0.39215687
0.35686275
0.21568628
0.10980392
0.28235295
0.57254905
0.58039218
0.67058825
0.81176472
0.81960785
0.85098040
0.82352942
0.80784315
0.81960785
0.83529413
0.83137256
0.81176472
0.77254903
0.74509805
0.62745100
0.58039218
0.60784316
0.72156864
0.83921570
0.79215688
0.58039218
0.59607846
0.70980394
0.57254905
0.41176471
0.34901962
0.38039216
0.38431373
0.39607844
0.29411766
0.12549020
0.20784314
0.49019608
0.48627451
0.63529414
0.74117649
0.76078433
0.80000001
0.76862746
0.76078433
0.76862746
0.78431374
0.81960785
0.74509805
0.70588237
0.75686276
0.77254903
0.79215688
0.77647060
0.84705883
0.85882354
0.66666669
0.56078434
0.50980395
0.58039218
0.49411765
0.46666667
0.32156864
0.33725491
0.39215687
0.38431373
0.41568628
0.24705882
0.23137255
0.42745098
0.44313726
0.60784316
0.67450982
0.68627453
0.69803923
0.70196080
0.69411767
0.68235296
0.73725492
0.77647060
0.64705884
0.64705884
0.74117649
0.76862746
0.85098040
0.88235295
0.90196079
0.90588236
0.76470590
0.59607846
0.45882353
0.44313726
0.40000001
0.39607844
0.34117648
0.29019609
0.41176471
0.37647060
0.48235294
0.36862746
0.21960784
0.33333334
0.40784314
0.52156866
0.58039218
0.59607846
0.60784316
0.63921571
0.60784316
0.59215689
0.68235296
0.70196080
0.53725493
0.56862748
0.59607846
0.59215689
0.76078433
0.89019608
0.90588236
0.93725491
0.89411765
0.62745100
0.44313726
0.44313726
0.50588238
0.51764709
0.46274510
0.34901962
0.38431373
0.45098040
0.45490196
0.36862746
0.23137255
0.37254903
0.45490196
0.49019608
0.52156866
0.51764709
0.56078434
0.54509807
0.46274510
0.54901963
0.65490198
0.64705884
0.49019608
0.42745098
0.36470589
0.34117648
0.53725493
0.80000001
0.87843138
0.87843138
0.91372550
0.60392159
0.45882353
0.49019608
0.64313728
0.51372552
0.47843137
0.42352942
0.35294119
0.49411765
0.42352942
0.36078432
0.33333334
0.37647060
0.48627451
0.47058824
0.44705883
0.41176471
0.42352942
0.35686275
0.34901962
0.50588238
0.64705884
0.53725493
0.37254903
0.23137255
0.16862746
0.23529412
0.37254903
0.65882355
0.81960785
0.74901962
0.84705883
0.56078434
0.47450981
0.48627451
0.45490196
0.27058825
0.23529412
0.30588236
0.39607844
0.44705883
0.38823530
0.39215687
0.39215687
0.29411766
0.36470589
0.51764709
0.42352942
0.31764707
0.32549021
0.29019609
0.32549021
0.41568628
0.50196081
0.35686275
0.23921569
0.18039216
0.14117648
0.20392157
0.32549021
0.54509807
0.71372551
0.77647060
0.81568629
0.45490196
0.32549021
0.31764707
0.30196080
0.25882354
0.18431373
0.17254902
0.42352942
0.39607844
0.32941177
0.42352942
0.41176471
0.32156864
0.28235295
0.33333334
0.30980393
0.32941177
0.29019609
0.31372550
0.26666668
0.31372550
0.40000001
0.34509805
0.27843139
0.27058825
0.18823530
0.18823530
0.31372550
0.44705883
0.52941179
0.59215689
0.60392159
0.39607844
0.40392157
0.43137255
0.40392157
0.41176471
0.29411766
0.24705882
0.46666667
0.36470589
0.34117648
0.43137255
0.41568628
0.36078432
0.30588236
0.21568628
0.33333334
0.42352942
0.37647060
0.34509805
0.28627452
0.31764707
0.40000001
0.39607844
0.32549021
0.37254903
0.29411766
0.21960784
0.22745098
0.32941177
0.46274510
0.54901963
0.51764709
0.32941177
0.34117648
0.41960785
0.37647060
0.44313726
0.37254903
0.27450982
0.44313726
0.36470589
0.36078432
0.40392157
0.36470589
0.30980393
0.29803923
0.22745098
0.37647060
0.40392157
0.37647060
0.36078432
0.32941177
0.30980393
0.36078432
0.37647060
0.29411766
0.34509805
0.26274511
0.21960784
0.20784314
0.30588236
0.47058824
0.57647061
0.66274512
0.36078432
0.30196080
0.36470589
0.31764707
0.39607844
0.47058824
0.39607844
0.38431373
0.36078432
0.37647060
0.39607844
0.32941177
0.27450982
0.27843139
0.23921569
0.34117648
0.28235295
0.34117648
0.34901962
0.31764707
0.32941177
0.36470589
0.39215687
0.31764707
0.36078432
0.29019609
0.19215687
0.23137255
0.25490198
0.36078432
0.35686275
0.41960785
0.40392157
0.33725491
0.35294119
0.32156864
0.39215687
0.52549022
0.52549022
0.33725491
0.35294119
0.41176471
0.43921569
0.31764707
0.36470589
0.31372550
0.24705882
0.34117648
0.29019609
0.40392157
0.38431373
0.29803923
0.33725491
0.41568628
0.43529412
0.36078432
0.40784314
0.40000001
0.25098041
0.23529412
0.22745098
0.23529412
0.18431373
0.16470589
0.30196080
0.36470589
0.37254903
0.32156864
0.38431373
0.47058824
0.51764709
0.35686275
0.33725491
0.41176471
0.40392157
0.29411766
0.45098040
0.32549021
0.27843139
0.40784314
0.30196080
0.43137255
0.43529412
0.29411766
0.25490198
0.40392157
0.46666667
0.34901962
0.38431373
0.37647060
0.28235295
0.21176471
0.21176471
0.21176471
0.12156863
0.15294118
0.26666668
0.36862746
0.31372550
0.31372550
0.40392157
0.41176471
0.41568628
0.34509805
0.32156864
0.40784314
0.33725491
0.29803923
0.40000001
0.24313726
0.33725491
0.34901962
0.30196080
0.44705883
0.40784314
0.30196080
0.20784314
0.34901962
0.46666667
0.30588236
0.29411766
0.29803923
0.22352941
0.19607843
0.20000000
0.20000000
0.13333334
0.16078432
0.38823530
0.49411765
0.25490198
0.24705882
0.40392157
0.47843137
0.40000001
0.31764707
0.41960785
0.43921569
0.30980393
0.34901962
0.29019609
0.23137255
0.34901962
0.28235295
0.34509805
0.43529412
0.39215687
0.29019609
0.23921569
0.32941177
0.47843137
0.39607844
0.33333334
0.32549021
0.23921569
0.20392157
0.21176471
0.23137255
0.20000000
0.20392157
0.45098040
0.51372552
0.34509805
0.27058825
0.34509805
0.51764709
0.41568628
0.27450982
0.39607844
0.40000001
0.29803923
0.39215687
0.24313726
0.29019609
0.29411766
0.29803923
0.42352942
0.48235294
0.41960785
0.31372550
0.30196080
0.30196080
0.42352942
0.43529412
0.43137255
0.47843137
0.33333334
0.19607843
0.19607843
0.29411766
0.35686275
0.29803923
0.42745098
0.34117648
0.23137255
0.29411766
0.32941177
0.37254903
0.31372550
0.27450982
0.35294119
0.31372550
0.30196080
0.41176471
0.26666668
0.24705882
0.24705882
0.32549021
0.36470589
0.41960785
0.36470589
0.23529412
0.29019609
0.29803923
0.38431373
0.40784314
0.35686275
0.41568628
0.34117648
0.23529412
0.20784314
0.28235295
0.36862746
0.28627452
0.31764707
0.43137255
0.25098041
0.25882354
0.32549021
0.39215687
0.32156864
0.29019609
0.34509805
0.28627452
0.34901962
0.35686275
0.24313726
0.17254902
0.22352941
0.34509805
0.30588236
0.38039216
0.33333334
0.20784314
0.29019609
0.33725491
0.40392157
0.39607844
0.30980393
0.40392157
0.35294119
0.27450982
0.24313726
0.23921569
0.38823530
0.33725491
0.23529412
0.46274510
0.40000001
0.29019609
0.30196080
0.34901962
0.34117648
0.30980393
0.32549021
0.27450982
0.38431373
0.30588236
0.23529412
0.18431373
0.24705882
0.33725491
0.28235295
0.35686275
0.32156864
0.20784314
0.27450982
0.33725491
0.41568628
0.40000001
0.30196080
0.41568628
0.36862746
0.25882354
0.23137255
0.29803923
0.49803922
0.41568628
0.23529412
0.32156864
0.39215687
0.35294119
0.32941177
0.35294119
0.34117648
0.34901962
0.32156864
0.32549021
0.40000001
0.27450982
0.21568628
0.20784314
0.34509805
0.30980393
0.25098041
0.37647060
0.33725491
0.23137255
0.31764707
0.38039216
0.47450981
0.43137255
0.31372550
0.45098040
0.38823530
0.25882354
0.25490198
0.40392157
0.51372552
0.47058824
0.32156864
0.29019609
0.27843139
0.27058825
0.27058825
0.32941177
0.38431373
0.36470589
0.32941177
0.41568628
0.41568628
0.27058825
0.19215687
0.25490198
0.49019608
0.34117648
0.27843139
0.42745098
0.32941177
0.27058825
0.37254903
0.42352942
0.47450981
0.43529412
0.32156864
0.44313726
0.34117648
0.23137255
0.29411766
0.34509805
0.41960785
0.43921569
0.35686275
0.33725491
0.35686275
0.24705882
0.16862746
0.21960784
0.30588236
0.27058825
0.28235295
0.41176471
0.36862746
0.24705882
0.16862746
0.28235295
0.47450981
0.32156864
0.30196080
0.36470589
0.27058825
0.26666668
0.29411766
0.32156864
0.39607844
0.36470589
0.27843139
0.34509805
0.27450982
0.32156864
0.32941177
0.28235295
0.38823530
0.46274510
0.39215687
0.33333334
0.42352942
0.36862746
0.20784314
0.13333334
0.14509805
1 0 0 -1 0 0 0 0 0 0 0
0 1 0 -1 0 0 0 0 0 0 0
0 0 1 -1 0 0 0 0 0 0 0
0 0 0 -1 1 0 0 0 0 0 0
0 0 0 -1 0 1 0 0 0 0 0
0 0 0 -1 0 0 1 0 0 0 0
0 0 0 -1 0 0 0 1 0 0 0
0 0 0 -1 0 0 0 0 1 0 0
0 0 0 -1 0 0 0 0 0 1 0
