0.67058825
0.66666669
0.65882355
0.65098041
0.65490198
0.66274512
0.67058825
0.65882355
0.65882355
0.65882355
0.65882355
0.65490198
0.65098041
0.65490198
0.65882355
0.66274512
0.65882355
0.66274512
0.66274512
0.66274512
0.66274512
0.66274512
0.66274512
0.67058825
0.67058825
0.67058825
0.67450982
0.67843139
0.67843139
0.67843139
0.67843139
0.67450982
0.67450982
0.67450982
0.65882355
0.67843139
0.67450982
0.66274512
0.67450982
0.66666669
0.66666669
0.66666669
0.66666669
0.66274512
0.66274512
0.66274512
0.66274512
0.66666669
0.66666669
0.66666669
0.66666669
0.66666669
0.66666669
0.66666669
0.67058825
0.67450982
0.67450982
0.67450982
0.67843139
0.68235296
0.67843139
0.67843139
0.67843139
0.67450982
0.68235296
0.67843139
0.60000002
0.67058825
0.72156864
0.68235296
0.65882355
0.67843139
0.67843139
0.67843139
0.67843139
0.67843139
0.67843139
0.67843139
0.67843139
0.68235296
0.68235296
0.68235296
0.68235296
0.68235296
0.68235296
0.68235296
0.68235296
0.68627453
0.68627453
0.68627453
0.68627453
0.69019610
0.69019610
0.68627453
0.68627453
0.68235296
0.68235296
0.67450982
0.55294120
0.63921571
0.72549021
0.71764708
0.68235296
0.68627453
0.69019610
0.69019610
0.69019610
0.69019610
0.69019610
0.69019610
0.69019610
0.69411767
0.69411767
0.69411767
0.69019610
0.69019610
0.69019610
0.69019610
0.69411767
0.69411767
0.69803923
0.69803923
0.69411767
0.69803923
0.69803923
0.69803923
0.69411767
0.69411767
0.65882355
0.63137257
0.52156866
0.58823532
0.71764708
0.73333335
0.70980394
0.69019610
0.70196080
0.69803923
0.69803923
0.70588237
0.70588237
0.70196080
0.70196080
0.69803923
0.69803923
0.69411767
0.69411767
0.70196080
0.70196080
0.69803923
0.69411767
0.70196080
0.72549021
0.72941178
0.70980394
0.70588237
0.71372551
0.71372551
0.71372551
0.70588237
0.58823532
0.59215689
0.52941179
0.61568630
0.69803923
0.70588237
0.72156864
0.70196080
0.71372551
0.68627453
0.69411767
0.70980394
0.70980394
0.71372551
0.71372551
0.71764708
0.72156864
0.71764708
0.70980394
0.66666669
0.68235296
0.70980394
0.72941178
0.73333335
0.68235296
0.64313728
0.71764708
0.74509805
0.72941178
0.72549021
0.72549021
0.71764708
0.63529414
0.60392159
0.51764709
0.59607846
0.66666669
0.70588237
0.73333335
0.71372551
0.72549021
0.71372551
0.74509805
0.73333335
0.73333335
0.72156864
0.72156864
0.67450982
0.61176473
0.57647061
0.49411765
0.40000001
0.47450981
0.56862748
0.67843139
0.50588238
0.36862746
0.34509805
0.41960785
0.64705884
0.75294119
0.74901962
0.73333335
0.72549021
0.69019610
0.63137257
0.53333336
0.58431375
0.70980394
0.73725492
0.73333335
0.72549021
0.72156864
0.71764708
0.69411767
0.63137257
0.52549022
0.45490196
0.43137255
0.36078432
0.30588236
0.29019609
0.27058825
0.29803923
0.43137255
0.38039216
0.41960785
0.47843137
0.38823530
0.34901962
0.27843139
0.35686275
0.52941179
0.65882355
0.74901962
0.76862746
0.69803923
0.65490198
0.57254905
0.56078434
0.68627453
0.71764708
0.73333335
0.76078433
0.74509805
0.67843139
0.38823530
0.27058825
0.25098041
0.27843139
0.31372550
0.28235295
0.27843139
0.29803923
0.28235295
0.33333334
0.48235294
0.36862746
0.41176471
0.56078434
0.44705883
0.43921569
0.39607844
0.38431373
0.48627451
0.40392157
0.49803922
0.70588237
0.67843139
0.63529414
0.53333336
0.48235294
0.61176473
0.70588237
0.72156864
0.74509805
0.78431374
0.66274512
0.30588236
0.29803923
0.35686275
0.50196081
0.63529414
0.56078434
0.43529412
0.32156864
0.26274511
0.32941177
0.47843137
0.46666667
0.62352943
0.63137257
0.61960787
0.60784316
0.46274510
0.41176471
0.53333336
0.53725493
0.39607844
0.45490196
0.55686277
0.52941179
0.44705883
0.49019608
0.58039218
0.67843139
0.62352943
0.62352943
0.64705884
0.53725493
0.41176471
0.41176471
0.40784314
0.61176473
0.86274511
0.83137256
0.83529413
0.52156866
0.32549021
0.41176471
0.48235294
0.50588238
0.78039217
0.79607844
0.81176472
0.78039217
0.45882353
0.40784314
0.47450981
0.65882355
0.71764708
0.59215689
0.35294119
0.36078432
0.36078432
0.41568628
0.47450981
0.58039218
0.48235294
0.35294119
0.35686275
0.35686275
0.34901962
0.30196080
0.23921569
0.54901963
0.71372551
0.47843137
0.54509807
0.66274512
0.43529412
0.42352942
0.45490196
0.48627451
0.75294119
0.77647060
0.80784315
0.73725492
0.40392157
0.38431373
0.47058824
0.58823532
0.75686276
0.73725492
0.25882354
0.29411766
0.33333334
0.35686275
0.36862746
0.52156866
0.40784314
0.37647060
0.55686277
0.48235294
0.37254903
0.41960785
0.26666668
0.58431375
0.63529414
0.29411766
0.32941177
0.64705884
0.42745098
0.37254903
0.36470589
0.42745098
0.75294119
0.76862746
0.71372551
0.54509807
0.38431373
0.42352942
0.38431373
0.50980395
0.67843139
0.87843138
0.27058825
0.26666668
0.28235295
0.29803923
0.32549021
0.45882353
0.36078432
0.49019608
0.65490198
0.47058824
0.28235295
0.33725491
0.28235295
0.63137257
0.65098041
0.30980393
0.40784314
0.65490198
0.39607844
0.38039216
0.32941177
0.39215687
0.67843139
0.57647061
0.48627451
0.38431373
0.34509805
0.43921569
0.38039216
0.42352942
0.54509807
0.77254903
0.27843139
0.26666668
0.28235295
0.27058825
0.36470589
0.49019608
0.37254903
0.41960785
0.54901963
0.49411765
0.43529412
0.40784314
0.42352942
0.76470590
0.69411767
0.37647060
0.48235294
0.60000002
0.36470589
0.40000001
0.32941177
0.35294119
0.45882353
0.32549021
0.38039216
0.40392157
0.41960785
0.43921569
0.41960785
0.40000001
0.45098040
0.60000002
0.38823530
0.49019608
0.45490196
0.43529412
0.60392159
0.69803923
0.69803923
0.73725492
0.80392158
0.86666667
0.90196079
0.87058824
0.86666667
0.94901961
0.85098040
0.72549021
0.82745099
0.71764708
0.41176471
0.40784314
0.32941177
0.31764707
0.39215687
0.33333334
0.36078432
0.36078432
0.42745098
0.41176471
0.46666667
0.40392157
0.44705883
0.58823532
0.58039218
0.70980394
0.65490198
0.68627453
0.74117649
0.79215688
0.92156863
0.99215686
1.00000000
1.00000000
1.00000000
1.00000000
0.99607843
0.89411765
0.94509804
0.95294118
1.00000000
0.89803922
0.43137255
0.35686275
0.32549021
0.30588236
0.43529412
0.50196081
0.47058824
0.46666667
0.47843137
0.50196081
0.51764709
0.45490196
0.50588238
0.56862748
0.54509807
0.58431375
0.46666667
0.45882353
0.45098040
0.60000002
0.92156863
1.00000000
0.99607843
0.99607843
0.99607843
0.99607843
0.92156863
0.84705883
0.96862745
0.99607843
0.99215686
0.90196079
0.42745098
0.32156864
0.34509805
0.35686275
0.66274512
0.72941178
0.69803923
0.67450982
0.60784316
0.54509807
0.48627451
0.42745098
0.40392157
0.49411765
0.54509807
0.43921569
0.36862746
0.37254903
0.35294119
0.52549022
0.90980393
1.00000000
1.00000000
1.00000000
1.00000000
0.99607843
0.97254902
0.89019608
0.96862745
1.00000000
1.00000000
0.94117647
0.47450981
0.34901962
0.39215687
0.36862746
0.52156866
0.49019608
0.43921569
0.39215687
0.34509805
0.38823530
0.39607844
0.32941177
0.37254903
0.52941179
0.65098041
0.42745098
0.34509805
0.36862746
0.34509805
0.52156866
0.92156863
1.00000000
0.99215686
0.99607843
1.00000000
0.98823529
0.90980393
0.91372550
0.98823529
1.00000000
1.00000000
0.98039216
0.50588238
0.34901962
0.36078432
0.31764707
0.29411766
0.23921569
0.23529412
0.28627452
0.24313726
0.43529412
0.54509807
0.41568628
0.55294120
0.65882355
0.58823532
0.47058824
0.37647060
0.37647060
0.36470589
0.53333336
0.82745099
0.91764706
0.98039216
0.98823529
0.97254902
0.67058825
0.39215687
0.45882353
0.84313726
1.00000000
1.00000000
0.97647059
0.49803922
0.23921569
0.28235295
0.30588236
0.31372550
0.21960784
0.14901961
0.24313726
0.21176471
0.42352942
0.57647061
0.47058824
0.60392159
0.67450982
0.55294120
0.58823532
0.56078434
0.53333336
0.53333336
0.59215689
0.56470591
0.63137257
0.88627452
0.98039216
0.78823531
0.38431373
0.33333334
0.24705882
0.54117650
0.88627452
0.78431374
0.66666669
0.42352942
0.27450982
0.23529412
0.17647059
0.20000000
0.16862746
0.13333334
0.23921569
0.21960784
0.43529412
0.58823532
0.50196081
0.70980394
0.70980394
0.59607846
0.56470591
0.58039218
0.55294120
0.55686277
0.62352943
0.51372552
0.56862748
0.83529413
0.92549020
0.64313728
0.58823532
0.59215689
0.42745098
0.35686275
0.50980395
0.44705883
0.40392157
0.41176471
0.35686275
0.22745098
0.14117648
0.19215687
0.17254902
0.19215687
0.26666668
0.20392157
0.43921569
0.60784316
0.43921569
0.70588237
0.73333335
0.47058824
0.31372550
0.30588236
0.34901962
0.36862746
0.42745098
0.45882353
0.52941179
0.71372551
0.66666669
0.52941179
0.61176473
0.57647061
0.55686277
0.37647060
0.42352942
0.44313726
0.33333334
0.31764707
0.30588236
0.25882354
0.21960784
0.24705882
0.24705882
0.25098041
0.26666668
0.22352941
0.35294119
0.42745098
0.39215687
0.50980395
0.52549022
0.32941177
0.23921569
0.27058825
0.27843139
0.26666668
0.26274511
0.29019609
0.30196080
0.32549021
0.29411766
0.44313726
0.59215689
0.65098041
0.63921571
0.40784314
0.35686275
0.36862746
0.27058825
0.29411766
0.49803922
0.58431375
0.56862748
0.56862748
0.56862748
0.56470591
0.54901963
0.55294120
0.53333336
0.47058824
0.44705883
0.42352942
0.40392157
0.23529412
0.21960784
0.25490198
0.28235295
0.27450982
0.28235295
0.29019609
0.24705882
0.26274511
0.27843139
0.42745098
0.59215689
0.50980395
0.58039218
0.42745098
0.31372550
0.43529412
0.45490196
0.53333336
0.68627453
0.71372551
0.72156864
0.72156864
0.72941178
0.73333335
0.70980394
0.69411767
0.70588237
0.70588237
0.68627453
0.67450982
0.65490198
0.27450982
0.23529412
0.16862746
0.18823530
0.21568628
0.21960784
0.24313726
0.24313726
0.24705882
0.27450982
0.41568628
0.58431375
0.45882353
0.58823532
0.43529412
0.45490196
0.61568630
0.65490198
0.70196080
0.70980394
0.69803923
0.69411767
0.69411767
0.70196080
0.69803923
0.68627453
0.68235296
0.69803923
0.70588237
0.70980394
0.70980394
0.69411767
0.27843139
0.24705882
0.16470589
0.14117648
0.16862746
0.18823530
0.22745098
0.21960784
0.23137255
0.29019609
0.39607844
0.58431375
0.45490196
0.56078434
0.48235294
0.56470591
0.69803923
0.70196080
0.69411767
0.69411767
0.69411767
0.68627453
0.69803923
0.70196080
0.70196080
0.69411767
0.69019610
0.69803923
0.70588237
0.70980394
0.70588237
0.69019610
0.26666668
0.26274511
0.21176471
0.15294118
0.16862746
0.23529412
0.25882354
0.25490198
0.25490198
0.30588236
0.38823530
0.57647061
0.61960787
0.61960787
0.62745100
0.67843139
0.69411767
0.70196080
0.70196080
0.69803923
0.70980394
0.71764708
0.72156864
0.71764708
0.71372551
0.71764708
0.70196080
0.70588237
0.71372551
0.72549021
0.72156864
0.70588237
0.25490198
0.26666668
0.25098041
0.23137255
0.21568628
0.23921569
0.25098041
0.25882354
0.25882354
0.30196080
0.37647060
0.52156866
0.67843139
0.63529414
0.69411767
0.73333335
0.71764708
0.70588237
0.71372551
0.71372551
0.72156864
0.73333335
0.71764708
0.71372551
0.71764708
0.70588237
0.69803923
0.71372551
0.72156864
0.72156864
0.72156864
0.71372551
0.26274511
0.25882354
0.24705882
0.23529412
0.22352941
0.21176471
0.21568628
0.23529412
0.23921569
0.25098041
0.32156864
0.46274510
0.54509807
0.62745100
0.69019610
0.71372551
0.72156864
0.72156864
0.72941178
0.72156864
0.71372551
0.72549021
0.70588237
0.70588237
0.70980394
0.71372551
0.70196080
0.70196080
0.71372551
0.71372551
0.70980394
0.70980394
0.49411765
0.44705883
0.42352942
0.40000001
0.37647060
0.36862746
0.36078432
0.35686275
0.35294119
0.35686275
0.39607844
0.50196081
0.63921571
0.71764708
0.69803923
0.68627453
0.71764708
0.72549021
0.73725492
0.72156864
0.70980394
0.70980394
0.71372551
0.71372551
0.70588237
0.71372551
0.71372551
0.70196080
0.70196080
0.70588237
0.70980394
0.70980394
0.79215688
0.80000001
0.80000001
0.80392158
0.80000001
0.79607844
0.79215688
0.80392158
0.80392158
0.80392158
0.80392158
0.80000001
0.79607844
0.80000001
0.80000001
0.79607844
0.79607844
0.79607844
0.79607844
0.79607844
0.79607844
0.79607844
0.79215688
0.79607844
0.79607844
0.79607844
0.80000001
0.80000001
0.80000001
0.80000001
0.80392158
0.80000001
0.80000001
0.79607844
0.74901962
0.75294119
0.79607844
0.79607844
0.79607844
0.80000001
0.80000001
0.80000001
0.80000001
0.80000001
0.79607844
0.79607844
0.80000001
0.80000001
0.79607844
0.79607844
0.79607844
0.80000001
0.79607844
0.79607844
0.79607844
0.79607844
0.80000001
0.79607844
0.80000001
0.80000001
0.80000001
0.80000001
0.80392158
0.80000001
0.81960785
0.79215688
0.64313728
0.64313728
0.76470590
0.80784315
0.82352942
0.81176472
0.81176472
0.81176472
0.81176472
0.81176472
0.80784315
0.80784315
0.80784315
0.80392158
0.80392158
0.80392158
0.80392158
0.80784315
0.80392158
0.80392158
0.80392158
0.80392158
0.80784315
0.80784315
0.80784315
0.81176472
0.81176472
0.80784315
0.81568629
0.81176472
0.82352942
0.78039217
0.57254905
0.58823532
0.70980394
0.78039217
0.82745099
0.82352942
0.81960785
0.81960785
0.81960785
0.81960785
0.81960785
0.81568629
0.81568629
0.81568629
0.81568629
0.81568629
0.81176472
0.81176472
0.81176472
0.81176472
0.81176472
0.80784315
0.80784315
0.81176472
0.81568629
0.81960785
0.81960785
0.81960785
0.82352942
0.82352942
0.77647060
0.71372551
0.52941179
0.56862748
0.69803923
0.74509805
0.81960785
0.83529413
0.83137256
0.82745099
0.82352942
0.82745099
0.82352942
0.82352942
0.82352942
0.82352942
0.82745099
0.82352942
0.82352942
0.82745099
0.82745099
0.82352942
0.81960785
0.81568629
0.83137256
0.83529413
0.82352942
0.81960785
0.82745099
0.83137256
0.83137256
0.83137256
0.70588237
0.68627453
0.54509807
0.59215689
0.67058825
0.70196080
0.81568629
0.84705883
0.84705883
0.80392158
0.81176472
0.83921570
0.83921570
0.84313726
0.84313726
0.84313726
0.85098040
0.84313726
0.82745099
0.77647060
0.79215688
0.82352942
0.84313726
0.82352942
0.75686276
0.72156864
0.80000001
0.83921570
0.83529413
0.83529413
0.83529413
0.83529413
0.77254903
0.72941178
0.55294120
0.56862748
0.63921571
0.70588237
0.82745099
0.85098040
0.85490197
0.82352942
0.85098040
0.87058824
0.87058824
0.86274511
0.84313726
0.78039217
0.71764708
0.68235296
0.57647061
0.46666667
0.55294120
0.63921571
0.74509805
0.54901963
0.39215687
0.37254903
0.46666667
0.71764708
0.85098040
0.85882354
0.83921570
0.83921570
0.80784315
0.74901962
0.57647061
0.58039218
0.70980394
0.74901962
0.83529413
0.84705883
0.84313726
0.81176472
0.76862746
0.72941178
0.62352943
0.55294120
0.51372552
0.42745098
0.37254903
0.35294119
0.31764707
0.33333334
0.47843137
0.41960785
0.44705883
0.49019608
0.37647060
0.34117648
0.29411766
0.34901962
0.52549022
0.73333335
0.84313726
0.86274511
0.78823531
0.74901962
0.60784316
0.56078434
0.68235296
0.69803923
0.79607844
0.87450981
0.86666667
0.76470590
0.43137255
0.31372550
0.29019609
0.31764707
0.34117648
0.30588236
0.30196080
0.32156864
0.29411766
0.35294119
0.51764709
0.38431373
0.42352942
0.56862748
0.43137255
0.42745098
0.36078432
0.20784314
0.27058825
0.36470589
0.55686277
0.78431374
0.72941178
0.70588237
0.57254905
0.48627451
0.58823532
0.66274512
0.75686276
0.84705883
0.89411765
0.73725492
0.32941177
0.31764707
0.37647060
0.50588238
0.63921571
0.56078434
0.43137255
0.32549021
0.26666668
0.34509805
0.51764709
0.47843137
0.62352943
0.63137257
0.61176473
0.59607846
0.37647060
0.14901961
0.16862746
0.38039216
0.41960785
0.48235294
0.58823532
0.58431375
0.49019608
0.51372552
0.55686277
0.65490198
0.65882355
0.70196080
0.73333335
0.58823532
0.41960785
0.43921569
0.43529412
0.60784316
0.86274511
0.82745099
0.81960785
0.51372552
0.32549021
0.42745098
0.52156866
0.51764709
0.75686276
0.77254903
0.78039217
0.71764708
0.32549021
0.19607843
0.14901961
0.37647060
0.63529414
0.58039218
0.39607844
0.39607844
0.37647060
0.43921569
0.46274510
0.56078434
0.51372552
0.42745098
0.45098040
0.41176471
0.35686275
0.33725491
0.28235295
0.55686277
0.73333335
0.49411765
0.52941179
0.64313728
0.42352942
0.43921569
0.49019608
0.49411765
0.72941178
0.74509805
0.76470590
0.66274512
0.28627452
0.21960784
0.27843139
0.23529412
0.54117650
0.74901962
0.29803923
0.30588236
0.33725491
0.38431373
0.36470589
0.52156866
0.45490196
0.50196081
0.71372551
0.58823532
0.41176471
0.47450981
0.32156864
0.60000002
0.66274512
0.31764707
0.32156864
0.62352943
0.41176471
0.38039216
0.38823530
0.43529412
0.72156864
0.74117649
0.70980394
0.54901963
0.35686275
0.25490198
0.22745098
0.25490198
0.44705883
0.87058824
0.29411766
0.25882354
0.29411766
0.31764707
0.32941177
0.48235294
0.43137255
0.65098041
0.85098040
0.60784316
0.32549021
0.38431373
0.33333334
0.64705884
0.67843139
0.33333334
0.40392157
0.63921571
0.38823530
0.38431373
0.34509805
0.39215687
0.66666669
0.58039218
0.49019608
0.38039216
0.33333334
0.27843139
0.16862746
0.22352941
0.30980393
0.62745100
0.27843139
0.25098041
0.30980393
0.27450982
0.36470589
0.51764709
0.43137255
0.53333336
0.68627453
0.57647061
0.44705883
0.43529412
0.45098040
0.76862746
0.71372551
0.39607844
0.48235294
0.59607846
0.36470589
0.40392157
0.33725491
0.35294119
0.47843137
0.35294119
0.34117648
0.27450982
0.32156864
0.29411766
0.18823530
0.16078432
0.15686275
0.28235295
0.30196080
0.36470589
0.41568628
0.43137255
0.60000002
0.70980394
0.71372551
0.74901962
0.81960785
0.87450981
0.90196079
0.87058824
0.86274511
0.94901961
0.85098040
0.72941178
0.82745099
0.72156864
0.41568628
0.41176471
0.32941177
0.31372550
0.40392157
0.34901962
0.29019609
0.16862746
0.23137255
0.21568628
0.23137255
0.16078432
0.10588235
0.20000000
0.39215687
0.52549022
0.63137257
0.71372551
0.75686276
0.80392158
0.92941177
0.98823529
0.99607843
1.00000000
1.00000000
1.00000000
0.99607843
0.89411765
0.94901961
0.95294118
1.00000000
0.90196079
0.43529412
0.35686275
0.32549021
0.30196080
0.43137255
0.49019608
0.41960785
0.33725491
0.32156864
0.33333334
0.33725491
0.28235295
0.23921569
0.25882354
0.29019609
0.50588238
0.51764709
0.50980395
0.49019608
0.62352943
0.92549020
1.00000000
0.99607843
0.99607843
0.99607843
0.99607843
0.92549020
0.85098040
0.96862745
0.99607843
0.99215686
0.90588236
0.42745098
0.32156864
0.34509805
0.35686275
0.64313728
0.70588237
0.67843139
0.62745100
0.58039218
0.52549022
0.45882353
0.41960785
0.34509805
0.37254903
0.41568628
0.47058824
0.39607844
0.40000001
0.40784314
0.56078434
0.90980393
1.00000000
1.00000000
1.00000000
1.00000000
0.99607843
0.97254902
0.89411765
0.96862745
1.00000000
1.00000000
0.94509804
0.47450981
0.34901962
0.39215687
0.36862746
0.51372552
0.48235294
0.43529412
0.38823530
0.34509805
0.37647060
0.38039216
0.33333334
0.40392157
0.52156866
0.63137257
0.49019608
0.40000001
0.38823530
0.39215687
0.56078434
0.92156863
1.00000000
0.99607843
1.00000000
1.00000000
0.98823529
0.91372550
0.91372550
0.98823529
0.99607843
1.00000000
0.98431373
0.50980395
0.34901962
0.36078432
0.31764707
0.30196080
0.24705882
0.23921569
0.29019609
0.24705882
0.42352942
0.52156866
0.40000001
0.52941179
0.62352943
0.60000002
0.51372552
0.43137255
0.42352942
0.41176471
0.56078434
0.84313726
0.91372550
0.96078432
0.99607843
0.96862745
0.67058825
0.39215687
0.46274510
0.83921570
1.00000000
1.00000000
0.96862745
0.49411765
0.23921569
0.28235295
0.29411766
0.30196080
0.21568628
0.14901961
0.23137255
0.21568628
0.43137255
0.57254905
0.46666667
0.57254905
0.64313728
0.58823532
0.63137257
0.60000002
0.57254905
0.56470591
0.61960787
0.60392159
0.61960787
0.72156864
0.89019608
0.80392158
0.38431373
0.33333334
0.24705882
0.53725493
0.87450981
0.77254903
0.65490198
0.41176471
0.27058825
0.23137255
0.17254902
0.19607843
0.16862746
0.13725491
0.23137255
0.21960784
0.43921569
0.58823532
0.49411765
0.68627453
0.68627453
0.62352943
0.60392159
0.60784316
0.56470591
0.57254905
0.65098041
0.56078434
0.54509807
0.63137257
0.80392158
0.64705884
0.58823532
0.58823532
0.42352942
0.35294119
0.50196081
0.43921569
0.39215687
0.39607844
0.34117648
0.22352941
0.14509805
0.19607843
0.18039216
0.20000000
0.27450982
0.20784314
0.43921569
0.60784316
0.43529412
0.68235296
0.70588237
0.49019608
0.34117648
0.31372550
0.34901962
0.37647060
0.45098040
0.49019608
0.50588238
0.64313728
0.63921571
0.50980395
0.60000002
0.56862748
0.54509807
0.36862746
0.42352942
0.43921569
0.32941177
0.30980393
0.29411766
0.25490198
0.22352941
0.25098041
0.24705882
0.25098041
0.27058825
0.22352941
0.34901962
0.42745098
0.39215687
0.49803922
0.50980395
0.34509805
0.25882354
0.27058825
0.27843139
0.27450982
0.27450982
0.30980393
0.29803923
0.31372550
0.30980393
0.43137255
0.57647061
0.63529414
0.62352943
0.40000001
0.35686275
0.36862746
0.27058825
0.29411766
0.49803922
0.58431375
0.55686277
0.56078434
0.56078434
0.54901963
0.54509807
0.54509807
0.52549022
0.46666667
0.45098040
0.42352942
0.40392157
0.24705882
0.22745098
0.25490198
0.28235295
0.27450982
0.28627452
0.29411766
0.25098041
0.25882354
0.28235295
0.42352942
0.58039218
0.49803922
0.57254905
0.42745098
0.31764707
0.43137255
0.43921569
0.51764709
0.67843139
0.70196080
0.70196080
0.70588237
0.70980394
0.70980394
0.69411767
0.67450982
0.68627453
0.69019610
0.67450982
0.66274512
0.64705884
0.28235295
0.23921569
0.16862746
0.18823530
0.21568628
0.21960784
0.24313726
0.24313726
0.24705882
0.27450982
0.41176471
0.57647061
0.45490196
0.58431375
0.43529412
0.46274510
0.61176473
0.63137257
0.67450982
0.69019610
0.67843139
0.67450982
0.67450982
0.68235296
0.67843139
0.66666669
0.65882355
0.67450982
0.68235296
0.68627453
0.68627453
0.67450982
0.29019609
0.25098041
0.16078432
0.14117648
0.16862746
0.18823530
0.22745098
0.21960784
0.23137255
0.29019609
0.39215687
0.57254905
0.44313726
0.54901963
0.47843137
0.56862748
0.69411767
0.68235296
0.67450982
0.67450982
0.67450982
0.66666669
0.67843139
0.68235296
0.68235296
0.67450982
0.67058825
0.67450982
0.68235296
0.68627453
0.68627453
0.67058825
0.27450982
0.26274511
0.21176471
0.15294118
0.16862746
0.23529412
0.25882354
0.25490198
0.25490198
0.30588236
0.38431373
0.56078434
0.60392159
0.60784316
0.61568630
0.67450982
0.68235296
0.68627453
0.68627453
0.67843139
0.69019610
0.69803923
0.70196080
0.69411767
0.69019610
0.69411767
0.67843139
0.68235296
0.69019610
0.70196080
0.69803923
0.69019610
0.26274511
0.26274511
0.24705882
0.22745098
0.21568628
0.23921569
0.25098041
0.25882354
0.25882354
0.30196080
0.37254903
0.50588238
0.65882355
0.61960787
0.67843139
0.71764708
0.70588237
0.69803923
0.70196080
0.69411767
0.70196080
0.71372551
0.69411767
0.69019610
0.69411767
0.68235296
0.67450982
0.69019610
0.69803923
0.69803923
0.69803923
0.69411767
0.27058825
0.26274511
0.25098041
0.24313726
0.23137255
0.21960784
0.21960784
0.23529412
0.23921569
0.25098041
0.31764707
0.44705883
0.52549022
0.61176473
0.67843139
0.70196080
0.70980394
0.71372551
0.71764708
0.70196080
0.69411767
0.70588237
0.68627453
0.68627453
0.69019610
0.69411767
0.68235296
0.68235296
0.69411767
0.69411767
0.68627453
0.69019610
0.49411765
0.45098040
0.42745098
0.40392157
0.38431373
0.37647060
0.36470589
0.35686275
0.35294119
0.35686275
0.39215687
0.48627451
0.62352943
0.70196080
0.68627453
0.67450982
0.70588237
0.71372551
0.72156864
0.70588237
0.69411767
0.69411767
0.70196080
0.69803923
0.69019610
0.69803923
0.69803923
0.68627453
0.68627453
0.69019610
0.69019610
0.69411767
1.00000000
0.97647059
0.97647059
1.00000000
0.99607843
0.98039216
0.97647059
0.98039216
0.98039216
0.98039216
0.98039216
0.97647059
0.97647059
0.97647059
0.97647059
0.97647059
0.97647059
0.97647059
0.97647059
0.97647059
0.97647059
0.97647059
0.98039216
0.98823529
0.99215686
0.99215686
0.98823529
0.98823529
0.98431373
0.98431373
0.99607843
1.00000000
0.99607843
0.97254902
0.87450981
0.85490197
0.94509804
0.99215686
0.96078432
0.97254902
0.97647059
0.97647059
0.97647059
0.97647059
0.97254902
0.97254902
0.97647059
0.97647059
0.97254902
0.97254902
0.97254902
0.97647059
0.97254902
0.97254902
0.97647059
0.98431373
0.98431373
0.98431373
0.98039216
0.98431373
0.98039216
0.98039216
0.98823529
0.99215686
0.99607843
0.96078432
0.69411767
0.56862748
0.77254903
0.97647059
0.98039216
0.98039216
0.98431373
0.98039216
0.98039216
0.98039216
0.98039216
0.98039216
0.98039216
0.98039216
0.98039216
0.98039216
0.98039216
0.98039216
0.98039216
0.98039216
0.98431373
0.98823529
0.98823529
0.99215686
0.98823529
0.98823529
0.98431373
0.98431373
0.99215686
0.99607843
0.97647059
0.92941177
0.56862748
0.43921569
0.63137257
0.92156863
0.98431373
0.98431373
0.98823529
0.98823529
0.98823529
0.98823529
0.98823529
0.98823529
0.98823529
0.98431373
0.98431373
0.98431373
0.98431373
0.98431373
0.98431373
0.98431373
0.98823529
0.99215686
0.99215686
0.99215686
0.98823529
0.99215686
0.99215686
0.98823529
0.99607843
0.99607843
0.93333334
0.85490197
0.51372552
0.43529412
0.62352943
0.81176472
0.97254902
0.99607843
0.99215686
0.98039216
0.98431373
1.00000000
0.99607843
0.99215686
0.99607843
0.98039216
0.98039216
0.98823529
0.98823529
0.99607843
1.00000000
1.00000000
0.99607843
0.99607843
0.99607843
0.99607843
0.98823529
0.99607843
1.00000000
0.98823529
0.99215686
0.99607843
0.83921570
0.80000001
0.54117650
0.48627451
0.60784316
0.70980394
0.94509804
1.00000000
0.99215686
0.94117647
0.95294118
0.99215686
0.98823529
0.99215686
1.00000000
0.98823529
0.99215686
1.00000000
0.98431373
0.94117647
0.95294118
0.97647059
0.98823529
0.95686275
0.86274511
0.81960785
0.92549020
0.99215686
1.00000000
0.99215686
0.99607843
0.99607843
0.87450981
0.81960785
0.59215689
0.51372552
0.57647061
0.72156864
0.94901961
0.99215686
0.99215686
0.94509804
0.96470588
1.00000000
1.00000000
1.00000000
0.99607843
0.91764706
0.85098040
0.83921570
0.71764708
0.60784316
0.69019610
0.75294119
0.83529413
0.61960787
0.43921569
0.41960785
0.53725493
0.81176472
0.97254902
1.00000000
1.00000000
0.99607843
0.92549020
0.86666667
0.65882355
0.57647061
0.65882355
0.78039217
0.94509804
0.97254902
0.97254902
0.91764706
0.85882354
0.84313726
0.74901962
0.69019610
0.65490198
0.53333336
0.46666667
0.47450981
0.40784314
0.43529412
0.60000002
0.50588238
0.50980395
0.54509807
0.41960785
0.38823530
0.33333334
0.39215687
0.59215689
0.82352942
0.96078432
0.99215686
0.88627452
0.86666667
0.67058825
0.54509807
0.59215689
0.70588237
0.86274511
0.98039216
0.98431373
0.85490197
0.48235294
0.35686275
0.34901962
0.39607844
0.43137255
0.36078432
0.34509805
0.38823530
0.33333334
0.41176471
0.63529414
0.46666667
0.47058824
0.60000002
0.45490196
0.45882353
0.40000001
0.24705882
0.31372550
0.40000001
0.61176473
0.87058824
0.78823531
0.79215688
0.58039218
0.43137255
0.44313726
0.61568630
0.78039217
0.92941177
0.99215686
0.81568629
0.36862746
0.32941177
0.40000001
0.51764709
0.65098041
0.56470591
0.42745098
0.34117648
0.26666668
0.39215687
0.63137257
0.55686277
0.63921571
0.62745100
0.60000002
0.58039218
0.39607844
0.20784314
0.20784314
0.39607844
0.43529412
0.52549022
0.61960787
0.63529414
0.49411765
0.47058824
0.40392157
0.57647061
0.67058825
0.77254903
0.80784315
0.65098041
0.46274510
0.49019608
0.51372552
0.63529414
0.86274511
0.81176472
0.79607844
0.50196081
0.31764707
0.47058824
0.62352943
0.57647061
0.74509805
0.75294119
0.76862746
0.69411767
0.33725491
0.25882354
0.18039216
0.40784314
0.65490198
0.59215689
0.39607844
0.41176471
0.40784314
0.43921569
0.35294119
0.47450981
0.51764709
0.50196081
0.51372552
0.45490196
0.38431373
0.40392157
0.39215687
0.62352943
0.77254903
0.51372552
0.52941179
0.63921571
0.41960785
0.47450981
0.57254905
0.54117650
0.70980394
0.71764708
0.76078433
0.66274512
0.30588236
0.28627452
0.30980393
0.27058825
0.57254905
0.74901962
0.28627452
0.29411766
0.36470589
0.40784314
0.30196080
0.43921569
0.45882353
0.56078434
0.75294119
0.60392159
0.41568628
0.51372552
0.40784314
0.65490198
0.70588237
0.36078432
0.33725491
0.62352943
0.40784314
0.40000001
0.43921569
0.47058824
0.71764708
0.72941178
0.71372551
0.54509807
0.36470589
0.32156864
0.27450982
0.26274511
0.44705883
0.85098040
0.29411766
0.25882354
0.29019609
0.32549021
0.29019609
0.41176471
0.46666667
0.70196080
0.88627452
0.63529414
0.34901962
0.43529412
0.41176471
0.68235296
0.70196080
0.37254903
0.41568628
0.64705884
0.38823530
0.39215687
0.36862746
0.41568628
0.67843139
0.60000002
0.52156866
0.40000001
0.36078432
0.32156864
0.23137255
0.24705882
0.28235295
0.62352943
0.28627452
0.23529412
0.27058825
0.26274511
0.32941177
0.47058824
0.48235294
0.57647061
0.72156864
0.61568630
0.49019608
0.49803922
0.53725493
0.80392158
0.72549021
0.41176471
0.48627451
0.59607846
0.36078432
0.40000001
0.34509805
0.37254903
0.50588238
0.39607844
0.39607844
0.33725491
0.38431373
0.31764707
0.23921569
0.21176471
0.13725491
0.28627452
0.30980393
0.33725491
0.39215687
0.43137255
0.57647061
0.69411767
0.74117649
0.76078433
0.82352942
0.88235295
0.90980393
0.89019608
0.89411765
0.95686275
0.84705883
0.72941178
0.82352942
0.70588237
0.39607844
0.40000001
0.33333334
0.33725491
0.43921569
0.38431373
0.33333334
0.22745098
0.29411766
0.26666668
0.27450982
0.19215687
0.12549020
0.17647059
0.43529412
0.56862748
0.66274512
0.74117649
0.80000001
0.84313726
0.94117647
0.98823529
0.99607843
1.00000000
1.00000000
1.00000000
0.99607843
0.88627452
0.93333334
0.94901961
0.99607843
0.88235295
0.41960785
0.34901962
0.32941177
0.32156864
0.44705883
0.50196081
0.43529412
0.37254903
0.35686275
0.36862746
0.37254903
0.30980393
0.27843139
0.25490198
0.36470589
0.58039218
0.57647061
0.57254905
0.59215689
0.70196080
0.93333334
1.00000000
0.99607843
1.00000000
0.99607843
0.98431373
0.90588236
0.82352942
0.95294118
0.99607843
0.98823529
0.88627452
0.41568628
0.32156864
0.35294119
0.37254903
0.64705884
0.69411767
0.67058825
0.63529414
0.57647061
0.51372552
0.45490196
0.41568628
0.35686275
0.37647060
0.45490196
0.54117650
0.47450981
0.48235294
0.50196081
0.62745100
0.92549020
1.00000000
1.00000000
1.00000000
1.00000000
0.99215686
0.95294118
0.86666667
0.95686275
1.00000000
0.99215686
0.92549020
0.47058824
0.35686275
0.40000001
0.37647060
0.51372552
0.47058824
0.42745098
0.38039216
0.34117648
0.37254903
0.38431373
0.33333334
0.39607844
0.52549022
0.65490198
0.55686277
0.45490196
0.46666667
0.45882353
0.60000002
0.94117647
1.00000000
1.00000000
1.00000000
1.00000000
0.98823529
0.89411765
0.89803922
0.98431373
0.99607843
0.99215686
0.96470588
0.50196081
0.35686275
0.36078432
0.31764707
0.29803923
0.24313726
0.23921569
0.28235295
0.25098041
0.43921569
0.53333336
0.40000001
0.52941179
0.64313728
0.64313728
0.59215689
0.49411765
0.49803922
0.47450981
0.60000002
0.86274511
0.90980393
0.95686275
0.98431373
0.96862745
0.66666669
0.38431373
0.45098040
0.83921570
1.00000000
0.98823529
0.94901961
0.48235294
0.23137255
0.26274511
0.28627452
0.28235295
0.19215687
0.14901961
0.23137255
0.21176471
0.43137255
0.57254905
0.45882353
0.57647061
0.64705884
0.62745100
0.69803923
0.66274512
0.63921571
0.62745100
0.67058825
0.65098041
0.62745100
0.61176473
0.79607844
0.80392158
0.38039216
0.32549021
0.23921569
0.52941179
0.86274511
0.76078433
0.64705884
0.41176471
0.26274511
0.21568628
0.16862746
0.17254902
0.14117648
0.13333334
0.23137255
0.21960784
0.43921569
0.58823532
0.49411765
0.68627453
0.68627453
0.65098041
0.64705884
0.64705884
0.61176473
0.62352943
0.69803923
0.61176473
0.55686277
0.50196081
0.68235296
0.63921571
0.58431375
0.58039218
0.41568628
0.34117648
0.48627451
0.43137255
0.40000001
0.41176471
0.34117648
0.20784314
0.14117648
0.18823530
0.16078432
0.18823530
0.27058825
0.20392157
0.43921569
0.61176473
0.44705883
0.69019610
0.72156864
0.50588238
0.35686275
0.33333334
0.37254903
0.40392157
0.47843137
0.51764709
0.51764709
0.60784316
0.58823532
0.49411765
0.59607846
0.56078434
0.53725493
0.36078432
0.41176471
0.43921569
0.33333334
0.31764707
0.29019609
0.23529412
0.21176471
0.23921569
0.22745098
0.22352941
0.25490198
0.21960784
0.34901962
0.44313726
0.41568628
0.52549022
0.55294120
0.35686275
0.25882354
0.27450982
0.28627452
0.27843139
0.27058825
0.30588236
0.30980393
0.31372550
0.30588236
0.44313726
0.57254905
0.63137257
0.61960787
0.40000001
0.36470589
0.36862746
0.26274511
0.28235295
0.47058824
0.54509807
0.53333336
0.54509807
0.52941179
0.50588238
0.51372552
0.53333336
0.52941179
0.48627451
0.48235294
0.46666667
0.46666667
0.29019609
0.21960784
0.24313726
0.28235295
0.27450982
0.27843139
0.29019609
0.25882354
0.25490198
0.28235295
0.43921569
0.58431375
0.49803922
0.56078434
0.41568628
0.31372550
0.42352942
0.42745098
0.50196081
0.65098041
0.67058825
0.67450982
0.68627453
0.68627453
0.68235296
0.66666669
0.66666669
0.68627453
0.69803923
0.68627453
0.68235296
0.67843139
0.35294119
0.23921569
0.15686275
0.18823530
0.21568628
0.21960784
0.24313726
0.24313726
0.24705882
0.27450982
0.41568628
0.58431375
0.45098040
0.57254905
0.41568628
0.43529412
0.58823532
0.61176473
0.65490198
0.67058825
0.65882355
0.65098041
0.65882355
0.66666669
0.66274512
0.65098041
0.65490198
0.67450982
0.68235296
0.68627453
0.69411767
0.68235296
0.36470589
0.26666668
0.15686275
0.14117648
0.16862746
0.18823530
0.22745098
0.21960784
0.23137255
0.29019609
0.39215687
0.57254905
0.43529412
0.53333336
0.45098040
0.52941179
0.65882355
0.65098041
0.65098041
0.65882355
0.65882355
0.65098041
0.66666669
0.67058825
0.67450982
0.66274512
0.66666669
0.67450982
0.68235296
0.68627453
0.69019610
0.67450982
0.35686275
0.29411766
0.21176471
0.15294118
0.16862746
0.23529412
0.25882354
0.25490198
0.25490198
0.30588236
0.38431373
0.55294120
0.59215689
0.58823532
0.58823532
0.63921571
0.65098041
0.65490198
0.66274512
0.66666669
0.67843139
0.68235296
0.69411767
0.69411767
0.68627453
0.69411767
0.67843139
0.68235296
0.69019610
0.70196080
0.70196080
0.69411767
0.35294119
0.30588236
0.25490198
0.23137255
0.21568628
0.23921569
0.25098041
0.25882354
0.25882354
0.30196080
0.36862746
0.49411765
0.64705884
0.60000002
0.65490198
0.69803923
0.68627453
0.67843139
0.68627453
0.68235296
0.69019610
0.70588237
0.69019610
0.69019610
0.69411767
0.68235296
0.67450982
0.69019610
0.69803923
0.69803923
0.70196080
0.70196080
0.33333334
0.30196080
0.26274511
0.24313726
0.22745098
0.21568628
0.21960784
0.23529412
0.23921569
0.25098041
0.31764707
0.43921569
0.51372552
0.59215689
0.65882355
0.68627453
0.69019610
0.69411767
0.70588237
0.69411767
0.69019610
0.69803923
0.68235296
0.68627453
0.68627453
0.69019610
0.67843139
0.67843139
0.69019610
0.69019610
0.69411767
0.69803923
0.51764709
0.47450981
0.44705883
0.40784314
0.38039216
0.37254903
0.36470589
0.35686275
0.35294119
0.35686275
0.38823530
0.48235294
0.61568630
0.69019610
0.66666669
0.65490198
0.68627453
0.69411767
0.70588237
0.69411767
0.68235296
0.68235296
0.69411767
0.69411767
0.68627453
0.69411767
0.69411767
0.68235296
0.68235296
0.68627453
0.69411767
0.69803923
1 0 0 0 0 0 0 0 0 -1 0
0 1 0 0 0 0 0 0 0 -1 0
0 0 1 0 0 0 0 0 0 -1 0
0 0 0 1 0 0 0 0 0 -1 0
0 0 0 0 1 0 0 0 0 -1 0
0 0 0 0 0 1 0 0 0 -1 0
0 0 0 0 0 0 1 0 0 -1 0
0 0 0 0 0 0 0 1 0 -1 0
0 0 0 0 0 0 0 0 1 -1 0
