0.47450981
0.58431375
0.56862748
0.64313728
0.69411767
0.64705884
0.70588237
0.73725492
0.70980394
0.70980394
0.83921570
0.85098040
0.93725491
0.82352942
0.67843139
0.54509807
0.54509807
0.59215689
0.61176473
0.63137257
0.67450982
0.61960787
0.69803923
0.76862746
0.84705883
0.88235295
0.93333334
0.93333334
0.80000001
0.39215687
0.27450982
0.24705882
0.53333336
0.56078434
0.52156866
0.57647061
0.56862748
0.48627451
0.50980395
0.58431375
0.54509807
0.60784316
0.87843138
0.90196079
0.91372550
0.77254903
0.58823532
0.53333336
0.51372552
0.66274512
0.66274512
0.58823532
0.62745100
0.64313728
0.76862746
0.70196080
0.76862746
0.83921570
0.92156863
0.90196079
0.83529413
0.34901962
0.25882354
0.27450982
0.37647060
0.43137255
0.51372552
0.64705884
0.61176473
0.39215687
0.41960785
0.44705883
0.47450981
0.63137257
0.89019608
0.76470590
0.83137256
0.74901962
0.50980395
0.54117650
0.48235294
0.58039218
0.62352943
0.57254905
0.60392159
0.74117649
0.80392158
0.67843139
0.76078433
0.80784315
0.89803922
0.92549020
0.85098040
0.32941177
0.21960784
0.27450982
0.42352942
0.46274510
0.54509807
0.63137257
0.67843139
0.47058824
0.45882353
0.41176471
0.48235294
0.66274512
0.76862746
0.66666669
0.74117649
0.60000002
0.45098040
0.54117650
0.54117650
0.60000002
0.36862746
0.29411766
0.32941177
0.44313726
0.52549022
0.59215689
0.66666669
0.65490198
0.75294119
0.87450981
0.86274511
0.34509805
0.27450982
0.21960784
0.40784314
0.50980395
0.58431375
0.59215689
0.56862748
0.50196081
0.42745098
0.36862746
0.50980395
0.65882355
0.66666669
0.45490196
0.51372552
0.48235294
0.45490196
0.50588238
0.53725493
0.35686275
0.22352941
0.36862746
0.57647061
0.61960787
0.70588237
0.74117649
0.69803923
0.50980395
0.35686275
0.46666667
0.84313726
0.43529412
0.29019609
0.24705882
0.48235294
0.52941179
0.58823532
0.61568630
0.61960787
0.60000002
0.52156866
0.44313726
0.41568628
0.43921569
0.47058824
0.28235295
0.36470589
0.50980395
0.47058824
0.50196081
0.48235294
0.24705882
0.30196080
0.44313726
0.85882354
0.92941177
0.94509804
0.89803922
0.80784315
0.62745100
0.56470591
0.54509807
0.67450982
0.41568628
0.23529412
0.25490198
0.47450981
0.51764709
0.58431375
0.60392159
0.63137257
0.74117649
0.77254903
0.74117649
0.67843139
0.60000002
0.54509807
0.40392157
0.38039216
0.43529412
0.43137255
0.45098040
0.45098040
0.32156864
0.36862746
0.47058824
0.85490197
0.91372550
0.94509804
0.85882354
0.81960785
0.65490198
0.76078433
0.72941178
0.45882353
0.45490196
0.26274511
0.18823530
0.43137255
0.49019608
0.56078434
0.64313728
0.62745100
0.85490197
1.00000000
0.97647059
0.98823529
0.95686275
0.91764706
0.57254905
0.51764709
0.40784314
0.36078432
0.36470589
0.42352942
0.37254903
0.49019608
0.50196081
0.85882354
0.92549020
0.94117647
0.94117647
0.82352942
0.66666669
0.74509805
0.76470590
0.55686277
0.55294120
0.34509805
0.20784314
0.43529412
0.49803922
0.59607846
0.67450982
0.63921571
0.83529413
0.96862745
0.95686275
0.96078432
0.98039216
0.90196079
0.38823530
0.45882353
0.45098040
0.52941179
0.54509807
0.43529412
0.35294119
0.44313726
0.50196081
0.83529413
0.93725491
0.92941177
0.94117647
0.87058824
0.65882355
0.70980394
0.79607844
0.69803923
0.44705883
0.30588236
0.23529412
0.43921569
0.50588238
0.63137257
0.67058825
0.59215689
0.82352942
0.90980393
0.83921570
0.85882354
0.89411765
0.62352943
0.34509805
0.31372550
0.27058825
0.37254903
0.30196080
0.27450982
0.22352941
0.38823530
0.44705883
0.77254903
0.90980393
0.90980393
0.90196079
0.87058824
0.65490198
0.69803923
0.84313726
0.76078433
0.43137255
0.35294119
0.23921569
0.45098040
0.51372552
0.56862748
0.63529414
0.50980395
0.80784315
0.91764706
0.75294119
0.80000001
0.58823532
0.29411766
0.21960784
0.16862746
0.18431373
0.14117648
0.04313726
0.18039216
0.32549021
0.37647060
0.40000001
0.65490198
0.80784315
0.80000001
0.76862746
0.72941178
0.66274512
0.64313728
0.80392158
0.79215688
0.40392157
0.30196080
0.18823530
0.40392157
0.47450981
0.50588238
0.62745100
0.55686277
0.83137256
0.95686275
0.75686276
0.58039218
0.45882353
0.43921569
0.39215687
0.24313726
0.15686275
0.05882353
0.02745098
0.20392157
0.65098041
0.54901963
0.40784314
0.41960785
0.63921571
0.67843139
0.61960787
0.59215689
0.61176473
0.60392159
0.60392159
0.65882355
0.36470589
0.16078432
0.11764706
0.36862746
0.43137255
0.49803922
0.56078434
0.48235294
0.50588238
0.54117650
0.46274510
0.36470589
0.57647061
0.55686277
0.52156866
0.45490196
0.26274511
0.05490196
0.01568628
0.17254902
0.29803923
0.23137255
0.27450982
0.32941177
0.54117650
0.64313728
0.63921571
0.63529414
0.60392159
0.60784316
0.59215689
0.59607846
0.40784314
0.09803922
0.08627451
0.34901962
0.38431373
0.34509805
0.27058825
0.25490198
0.28235295
0.32549021
0.36078432
0.48627451
0.65098041
0.63137257
0.66666669
0.70196080
0.52156866
0.06666667
0.02352941
0.15294118
0.19215687
0.21568628
0.25882354
0.36470589
0.43137255
0.56078434
0.61960787
0.62745100
0.63921571
0.68627453
0.55686277
0.55294120
0.42745098
0.14901961
0.13333334
0.33725491
0.30980393
0.21960784
0.18039216
0.18431373
0.28235295
0.37647060
0.49411765
0.62745100
0.71764708
0.67058825
0.68627453
0.74509805
0.58431375
0.09019608
0.06666667
0.20784314
0.24705882
0.25490198
0.31764707
0.38431373
0.38823530
0.52156866
0.49019608
0.36078432
0.34901962
0.44313726
0.29411766
0.38823530
0.43137255
0.24705882
0.18823530
0.36470589
0.33333334
0.22352941
0.19215687
0.17254902
0.24705882
0.30196080
0.21568628
0.24313726
0.36078432
0.28627452
0.32156864
0.38039216
0.29411766
0.09803922
0.08627451
0.25490198
0.29803923
0.29411766
0.32549021
0.33333334
0.38431373
0.48235294
0.41568628
0.29019609
0.32941177
0.39607844
0.27058825
0.34117648
0.40000001
0.32156864
0.13333334
0.52156866
0.45098040
0.32549021
0.29019609
0.23529412
0.25882354
0.27843139
0.21568628
0.18823530
0.27058825
0.18039216
0.21176471
0.27843139
0.25098041
0.11764706
0.09803922
0.26274511
0.27843139
0.26666668
0.27450982
0.43921569
0.41176471
0.45098040
0.40000001
0.27843139
0.29019609
0.36078432
0.24705882
0.33725491
0.45098040
0.64705884
0.40000001
0.68627453
0.61960787
0.54117650
0.50196081
0.44313726
0.43921569
0.50196081
0.29019609
0.13333334
0.15294118
0.15294118
0.05882353
0.05098039
0.06666667
0.07843138
0.12549020
0.17254902
0.20784314
0.17254902
0.20000000
0.27450982
0.41960785
0.38823530
0.35686275
0.25490198
0.28627452
0.35294119
0.25098041
0.34901962
0.49803922
0.62745100
0.50196081
0.68627453
0.59607846
0.54901963
0.58431375
0.43529412
0.49411765
0.53333336
0.30196080
0.16470589
0.14901961
0.18823530
0.07843138
0.04705882
0.02745098
0.07843138
0.06666667
0.06666667
0.16470589
0.23137255
0.21176471
0.23529412
0.46666667
0.47450981
0.32549021
0.24705882
0.26666668
0.34117648
0.23137255
0.41960785
0.80000001
0.72941178
0.55686277
0.33333334
0.29411766
0.34901962
0.41176471
0.14901961
0.07843138
0.06666667
0.12941177
0.16862746
0.21568628
0.21176471
0.09411765
0.06274510
0.04313726
0.09019608
0.09803922
0.21960784
0.22745098
0.41568628
0.43529412
0.21960784
0.50196081
0.75294119
0.41960785
0.29019609
0.29019609
0.38039216
0.35294119
0.54117650
0.81176472
0.61568630
0.55686277
0.28627452
0.26666668
0.16078432
0.12549020
0.16470589
0.08627451
0.04705882
0.06274510
0.12941177
0.17254902
0.14509805
0.09411765
0.06274510
0.03529412
0.05882353
0.18823530
0.23921569
0.21568628
0.37647060
0.50196081
0.24313726
0.44705883
0.79607844
0.49019608
0.55294120
0.55294120
0.62745100
0.64313728
0.56470591
0.59215689
0.58823532
0.40392157
0.32941177
0.29019609
0.20784314
0.12549020
0.19215687
0.12941177
0.03921569
0.08235294
0.12549020
0.14117648
0.12156863
0.14117648
0.09019608
0.05490196
0.06666667
0.18431373
0.18431373
0.19215687
0.32549021
0.52941179
0.49019608
0.61176473
0.70588237
0.60784316
0.63921571
0.69411767
0.70588237
0.76078433
0.72156864
0.75294119
0.77647060
0.24705882
0.47450981
0.40000001
0.34901962
0.30196080
0.26666668
0.18823530
0.19215687
0.15294118
0.14901961
0.14509805
0.14509805
0.24705882
0.17647059
0.17254902
0.11372549
0.19607843
0.18039216
0.19215687
0.43137255
0.56078434
0.52941179
0.71372551
0.67450982
0.69411767
0.69019610
0.70196080
0.69019610
0.69019610
0.71372551
0.58823532
0.68627453
0.25490198
0.66274512
0.63137257
0.62352943
0.52156866
0.44313726
0.45882353
0.46274510
0.32549021
0.14509805
0.14509805
0.17254902
0.25490198
0.18431373
0.14901961
0.12156863
0.21568628
0.21176471
0.16862746
0.46666667
0.52549022
0.49411765
0.65882355
0.74117649
0.62352943
0.47058824
0.61176473
0.58039218
0.47058824
0.56470591
0.40000001
0.41568628
0.19215687
0.76078433
0.76862746
0.81960785
0.68627453
0.47450981
0.49019608
0.49019608
0.40784314
0.18431373
0.15294118
0.21568628
0.21568628
0.16078432
0.09803922
0.11764706
0.22745098
0.25882354
0.18039216
0.35686275
0.39215687
0.32156864
0.37254903
0.47843137
0.45490196
0.33725491
0.28627452
0.51372552
0.60784316
0.27058825
0.14509805
0.29019609
0.27450982
0.89803922
0.94509804
0.94117647
0.91372550
0.73725492
0.54117650
0.50980395
0.49411765
0.42352942
0.31372550
0.18823530
0.16078432
0.14509805
0.14509805
0.16470589
0.22745098
0.25098041
0.18431373
0.31372550
0.33725491
0.32941177
0.32549021
0.45098040
0.43529412
0.11372549
0.09411765
0.23921569
0.41568628
0.19215687
0.13333334
0.32941177
0.31372550
0.94117647
0.96078432
0.94509804
0.93333334
0.90980393
0.80392158
0.65490198
0.58039218
0.54117650
0.51764709
0.40784314
0.34901962
0.32156864
0.29411766
0.27843139
0.23137255
0.17254902
0.18431373
0.34509805
0.31764707
0.41960785
0.56078434
0.66274512
0.71764708
0.31764707
0.10980392
0.19607843
0.47058824
0.40000001
0.26666668
0.21568628
0.23529412
0.93333334
0.94901961
0.94901961
0.93725491
0.91764706
0.91372550
0.89411765
0.79215688
0.65490198
0.60392159
0.54901963
0.51764709
0.47843137
0.43529412
0.36862746
0.25490198
0.19215687
0.21176471
0.37647060
0.26274511
0.20784314
0.24705882
0.27450982
0.31372550
0.27058825
0.21176471
0.43529412
0.81176472
0.80392158
0.70980394
0.53725493
0.46274510
0.93333334
0.94509804
0.94901961
0.94509804
0.94901961
0.93725491
0.93333334
0.93333334
0.87450981
0.81960785
0.74117649
0.64313728
0.57647061
0.54117650
0.49019608
0.34117648
0.21568628
0.22745098
0.34901962
0.26666668
0.28235295
0.31372550
0.33725491
0.36470589
0.38823530
0.41568628
0.57647061
0.83137256
0.90588236
0.90980393
0.88627452
0.85490197
0.93333334
0.94509804
0.94509804
0.94901961
0.95686275
0.96470588
0.95686275
0.94901961
0.95686275
0.95686275
0.93333334
0.87843138
0.79607844
0.73333335
0.67058825
0.54117650
0.35686275
0.32156864
0.37254903
0.37647060
0.38823530
0.40392157
0.43529412
0.45490196
0.52941179
0.61568630
0.69411767
0.83529413
0.89411765
0.88235295
0.89019608
0.90196079
0.92549020
0.92941177
0.93333334
0.94509804
0.95686275
0.96470588
0.96470588
0.97254902
0.96862745
0.96078432
0.95294118
0.95294118
0.95686275
0.95686275
0.92941177
0.83137256
0.68627453
0.60000002
0.56470591
0.55294120
0.58039218
0.63137257
0.67450982
0.74117649
0.85098040
0.91764706
0.93333334
0.90980393
0.88235295
0.88627452
0.91372550
0.91764706
0.92549020
0.92549020
0.93725491
0.95294118
0.96078432
0.97647059
0.97254902
0.96470588
0.96470588
0.96862745
0.96078432
0.94901961
0.95294118
0.96078432
0.96470588
0.95294118
0.90588236
0.87843138
0.85882354
0.86274511
0.90196079
0.92941177
0.95686275
0.95686275
0.95294118
0.94509804
0.93725491
0.92156863
0.90980393
0.93333334
0.92941177
0.91764706
0.42745098
0.54117650
0.52156866
0.59607846
0.66666669
0.63529414
0.70196080
0.74509805
0.72549021
0.72549021
0.85882354
0.85490197
0.93333334
0.81960785
0.66666669
0.52156866
0.51372552
0.56470591
0.59607846
0.61960787
0.67058825
0.60784316
0.66666669
0.73725492
0.83529413
0.90196079
0.96470588
0.96078432
0.81568629
0.39607844
0.28235295
0.25098041
0.49411765
0.52549022
0.48235294
0.53333336
0.54901963
0.48235294
0.52156866
0.60392159
0.57254905
0.63529414
0.89803922
0.91372550
0.91372550
0.76862746
0.58039218
0.50980395
0.48235294
0.65098041
0.67058825
0.61568630
0.65490198
0.65098041
0.76078433
0.68627453
0.77647060
0.87058824
0.95294118
0.92549020
0.84705883
0.35294119
0.26666668
0.27843139
0.34901962
0.40784314
0.48627451
0.61568630
0.59215689
0.38039216
0.41960785
0.45882353
0.49019608
0.65490198
0.90980393
0.77647060
0.83529413
0.74901962
0.50588238
0.51764709
0.45098040
0.57647061
0.65098041
0.63137257
0.65882355
0.76470590
0.81176472
0.68235296
0.78431374
0.85882354
0.92941177
0.94509804
0.86274511
0.33333334
0.22745098
0.27843139
0.40784314
0.45098040
0.52941179
0.61176473
0.65882355
0.45098040
0.45098040
0.41568628
0.49411765
0.67843139
0.80000001
0.68235296
0.74509805
0.60784316
0.45098040
0.52549022
0.51764709
0.60392159
0.40784314
0.36470589
0.40392157
0.47843137
0.54117650
0.60784316
0.70196080
0.71764708
0.78823531
0.89019608
0.87450981
0.35294119
0.28235295
0.22745098
0.40000001
0.50196081
0.58039218
0.58039218
0.55686277
0.49411765
0.43137255
0.38431373
0.52941179
0.68627453
0.70196080
0.47843137
0.52549022
0.49019608
0.45882353
0.49411765
0.52156866
0.36078432
0.25882354
0.43137255
0.63921571
0.65490198
0.72549021
0.75686276
0.73333335
0.57254905
0.38823530
0.48627451
0.85882354
0.44705883
0.30196080
0.25882354
0.48235294
0.53333336
0.59215689
0.61176473
0.61568630
0.60392159
0.53725493
0.47058824
0.44705883
0.47843137
0.50980395
0.30980393
0.38039216
0.52156866
0.47843137
0.50196081
0.47843137
0.24705882
0.31372550
0.47843137
0.90196079
0.95294118
0.95294118
0.90588236
0.83921570
0.68235296
0.60000002
0.57254905
0.69411767
0.43137255
0.24705882
0.27450982
0.47843137
0.52549022
0.59215689
0.60784316
0.62745100
0.73333335
0.77254903
0.75294119
0.69411767
0.62352943
0.58431375
0.43137255
0.40000001
0.45098040
0.44313726
0.46274510
0.45098040
0.31372550
0.36078432
0.47843137
0.87450981
0.92941177
0.94117647
0.85490197
0.83529413
0.69803923
0.79607844
0.76078433
0.48627451
0.47450981
0.27450982
0.21568628
0.43921569
0.49803922
0.56862748
0.65098041
0.61960787
0.83529413
0.98431373
0.97254902
0.98823529
0.96862745
0.93725491
0.60000002
0.54509807
0.42745098
0.36862746
0.38039216
0.42745098
0.35686275
0.46666667
0.48627451
0.85490197
0.92549020
0.92941177
0.93333334
0.83921570
0.70588237
0.78823531
0.80000001
0.58039218
0.56862748
0.35294119
0.24705882
0.44313726
0.50980395
0.60000002
0.68235296
0.65098041
0.82352942
0.94509804
0.94901961
0.96470588
0.98823529
0.90588236
0.41176471
0.49019608
0.47450981
0.53725493
0.55686277
0.44313726
0.33333334
0.41568628
0.48235294
0.82352942
0.92156863
0.92156863
0.94901961
0.90588236
0.71372551
0.76862746
0.83137256
0.69803923
0.43529412
0.30588236
0.27058825
0.44705883
0.51764709
0.63529414
0.67843139
0.60000002
0.80784315
0.88627452
0.82745099
0.86274511
0.89019608
0.61960787
0.35294119
0.34509805
0.30196080
0.39607844
0.33333334
0.29803923
0.21960784
0.37254903
0.44313726
0.77647060
0.90980393
0.92156863
0.93333334
0.91372550
0.71372551
0.76078433
0.88235295
0.76862746
0.43137255
0.36862746
0.27450982
0.45882353
0.52549022
0.57254905
0.64313728
0.50980395
0.79215688
0.89411765
0.73725492
0.78431374
0.56862748
0.28235295
0.21568628
0.18823530
0.22352941
0.19215687
0.10980392
0.22352941
0.34509805
0.38039216
0.41960785
0.68627453
0.83529413
0.83529413
0.80784315
0.78039217
0.72156864
0.70588237
0.84705883
0.81176472
0.42745098
0.34117648
0.23529412
0.40784314
0.48627451
0.51372552
0.63137257
0.55686277
0.81568629
0.94117647
0.74901962
0.56078434
0.42352942
0.41568628
0.38431373
0.25490198
0.20392157
0.14117648
0.10588235
0.25098041
0.67843139
0.56862748
0.43529412
0.46666667
0.69803923
0.73725492
0.67450982
0.64705884
0.66666669
0.65882355
0.65098041
0.69803923
0.41176471
0.21960784
0.18039216
0.37254903
0.43921569
0.49803922
0.56470591
0.48627451
0.50196081
0.54117650
0.46666667
0.34509805
0.53725493
0.54117650
0.50588238
0.45490196
0.30980393
0.14901961
0.10196079
0.21960784
0.31372550
0.24313726
0.29411766
0.37647060
0.61960787
0.71372551
0.69803923
0.68235296
0.64705884
0.65490198
0.64313728
0.65098041
0.47058824
0.17254902
0.17254902
0.35294119
0.39215687
0.34901962
0.27450982
0.26666668
0.29803923
0.35294119
0.39215687
0.47843137
0.61176473
0.62745100
0.64313728
0.68235296
0.54901963
0.15294118
0.09019608
0.17254902
0.17647059
0.19215687
0.24705882
0.40000001
0.52549022
0.64313728
0.67843139
0.66666669
0.66274512
0.71372551
0.59607846
0.61176473
0.49803922
0.22352941
0.22745098
0.34117648
0.31764707
0.22352941
0.18431373
0.20784314
0.32156864
0.43529412
0.55294120
0.63137257
0.68627453
0.67058825
0.65490198
0.69803923
0.57647061
0.14509805
0.09411765
0.18431373
0.18431373
0.18431373
0.26666668
0.39215687
0.47843137
0.60000002
0.54117650
0.38431373
0.36078432
0.45490196
0.32156864
0.44313726
0.50196081
0.31764707
0.27058825
0.36470589
0.34117648
0.22745098
0.19607843
0.20392157
0.30980393
0.38823530
0.29803923
0.26666668
0.33333334
0.28627452
0.27450982
0.29411766
0.24313726
0.10980392
0.07058824
0.18823530
0.19215687
0.18039216
0.22745098
0.31372550
0.47058824
0.55294120
0.45882353
0.29803923
0.32156864
0.38823530
0.28627452
0.38823530
0.46666667
0.38039216
0.18039216
0.50980395
0.44313726
0.31764707
0.28235295
0.25882354
0.31372550
0.36078432
0.29803923
0.21568628
0.25490198
0.17254902
0.16470589
0.20000000
0.19607843
0.10980392
0.06666667
0.19607843
0.18039216
0.15686275
0.18039216
0.41176471
0.49411765
0.51764709
0.43529412
0.27843139
0.27058825
0.34117648
0.25098041
0.37254903
0.50196081
0.69411767
0.41176471
0.64313728
0.58431375
0.51372552
0.47450981
0.42745098
0.44705883
0.54117650
0.34117648
0.15294118
0.14509805
0.14901961
0.05098039
0.03921569
0.05490196
0.07450981
0.11764706
0.16078432
0.18823530
0.13725491
0.16078432
0.27450982
0.50980395
0.46274510
0.39215687
0.25882354
0.26666668
0.33333334
0.24313726
0.35294119
0.51372552
0.65882355
0.48235294
0.64313728
0.55686277
0.52156866
0.56470591
0.41568628
0.49411765
0.56470591
0.33725491
0.18431373
0.14509805
0.18431373
0.07843138
0.04705882
0.02745098
0.07450981
0.06274510
0.06274510
0.16078432
0.21960784
0.18431373
0.23921569
0.54509807
0.54509807
0.36862746
0.26274511
0.26666668
0.33725491
0.23137255
0.42745098
0.81960785
0.75686276
0.56470591
0.29803923
0.26666668
0.32941177
0.39607844
0.13725491
0.08235294
0.08627451
0.15686275
0.18039216
0.21568628
0.21176471
0.09019608
0.06274510
0.04313726
0.09019608
0.09803922
0.21960784
0.22352941
0.40392157
0.41176471
0.21960784
0.55686277
0.80784315
0.46666667
0.32941177
0.31764707
0.39607844
0.36470589
0.56078434
0.83921570
0.64705884
0.60000002
0.25490198
0.23921569
0.14117648
0.11764706
0.15686275
0.08627451
0.05490196
0.07450981
0.12941177
0.17254902
0.14509805
0.09411765
0.06274510
0.03529412
0.05882353
0.18823530
0.23921569
0.21568628
0.37254903
0.48627451
0.23921569
0.47450981
0.83137256
0.53333336
0.60000002
0.60000002
0.66274512
0.67058825
0.59215689
0.62352943
0.61960787
0.45882353
0.29411766
0.26274511
0.18823530
0.10980392
0.18431373
0.12941177
0.03921569
0.08235294
0.12549020
0.14117648
0.12156863
0.14117648
0.09019608
0.05490196
0.06666667
0.18431373
0.18823530
0.19607843
0.32549021
0.52549022
0.48627451
0.62352943
0.72156864
0.63529414
0.68627453
0.74117649
0.74509805
0.79607844
0.75294119
0.78039217
0.80000001
0.28235295
0.42745098
0.35686275
0.31372550
0.27058825
0.25882354
0.18823530
0.18039216
0.13725491
0.14117648
0.14509805
0.14509805
0.24705882
0.17647059
0.17254902
0.10980392
0.19607843
0.18039216
0.19607843
0.43529412
0.55686277
0.52549022
0.71764708
0.68235296
0.71764708
0.72156864
0.73333335
0.72549021
0.71764708
0.72941178
0.60000002
0.69019610
0.25882354
0.60000002
0.56862748
0.56862748
0.47450981
0.42745098
0.45490196
0.43921569
0.29411766
0.13333334
0.14509805
0.17647059
0.25882354
0.18431373
0.15294118
0.12156863
0.21176471
0.20784314
0.17254902
0.46666667
0.52549022
0.49803922
0.67450982
0.75686276
0.63921571
0.48627451
0.62745100
0.60000002
0.48235294
0.56470591
0.38823530
0.39215687
0.16862746
0.67843139
0.69411767
0.75294119
0.62745100
0.45882353
0.49019608
0.45490196
0.36470589
0.16470589
0.15686275
0.21960784
0.21960784
0.16470589
0.10196079
0.12156863
0.21960784
0.25098041
0.17647059
0.35686275
0.38823530
0.32941177
0.40392157
0.50588238
0.47450981
0.34901962
0.29411766
0.51764709
0.60784316
0.25490198
0.11372549
0.24313726
0.23921569
0.80000001
0.85882354
0.86666667
0.84705883
0.70980394
0.53333336
0.47843137
0.45490196
0.40000001
0.30980393
0.18823530
0.16078432
0.14117648
0.14117648
0.16470589
0.21960784
0.24313726
0.18039216
0.30980393
0.33333334
0.33333334
0.34509805
0.46666667
0.43921569
0.11372549
0.08627451
0.23137255
0.40392157
0.16470589
0.09411765
0.27843139
0.27843139
0.83921570
0.87450981
0.87058824
0.86666667
0.87058824
0.77647060
0.62352943
0.54509807
0.50588238
0.48627451
0.40000001
0.34509805
0.31372550
0.28235295
0.26666668
0.21960784
0.16470589
0.17647059
0.33725491
0.30980393
0.40392157
0.53333336
0.63137257
0.68627453
0.28235295
0.07450981
0.16470589
0.43921569
0.36862746
0.23137255
0.18039216
0.20000000
0.85098040
0.87450981
0.88627452
0.88627452
0.87843138
0.88627452
0.86274511
0.75686276
0.61960787
0.57254905
0.54117650
0.51372552
0.47450981
0.42352942
0.35686275
0.24705882
0.18823530
0.20392157
0.37254903
0.25882354
0.19215687
0.21176471
0.23921569
0.27843139
0.23529412
0.17647059
0.40000001
0.78039217
0.77254903
0.67843139
0.50196081
0.42745098
0.87450981
0.89411765
0.90588236
0.91372550
0.92156863
0.90980393
0.90196079
0.89803922
0.83921570
0.79215688
0.72941178
0.63137257
0.56470591
0.52549022
0.47843137
0.32549021
0.20392157
0.21568628
0.33333334
0.25098041
0.26274511
0.28235295
0.30196080
0.33333334
0.35294119
0.38431373
0.54509807
0.80392158
0.87843138
0.88235295
0.85882354
0.82352942
0.89411765
0.91372550
0.92549020
0.93725491
0.93725491
0.93333334
0.92549020
0.91764706
0.92156863
0.92549020
0.92156863
0.86274511
0.78431374
0.71764708
0.65490198
0.52156866
0.34117648
0.30196080
0.35294119
0.36078432
0.36470589
0.37254903
0.40392157
0.42352942
0.49803922
0.58431375
0.66666669
0.81176472
0.86666667
0.85882354
0.86666667
0.87450981
0.89803922
0.90588236
0.92156863
0.94901961
0.94117647
0.92941177
0.93333334
0.94117647
0.93725491
0.93333334
0.92941177
0.93333334
0.93725491
0.93725491
0.90980393
0.80784315
0.66274512
0.57254905
0.54117650
0.52941179
0.55294120
0.60000002
0.64313728
0.70980394
0.81960785
0.88627452
0.90980393
0.88627452
0.85882354
0.86274511
0.89019608
0.88627452
0.89411765
0.90196079
0.92549020
0.94901961
0.94117647
0.94117647
0.93725491
0.93333334
0.93725491
0.93725491
0.93333334
0.92156863
0.92549020
0.93333334
0.93725491
0.92549020
0.87450981
0.84705883
0.82745099
0.83529413
0.87058824
0.89411765
0.92549020
0.92549020
0.92156863
0.91372550
0.91372550
0.89803922
0.88627452
0.90980393
0.90588236
0.88627452
0.36078432
0.45882353
0.45098040
0.54509807
0.58823532
0.52549022
0.60000002
0.65098041
0.63921571
0.65882355
0.84705883
0.86666667
0.95294118
0.81960785
0.63529414
0.45882353
0.44313726
0.49803922
0.54117650
0.58823532
0.65490198
0.59215689
0.64313728
0.70980394
0.82745099
0.91372550
0.96078432
0.96862745
0.83529413
0.40000001
0.23137255
0.18431373
0.39607844
0.40784314
0.37647060
0.45098040
0.41176471
0.29803923
0.33725491
0.42745098
0.40392157
0.49803922
0.86666667
0.90588236
0.91372550
0.75294119
0.53333336
0.43529412
0.41176471
0.60392159
0.65098041
0.61960787
0.67058825
0.65490198
0.74901962
0.67450982
0.78039217
0.89803922
0.98431373
0.96470588
0.88235295
0.35294119
0.21176471
0.20392157
0.21960784
0.25490198
0.34509805
0.50196081
0.47450981
0.25882354
0.30196080
0.34901962
0.38823530
0.56078434
0.85882354
0.74509805
0.81176472
0.70980394
0.43529412
0.42352942
0.38431373
0.55294120
0.66666669
0.67450982
0.70196080
0.78431374
0.81960785
0.68627453
0.80392158
0.90588236
0.98823529
1.00000000
0.89803922
0.32156864
0.16470589
0.20000000
0.25098041
0.27058825
0.36078432
0.46666667
0.55686277
0.37647060
0.38039216
0.34901962
0.43529412
0.61960787
0.72156864
0.62745100
0.70196080
0.53725493
0.35294119
0.41176471
0.44705883
0.60000002
0.45490196
0.43529412
0.46274510
0.50588238
0.55686277
0.61960787
0.72941178
0.76862746
0.85490197
0.94509804
0.89803922
0.32941177
0.21568628
0.14901961
0.22352941
0.30588236
0.39215687
0.41960785
0.41176471
0.35294119
0.29019609
0.24705882
0.40392157
0.56862748
0.59215689
0.39215687
0.44705883
0.39215687
0.33333334
0.36862746
0.44705883
0.36862746
0.32549021
0.50980395
0.69803923
0.68235296
0.73725492
0.76862746
0.76078433
0.62352943
0.46666667
0.53725493
0.85882354
0.40392157
0.23137255
0.18431373
0.30196080
0.33333334
0.40000001
0.44705883
0.43137255
0.39215687
0.32941177
0.27058825
0.25098041
0.29803923
0.37647060
0.20000000
0.28235295
0.40392157
0.32549021
0.36470589
0.40784314
0.26666668
0.39215687
0.54901963
0.94509804
0.97647059
0.96078432
0.90980393
0.85882354
0.72549021
0.64705884
0.58431375
0.65882355
0.36862746
0.17254902
0.20000000
0.30196080
0.32941177
0.40000001
0.44313726
0.48235294
0.60000002
0.64705884
0.63529414
0.58431375
0.50588238
0.43529412
0.30196080
0.28235295
0.31372550
0.27058825
0.30980393
0.38039216
0.34509805
0.43921569
0.53725493
0.90196079
0.94117647
0.94117647
0.84705883
0.85098040
0.73333335
0.81568629
0.73333335
0.41568628
0.38823530
0.20784314
0.14509805
0.25882354
0.30980393
0.40784314
0.51764709
0.54509807
0.81960785
0.98431373
0.96862745
0.98431373
0.94509804
0.82745099
0.47450981
0.42352942
0.29803923
0.22745098
0.27058825
0.38431373
0.38039216
0.52549022
0.52941179
0.87058824
0.92156863
0.91372550
0.91764706
0.83921570
0.72156864
0.78431374
0.74901962
0.48235294
0.45882353
0.27450982
0.17254902
0.24313726
0.34117648
0.52156866
0.62352943
0.59215689
0.82745099
0.98431373
0.94901961
0.96078432
0.99607843
0.85882354
0.33725491
0.41176471
0.41960785
0.51372552
0.58431375
0.47450981
0.34509805
0.41960785
0.50588238
0.83921570
0.89803922
0.89803922
0.93333334
0.89019608
0.70588237
0.75686276
0.78039217
0.58823532
0.30588236
0.19607843
0.18823530
0.24313726
0.35686275
0.57647061
0.64313728
0.54509807
0.80784315
0.93725491
0.83137256
0.83921570
0.90980393
0.62352943
0.33725491
0.32941177
0.32156864
0.45882353
0.41176471
0.35294119
0.24313726
0.38431373
0.47450981
0.80784315
0.90196079
0.91764706
0.93725491
0.92549020
0.72941178
0.78039217
0.86666667
0.69019610
0.32549021
0.26274511
0.19215687
0.26274511
0.36862746
0.51764709
0.61176473
0.45882353
0.79215688
0.93725491
0.74901962
0.76470590
0.58823532
0.31764707
0.24705882
0.23137255
0.30980393
0.32549021
0.21176471
0.29019609
0.39215687
0.42352942
0.46666667
0.72941178
0.85882354
0.86666667
0.85490197
0.83529413
0.78431374
0.77254903
0.88627452
0.79607844
0.36862746
0.25490198
0.15686275
0.21960784
0.33333334
0.46274510
0.60392159
0.50588238
0.81568629
0.98039216
0.76078433
0.53725493
0.43529412
0.45098040
0.41960785
0.31764707
0.30980393
0.29411766
0.22745098
0.34117648
0.75686276
0.63921571
0.50588238
0.52941179
0.76078433
0.80784315
0.76470590
0.74901962
0.77647060
0.77254903
0.74117649
0.74509805
0.40000001
0.16078432
0.10588235
0.18823530
0.29411766
0.45882353
0.54509807
0.44313726
0.52941179
0.61960787
0.49803922
0.32941177
0.53725493
0.53725493
0.50980395
0.48627451
0.38823530
0.27058825
0.21176471
0.32549021
0.42352942
0.34509805
0.38039216
0.46274510
0.72941178
0.82745099
0.81568629
0.79607844
0.75294119
0.76078433
0.75686276
0.74509805
0.50588238
0.13333334
0.09411765
0.17647059
0.25490198
0.31764707
0.26274511
0.23921569
0.35294119
0.48235294
0.45490196
0.47843137
0.61176473
0.59607846
0.61960787
0.68627453
0.59215689
0.23529412
0.19215687
0.29019609
0.31372550
0.32156864
0.34509805
0.49803922
0.67058825
0.78039217
0.79607844
0.76078433
0.72941178
0.78039217
0.70196080
0.72156864
0.56078434
0.20000000
0.14901961
0.16862746
0.18431373
0.19607843
0.17647059
0.19607843
0.40784314
0.59607846
0.64705884
0.65490198
0.69803923
0.65490198
0.64313728
0.70980394
0.61568630
0.21176471
0.19215687
0.30980393
0.34117648
0.33725491
0.37647060
0.50196081
0.65882355
0.75686276
0.65098041
0.44705883
0.39215687
0.47843137
0.39215687
0.54901963
0.58039218
0.30196080
0.19607843
0.20000000
0.21568628
0.20392157
0.19607843
0.20784314
0.42352942
0.58039218
0.42352942
0.30588236
0.36862746
0.31764707
0.31372550
0.35294119
0.31764707
0.20392157
0.17647059
0.32156864
0.36470589
0.34509805
0.34117648
0.42745098
0.66666669
0.70980394
0.54901963
0.31764707
0.29411766
0.35294119
0.31372550
0.49019608
0.54509807
0.36862746
0.11372549
0.35294119
0.31764707
0.27450982
0.25490198
0.25490198
0.41176471
0.52156866
0.40784314
0.25098041
0.28235295
0.22745098
0.22745098
0.27058825
0.27450982
0.20000000
0.15294118
0.30196080
0.32549021
0.31764707
0.31372550
0.56470591
0.71372551
0.69019610
0.52941179
0.29411766
0.23529412
0.29411766
0.25098041
0.43921569
0.57254905
0.70588237
0.38431373
0.50588238
0.46666667
0.42352942
0.40000001
0.40784314
0.48627451
0.59607846
0.37647060
0.14901961
0.13333334
0.16862746
0.07450981
0.06274510
0.08235294
0.10196079
0.14901961
0.20000000
0.25490198
0.25882354
0.34117648
0.49411765
0.73333335
0.64313728
0.51372552
0.31372550
0.27843139
0.32549021
0.24705882
0.38431373
0.56862748
0.71764708
0.52549022
0.52941179
0.46666667
0.44705883
0.50196081
0.40000001
0.51372552
0.59215689
0.35686275
0.17254902
0.12156863
0.20000000
0.09411765
0.06274510
0.04313726
0.09411765
0.07843138
0.08235294
0.19607843
0.30980393
0.34509805
0.43137255
0.70196080
0.66666669
0.44705883
0.29411766
0.26274511
0.33725491
0.24705882
0.45882353
0.86274511
0.82745099
0.63137257
0.21568628
0.20392157
0.28235295
0.36862746
0.13333334
0.10196079
0.11764706
0.17647059
0.17254902
0.19607843
0.21960784
0.10196079
0.07058824
0.05098039
0.10196079
0.10196079
0.22352941
0.23921569
0.46666667
0.53725493
0.36078432
0.64313728
0.86274511
0.49411765
0.32941177
0.30196080
0.40392157
0.39607844
0.60392159
0.89411765
0.72549021
0.68235296
0.20392157
0.20392157
0.12549020
0.11372549
0.16078432
0.09411765
0.07058824
0.08627451
0.12549020
0.16470589
0.14509805
0.09803922
0.06274510
0.03529412
0.05882353
0.18823530
0.23137255
0.21176471
0.40000001
0.56862748
0.33333334
0.53333336
0.87058824
0.56078434
0.61568630
0.60784316
0.68627453
0.70980394
0.64313728
0.69019610
0.69803923
0.55686277
0.25098041
0.23529412
0.17647059
0.11372549
0.19215687
0.12941177
0.03529412
0.07843138
0.12549020
0.14509805
0.12156863
0.14117648
0.09019608
0.05490196
0.06666667
0.18823530
0.17647059
0.17647059
0.32549021
0.56862748
0.55294120
0.68627453
0.79215688
0.69803923
0.74117649
0.78823531
0.78039217
0.82745099
0.79215688
0.83529413
0.86666667
0.38039216
0.36862746
0.31764707
0.29411766
0.26274511
0.25098041
0.17647059
0.15686275
0.12156863
0.14509805
0.16078432
0.14117648
0.24313726
0.17254902
0.16862746
0.10980392
0.20784314
0.18431373
0.18039216
0.42352942
0.58039218
0.57647061
0.78039217
0.74509805
0.78039217
0.79215688
0.81176472
0.76470590
0.74901962
0.77254903
0.64705884
0.73725492
0.33725491
0.51372552
0.50196081
0.52156866
0.43921569
0.40784314
0.43529412
0.40392157
0.27058825
0.14117648
0.16470589
0.16470589
0.24313726
0.17254902
0.13725491
0.10980392
0.23529412
0.23137255
0.16862746
0.45882353
0.54117650
0.53333336
0.72941178
0.80392158
0.70588237
0.55294120
0.69803923
0.63529414
0.50980395
0.59215689
0.41960785
0.42352942
0.21960784
0.56470591
0.60000002
0.67843139
0.56470591
0.42352942
0.45882353
0.41568628
0.34117648
0.17647059
0.18039216
0.20392157
0.20000000
0.14509805
0.08235294
0.10196079
0.26274511
0.29803923
0.18823530
0.35686275
0.40000001
0.34901962
0.42352942
0.52156866
0.49019608
0.36862746
0.31372550
0.53333336
0.62352943
0.27450982
0.12941177
0.25882354
0.25490198
0.70196080
0.76862746
0.78823531
0.77647060
0.65490198
0.48627451
0.43137255
0.42352942
0.39607844
0.32549021
0.17647059
0.14901961
0.13725491
0.14509805
0.16862746
0.25882354
0.28235295
0.19215687
0.30980393
0.34117648
0.34117648
0.32941177
0.44705883
0.41960785
0.09411765
0.06274510
0.21960784
0.40000001
0.16078432
0.09019608
0.27450982
0.26274511
0.79215688
0.81960785
0.81568629
0.80784315
0.80392158
0.70980394
0.56862748
0.50980395
0.48235294
0.47843137
0.38823530
0.34117648
0.32941177
0.31372550
0.30980393
0.24313726
0.17254902
0.17647059
0.33725491
0.31372550
0.40000001
0.50588238
0.60392159
0.65882355
0.25882354
0.04705882
0.13333334
0.40784314
0.33725491
0.20000000
0.15294118
0.17254902
0.80000001
0.81960785
0.82745099
0.82352942
0.81568629
0.81960785
0.80784315
0.72156864
0.59607846
0.55294120
0.51764709
0.49411765
0.47058824
0.43921569
0.38431373
0.25490198
0.18039216
0.19607843
0.36470589
0.25098041
0.17647059
0.18431373
0.21176471
0.24705882
0.20784314
0.14901961
0.36078432
0.73333335
0.72549021
0.63137257
0.45882353
0.38039216
0.81568629
0.83137256
0.84313726
0.84705883
0.85490197
0.84705883
0.85490197
0.85882354
0.80784315
0.76078433
0.69019610
0.59607846
0.54117650
0.51372552
0.46666667
0.31764707
0.18823530
0.20392157
0.32156864
0.23921569
0.24313726
0.24705882
0.26666668
0.29803923
0.31764707
0.34509805
0.48627451
0.73333335
0.80784315
0.81568629
0.79215688
0.75686276
0.82745099
0.84313726
0.85490197
0.86274511
0.87450981
0.88235295
0.88235295
0.87450981
0.88235295
0.88627452
0.86666667
0.81176472
0.73333335
0.67450982
0.61176473
0.49411765
0.31764707
0.27843139
0.32941177
0.33725491
0.33725491
0.33333334
0.36078432
0.38039216
0.45490196
0.54117650
0.58823532
0.72549021
0.78039217
0.77254903
0.77647060
0.78823531
0.82745099
0.83529413
0.84705883
0.86666667
0.88235295
0.89019608
0.89019608
0.89803922
0.89019608
0.88235295
0.87058824
0.87058824
0.87450981
0.87058824
0.84313726
0.76470590
0.62745100
0.53725493
0.50196081
0.49019608
0.51372552
0.55686277
0.60000002
0.66666669
0.78039217
0.83921570
0.82352942
0.78431374
0.75686276
0.76078433
0.78823531
0.78823531
0.82745099
0.83137256
0.85098040
0.87058824
0.89019608
0.90980393
0.89803922
0.89019608
0.88235295
0.88235295
0.88235295
0.86666667
0.86274511
0.86274511
0.86274511
0.87058824
0.83137256
0.80392158
0.78431374
0.78823531
0.82352942
0.84705883
0.87843138
0.87843138
0.87450981
0.86274511
0.82745099
0.80000001
0.79215688
0.81568629
0.80784315
0.79215688
1 0 0 0 0 0 0 0 0 -1 0
0 1 0 0 0 0 0 0 0 -1 0
0 0 1 0 0 0 0 0 0 -1 0
0 0 0 1 0 0 0 0 0 -1 0
0 0 0 0 1 0 0 0 0 -1 0
0 0 0 0 0 1 0 0 0 -1 0
0 0 0 0 0 0 1 0 0 -1 0
0 0 0 0 0 0 0 1 0 -1 0
0 0 0 0 0 0 0 0 1 -1 0
