1.00000000
0.98823529
0.94509804
0.78039217
0.63137257
0.43921569
0.43921569
0.26274511
0.31372550
0.67058825
0.92156863
0.98431373
0.98431373
0.98823529
0.98823529
0.98823529
0.98823529
0.98431373
0.98823529
0.98823529
0.98823529
0.98431373
0.98823529
0.98823529
0.98823529
0.98823529
0.98823529
0.98823529
0.98431373
0.98431373
0.98431373
0.98431373
0.99215686
0.84705883
0.68627453
0.52941179
0.43137255
0.36078432
0.40784314
0.66666669
0.90196079
1.00000000
0.99215686
0.98823529
0.99215686
0.99607843
0.99607843
0.99607843
0.99215686
0.99215686
0.99215686
0.99607843
0.99215686
0.99215686
0.99215686
0.99607843
0.99607843
0.99607843
0.99607843
0.99607843
0.99215686
0.99215686
0.99215686
0.99215686
0.71372551
0.49019608
0.42352942
0.40392157
0.39215687
0.57647061
0.89019608
1.00000000
1.00000000
0.98039216
0.99215686
0.99215686
0.99215686
0.99607843
0.99607843
0.99607843
0.99607843
0.99215686
0.99607843
0.99607843
0.99607843
0.99215686
0.99607843
0.99607843
0.99607843
0.99607843
0.99607843
0.99607843
0.99215686
0.99215686
0.99215686
0.99215686
0.43529412
0.27843139
0.22745098
0.52549022
0.79607844
0.96862745
1.00000000
0.99215686
0.98823529
0.99607843
0.99215686
0.99215686
0.99215686
0.99215686
0.99215686
0.99215686
0.99215686
0.99215686
0.99215686
0.99215686
0.99215686
0.99215686
0.99607843
0.99607843
0.99607843
0.99607843
0.99215686
0.99215686
0.99215686
0.99215686
0.99215686
0.99215686
0.19607843
0.34117648
0.67450982
0.92549020
0.99215686
0.98823529
0.98039216
0.99215686
0.99607843
0.99215686
0.99215686
0.99215686
0.99215686
0.99215686
0.99215686
0.99215686
0.99215686
0.99215686
0.99215686
0.99215686
0.99215686
0.99215686
0.99607843
0.99607843
0.99607843
0.99607843
0.99215686
0.99215686
0.99215686
0.99215686
0.99215686
0.99215686
0.59215689
0.92156863
1.00000000
0.98823529
0.98431373
0.99215686
0.98823529
0.99215686
0.99215686
0.99607843
0.99607843
0.99607843
0.99607843
0.99607843
0.99215686
0.99215686
0.99215686
0.99215686
0.99215686
0.99215686
0.99215686
0.99215686
0.99215686
0.99215686
0.99607843
0.99607843
0.99215686
0.99215686
0.99215686
0.99215686
0.99215686
0.99215686
1.00000000
1.00000000
0.98039216
0.99215686
0.99607843
0.99215686
0.99215686
0.99215686
0.99215686
0.99607843
0.99607843
0.99607843
0.99607843
0.99607843
0.99607843
0.99215686
0.99215686
0.99215686
0.99215686
0.99215686
0.99215686
0.99215686
0.99215686
0.99215686
0.99607843
0.99607843
0.99215686
0.99215686
0.99215686
0.99215686
0.99215686
0.99215686
0.99215686
0.98431373
0.99607843
0.99215686
0.99215686
0.99215686
0.99215686
0.99215686
0.99215686
0.99607843
0.99607843
0.99607843
0.99607843
0.99607843
0.99607843
0.99215686
0.99215686
0.99215686
0.99215686
0.99215686
0.99215686
0.99215686
0.99215686
0.99215686
0.99607843
0.99607843
0.99215686
0.99215686
0.99215686
0.99215686
0.99215686
0.99215686
1.00000000
0.99215686
0.99215686
0.99215686
0.99215686
0.99215686
0.99215686
0.99215686
0.99215686
0.99215686
0.99215686
0.99215686
0.99215686
0.99215686
0.99215686
0.99215686
0.99215686
0.99215686
0.99215686
0.99215686
0.99215686
0.99215686
0.99215686
0.99215686
0.99215686
0.99215686
0.99215686
0.99215686
0.99215686
0.99215686
0.99215686
0.99215686
1.00000000
0.99215686
0.99215686
0.99215686
0.99215686
0.99215686
0.99215686
0.99215686
0.99215686
0.99215686
0.99215686
0.99215686
0.99215686
0.99215686
0.99215686
0.99215686
0.99215686
0.99215686
0.99215686
0.99215686
0.99215686
0.99215686
0.99215686
0.99215686
0.99215686
0.99215686
0.99215686
0.99215686
0.99215686
0.99215686
0.99215686
0.99215686
1.00000000
0.99215686
0.99215686
0.99215686
0.99215686
0.99215686
0.99215686
0.99215686
0.99215686
0.99215686
0.99215686
0.99215686
0.99215686
0.99215686
0.99215686
0.99215686
0.99215686
0.99215686
0.99215686
0.99215686
0.99215686
0.99215686
0.99607843
0.99215686
0.99215686
0.99215686
0.99215686
0.99215686
0.99215686
0.99215686
0.99215686
0.99215686
1.00000000
0.99215686
0.99215686
0.99215686
0.99215686
0.99215686
0.99215686
0.99215686
0.99215686
0.99215686
0.98823529
0.98431373
0.98823529
0.99215686
0.99215686
0.99215686
0.98823529
0.98823529
0.98823529
0.98823529
0.98823529
0.98823529
0.98823529
0.99215686
0.99215686
0.99215686
0.98823529
0.98823529
0.98823529
0.98823529
0.99215686
0.99215686
1.00000000
0.99215686
0.99215686
0.99215686
0.99215686
0.99215686
0.99215686
0.99215686
0.99215686
0.99215686
0.99215686
0.98431373
0.98823529
0.99215686
0.98823529
1.00000000
1.00000000
1.00000000
1.00000000
1.00000000
1.00000000
1.00000000
1.00000000
0.99607843
0.98431373
0.99607843
0.98823529
0.98823529
0.98823529
0.98823529
0.99215686
0.99215686
1.00000000
0.99215686
0.99215686
0.99215686
0.99215686
0.99215686
0.99215686
0.99215686
0.99215686
0.99215686
0.99215686
0.99607843
0.99607843
0.99607843
0.99215686
0.92156863
0.78431374
0.73333335
0.72156864
0.72549021
0.74901962
0.79607844
0.84705883
0.92156863
0.99607843
0.99607843
0.99607843
0.99607843
0.99607843
0.99607843
0.99215686
0.99215686
1.00000000
0.99215686
0.99215686
0.99215686
0.99215686
0.99215686
0.99215686
0.99215686
0.99215686
0.99215686
0.99607843
1.00000000
0.99607843
0.99607843
0.87843138
0.57254905
0.36078432
0.34117648
0.34901962
0.33725491
0.31764707
0.33333334
0.40784314
0.53333336
0.85490197
1.00000000
0.99607843
0.99215686
0.99215686
0.99607843
0.99215686
0.99215686
1.00000000
0.99215686
0.99215686
0.99215686
0.99607843
0.99215686
0.99215686
0.99215686
0.98823529
0.98823529
0.98823529
0.99607843
0.99215686
0.83529413
0.47843137
0.33333334
0.43529412
0.49803922
0.50980395
0.46666667
0.39607844
0.25098041
0.24705882
0.31764707
0.47450981
0.79215688
0.98823529
1.00000000
1.00000000
0.99607843
0.98431373
0.99215686
1.00000000
0.99215686
0.99215686
0.98823529
0.98823529
0.98823529
0.99215686
0.99215686
0.99607843
1.00000000
1.00000000
0.97647059
0.76862746
0.41568628
0.27843139
0.40784314
0.45882353
0.45882353
0.45882353
0.40000001
0.34509805
0.21568628
0.13725491
0.32156864
0.33725491
0.41960785
0.69411767
0.85882354
0.89411765
0.94509804
0.98039216
0.97647059
1.00000000
0.98823529
0.99215686
1.00000000
0.98823529
0.94901961
0.91764706
0.90196079
0.88235295
0.85098040
0.81568629
0.63137257
0.32156864
0.16078432
0.30588236
0.42352942
0.42352942
0.43137255
0.43529412
0.41568628
0.37254903
0.34509805
0.27058825
0.29019609
0.30980393
0.30588236
0.33333334
0.41568628
0.47843137
0.56078434
0.65882355
0.70588237
1.00000000
0.99215686
0.94509804
0.82352942
0.66666669
0.56078434
0.49019608
0.44705883
0.40392157
0.39607844
0.38039216
0.29411766
0.21176471
0.12156863
0.29803923
0.37254903
0.36078432
0.34901962
0.34901962
0.36470589
0.37254903
0.30980393
0.18823530
0.13333334
0.11764706
0.13333334
0.13725491
0.16470589
0.23137255
0.28235295
0.38039216
0.62352943
1.00000000
0.87450981
0.59215689
0.33725491
0.27450982
0.25882354
0.16862746
0.10196079
0.07843138
0.08235294
0.07450981
0.09411765
0.09803922
0.07843138
0.10980392
0.10980392
0.09019608
0.06666667
0.05490196
0.09803922
0.08627451
0.01176471
0.00000000
0.01568628
0.00000000
0.00000000
0.04705882
0.12156863
0.14509805
0.19215687
0.34117648
0.73725492
0.81568629
0.65882355
0.41960785
0.18039216
0.16078432
0.12156863
0.08235294
0.08627451
0.10980392
0.11372549
0.17254902
0.13725491
0.10588235
0.11764706
0.12156863
0.12156863
0.12941177
0.13725491
0.13333334
0.16078432
0.15294118
0.14509805
0.16862746
0.14117648
0.02745098
0.00000000
0.03137255
0.11764706
0.20392157
0.16078432
0.26274511
0.39607844
0.45098040
0.46274510
0.39607844
0.13333334
0.04313726
0.14901961
0.14901961
0.07450981
0.18823530
0.24705882
0.32549021
0.28235295
0.24705882
0.24313726
0.23529412
0.22745098
0.23529412
0.25098041
0.25882354
0.27450982
0.27058825
0.24313726
0.26666668
0.19607843
0.01568628
0.09019608
0.16862746
0.08235294
0.18039216
0.20392157
0.18823530
0.15294118
0.16862746
0.25490198
0.27843139
0.10980392
0.19607843
0.40784314
0.38039216
0.13333334
0.13725491
0.22352941
0.22352941
0.23529412
0.23137255
0.22352941
0.22352941
0.22745098
0.23137255
0.22352941
0.21568628
0.21176471
0.18823530
0.15686275
0.13333334
0.05490196
0.05490196
0.30588236
0.38431373
0.32941177
0.11372549
0.14901961
0.11372549
0.12941177
0.11764706
0.16470589
0.13333334
0.15686275
0.30980393
0.38431373
0.36470589
0.34117648
0.09803922
0.12941177
0.15294118
0.17647059
0.17647059
0.17254902
0.16862746
0.17254902
0.17647059
0.16862746
0.16078432
0.14901961
0.13725491
0.10980392
0.08235294
0.03137255
0.18431373
0.34901962
0.38823530
0.41960785
0.28235295
0.12156863
0.17254902
0.19607843
0.18431373
0.12549020
0.09019608
0.17254902
0.38431373
0.43529412
0.48627451
0.47058824
0.14117648
0.14901961
0.16078432
0.17254902
0.18431373
0.19215687
0.18823530
0.18431373
0.18039216
0.17647059
0.17647059
0.17647059
0.16078432
0.13725491
0.13725491
0.06274510
0.25882354
0.40392157
0.54509807
0.50588238
0.34509805
0.17647059
0.27843139
0.36470589
0.23137255
0.07843138
0.07450981
0.10588235
0.27450982
0.44705883
0.43529412
0.32549021
0.13725491
0.14509805
0.15294118
0.16078432
0.17647059
0.18431373
0.18039216
0.17254902
0.16078432
0.14509805
0.12941177
0.12941177
0.12156863
0.11764706
0.14509805
0.07843138
0.17647059
0.32549021
0.56078434
0.40000001
0.35686275
0.48235294
0.67058825
0.80000001
0.62745100
0.34901962
0.12549020
0.07058824
0.29411766
0.37254903
0.42745098
0.27843139
0.05882353
0.04705882
0.05098039
0.05882353
0.05882353
0.05882353
0.05490196
0.05098039
0.04705882
0.03529412
0.02745098
0.02745098
0.02745098
0.03137255
0.03921569
0.03137255
0.18823530
0.37254903
0.42745098
0.43921569
0.55294120
0.92156863
0.98823529
1.00000000
0.84705883
0.51764709
0.14901961
0.02745098
0.25882354
0.29803923
0.33333334
0.16470589
0.00000000
0.01176471
0.02352941
0.03529412
0.04313726
0.05098039
0.05882353
0.06274510
0.05882353
0.05490196
0.05098039
0.04705882
0.03921569
0.03529412
0.02352941
0.00392157
0.12941177
0.35686275
0.37254903
0.41568628
0.43921569
0.80392158
0.97647059
0.99215686
0.88627452
0.67450982
0.48235294
0.35686275
0.33333334
0.40000001
0.40000001
0.37647060
0.43137255
0.47843137
0.50980395
0.53333336
0.55686277
0.56862748
0.58039218
0.58431375
0.58039218
0.57254905
0.56470591
0.55686277
0.54901963
0.54509807
0.52156866
0.46666667
0.39607844
0.44705883
0.52549022
0.58039218
0.72156864
0.89019608
0.98823529
0.99607843
1.00000000
1.00000000
0.98823529
0.95294118
0.92941177
0.90196079
0.91764706
0.96862745
0.98431373
1.00000000
1.00000000
1.00000000
1.00000000
1.00000000
1.00000000
1.00000000
1.00000000
1.00000000
1.00000000
1.00000000
1.00000000
1.00000000
1.00000000
0.99607843
0.96862745
0.92941177
0.92156863
0.98039216
1.00000000
1.00000000
0.99607843
0.98823529
1.00000000
0.99215686
0.99607843
1.00000000
1.00000000
1.00000000
1.00000000
1.00000000
0.99607843
0.99607843
0.99607843
0.99215686
0.98823529
0.98823529
0.98823529
0.98823529
0.98823529
0.98823529
0.98823529
0.98823529
0.98823529
0.98823529
0.99215686
0.99607843
1.00000000
1.00000000
1.00000000
0.99607843
0.98431373
0.98823529
0.99215686
0.99215686
1.00000000
0.99215686
0.99215686
0.98823529
0.98823529
0.99215686
0.99215686
0.98823529
0.99215686
0.99607843
0.99607843
0.99215686
0.99215686
0.99215686
0.99215686
0.99215686
0.99215686
0.99215686
0.99215686
0.99215686
0.99215686
0.99215686
0.99607843
0.99607843
0.99215686
0.99215686
0.98823529
0.99215686
0.99215686
0.99215686
0.99215686
0.99215686
1.00000000
0.98823529
0.94509804
0.78823531
0.62745100
0.43921569
0.45490196
0.27843139
0.31764707
0.67058825
0.92549020
0.98431373
0.98431373
0.98823529
0.98823529
0.98823529
0.98823529
0.98431373
0.98823529
0.98823529
0.98823529
0.98431373
0.98823529
0.98823529
0.98823529
0.98823529
0.98823529
0.98823529
0.98431373
0.98431373
0.98431373
0.98431373
0.99215686
0.84705883
0.68235296
0.52549022
0.44313726
0.37647060
0.41960785
0.67450982
0.90588236
1.00000000
0.99215686
0.98823529
0.99215686
0.99607843
0.99607843
0.99607843
0.99215686
0.99215686
0.99215686
0.99607843
0.99215686
0.99215686
0.99215686
0.99607843
0.99607843
0.99607843
0.99607843
0.99607843
0.99215686
0.99215686
0.99215686
0.99215686
0.71764708
0.49019608
0.42745098
0.41568628
0.41176471
0.57254905
0.87058824
1.00000000
1.00000000
0.98039216
0.99215686
0.99215686
0.99215686
0.99607843
0.99607843
0.99607843
0.99607843
0.99215686
0.99607843
0.99607843
0.99607843
0.99215686
0.99607843
0.99607843
0.99607843
0.99607843
0.99607843
0.99607843
0.99215686
0.99215686
0.99215686
0.99215686
0.43529412
0.27843139
0.23137255
0.52941179
0.79607844
0.96470588
1.00000000
0.99215686
0.98823529
0.99607843
0.99215686
0.99215686
0.99215686
0.99215686
0.99215686
0.99215686
0.99215686
0.99215686
0.99215686
0.99215686
0.99215686
0.99215686
0.99607843
0.99607843
0.99607843
0.99607843
0.99215686
0.99215686
0.99215686
0.99215686
0.99215686
0.99215686
0.20000000
0.34509805
0.67450982
0.91372550
0.98431373
0.99215686
0.99215686
0.99215686
0.99215686
0.99215686
0.99215686
0.99215686
0.99215686
0.99215686
0.99215686
0.99215686
0.99215686
0.99215686
0.99215686
0.99215686
0.99215686
0.99215686
0.99607843
0.99607843
0.99607843
0.99607843
0.99215686
0.99215686
0.99215686
0.99215686
0.99215686
0.99215686
0.59607846
0.92549020
1.00000000
0.98823529
0.98431373
0.99215686
0.99215686
0.99215686
0.99215686
0.99607843
0.99607843
0.99607843
0.99607843
0.99607843
0.99215686
0.99215686
0.99215686
0.99215686
0.99215686
0.99215686
0.99215686
0.99215686
0.99215686
0.99215686
0.99607843
0.99607843
0.99215686
0.99215686
0.99215686
0.99215686
0.99215686
0.99215686
1.00000000
1.00000000
0.98039216
0.99215686
0.99607843
0.99215686
0.99215686
0.99215686
0.99215686
0.99607843
0.99607843
0.99607843
0.99607843
0.99607843
0.99607843
0.99215686
0.99215686
0.99215686
0.99215686
0.99215686
0.99215686
0.99215686
0.99215686
0.99215686
0.99607843
0.99607843
0.99215686
0.99215686
0.99215686
0.99215686
0.99215686
0.99215686
0.99215686
0.98431373
0.99607843
0.99215686
0.99215686
0.99215686
0.99215686
0.99215686
0.99215686
0.99607843
0.99607843
0.99607843
0.99607843
0.99607843
0.99607843
0.99215686
0.99215686
0.99215686
0.99215686
0.99215686
0.99215686
0.99215686
0.99215686
0.99215686
0.99607843
0.99607843
0.99215686
0.99215686
0.99215686
0.99215686
0.99215686
0.99215686
1.00000000
0.99215686
0.99215686
0.99215686
0.99215686
0.99215686
0.99215686
0.99215686
0.99215686
0.99215686
0.99215686
0.99215686
0.99215686
0.99215686
0.99215686
0.99215686
0.99215686
0.99215686
0.99215686
0.99215686
0.99215686
0.99215686
0.99215686
0.99215686
0.99215686
0.99215686
0.99215686
0.99215686
0.99215686
0.99215686
0.99215686
0.99215686
1.00000000
0.99215686
0.99215686
0.99215686
0.99215686
0.99215686
0.99215686
0.99215686
0.99215686
0.99215686
0.99215686
0.99215686
0.99215686
0.99215686
0.99215686
0.99215686
0.99215686
0.99215686
0.99215686
0.99215686
0.99215686
0.99215686
0.99215686
0.99215686
0.99215686
0.99215686
0.99215686
0.99215686
0.99215686
0.99215686
0.99215686
0.99215686
1.00000000
0.99215686
0.99215686
0.99215686
0.99215686
0.99215686
0.99215686
0.99215686
0.99215686
0.99215686
0.99215686
0.99215686
0.99215686
0.99215686
0.99215686
0.99215686
0.99215686
0.99215686
0.99215686
0.99215686
0.99215686
0.99215686
0.99215686
0.99215686
0.99215686
0.99215686
0.99215686
0.99215686
0.99215686
0.99215686
0.99215686
0.99215686
1.00000000
0.99215686
0.99215686
0.99215686
0.99215686
0.99215686
0.99215686
0.99215686
0.99215686
0.99215686
0.99215686
0.99607843
0.99215686
0.99215686
0.99215686
0.98823529
0.98431373
0.98823529
0.98431373
0.98431373
0.98431373
0.98823529
0.98431373
0.98431373
0.99215686
0.99607843
0.99215686
0.99607843
0.99607843
0.99607843
0.99215686
0.99215686
1.00000000
0.99215686
0.99215686
0.99215686
0.99215686
0.99215686
0.99215686
0.99215686
0.99215686
0.99215686
0.99215686
0.99607843
0.99607843
0.99215686
0.98823529
0.99215686
1.00000000
1.00000000
1.00000000
1.00000000
1.00000000
1.00000000
1.00000000
0.98823529
0.98431373
1.00000000
0.99607843
0.99215686
0.99215686
0.99215686
0.99215686
0.99215686
1.00000000
0.99215686
0.99215686
0.99215686
0.99215686
0.99215686
0.99215686
0.99215686
0.99215686
0.99215686
0.99215686
0.98823529
0.99215686
0.99215686
0.99607843
0.92941177
0.78823531
0.73333335
0.72549021
0.73333335
0.75686276
0.80392158
0.85490197
0.92549020
0.99607843
1.00000000
0.99215686
0.98823529
0.98823529
0.98823529
0.99215686
0.99215686
1.00000000
0.99215686
0.99215686
0.99215686
0.99215686
0.99215686
0.99215686
0.99215686
0.99215686
0.99215686
0.99215686
0.98431373
0.98823529
0.99607843
0.89411765
0.60000002
0.38431373
0.36078432
0.37254903
0.36470589
0.34509805
0.35686275
0.43137255
0.54901963
0.85882354
1.00000000
0.99607843
0.98431373
0.98823529
0.98823529
0.99215686
0.99215686
1.00000000
0.99215686
0.99215686
0.99215686
0.99607843
0.99215686
0.99215686
0.99215686
0.99215686
0.98823529
0.98431373
0.98823529
0.99215686
0.84705883
0.50980395
0.38431373
0.48235294
0.54117650
0.54901963
0.50196081
0.42745098
0.28235295
0.27058825
0.32941177
0.48235294
0.79607844
0.99607843
1.00000000
1.00000000
1.00000000
0.98823529
0.99215686
1.00000000
0.99215686
0.99215686
0.99215686
0.98823529
0.98823529
0.99215686
0.99215686
0.99607843
1.00000000
1.00000000
0.97254902
0.78039217
0.44313726
0.32941177
0.48235294
0.52941179
0.53333336
0.51764709
0.44313726
0.38039216
0.24705882
0.16078432
0.33333334
0.35294119
0.44705883
0.71764708
0.87450981
0.90980393
0.95686275
0.98431373
0.97647059
1.00000000
0.98823529
0.99607843
1.00000000
0.99607843
0.96862745
0.94117647
0.92941177
0.90980393
0.88235295
0.83921570
0.66274512
0.36078432
0.20784314
0.36470589
0.48627451
0.48627451
0.49803922
0.49019608
0.45490196
0.40784314
0.37647060
0.29803923
0.31764707
0.34117648
0.34117648
0.37254903
0.45882353
0.54117650
0.64705884
0.71764708
0.74117649
1.00000000
0.99607843
0.95686275
0.84705883
0.70588237
0.61960787
0.55294120
0.49411765
0.47058824
0.45882353
0.42745098
0.34117648
0.25490198
0.15686275
0.33725491
0.42745098
0.42352942
0.41960785
0.41960785
0.42745098
0.43529412
0.36862746
0.23529412
0.17254902
0.15686275
0.16862746
0.19215687
0.24705882
0.36078432
0.47843137
0.58039218
0.60784316
1.00000000
0.87450981
0.60392159
0.40000001
0.35294119
0.34117648
0.23921569
0.12549020
0.12941177
0.13333334
0.11372549
0.11764706
0.11764706
0.08627451
0.11764706
0.12941177
0.11764706
0.10588235
0.10196079
0.15294118
0.13725491
0.05882353
0.03921569
0.04705882
0.02745098
0.01960784
0.07843138
0.20392157
0.29019609
0.37254903
0.45098040
0.43529412
0.81960785
0.66274512
0.43529412
0.24313726
0.22352941
0.17254902
0.11764706
0.11372549
0.17647059
0.19607843
0.25490198
0.22352941
0.18039216
0.18431373
0.18431373
0.18431373
0.20000000
0.21568628
0.23137255
0.26666668
0.25882354
0.25098041
0.29019609
0.24313726
0.06666667
0.00784314
0.03137255
0.17647059
0.34117648
0.27058825
0.26666668
0.26274511
0.47450981
0.49411765
0.43137255
0.16078432
0.05882353
0.15294118
0.14901961
0.11764706
0.28627452
0.37254903
0.46666667
0.44313726
0.40392157
0.38823530
0.38823530
0.40000001
0.41960785
0.44313726
0.46274510
0.48627451
0.48235294
0.45098040
0.49019608
0.36078432
0.06274510
0.08235294
0.14509805
0.10980392
0.27058825
0.26666668
0.18431373
0.18039216
0.20784314
0.31764707
0.35686275
0.12941177
0.19607843
0.40392157
0.37254903
0.16078432
0.21960784
0.34901962
0.36470589
0.38431373
0.37254903
0.35686275
0.33333334
0.32156864
0.33333334
0.33725491
0.33333334
0.32549021
0.30588236
0.27450982
0.28235295
0.16078432
0.06274510
0.28627452
0.36862746
0.34117648
0.14901961
0.20392157
0.18823530
0.15686275
0.16862746
0.25098041
0.22352941
0.17254902
0.31764707
0.39215687
0.36470589
0.33333334
0.13333334
0.20392157
0.23921569
0.25490198
0.25098041
0.23529412
0.21960784
0.21568628
0.22745098
0.22352941
0.21176471
0.19607843
0.18431373
0.16078432
0.12941177
0.04313726
0.16078432
0.34509805
0.38823530
0.41960785
0.29411766
0.16470589
0.20784314
0.18823530
0.23921569
0.20392157
0.14117648
0.17647059
0.38039216
0.43529412
0.48235294
0.46274510
0.14901961
0.17647059
0.20392157
0.22352941
0.23529412
0.23921569
0.23921569
0.23921569
0.23529412
0.23137255
0.22745098
0.21176471
0.20000000
0.17647059
0.16078432
0.06274510
0.26274511
0.41568628
0.54509807
0.50196081
0.36470589
0.21176471
0.30588236
0.38431373
0.26666668
0.13333334
0.09803922
0.10588235
0.27058825
0.44313726
0.42745098
0.31764707
0.14117648
0.16078432
0.18039216
0.19215687
0.21176471
0.21568628
0.21568628
0.20784314
0.19607843
0.18039216
0.16078432
0.14901961
0.14117648
0.14117648
0.15686275
0.08235294
0.18823530
0.33725491
0.55686277
0.39607844
0.37647060
0.51372552
0.70588237
0.82745099
0.63921571
0.37254903
0.13333334
0.07058824
0.29019609
0.36862746
0.42352942
0.27058825
0.05882353
0.05882353
0.06274510
0.06666667
0.07058824
0.07058824
0.06666667
0.06274510
0.05882353
0.04705882
0.03529412
0.03137255
0.03137255
0.03529412
0.04313726
0.03529412
0.19215687
0.37647060
0.42745098
0.43529412
0.56470591
0.94117647
1.00000000
1.00000000
0.84705883
0.52156866
0.14509805
0.02745098
0.25490198
0.29411766
0.32941177
0.16078432
0.00000000
0.01568628
0.02352941
0.03137255
0.04313726
0.05098039
0.05490196
0.05882353
0.05882353
0.05098039
0.04705882
0.04313726
0.03921569
0.03529412
0.01960784
0.00392157
0.12941177
0.35686275
0.36862746
0.41176471
0.44313726
0.81568629
0.98039216
0.98823529
0.87843138
0.66666669
0.47450981
0.35686275
0.33333334
0.40000001
0.40000001
0.37254903
0.42745098
0.47843137
0.50980395
0.53333336
0.55294120
0.56862748
0.57647061
0.58039218
0.57647061
0.57254905
0.56470591
0.55686277
0.54901963
0.54901963
0.52549022
0.46666667
0.39607844
0.44705883
0.52549022
0.57647061
0.71764708
0.89019608
0.98431373
0.99607843
1.00000000
1.00000000
0.98431373
0.95294118
0.92941177
0.90196079
0.91764706
0.96862745
0.98431373
0.99607843
1.00000000
1.00000000
1.00000000
1.00000000
1.00000000
1.00000000
1.00000000
1.00000000
1.00000000
1.00000000
1.00000000
1.00000000
1.00000000
0.99607843
0.96862745
0.92941177
0.92549020
0.98039216
1.00000000
1.00000000
0.99607843
0.99215686
1.00000000
0.98823529
0.99607843
1.00000000
1.00000000
1.00000000
1.00000000
1.00000000
0.99607843
0.99607843
0.99607843
0.99215686
0.99215686
0.98823529
0.99215686
0.98823529
0.98823529
0.98823529
0.98823529
0.98823529
0.98823529
0.98823529
0.99215686
0.99607843
1.00000000
1.00000000
1.00000000
0.99607843
0.98039216
0.98823529
0.99215686
0.99215686
1.00000000
0.99215686
0.99215686
0.98823529
0.98823529
0.99215686
0.99215686
0.98823529
0.99215686
0.99607843
0.99607843
0.99215686
0.99215686
0.99215686
0.99215686
0.99215686
0.99215686
0.99215686
0.99215686
0.99215686
0.99215686
0.99215686
0.99607843
0.99607843
0.99215686
0.99215686
0.98823529
0.99215686
0.99215686
0.99215686
0.99215686
0.99215686
1.00000000
0.98823529
0.93725491
0.76862746
0.63529414
0.35294119
0.24705882
0.18039216
0.30588236
0.67450982
0.91764706
0.98431373
0.98431373
0.98823529
0.98823529
0.98823529
0.98823529
0.98431373
0.98823529
0.98823529
0.98823529
0.98431373
0.98823529
0.98823529
0.98823529
0.98823529
0.98823529
0.98823529
0.98431373
0.98431373
0.98431373
0.98431373
0.98823529
0.84313726
0.68235296
0.49019608
0.29019609
0.14901961
0.23921569
0.60000002
0.88627452
1.00000000
0.98823529
0.98823529
0.99215686
0.99607843
0.99607843
0.99607843
0.99215686
0.99215686
0.99215686
0.99607843
0.99215686
0.99215686
0.99215686
0.99607843
0.99607843
0.99607843
0.99607843
0.99607843
0.99215686
0.99215686
0.99215686
0.99215686
0.70588237
0.48627451
0.38823530
0.19607843
0.16862746
0.47450981
0.88627452
0.98823529
0.98823529
0.98039216
0.98823529
0.99215686
0.99215686
0.99607843
0.99607843
0.99607843
0.99607843
0.99215686
0.99607843
0.99607843
0.99607843
0.99215686
0.99607843
0.99607843
0.99607843
0.99607843
0.99607843
0.99607843
0.99215686
0.99215686
0.99215686
0.99215686
0.41960785
0.26666668
0.19607843
0.39607844
0.70980394
0.95294118
1.00000000
0.98431373
0.98823529
0.99215686
0.98823529
0.99215686
0.99215686
0.99215686
0.99215686
0.99215686
0.99215686
0.99215686
0.99215686
0.99215686
0.99215686
0.99215686
0.99607843
0.99607843
0.99607843
0.99607843
0.99215686
0.99215686
0.99215686
0.99215686
0.99215686
0.99215686
0.18039216
0.32941177
0.65882355
0.91372550
0.99607843
0.98431373
0.96078432
0.99607843
0.99607843
0.98823529
0.98823529
0.99215686
0.99215686
0.99215686
0.99215686
0.99215686
0.99215686
0.99215686
0.99215686
0.99215686
0.99215686
0.99215686
0.99607843
0.99607843
0.99607843
0.99607843
0.99215686
0.99215686
0.99215686
0.99215686
0.99215686
0.99215686
0.58823532
0.91372550
1.00000000
0.98039216
0.98823529
1.00000000
1.00000000
0.99607843
0.99215686
0.99215686
0.99215686
0.99607843
0.99607843
0.99607843
0.99215686
0.99215686
0.99215686
0.99215686
0.99215686
0.99215686
0.99215686
0.99215686
0.99215686
0.99215686
0.99607843
0.99607843
0.99215686
0.99215686
0.99215686
0.99215686
0.99215686
0.99215686
1.00000000
1.00000000
0.98039216
0.99215686
0.99607843
0.99215686
0.99215686
0.99215686
0.99215686
0.99607843
0.99607843
0.99607843
0.99607843
0.99607843
0.99607843
0.99215686
0.99215686
0.99215686
0.99215686
0.99215686
0.99215686
0.99215686
0.99215686
0.99215686
0.99607843
0.99607843
0.99215686
0.99215686
0.99215686
0.99215686
0.99215686
0.99215686
0.99215686
0.98431373
0.99607843
0.99215686
0.99215686
0.99215686
0.99215686
0.99215686
0.99215686
0.99607843
0.99607843
0.99607843
0.99607843
0.99607843
0.99607843
0.99215686
0.99215686
0.99215686
0.99215686
0.99215686
0.99215686
0.99215686
0.99215686
0.99215686
0.99607843
0.99607843
0.99215686
0.99215686
0.99215686
0.99215686
0.99215686
0.99215686
1.00000000
0.99215686
0.99215686
0.99215686
0.99215686
0.99215686
0.99215686
0.99215686
0.99215686
0.99215686
0.99215686
0.99215686
0.99215686
0.99215686
0.99215686
0.99215686
0.99215686
0.99215686
0.99215686
0.99215686
0.99215686
0.99215686
0.99215686
0.99215686
0.99215686
0.99215686
0.99215686
0.99215686
0.99215686
0.99215686
0.99215686
0.99215686
1.00000000
0.99215686
0.99215686
0.99215686
0.99215686
0.99215686
0.99215686
0.99215686
0.99215686
0.99215686
0.99215686
0.99215686
0.99215686
0.99215686
0.99215686
0.99215686
0.99215686
0.99215686
0.99215686
0.99215686
0.99215686
0.99215686
0.99215686
0.99215686
0.99215686
0.99215686
0.99215686
0.99215686
0.99215686
0.99215686
0.99215686
0.99215686
1.00000000
0.99215686
0.99215686
0.99215686
0.99215686
0.99215686
0.99215686
0.99215686
0.99215686
0.99215686
0.99215686
0.99215686
0.99215686
0.99215686
0.99215686
0.99215686
0.99215686
0.99215686
0.99215686
0.99215686
0.99215686
0.99215686
0.99215686
0.99215686
0.99215686
0.99215686
0.99215686
0.99215686
0.99215686
0.99215686
0.99215686
0.99215686
1.00000000
0.99215686
0.99215686
0.99215686
0.99215686
0.99215686
0.99215686
0.99215686
0.99215686
0.99215686
0.99215686
0.99215686
0.99607843
0.99607843
0.99607843
0.98431373
0.98039216
0.97647059
0.98039216
0.98431373
0.98039216
0.98039216
0.98431373
0.98823529
0.99215686
1.00000000
0.99607843
0.99215686
0.99215686
0.99215686
0.98823529
0.98431373
1.00000000
0.99215686
0.99215686
0.99215686
0.99215686
0.99215686
0.99215686
0.99215686
0.99215686
0.99215686
0.99215686
0.99215686
0.99607843
1.00000000
0.99215686
0.99215686
1.00000000
1.00000000
1.00000000
1.00000000
1.00000000
1.00000000
1.00000000
0.98823529
0.98039216
0.99607843
1.00000000
1.00000000
1.00000000
0.99607843
0.98823529
0.98039216
1.00000000
0.99215686
0.99215686
0.99215686
0.99215686
0.99215686
0.99215686
0.99215686
0.99215686
0.99215686
0.99215686
0.99607843
0.99215686
0.98823529
0.99215686
0.94117647
0.81176472
0.76862746
0.76470590
0.76862746
0.79607844
0.84313726
0.87843138
0.94509804
0.98823529
0.96862745
0.98823529
1.00000000
1.00000000
1.00000000
0.99215686
0.98823529
1.00000000
0.99215686
0.99215686
0.99215686
0.99215686
0.99215686
0.99215686
0.99215686
0.99215686
0.99215686
0.99607843
1.00000000
0.99215686
0.98823529
0.89411765
0.62352943
0.43529412
0.43529412
0.44705883
0.43529412
0.41960785
0.43921569
0.52156866
0.63529414
0.89803922
0.98431373
0.98039216
0.98039216
0.98039216
0.98431373
0.98823529
0.99215686
1.00000000
0.99215686
0.99215686
0.99215686
0.99607843
0.99215686
0.99215686
0.99215686
0.99215686
0.98823529
0.98823529
1.00000000
1.00000000
0.86274511
0.52941179
0.41176471
0.52549022
0.60784316
0.61176473
0.55294120
0.49411765
0.36470589
0.38823530
0.48235294
0.60784316
0.84705883
0.99215686
0.99607843
0.99215686
0.98431373
0.98823529
0.99607843
1.00000000
0.99215686
0.99215686
0.99215686
0.98823529
0.98823529
0.99215686
0.99215686
0.99215686
1.00000000
1.00000000
0.98039216
0.80784315
0.49803922
0.37254903
0.49803922
0.54901963
0.55686277
0.52941179
0.44705883
0.40784314
0.29803923
0.24313726
0.47058824
0.50588238
0.54901963
0.76078433
0.89803922
0.93333334
0.96862745
0.98823529
0.98039216
1.00000000
0.98823529
1.00000000
1.00000000
1.00000000
0.97647059
0.95294118
0.94509804
0.92549020
0.89803922
0.85882354
0.69411767
0.41176471
0.28235295
0.42745098
0.52156866
0.51764709
0.52549022
0.50980395
0.47843137
0.45490196
0.44313726
0.38039216
0.43529412
0.47843137
0.45098040
0.48235294
0.57254905
0.64705884
0.75294119
0.80784315
0.78039217
1.00000000
0.99607843
0.96862745
0.87450981
0.73725492
0.67058825
0.63137257
0.57647061
0.53725493
0.52549022
0.50588238
0.41960785
0.33725491
0.24705882
0.42745098
0.50980395
0.50196081
0.49803922
0.49411765
0.51372552
0.53725493
0.48627451
0.36470589
0.30980393
0.29411766
0.29803923
0.34117648
0.41176471
0.53333336
0.65882355
0.71372551
0.69019610
1.00000000
0.88627452
0.63529414
0.48627451
0.43921569
0.43137255
0.36078432
0.26666668
0.25882354
0.25882354
0.23529412
0.23529412
0.23529412
0.20784314
0.25098041
0.27450982
0.26274511
0.24705882
0.23137255
0.27058825
0.26666668
0.20000000
0.18431373
0.18431373
0.16862746
0.16078432
0.20784314
0.36470589
0.49019608
0.56470591
0.55294120
0.56470591
0.85098040
0.70588237
0.48627451
0.34509805
0.31372550
0.25490198
0.22352941
0.26666668
0.34117648
0.35294119
0.40784314
0.38039216
0.34509805
0.35294119
0.35294119
0.36078432
0.37647060
0.38823530
0.39607844
0.43137255
0.42352942
0.41960785
0.45882353
0.38823530
0.17254902
0.08627451
0.09803922
0.30196080
0.53333336
0.47450981
0.41176471
0.37647060
0.53725493
0.58431375
0.51372552
0.23921569
0.10980392
0.18823530
0.20784314
0.22745098
0.43529412
0.53725493
0.62745100
0.62745100
0.58823532
0.58039218
0.56078434
0.55294120
0.56862748
0.58823532
0.61960787
0.65882355
0.64705884
0.61568630
0.66666669
0.50196081
0.11764706
0.08627451
0.16470589
0.18823530
0.41960785
0.45882353
0.39607844
0.33333334
0.30196080
0.46274510
0.48235294
0.18039216
0.21568628
0.41568628
0.40000001
0.20392157
0.34117648
0.50980395
0.52156866
0.54509807
0.53725493
0.52156866
0.50196081
0.47843137
0.48627451
0.49019608
0.49803922
0.50196081
0.46666667
0.42745098
0.43137255
0.26666668
0.09019608
0.29019609
0.39215687
0.37254903
0.22352941
0.35686275
0.37254903
0.33333334
0.27058825
0.41568628
0.36470589
0.21960784
0.33333334
0.41568628
0.38823530
0.34117648
0.22352941
0.35294119
0.38431373
0.38823530
0.38039216
0.37254903
0.36078432
0.36078432
0.36862746
0.36470589
0.35294119
0.33333334
0.30980393
0.27450982
0.22745098
0.10588235
0.19215687
0.38039216
0.42745098
0.42352942
0.31764707
0.28235295
0.34509805
0.32156864
0.33333334
0.34117648
0.25490198
0.21960784
0.41176471
0.46274510
0.50980395
0.47843137
0.20392157
0.28235295
0.32941177
0.34509805
0.36078432
0.36470589
0.35686275
0.34901962
0.34509805
0.34117648
0.33725491
0.32549021
0.30196080
0.26666668
0.23921569
0.12156863
0.29803923
0.43529412
0.56470591
0.50980395
0.38431373
0.29411766
0.39607844
0.45098040
0.34117648
0.23529412
0.18039216
0.14117648
0.29411766
0.47058824
0.45490196
0.33725491
0.18431373
0.24313726
0.28235295
0.29411766
0.30980393
0.31764707
0.30980393
0.28627452
0.27450982
0.25882354
0.24313726
0.23529412
0.21960784
0.20784314
0.21960784
0.13333334
0.21568628
0.34901962
0.57647061
0.41568628
0.39607844
0.55686277
0.74509805
0.84705883
0.67843139
0.43137255
0.18431373
0.09411765
0.31372550
0.39215687
0.44313726
0.29019609
0.09411765
0.11764706
0.13333334
0.12941177
0.13333334
0.13333334
0.12549020
0.10980392
0.10588235
0.09411765
0.08627451
0.08627451
0.07450981
0.07058824
0.07843138
0.06666667
0.21176471
0.38823530
0.45098040
0.45882353
0.57647061
0.94901961
1.00000000
1.00000000
0.85882354
0.54901963
0.17254902
0.04313726
0.27058825
0.30980393
0.34509805
0.17647059
0.02352941
0.04705882
0.05882353
0.06666667
0.07450981
0.08235294
0.08627451
0.08627451
0.08235294
0.07843138
0.07450981
0.07058824
0.05490196
0.04313726
0.03529412
0.01960784
0.13725491
0.36470589
0.38431373
0.43137255
0.45490196
0.81176472
0.96470588
0.97254902
0.87843138
0.67450982
0.49019608
0.36862746
0.34117648
0.40784314
0.40784314
0.38823530
0.43921569
0.48627451
0.51764709
0.54509807
0.56862748
0.58431375
0.59215689
0.59607846
0.59215689
0.58431375
0.58039218
0.56470591
0.55294120
0.54117650
0.51764709
0.46666667
0.39607844
0.44705883
0.52156866
0.58431375
0.72941178
0.88235295
0.97254902
0.98431373
1.00000000
1.00000000
0.99215686
0.95686275
0.93333334
0.90588236
0.92549020
0.97647059
0.98823529
0.99215686
0.99607843
1.00000000
1.00000000
1.00000000
1.00000000
1.00000000
1.00000000
1.00000000
1.00000000
1.00000000
1.00000000
1.00000000
0.99607843
0.98823529
0.96470588
0.92941177
0.90588236
0.97254902
1.00000000
1.00000000
0.99607843
0.99607843
1.00000000
0.98823529
0.99607843
1.00000000
1.00000000
1.00000000
1.00000000
1.00000000
0.99607843
0.99215686
0.99215686
0.99215686
0.98823529
0.98823529
0.98823529
0.99215686
0.99215686
0.99215686
0.98823529
0.99215686
0.98823529
0.98823529
0.98823529
0.99215686
1.00000000
1.00000000
1.00000000
0.99215686
0.98431373
0.98431373
0.99215686
0.99215686
1.00000000
0.99215686
0.99215686
0.98823529
0.98823529
0.99215686
0.99215686
0.98823529
0.99215686
0.99607843
0.99607843
0.99215686
0.99215686
0.99215686
0.99215686
0.99215686
0.99215686
0.99215686
0.99215686
0.99215686
0.99215686
0.99215686
0.99607843
0.99607843
0.99215686
0.99215686
0.98823529
0.99215686
0.99215686
0.99215686
0.99215686
0.99215686
1 -1 0 0 0 0 0 0 0 0 0
0 -1 1 0 0 0 0 0 0 0 0
0 -1 0 1 0 0 0 0 0 0 0
0 -1 0 0 1 0 0 0 0 0 0
0 -1 0 0 0 1 0 0 0 0 0
0 -1 0 0 0 0 1 0 0 0 0
0 -1 0 0 0 0 0 1 0 0 0
0 -1 0 0 0 0 0 0 1 0 0
0 -1 0 0 0 0 0 0 0 1 0
