0.59607846
0.58823532
0.59215689
0.59215689
0.59607846
0.59607846
0.59607846
0.59607846
0.60392159
0.60784316
0.60784316
0.61176473
0.61960787
0.60000002
0.58823532
0.59215689
0.59607846
0.59607846
0.60000002
0.60000002
0.58823532
0.58431375
0.58431375
0.62352943
0.65490198
0.60392159
0.58039218
0.58823532
0.56862748
0.57647061
0.57254905
0.57254905
0.59215689
0.59215689
0.59215689
0.59607846
0.59607846
0.59607846
0.59215689
0.60392159
0.60000002
0.58431375
0.60784316
0.62352943
0.61176473
0.60000002
0.57647061
0.58823532
0.59607846
0.58823532
0.58823532
0.59607846
0.58823532
0.57254905
0.58431375
0.62745100
0.66274512
0.61960787
0.58823532
0.58823532
0.57647061
0.58039218
0.58039218
0.57647061
0.59607846
0.59215689
0.59607846
0.59607846
0.59607846
0.60000002
0.59607846
0.60392159
0.60784316
0.60000002
0.60392159
0.59215689
0.61568630
0.59607846
0.59607846
0.63137257
0.63921571
0.61176473
0.59607846
0.60392159
0.61568630
0.59215689
0.58431375
0.64313728
0.69803923
0.64313728
0.59607846
0.60000002
0.59215689
0.59215689
0.58823532
0.58431375
0.59607846
0.59215689
0.59607846
0.59215689
0.59607846
0.60000002
0.60392159
0.60784316
0.63137257
0.65882355
0.61568630
0.62352943
0.62352943
0.60784316
0.65490198
0.73725492
0.76470590
0.68627453
0.65490198
0.64705884
0.66666669
0.63529414
0.60392159
0.65882355
0.69019610
0.64313728
0.59607846
0.60392159
0.60000002
0.59607846
0.59215689
0.58823532
0.60000002
0.59607846
0.59607846
0.59607846
0.60000002
0.60392159
0.60392159
0.61176473
0.56862748
0.47843137
0.43529412
0.41568628
0.41176471
0.40784314
0.46274510
0.55686277
0.61960787
0.59215689
0.60392159
0.57647061
0.60000002
0.58431375
0.58039218
0.61568630
0.60784316
0.62352943
0.61176473
0.60392159
0.60784316
0.60392159
0.60000002
0.59607846
0.60784316
0.60392159
0.60392159
0.60784316
0.60784316
0.60784316
0.60392159
0.61960787
0.48235294
0.17254902
0.12549020
0.14117648
0.18039216
0.14901961
0.14117648
0.17254902
0.20000000
0.30980393
0.47058824
0.55294120
0.55294120
0.55686277
0.58431375
0.52549022
0.46666667
0.53333336
0.62352943
0.61176473
0.62745100
0.61960787
0.61176473
0.61568630
0.61568630
0.60784316
0.60784316
0.60784316
0.60784316
0.61176473
0.60784316
0.61568630
0.58039218
0.25882354
0.09803922
0.12549020
0.13725491
0.14509805
0.12941177
0.12941177
0.11764706
0.18039216
0.27450982
0.35294119
0.31372550
0.32941177
0.36470589
0.27058825
0.25882354
0.31764707
0.49411765
0.62745100
0.65490198
0.63137257
0.61568630
0.60784316
0.61568630
0.60784316
0.60784316
0.60784316
0.60784316
0.61176473
0.61176473
0.61568630
0.62352943
0.43921569
0.12156863
0.11764706
0.11764706
0.14901961
0.15686275
0.13333334
0.12549020
0.15294118
0.16862746
0.18431373
0.15294118
0.16078432
0.17254902
0.14117648
0.18039216
0.20784314
0.29019609
0.50196081
0.61568630
0.56078434
0.56470591
0.54117650
0.61176473
0.60784316
0.61176473
0.60784316
0.61176473
0.61568630
0.61568630
0.61568630
0.62352943
0.57647061
0.22352941
0.09803922
0.14117648
0.14117648
0.15294118
0.14509805
0.13725491
0.18431373
0.29019609
0.29803923
0.29411766
0.27450982
0.24705882
0.25882354
0.23921569
0.20000000
0.21176471
0.31764707
0.52941179
0.53725493
0.60392159
0.59607846
0.61176473
0.60784316
0.60784316
0.60392159
0.60784316
0.61176473
0.61176473
0.61568630
0.61568630
0.61176473
0.40000001
0.10980392
0.16470589
0.21568628
0.17647059
0.14901961
0.13725491
0.17647059
0.33333334
0.39607844
0.41176471
0.38039216
0.32156864
0.37647060
0.31372550
0.19607843
0.19607843
0.21568628
0.32941177
0.43529412
0.56470591
0.60784316
0.60784316
0.60000002
0.60000002
0.60392159
0.60392159
0.60784316
0.60784316
0.61176473
0.60784316
0.60784316
0.54901963
0.20392157
0.18431373
0.23137255
0.20000000
0.14509805
0.14509805
0.14117648
0.16078432
0.18039216
0.18823530
0.16862746
0.16862746
0.17254902
0.19607843
0.19607843
0.19215687
0.20784314
0.23921569
0.25882354
0.30196080
0.33725491
0.60000002
0.59215689
0.59215689
0.59607846
0.59607846
0.60000002
0.60392159
0.60000002
0.59607846
0.59607846
0.60392159
0.37254903
0.14509805
0.18039216
0.18431373
0.16078432
0.15294118
0.15294118
0.15686275
0.15294118
0.14509805
0.12549020
0.13333334
0.15294118
0.17647059
0.18823530
0.18823530
0.19607843
0.21176471
0.22352941
0.20784314
0.18431373
0.59215689
0.58431375
0.58431375
0.58823532
0.58823532
0.59215689
0.59215689
0.59215689
0.58823532
0.58823532
0.58823532
0.52156866
0.20392157
0.17647059
0.19607843
0.18823530
0.18431373
0.16862746
0.16078432
0.15294118
0.14509805
0.12549020
0.13333334
0.15294118
0.16470589
0.16470589
0.16470589
0.17254902
0.17254902
0.17647059
0.18431373
0.17647059
0.58431375
0.57647061
0.57647061
0.57647061
0.57647061
0.58039218
0.58039218
0.58039218
0.58039218
0.57647061
0.57254905
0.58823532
0.38431373
0.22745098
0.24313726
0.26274511
0.24705882
0.19215687
0.16470589
0.16078432
0.16862746
0.15294118
0.15686275
0.17647059
0.18039216
0.17254902
0.17647059
0.18431373
0.17254902
0.16862746
0.17647059
0.16862746
0.57254905
0.56078434
0.56078434
0.56470591
0.56470591
0.56470591
0.56862748
0.56862748
0.56862748
0.56470591
0.56078434
0.58039218
0.54901963
0.38823530
0.38823530
0.41176471
0.37647060
0.31764707
0.28627452
0.30588236
0.31764707
0.29803923
0.30196080
0.32941177
0.35294119
0.34901962
0.35294119
0.36078432
0.34901962
0.34901962
0.35686275
0.35686275
0.55686277
0.54901963
0.55294120
0.54901963
0.54509807
0.55294120
0.55294120
0.55294120
0.55294120
0.55294120
0.55294120
0.56862748
0.60392159
0.58431375
0.58431375
0.58823532
0.58823532
0.54901963
0.55686277
0.60000002
0.57647061
0.56078434
0.54901963
0.55686277
0.60784316
0.58431375
0.61176473
0.62745100
0.60392159
0.59215689
0.59607846
0.60392159
0.53725493
0.52549022
0.51764709
0.50196081
0.48627451
0.49019608
0.47450981
0.48627451
0.45098040
0.48235294
0.52549022
0.58823532
0.64705884
0.68627453
0.69803923
0.67843139
0.70196080
0.67450982
0.67843139
0.67843139
0.67450982
0.68235296
0.61176473
0.60784316
0.65490198
0.60784316
0.62745100
0.66666669
0.66274512
0.63529414
0.62352943
0.63137257
0.46666667
0.43529412
0.41176471
0.41176471
0.40784314
0.39607844
0.41176471
0.40784314
0.39607844
0.44313726
0.52156866
0.61568630
0.63921571
0.65098041
0.66274512
0.63921571
0.66274512
0.65882355
0.67843139
0.65882355
0.65098041
0.60000002
0.57254905
0.56862748
0.56078434
0.52941179
0.54509807
0.54117650
0.55294120
0.54117650
0.52156866
0.54509807
0.38431373
0.36470589
0.36862746
0.37647060
0.36470589
0.38039216
0.38431373
0.38431373
0.39215687
0.41960785
0.50980395
0.57647061
0.59607846
0.60392159
0.58431375
0.57647061
0.59607846
0.60392159
0.59215689
0.63921571
0.61568630
0.54509807
0.55686277
0.56862748
0.54117650
0.51372552
0.54509807
0.54901963
0.54509807
0.54901963
0.52549022
0.54117650
0.37647060
0.37647060
0.37647060
0.39215687
0.38823530
0.39215687
0.38823530
0.39607844
0.47843137
0.53333336
0.44313726
0.48627451
0.54901963
0.55686277
0.56470591
0.54509807
0.55294120
0.58431375
0.59607846
0.62352943
0.62352943
0.59215689
0.60784316
0.61568630
0.58823532
0.54509807
0.60392159
0.57647061
0.56470591
0.61568630
0.56470591
0.57647061
0.42352942
0.41960785
0.41176471
0.41960785
0.41960785
0.42745098
0.43137255
0.43137255
0.61568630
0.84705883
0.76078433
0.68235296
0.69019610
0.63529414
0.61568630
0.57254905
0.58039218
0.61176473
0.61568630
0.61176473
0.61568630
0.61568630
0.56862748
0.52549022
0.50588238
0.50196081
0.58431375
0.58823532
0.60784316
0.70196080
0.62745100
0.55294120
0.45882353
0.45490196
0.45490196
0.45098040
0.45490196
0.45490196
0.45490196
0.45882353
0.56862748
0.74901962
0.71372551
0.69803923
0.69019610
0.65882355
0.62745100
0.57647061
0.56078434
0.56862748
0.55686277
0.54117650
0.54509807
0.51764709
0.48235294
0.44705883
0.43921569
0.44705883
0.51372552
0.53333336
0.52941179
0.50196081
0.44313726
0.38823530
0.45098040
0.44313726
0.44313726
0.44313726
0.44705883
0.44705883
0.44313726
0.44705883
0.47058824
0.50196081
0.46274510
0.45882353
0.43137255
0.41960785
0.41960785
0.40392157
0.40000001
0.40784314
0.41176471
0.40000001
0.38431373
0.36078432
0.35294119
0.34509805
0.35294119
0.33333334
0.34117648
0.35294119
0.35686275
0.35294119
0.35294119
0.35686275
0.44705883
0.44313726
0.44313726
0.44313726
0.44705883
0.45098040
0.45098040
0.44705883
0.44313726
0.44313726
0.42352942
0.40392157
0.35294119
0.33725491
0.33333334
0.31764707
0.31372550
0.32156864
0.32549021
0.32941177
0.32941177
0.32549021
0.31764707
0.30980393
0.30980393
0.31372550
0.32156864
0.34117648
0.35686275
0.35294119
0.35686275
0.36862746
0.45490196
0.44705883
0.45098040
0.44705883
0.45098040
0.45490196
0.45490196
0.44313726
0.43529412
0.42352942
0.40392157
0.36862746
0.32156864
0.30588236
0.30980393
0.29803923
0.29411766
0.30588236
0.31764707
0.32549021
0.32941177
0.32549021
0.32156864
0.31764707
0.31764707
0.32156864
0.33333334
0.34509805
0.35686275
0.36078432
0.37254903
0.37647060
0.45098040
0.44705883
0.45098040
0.44313726
0.45098040
0.45490196
0.45490196
0.45490196
0.44705883
0.42745098
0.40000001
0.35686275
0.31372550
0.29803923
0.30196080
0.30196080
0.30588236
0.30980393
0.32941177
0.33725491
0.34117648
0.34117648
0.33725491
0.32941177
0.32941177
0.32549021
0.33333334
0.34901962
0.35686275
0.36078432
0.36862746
0.37254903
0.43529412
0.43921569
0.44313726
0.43529412
0.44313726
0.44313726
0.44313726
0.45098040
0.45098040
0.43921569
0.41176471
0.36862746
0.33333334
0.32156864
0.32549021
0.31764707
0.32941177
0.34117648
0.35686275
0.36862746
0.36862746
0.35686275
0.33725491
0.32549021
0.34117648
0.31372550
0.31764707
0.34117648
0.35686275
0.35686275
0.36078432
0.36470589
0.45490196
0.45882353
0.46274510
0.45490196
0.45882353
0.45882353
0.45882353
0.46274510
0.47450981
0.47450981
0.44313726
0.39607844
0.35294119
0.32156864
0.32549021
0.31764707
0.32549021
0.32941177
0.34509805
0.35294119
0.36470589
0.34901962
0.31372550
0.30588236
0.33725491
0.31372550
0.31764707
0.35686275
0.37647060
0.37254903
0.38039216
0.36470589
0.48235294
0.47843137
0.47450981
0.47450981
0.47450981
0.47843137
0.47843137
0.48235294
0.49411765
0.50980395
0.47058824
0.43137255
0.36470589
0.33333334
0.31372550
0.30980393
0.29019609
0.27058825
0.29019609
0.30196080
0.34117648
0.32156864
0.32156864
0.32549021
0.32941177
0.31764707
0.31764707
0.35686275
0.39215687
0.40392157
0.39607844
0.37647060
0.47843137
0.47058824
0.47843137
0.47843137
0.47843137
0.47843137
0.47843137
0.47843137
0.48627451
0.49411765
0.47450981
0.39607844
0.29803923
0.26274511
0.27450982
0.29411766
0.28627452
0.27843139
0.30196080
0.34509805
0.34509805
0.31764707
0.29803923
0.28627452
0.30588236
0.29019609
0.27058825
0.30980393
0.36078432
0.38431373
0.36078432
0.36862746
0.47058824
0.47058824
0.47843137
0.47450981
0.47450981
0.47450981
0.47450981
0.47843137
0.48235294
0.48627451
0.48235294
0.42352942
0.34901962
0.28235295
0.27058825
0.27058825
0.27058825
0.24705882
0.23921569
0.27843139
0.28627452
0.25098041
0.24313726
0.25098041
0.25882354
0.23529412
0.26666668
0.29803923
0.29803923
0.32941177
0.33725491
0.37254903
0.47058824
0.46666667
0.46666667
0.46666667
0.46666667
0.46666667
0.47058824
0.47450981
0.47843137
0.48235294
0.45490196
0.38039216
0.30980393
0.23137255
0.21568628
0.21176471
0.21568628
0.18431373
0.20784314
0.25098041
0.26274511
0.24313726
0.23529412
0.25882354
0.27058825
0.24313726
0.25490198
0.26666668
0.25490198
0.30980393
0.32941177
0.34509805
0.70588237
0.69803923
0.70196080
0.70196080
0.70588237
0.70588237
0.70588237
0.70588237
0.70588237
0.70196080
0.70980394
0.71372551
0.70980394
0.71372551
0.71764708
0.71372551
0.70980394
0.70588237
0.70588237
0.70588237
0.70588237
0.70588237
0.69803923
0.58431375
0.54901963
0.66274512
0.69019610
0.69019610
0.69411767
0.69019610
0.68235296
0.68235296
0.70196080
0.69803923
0.70196080
0.70588237
0.70588237
0.70588237
0.70196080
0.70196080
0.70588237
0.71764708
0.70980394
0.67058825
0.67058825
0.71372551
0.71764708
0.70980394
0.70980394
0.70980394
0.70588237
0.70196080
0.70196080
0.70196080
0.70980394
0.58431375
0.52941179
0.65098041
0.69019610
0.68627453
0.69019610
0.69019610
0.68235296
0.68235296
0.70588237
0.70196080
0.70588237
0.70588237
0.70588237
0.70980394
0.70980394
0.70196080
0.69411767
0.69803923
0.67843139
0.63137257
0.67843139
0.70980394
0.70196080
0.69019610
0.68627453
0.69803923
0.70196080
0.69803923
0.69803923
0.69803923
0.70196080
0.58823532
0.54117650
0.65098041
0.69411767
0.69019610
0.69411767
0.69019610
0.68627453
0.68235296
0.70588237
0.70196080
0.70588237
0.70196080
0.70588237
0.70980394
0.71372551
0.70588237
0.67450982
0.65882355
0.63137257
0.69411767
0.72156864
0.71764708
0.70196080
0.66666669
0.63921571
0.62745100
0.66666669
0.66274512
0.67843139
0.69803923
0.70980394
0.59607846
0.51372552
0.63137257
0.69019610
0.69411767
0.69019610
0.69019610
0.68235296
0.67843139
0.70588237
0.70196080
0.70196080
0.70196080
0.70588237
0.70980394
0.70980394
0.70980394
0.60392159
0.45490196
0.45882353
0.52549022
0.52941179
0.53333336
0.52156866
0.49411765
0.47058824
0.45490196
0.49411765
0.46666667
0.51764709
0.56862748
0.62745100
0.56470591
0.45098040
0.58431375
0.69019610
0.69019610
0.68235296
0.67843139
0.67450982
0.67058825
0.70588237
0.69803923
0.69803923
0.70196080
0.70588237
0.70196080
0.69803923
0.71372551
0.56470591
0.25098041
0.23137255
0.26666668
0.29019609
0.30196080
0.29803923
0.30196080
0.29411766
0.30980393
0.36078432
0.40392157
0.40000001
0.40784314
0.49803922
0.46666667
0.36470589
0.48627451
0.67058825
0.67450982
0.66274512
0.65882355
0.65490198
0.65882355
0.70588237
0.69411767
0.69411767
0.69803923
0.69803923
0.69803923
0.69803923
0.70196080
0.66666669
0.36078432
0.21960784
0.25098041
0.25882354
0.29411766
0.29411766
0.30196080
0.30980393
0.30196080
0.30588236
0.36470589
0.31372550
0.30196080
0.38823530
0.32156864
0.25882354
0.32156864
0.54117650
0.63137257
0.60784316
0.62352943
0.61568630
0.61176473
0.69803923
0.69019610
0.69019610
0.69019610
0.69019610
0.69411767
0.69803923
0.69411767
0.70588237
0.53333336
0.23137255
0.23921569
0.23529412
0.26274511
0.28627452
0.29411766
0.30980393
0.30588236
0.29411766
0.31372550
0.30196080
0.29411766
0.33333334
0.30980393
0.27058825
0.27450982
0.36078432
0.49019608
0.51764709
0.48627451
0.49019608
0.45490196
0.69019610
0.68235296
0.68235296
0.68235296
0.68627453
0.69019610
0.69019610
0.68627453
0.69411767
0.66274512
0.32549021
0.21176471
0.23529412
0.20784314
0.23137255
0.28627452
0.29411766
0.32941177
0.42745098
0.43529412
0.42745098
0.38039216
0.37647060
0.38431373
0.31764707
0.29803923
0.32549021
0.36078432
0.47843137
0.46274510
0.50196081
0.45098040
0.68235296
0.67843139
0.68235296
0.67843139
0.67843139
0.68235296
0.68235296
0.68235296
0.68235296
0.69803923
0.50196081
0.21176471
0.23137255
0.22745098
0.20784314
0.26666668
0.29803923
0.32941177
0.46666667
0.49803922
0.48627451
0.41960785
0.39607844
0.45098040
0.36078432
0.29803923
0.34901962
0.35294119
0.40392157
0.48235294
0.55686277
0.52549022
0.67450982
0.66666669
0.66666669
0.67058825
0.67058825
0.67450982
0.67843139
0.67450982
0.67450982
0.68235296
0.62745100
0.28627452
0.24313726
0.25882354
0.23137255
0.22352941
0.27843139
0.27843139
0.27843139
0.29019609
0.29411766
0.27450982
0.28627452
0.29019609
0.26666668
0.25490198
0.30588236
0.34901962
0.37254903
0.37647060
0.39215687
0.38431373
0.66666669
0.65882355
0.65882355
0.66274512
0.66274512
0.66666669
0.67058825
0.66666669
0.66274512
0.66274512
0.67058825
0.43921569
0.21176471
0.24705882
0.24705882
0.22745098
0.25098041
0.25490198
0.25882354
0.26666668
0.27058825
0.25098041
0.25098041
0.25882354
0.24705882
0.23529412
0.27058825
0.32156864
0.36078432
0.35686275
0.34901962
0.33725491
0.65882355
0.65098041
0.65098041
0.65490198
0.65490198
0.65882355
0.65882355
0.65882355
0.65490198
0.65490198
0.65490198
0.58823532
0.27450982
0.25098041
0.27843139
0.27843139
0.28235295
0.27843139
0.28235295
0.27843139
0.28627452
0.27450982
0.27450982
0.28235295
0.27843139
0.27058825
0.29411766
0.33333334
0.35294119
0.35294119
0.36470589
0.36078432
0.65098041
0.64313728
0.64313728
0.64313728
0.64313728
0.64705884
0.64705884
0.64705884
0.64705884
0.64313728
0.63921571
0.65098041
0.43137255
0.27843139
0.29803923
0.32549021
0.33333334
0.31764707
0.31372550
0.30196080
0.30196080
0.28627452
0.28235295
0.29411766
0.28627452
0.28627452
0.29803923
0.32156864
0.32549021
0.33725491
0.34117648
0.33333334
0.63921571
0.62745100
0.62745100
0.63137257
0.63137257
0.63137257
0.63529414
0.63529414
0.63529414
0.63137257
0.63137257
0.63529414
0.54901963
0.37254903
0.36078432
0.37647060
0.36470589
0.36862746
0.38039216
0.38431373
0.36862746
0.34117648
0.34509805
0.35686275
0.37647060
0.38431373
0.38823530
0.39215687
0.38823530
0.41568628
0.41568628
0.40392157
0.62352943
0.61568630
0.61960787
0.61568630
0.61176473
0.61960787
0.61960787
0.62352943
0.61960787
0.61960787
0.61568630
0.60784316
0.56078434
0.50588238
0.47843137
0.45882353
0.45490196
0.48235294
0.54509807
0.56862748
0.52941179
0.52156866
0.50588238
0.50196081
0.54901963
0.52941179
0.54509807
0.54901963
0.53333336
0.55686277
0.54901963
0.53725493
0.60392159
0.59215689
0.58039218
0.57254905
0.56470591
0.56862748
0.55294120
0.56862748
0.52941179
0.53333336
0.54117650
0.55686277
0.55294120
0.58823532
0.60784316
0.58039218
0.57647061
0.59607846
0.63921571
0.59607846
0.58823532
0.62352943
0.55294120
0.54117650
0.59215689
0.54117650
0.54117650
0.58039218
0.59607846
0.58823532
0.56078434
0.53725493
0.53725493
0.50588238
0.48235294
0.48235294
0.48235294
0.46666667
0.48235294
0.48235294
0.46274510
0.47058824
0.49803922
0.54901963
0.54117650
0.56470591
0.59607846
0.58039218
0.57254905
0.60000002
0.64313728
0.57647061
0.57254905
0.54509807
0.51764709
0.51372552
0.51372552
0.47450981
0.46666667
0.47450981
0.50588238
0.49411765
0.45490196
0.45098040
0.46274510
0.44313726
0.44705883
0.44313726
0.42745098
0.43921569
0.44705883
0.44313726
0.43921569
0.41568628
0.47058824
0.51764709
0.52549022
0.53725493
0.52941179
0.52941179
0.52156866
0.54509807
0.54901963
0.56862748
0.54901963
0.49019608
0.50196081
0.51372552
0.49019608
0.46274510
0.47058824
0.48235294
0.49803922
0.48627451
0.45490196
0.45490196
0.46274510
0.45882353
0.45882353
0.46666667
0.45490196
0.46274510
0.45490196
0.46274510
0.51764709
0.51764709
0.40784314
0.45098040
0.50980395
0.51764709
0.53333336
0.51372552
0.49803922
0.52941179
0.54509807
0.56078434
0.56470591
0.53725493
0.55294120
0.56078434
0.54509807
0.50196081
0.54117650
0.52156866
0.52549022
0.56078434
0.50196081
0.50588238
0.51764709
0.50980395
0.50196081
0.50980395
0.51372552
0.52156866
0.52549022
0.52156866
0.66666669
0.83921570
0.73725492
0.68235296
0.68235296
0.61960787
0.60000002
0.55294120
0.53725493
0.56078434
0.56078434
0.56470591
0.56470591
0.56078434
0.50980395
0.47058824
0.46274510
0.46274510
0.52156866
0.53725493
0.57254905
0.66274512
0.58039218
0.51372552
0.55686277
0.55294120
0.55294120
0.55686277
0.56470591
0.56470591
0.56862748
0.56470591
0.63921571
0.76470590
0.71372551
0.70980394
0.69803923
0.65098041
0.60784316
0.56078434
0.52549022
0.52156866
0.50980395
0.50980395
0.50980395
0.47450981
0.44313726
0.40392157
0.40784314
0.41960785
0.47450981
0.50196081
0.51372552
0.48627451
0.42745098
0.38039216
0.55686277
0.55294120
0.54901963
0.55294120
0.55686277
0.56078434
0.55294120
0.55686277
0.56862748
0.56078434
0.49019608
0.47058824
0.43921569
0.40000001
0.38823530
0.38431373
0.37647060
0.38039216
0.39607844
0.38823530
0.38431373
0.36078432
0.35294119
0.34509805
0.35294119
0.33725491
0.34509805
0.36470589
0.37647060
0.38039216
0.37254903
0.37254903
0.56078434
0.55294120
0.55294120
0.55294120
0.55686277
0.56078434
0.56078434
0.56078434
0.55686277
0.52941179
0.47843137
0.44313726
0.38431373
0.33333334
0.32156864
0.31764707
0.31764707
0.32941177
0.34509805
0.35294119
0.35686275
0.34509805
0.33725491
0.32941177
0.32941177
0.33333334
0.34901962
0.37254903
0.39607844
0.40392157
0.40000001
0.40000001
0.56470591
0.55686277
0.56078434
0.55686277
0.56078434
0.56470591
0.56470591
0.56078434
0.55686277
0.52549022
0.48235294
0.43137255
0.37254903
0.32549021
0.31764707
0.32156864
0.32941177
0.34117648
0.36470589
0.37647060
0.36862746
0.35686275
0.35294119
0.34901962
0.34509805
0.35294119
0.36862746
0.38823530
0.40784314
0.41960785
0.42352942
0.41960785
0.56470591
0.55686277
0.56078434
0.55294120
0.56078434
0.56470591
0.56470591
0.56470591
0.55686277
0.52941179
0.48627451
0.43529412
0.37647060
0.32941177
0.32156864
0.33725491
0.33725491
0.34117648
0.37254903
0.38823530
0.37647060
0.36470589
0.36078432
0.35686275
0.35294119
0.34901962
0.36470589
0.38431373
0.40392157
0.41568628
0.41568628
0.40784314
0.54509807
0.54509807
0.55294120
0.54509807
0.55294120
0.55294120
0.55294120
0.55294120
0.54509807
0.52549022
0.49019608
0.44313726
0.39215687
0.34901962
0.34117648
0.34509805
0.34117648
0.34901962
0.37647060
0.39607844
0.38431373
0.36470589
0.34509805
0.33333334
0.34901962
0.32549021
0.33333334
0.36470589
0.38431373
0.39607844
0.39215687
0.38431373
0.54901963
0.55294120
0.55686277
0.54901963
0.55294120
0.55294120
0.55294120
0.55294120
0.55294120
0.54901963
0.50980395
0.45882353
0.39215687
0.33333334
0.32941177
0.32941177
0.32549021
0.33725491
0.36078432
0.37254903
0.36862746
0.34509805
0.31372550
0.30196080
0.33725491
0.31372550
0.32156864
0.36078432
0.37647060
0.37647060
0.38823530
0.37254903
0.56470591
0.55686277
0.55294120
0.55294120
0.55294120
0.55294120
0.55686277
0.56078434
0.56862748
0.57254905
0.52549022
0.48235294
0.39215687
0.33333334
0.30588236
0.30980393
0.29019609
0.29411766
0.32549021
0.33333334
0.35294119
0.32941177
0.32549021
0.33333334
0.33725491
0.32941177
0.32156864
0.36078432
0.38823530
0.38823530
0.38823530
0.38039216
0.55686277
0.54901963
0.55686277
0.55686277
0.55686277
0.55686277
0.55686277
0.55686277
0.56078434
0.55686277
0.52941179
0.44705883
0.33333334
0.27058825
0.27450982
0.29803923
0.29411766
0.30196080
0.34509805
0.37647060
0.37254903
0.34901962
0.32941177
0.31764707
0.32941177
0.31372550
0.29411766
0.34117648
0.38431373
0.38431373
0.36078432
0.38039216
0.54901963
0.54901963
0.55686277
0.55294120
0.55294120
0.55294120
0.55294120
0.55686277
0.55294120
0.54901963
0.53725493
0.47450981
0.38823530
0.29411766
0.27450982
0.28235295
0.28235295
0.27843139
0.29019609
0.31764707
0.32549021
0.29411766
0.28627452
0.29411766
0.29411766
0.26274511
0.30588236
0.34901962
0.34509805
0.34901962
0.35294119
0.38823530
0.54901963
0.54509807
0.54509807
0.54509807
0.54509807
0.54509807
0.54901963
0.55294120
0.54901963
0.54509807
0.50980395
0.43137255
0.35686275
0.25098041
0.22352941
0.23137255
0.23529412
0.22352941
0.26666668
0.30196080
0.29803923
0.27843139
0.27058825
0.29411766
0.29803923
0.26274511
0.29019609
0.31764707
0.30980393
0.34117648
0.35686275
0.36078432
0.74901962
0.74117649
0.74509805
0.74509805
0.74901962
0.74901962
0.74901962
0.74509805
0.75294119
0.77647060
0.77647060
0.75686276
0.75686276
0.75294119
0.74901962
0.75294119
0.74901962
0.74509805
0.74117649
0.74509805
0.75686276
0.74901962
0.74509805
0.59607846
0.53725493
0.71764708
0.74117649
0.71372551
0.75294119
0.73725492
0.72549021
0.72549021
0.74509805
0.74117649
0.74509805
0.74901962
0.74901962
0.74901962
0.74509805
0.74901962
0.76078433
0.76078433
0.74509805
0.70588237
0.71764708
0.76078433
0.76862746
0.76078433
0.73333335
0.73725492
0.74901962
0.74509805
0.76078433
0.76470590
0.77647060
0.60000002
0.50588238
0.69803923
0.74509805
0.71764708
0.74509805
0.73333335
0.72549021
0.72549021
0.74901962
0.74509805
0.74901962
0.74901962
0.74901962
0.75294119
0.74901962
0.75294119
0.74509805
0.72549021
0.70196080
0.66274512
0.72156864
0.76470590
0.76078433
0.73333335
0.71764708
0.74901962
0.77254903
0.75686276
0.74509805
0.74901962
0.77647060
0.61176473
0.50588238
0.68235296
0.75294119
0.73333335
0.74901962
0.73725492
0.72941178
0.72549021
0.74901962
0.74509805
0.74901962
0.74509805
0.74901962
0.75294119
0.75686276
0.74509805
0.70980394
0.68235296
0.66274512
0.72941178
0.74901962
0.77254903
0.74901962
0.68627453
0.64313728
0.65882355
0.72156864
0.69803923
0.68627453
0.71764708
0.78039217
0.62352943
0.47450981
0.65098041
0.75686276
0.73725492
0.74509805
0.73725492
0.72941178
0.72549021
0.75294119
0.74509805
0.74901962
0.74901962
0.75294119
0.75294119
0.75686276
0.74117649
0.63137257
0.50588238
0.51764709
0.58039218
0.58039218
0.61176473
0.59215689
0.52549022
0.48235294
0.48627451
0.51764709
0.43921569
0.47843137
0.56078434
0.67450982
0.58431375
0.41176471
0.59215689
0.74509805
0.74117649
0.74117649
0.74117649
0.73333335
0.72941178
0.75686276
0.74509805
0.74509805
0.75294119
0.75294119
0.75294119
0.74901962
0.74509805
0.60000002
0.33725491
0.33333334
0.35294119
0.39607844
0.43529412
0.43137255
0.40784314
0.41960785
0.42745098
0.41568628
0.38039216
0.36078432
0.37647060
0.50980395
0.45882353
0.31764707
0.48235294
0.71372551
0.73333335
0.71764708
0.71764708
0.70980394
0.71372551
0.75294119
0.74509805
0.74509805
0.74509805
0.74901962
0.74901962
0.74901962
0.74117649
0.70588237
0.43921569
0.31764707
0.34117648
0.35686275
0.42352942
0.44313726
0.45490196
0.47450981
0.46274510
0.43137255
0.43921569
0.34509805
0.31372550
0.42352942
0.33333334
0.23137255
0.33333334
0.58039218
0.67058825
0.62352943
0.63529414
0.62745100
0.62745100
0.74117649
0.73333335
0.73333335
0.73333335
0.73333335
0.73725492
0.73725492
0.72941178
0.74117649
0.59607846
0.31764707
0.32941177
0.31764707
0.35686275
0.41176471
0.45098040
0.45490196
0.45098040
0.43921569
0.45098040
0.42352942
0.40000001
0.45882353
0.40392157
0.30588236
0.32156864
0.41176471
0.52156866
0.51764709
0.47450981
0.47843137
0.44705883
0.72549021
0.71764708
0.72156864
0.71764708
0.72156864
0.72549021
0.72549021
0.72549021
0.72941178
0.70588237
0.40392157
0.30980393
0.30980393
0.26274511
0.31372550
0.41568628
0.41176471
0.43529412
0.54117650
0.55294120
0.50980395
0.43529412
0.45882353
0.44705883
0.34901962
0.37647060
0.41176471
0.42745098
0.51764709
0.48627451
0.51372552
0.45490196
0.71372551
0.70980394
0.70980394
0.70980394
0.70980394
0.71372551
0.71372551
0.71764708
0.71372551
0.72549021
0.56470591
0.31764707
0.30980393
0.25490198
0.24313726
0.35686275
0.41176471
0.43921569
0.56862748
0.59607846
0.55294120
0.47058824
0.49411765
0.54509807
0.42745098
0.40392157
0.47843137
0.47843137
0.50588238
0.54509807
0.59607846
0.53333336
0.70980394
0.70196080
0.70196080
0.70588237
0.70588237
0.70980394
0.71372551
0.71372551
0.70980394
0.71372551
0.67843139
0.36470589
0.30588236
0.28235295
0.25098041
0.27058825
0.36862746
0.38823530
0.38039216
0.37647060
0.38039216
0.35294119
0.38039216
0.39215687
0.33725491
0.31372550
0.39607844
0.45882353
0.48627451
0.47058824
0.46666667
0.44705883
0.70588237
0.69803923
0.69803923
0.70196080
0.70588237
0.70588237
0.70980394
0.70588237
0.70196080
0.70196080
0.70980394
0.47843137
0.26274511
0.29803923
0.29019609
0.26666668
0.30196080
0.33725491
0.36078432
0.35686275
0.36078432
0.32549021
0.30196080
0.32549021
0.30588236
0.26666668
0.32941177
0.41960785
0.47843137
0.47843137
0.47450981
0.47058824
0.69803923
0.69019610
0.69019610
0.69411767
0.69411767
0.69803923
0.69803923
0.69803923
0.69411767
0.69411767
0.69411767
0.63137257
0.33333334
0.31372550
0.34901962
0.34509805
0.33333334
0.35686275
0.39607844
0.40392157
0.41176471
0.38431373
0.36078432
0.38039216
0.37647060
0.35686275
0.40392157
0.46274510
0.49803922
0.50196081
0.52156866
0.52549022
0.69019610
0.68235296
0.68235296
0.68235296
0.68235296
0.68627453
0.68627453
0.68627453
0.68627453
0.68235296
0.67843139
0.69019610
0.48235294
0.33333334
0.36078432
0.38823530
0.39607844
0.41176471
0.44705883
0.45490196
0.43921569
0.38823530
0.36470589
0.38431373
0.38823530
0.38431373
0.41176471
0.44705883
0.45882353
0.46274510
0.47450981
0.47843137
0.67843139
0.66666669
0.66666669
0.67058825
0.67058825
0.67058825
0.67450982
0.67450982
0.67450982
0.67450982
0.67058825
0.67058825
0.57254905
0.38431373
0.36470589
0.37254903
0.39607844
0.42745098
0.45882353
0.47058824
0.44705883
0.38823530
0.36470589
0.38823530
0.42352942
0.42745098
0.43137255
0.43921569
0.43529412
0.45098040
0.46274510
0.46666667
0.66666669
0.65490198
0.65882355
0.65490198
0.65098041
0.65882355
0.65882355
0.66274512
0.65882355
0.65490198
0.65098041
0.62745100
0.54509807
0.47058824
0.41960785
0.38823530
0.42745098
0.46666667
0.52549022
0.54509807
0.52156866
0.50196081
0.46666667
0.47058824
0.53333336
0.50980395
0.51764709
0.51764709
0.49411765
0.50588238
0.50980395
0.51372552
0.65098041
0.63921571
0.62745100
0.61568630
0.60784316
0.60784316
0.59607846
0.61176473
0.56470591
0.54901963
0.52549022
0.50588238
0.45882353
0.50196081
0.52941179
0.52156866
0.53333336
0.54509807
0.57647061
0.54117650
0.54901963
0.57647061
0.49803922
0.49019608
0.54509807
0.49019608
0.49411765
0.52941179
0.53333336
0.51372552
0.49411765
0.48627451
0.58431375
0.55294120
0.52941179
0.52941179
0.52941179
0.51372552
0.52941179
0.52941179
0.49803922
0.47843137
0.46666667
0.48235294
0.42352942
0.46274510
0.52549022
0.53333336
0.53725493
0.54901963
0.58431375
0.53333336
0.52549022
0.49411765
0.46666667
0.46274510
0.45882353
0.42352942
0.42352942
0.42745098
0.44705883
0.42352942
0.39215687
0.39215687
0.50588238
0.48627451
0.49019608
0.49019608
0.47843137
0.49019608
0.49803922
0.49803922
0.47843137
0.42352942
0.44705883
0.47058824
0.42352942
0.44705883
0.46666667
0.47843137
0.47843137
0.49411765
0.49019608
0.52156866
0.49803922
0.43921569
0.45098040
0.45882353
0.43921569
0.41568628
0.43137255
0.43921569
0.44313726
0.41568628
0.38431373
0.39215687
0.50588238
0.50196081
0.50196081
0.51372552
0.50588238
0.50980395
0.50196081
0.51372552
0.55294120
0.51372552
0.38431373
0.41568628
0.42745098
0.44313726
0.47058824
0.46274510
0.45098040
0.47843137
0.49411765
0.51372552
0.51372552
0.48627451
0.50196081
0.50980395
0.49803922
0.46666667
0.50980395
0.48627451
0.48235294
0.50588238
0.44705883
0.45490196
0.55686277
0.54901963
0.54117650
0.54901963
0.55294120
0.56078434
0.56470591
0.56470591
0.69019610
0.81568629
0.70980394
0.65490198
0.61568630
0.55294120
0.54509807
0.50588238
0.48627451
0.50588238
0.50980395
0.50980395
0.50980395
0.50588238
0.45882353
0.41568628
0.41568628
0.42745098
0.49019608
0.50196081
0.53333336
0.62352943
0.54509807
0.47450981
0.60000002
0.59215689
0.59607846
0.59607846
0.60000002
0.60392159
0.60392159
0.60000002
0.65490198
0.74509805
0.69411767
0.69803923
0.63921571
0.59607846
0.56078434
0.51372552
0.47843137
0.47843137
0.47058824
0.46666667
0.46666667
0.43921569
0.40392157
0.36862746
0.37254903
0.39215687
0.45490196
0.48627451
0.49803922
0.48235294
0.42352942
0.36862746
0.60392159
0.60000002
0.59607846
0.60000002
0.60392159
0.60392159
0.60000002
0.59215689
0.58823532
0.58039218
0.50980395
0.48235294
0.40392157
0.36862746
0.36470589
0.35686275
0.35686275
0.36862746
0.38823530
0.38823530
0.38431373
0.35686275
0.34901962
0.34509805
0.34901962
0.33333334
0.36078432
0.39215687
0.41176471
0.41176471
0.40784314
0.40784314
0.60784316
0.60000002
0.60000002
0.60000002
0.60392159
0.60784316
0.60784316
0.60392159
0.59607846
0.56862748
0.51764709
0.47058824
0.38431373
0.34117648
0.33333334
0.32549021
0.33333334
0.34901962
0.37254903
0.38823530
0.38039216
0.36470589
0.35686275
0.35294119
0.34509805
0.34901962
0.37647060
0.42352942
0.45490196
0.45098040
0.44705883
0.45098040
0.61568630
0.60392159
0.60784316
0.60392159
0.60784316
0.61176473
0.60784316
0.61176473
0.60784316
0.57647061
0.53333336
0.47843137
0.40392157
0.36862746
0.36470589
0.36078432
0.36470589
0.38039216
0.41176471
0.43137255
0.41176471
0.39215687
0.38823530
0.38431373
0.37254903
0.37647060
0.40784314
0.44313726
0.47058824
0.47843137
0.48235294
0.47843137
0.61176473
0.60392159
0.60784316
0.60000002
0.60784316
0.61176473
0.61176473
0.61960787
0.61568630
0.58431375
0.53725493
0.47843137
0.41176471
0.37254903
0.37254903
0.38039216
0.37254903
0.38039216
0.41960785
0.43921569
0.42352942
0.40392157
0.40000001
0.39607844
0.38039216
0.36862746
0.39607844
0.43529412
0.46274510
0.46666667
0.46666667
0.46274510
0.59215689
0.59215689
0.60000002
0.59215689
0.60000002
0.60000002
0.60000002
0.60392159
0.59607846
0.57254905
0.52941179
0.47058824
0.40784314
0.36862746
0.36862746
0.36862746
0.35686275
0.36470589
0.40000001
0.42352942
0.41568628
0.39607844
0.37647060
0.36470589
0.36470589
0.32941177
0.35294119
0.40392157
0.43137255
0.43529412
0.43137255
0.42745098
0.59607846
0.59607846
0.60000002
0.59607846
0.60000002
0.60000002
0.60000002
0.60000002
0.60000002
0.58823532
0.54117650
0.48235294
0.40392157
0.33725491
0.32941177
0.33333334
0.33333334
0.35294119
0.38823530
0.39607844
0.39215687
0.36862746
0.33725491
0.32549021
0.35294119
0.32156864
0.33333334
0.38039216
0.40392157
0.41176471
0.42352942
0.40784314
0.60784316
0.60000002
0.59607846
0.59607846
0.59607846
0.60000002
0.60000002
0.60392159
0.61176473
0.61176473
0.55686277
0.50980395
0.41568628
0.33333334
0.29411766
0.30980393
0.30196080
0.32156864
0.36862746
0.36470589
0.37647060
0.34901962
0.34901962
0.35294119
0.35686275
0.34901962
0.34117648
0.37647060
0.40784314
0.42745098
0.42745098
0.41568628
0.60000002
0.59215689
0.60000002
0.60000002
0.60000002
0.60000002
0.60000002
0.60000002
0.60392159
0.60000002
0.56078434
0.47843137
0.35686275
0.27450982
0.26666668
0.30588236
0.30980393
0.33725491
0.39215687
0.41568628
0.40000001
0.36862746
0.34901962
0.34117648
0.35686275
0.34509805
0.32941177
0.37254903
0.41960785
0.43137255
0.40392157
0.41960785
0.59215689
0.59215689
0.60000002
0.59607846
0.59607846
0.59607846
0.59607846
0.60000002
0.60000002
0.59215689
0.56862748
0.50588238
0.41568628
0.30196080
0.27843139
0.29411766
0.30196080
0.31764707
0.34117648
0.36078432
0.35294119
0.31764707
0.30980393
0.31764707
0.32156864
0.30196080
0.34509805
0.39607844
0.40000001
0.39607844
0.39607844
0.43529412
0.59215689
0.58823532
0.58823532
0.58823532
0.58823532
0.58823532
0.59215689
0.59607846
0.59607846
0.58823532
0.54117650
0.46666667
0.38823530
0.26666668
0.23529412
0.25098041
0.25882354
0.26666668
0.32156864
0.34901962
0.33725491
0.31372550
0.30588236
0.32941177
0.32549021
0.28627452
0.32549021
0.36862746
0.36862746
0.38823530
0.40392157
0.41176471
1 0 0 0 0 0 0 0 -1 0 0
0 1 0 0 0 0 0 0 -1 0 0
0 0 1 0 0 0 0 0 -1 0 0
0 0 0 1 0 0 0 0 -1 0 0
0 0 0 0 1 0 0 0 -1 0 0
0 0 0 0 0 1 0 0 -1 0 0
0 0 0 0 0 0 1 0 -1 0 0
0 0 0 0 0 0 0 1 -1 0 0
0 0 0 0 0 0 0 0 -1 1 0
