0.53725493
0.52156866
0.50588238
0.49803922
0.50196081
0.50196081
0.50588238
0.49803922
0.48627451
0.48235294
0.48235294
0.47450981
0.46666667
0.46666667
0.46274510
0.45882353
0.46274510
0.46274510
0.45490196
0.45490196
0.44705883
0.44705883
0.44705883
0.44705883
0.44313726
0.43921569
0.43529412
0.43137255
0.43529412
0.43529412
0.43529412
0.43137255
0.53725493
0.52156866
0.50588238
0.50196081
0.50196081
0.50196081
0.50196081
0.49411765
0.49019608
0.48627451
0.48627451
0.48235294
0.48235294
0.48235294
0.47843137
0.47058824
0.47450981
0.47450981
0.46666667
0.46666667
0.45882353
0.45490196
0.45490196
0.45490196
0.45098040
0.45098040
0.44705883
0.44313726
0.44705883
0.44705883
0.44313726
0.43921569
0.53725493
0.52549022
0.50588238
0.50588238
0.50980395
0.50980395
0.50196081
0.49411765
0.49411765
0.49019608
0.48627451
0.49019608
0.49411765
0.49411765
0.49019608
0.48235294
0.48235294
0.48235294
0.47450981
0.47450981
0.46666667
0.46666667
0.46666667
0.46666667
0.45882353
0.45882353
0.45490196
0.45098040
0.45490196
0.45490196
0.45098040
0.45098040
0.55686277
0.53333336
0.52156866
0.51372552
0.52941179
0.53725493
0.52156866
0.50588238
0.50196081
0.49803922
0.49803922
0.50588238
0.50980395
0.50588238
0.50196081
0.49803922
0.49019608
0.49019608
0.48235294
0.47843137
0.47843137
0.47450981
0.47058824
0.47058824
0.46666667
0.46274510
0.46274510
0.46274510
0.46666667
0.46666667
0.46274510
0.45882353
0.66666669
0.58039218
0.54117650
0.59215689
0.68627453
0.69803923
0.61568630
0.52156866
0.52156866
0.51372552
0.51372552
0.52156866
0.52941179
0.51372552
0.51372552
0.54117650
0.52549022
0.50588238
0.49411765
0.48627451
0.48627451
0.48235294
0.47843137
0.47843137
0.47450981
0.47058824
0.47058824
0.47058824
0.47843137
0.47843137
0.47058824
0.46274510
0.80392158
0.67843139
0.58431375
0.73725492
0.87058824
0.78823531
0.70980394
0.72941178
0.66666669
0.60392159
0.56470591
0.53333336
0.52549022
0.53333336
0.54117650
0.55294120
0.58823532
0.58039218
0.51372552
0.50196081
0.49803922
0.49019608
0.48627451
0.48627451
0.48235294
0.48235294
0.48235294
0.47843137
0.52156866
0.54509807
0.47843137
0.50588238
0.80392158
0.76862746
0.68235296
0.74901962
0.82352942
0.75294119
0.75294119
0.79607844
0.87058824
0.87450981
0.82745099
0.76078433
0.68235296
0.64313728
0.60392159
0.54117650
0.55294120
0.56078434
0.52549022
0.51764709
0.50980395
0.49803922
0.49411765
0.49411765
0.49019608
0.49019608
0.49019608
0.48627451
0.53333336
0.58039218
0.54509807
0.58039218
0.71372551
0.65490198
0.60000002
0.77254903
0.62745100
0.65098041
0.81568629
0.80392158
0.83921570
0.90588236
0.92941177
0.90588236
0.86274511
0.89019608
0.84313726
0.78039217
0.69411767
0.70196080
0.61960787
0.56078434
0.52549022
0.50588238
0.50196081
0.48627451
0.49411765
0.49803922
0.49411765
0.48627451
0.49803922
0.52941179
0.58823532
0.60000002
0.65490198
0.63137257
0.54509807
0.50980395
0.45490196
0.50588238
0.74901962
0.86666667
0.92156863
0.94509804
0.96078432
0.89411765
0.86666667
0.90980393
0.82745099
0.81960785
0.85098040
0.85098040
0.81960785
0.79607844
0.73725492
0.65490198
0.59607846
0.54509807
0.53725493
0.52156866
0.51764709
0.50196081
0.50588238
0.51764709
0.53333336
0.54509807
0.62352943
0.59607846
0.49019608
0.31372550
0.29019609
0.40392157
0.52549022
0.74901962
0.84705883
0.90196079
0.93725491
0.94117647
0.93725491
0.92549020
0.91764706
0.89411765
0.86274511
0.80000001
0.80000001
0.79215688
0.88235295
0.90196079
0.85882354
0.77254903
0.66666669
0.58823532
0.55686277
0.55294120
0.52156866
0.52941179
0.61960787
0.64705884
0.60392159
0.58431375
0.60784316
0.63137257
0.47450981
0.51372552
0.47843137
0.51764709
0.47843137
0.45882353
0.52156866
0.76470590
0.90588236
0.91372550
0.89019608
0.84313726
0.89411765
0.87058824
0.87843138
0.82352942
0.89019608
0.90196079
0.83921570
0.77647060
0.76470590
0.65490198
0.74901962
0.74117649
0.53333336
0.55686277
0.64313728
0.67058825
0.58431375
0.58431375
0.62745100
0.58039218
0.40000001
0.57647061
0.58431375
0.65098041
0.69019610
0.63529414
0.63529414
0.72156864
0.68235296
0.65490198
0.67450982
0.58823532
0.81568629
0.72549021
0.78039217
0.65098041
0.72156864
0.90980393
0.91764706
0.77647060
0.77254903
0.71372551
0.80784315
0.75294119
0.54509807
0.54117650
0.54509807
0.56470591
0.59215689
0.58039218
0.58431375
0.44313726
0.30980393
0.29803923
0.30196080
0.33725491
0.52549022
0.71372551
0.66274512
0.75686276
0.70588237
0.70196080
0.72156864
0.72156864
0.80000001
0.73725492
0.81960785
0.64705884
0.57254905
0.76470590
0.76078433
0.69019610
0.74117649
0.80000001
0.87058824
0.75294119
0.57647061
0.58431375
0.56078434
0.57647061
0.58823532
0.58039218
0.58431375
0.36470589
0.24313726
0.22745098
0.18039216
0.26666668
0.33333334
0.40000001
0.16862746
0.50980395
0.39607844
0.43921569
0.49411765
0.51764709
0.55686277
0.63529414
0.70196080
0.62352943
0.59607846
0.74901962
0.85882354
0.70588237
0.56078434
0.83137256
0.92156863
0.77647060
0.64313728
0.64705884
0.58431375
0.57647061
0.61960787
0.60392159
0.58039218
0.37254903
0.34117648
0.29803923
0.16862746
0.34117648
0.40392157
0.41176471
0.18039216
0.58431375
0.33333334
0.33333334
0.26274511
0.23921569
0.58039218
0.59215689
0.61176473
0.55294120
0.58823532
0.63137257
0.70196080
0.80392158
0.75686276
0.89411765
0.94901961
0.68235296
0.49803922
0.47058824
0.48235294
0.50196081
0.63529414
0.58039218
0.48627451
0.30980393
0.30196080
0.27450982
0.18039216
0.44313726
0.49019608
0.39215687
0.21176471
0.63921571
0.28235295
0.25490198
0.22745098
0.21176471
0.61568630
0.61960787
0.61960787
0.53333336
0.57254905
0.63529414
0.57647061
0.50196081
0.50980395
0.66666669
0.92941177
0.57254905
0.34509805
0.25882354
0.26666668
0.28627452
0.46666667
0.29019609
0.26274511
0.29411766
0.32156864
0.33333334
0.34901962
0.40392157
0.46274510
0.37254903
0.25882354
0.66274512
0.27058825
0.27843139
0.26666668
0.25882354
0.61176473
0.54117650
0.57254905
0.53725493
0.53333336
0.65490198
0.63137257
0.57647061
0.58039218
0.50588238
0.67843139
0.65882355
0.49019608
0.26666668
0.23921569
0.23529412
0.20392157
0.23921569
0.38431373
0.62745100
0.68235296
0.65882355
0.63529414
0.56078434
0.62745100
0.72156864
0.70980394
0.76078433
0.47450981
0.53333336
0.53725493
0.50980395
0.60784316
0.42745098
0.47058824
0.50588238
0.43137255
0.60392159
0.64313728
0.58431375
0.58823532
0.50588238
0.44313726
0.54509807
0.57647061
0.31764707
0.23529412
0.21960784
0.16078432
0.21176471
0.30196080
0.34901962
0.37647060
0.35294119
0.39607844
0.44705883
0.49019608
0.47450981
0.48627451
0.52549022
0.54117650
0.58823532
0.57254905
0.53725493
0.49411765
0.41176471
0.40784314
0.37254903
0.36078432
0.52156866
0.56470591
0.57647061
0.56470591
0.60784316
0.56078434
0.49411765
0.41960785
0.31372550
0.22745098
0.20000000
0.16862746
0.21176471
0.29411766
0.29411766
0.16078432
0.21960784
0.43529412
0.42352942
0.49803922
0.50980395
0.51764709
0.51764709
0.49803922
0.51764709
0.64705884
0.62745100
0.63921571
0.69411767
0.58039218
0.46274510
0.49019608
0.55686277
0.59607846
0.63137257
0.58039218
0.61176473
0.60000002
0.58431375
0.55294120
0.42352942
0.24313726
0.18823530
0.24705882
0.30980393
0.37647060
0.33725491
0.17647059
0.26666668
0.48235294
0.45882353
0.56078434
0.57254905
0.52941179
0.49019608
0.47058824
0.48235294
0.69803923
0.61568630
0.54901963
0.57254905
0.52549022
0.49803922
0.51764709
0.54901963
0.49803922
0.48627451
0.46666667
0.47843137
0.53725493
0.64705884
0.63921571
0.56078434
0.28235295
0.15294118
0.32549021
0.33725491
0.47058824
0.42352942
0.20392157
0.33725491
0.61176473
0.59215689
0.61568630
0.61568630
0.59607846
0.51372552
0.30980393
0.37647060
0.65098041
0.60784316
0.50980395
0.49803922
0.45490196
0.39215687
0.36078432
0.45882353
0.38823530
0.23137255
0.31764707
0.24705882
0.34509805
0.52941179
0.45098040
0.50588238
0.28627452
0.13333334
0.36078432
0.37254903
0.44313726
0.37647060
0.22745098
0.31372550
0.58823532
0.76862746
0.79607844
0.76470590
0.76862746
0.56078434
0.17647059
0.27843139
0.71372551
0.63529414
0.49803922
0.47450981
0.43137255
0.33725491
0.30588236
0.47450981
0.39607844
0.16078432
0.32156864
0.21960784
0.26274511
0.54509807
0.45098040
0.52156866
0.35294119
0.24313726
0.35294119
0.31764707
0.29411766
0.28235295
0.32156864
0.34117648
0.41176471
0.48627451
0.55294120
0.53333336
0.46274510
0.36862746
0.23529412
0.22745098
0.38431373
0.52156866
0.48235294
0.43921569
0.40784314
0.38823530
0.42352942
0.48235294
0.37254903
0.20784314
0.20000000
0.23529412
0.26274511
0.54117650
0.45098040
0.53333336
0.44705883
0.38039216
0.35686275
0.29803923
0.25882354
0.25490198
0.29803923
0.34901962
0.45490196
0.45882353
0.54509807
0.51764709
0.44313726
0.33333334
0.38823530
0.28235295
0.34901962
0.50196081
0.44705883
0.39607844
0.38823530
0.44705883
0.47450981
0.43921569
0.34901962
0.30196080
0.15686275
0.30588236
0.29019609
0.42352942
0.36862746
0.43921569
0.45882353
0.46274510
0.34509805
0.30980393
0.23921569
0.27058825
0.22745098
0.17647059
0.24313726
0.23137255
0.36470589
0.39607844
0.31764707
0.26666668
0.39215687
0.31372550
0.22745098
0.30588236
0.24705882
0.23529412
0.26274511
0.36470589
0.37647060
0.18823530
0.22745098
0.40392157
0.19607843
0.39215687
0.37254903
0.43529412
0.44313726
0.47843137
0.42745098
0.46274510
0.36078432
0.35686275
0.30980393
0.24313726
0.23529412
0.17254902
0.03921569
0.05490196
0.12156863
0.16078432
0.14117648
0.18823530
0.40000001
0.35686275
0.29019609
0.34509805
0.29019609
0.17647059
0.18039216
0.17254902
0.13333334
0.04705882
0.19215687
0.36862746
0.14117648
0.32156864
0.35294119
0.46666667
0.50980395
0.49803922
0.49803922
0.52549022
0.40784314
0.38431373
0.36078432
0.34117648
0.34901962
0.29411766
0.05490196
0.03529412
0.16078432
0.24313726
0.17254902
0.14117648
0.30980393
0.22745098
0.21176471
0.24705882
0.19607843
0.06666667
0.04705882
0.07450981
0.06666667
0.07450981
0.14901961
0.21960784
0.18039216
0.25098041
0.33333334
0.41176471
0.45882353
0.50196081
0.53333336
0.55686277
0.50588238
0.43921569
0.31764707
0.23137255
0.18823530
0.14901961
0.09019608
0.06274510
0.09803922
0.11372549
0.11764706
0.13725491
0.19215687
0.19215687
0.18823530
0.21176471
0.24705882
0.27843139
0.32156864
0.36862746
0.40784314
0.44313726
0.46666667
0.49411765
0.53333336
0.53725493
0.55294120
0.54901963
0.54509807
0.54509807
0.54901963
0.56078434
0.59607846
0.57254905
0.53333336
0.50980395
0.47843137
0.43137255
0.40784314
0.41960785
0.43921569
0.45882353
0.46666667
0.46666667
0.47843137
0.52156866
0.54509807
0.54117650
0.55686277
0.56470591
0.56078434
0.56470591
0.57254905
0.56470591
0.56470591
0.56078434
0.55686277
0.56078434
0.56470591
0.55686277
0.56078434
0.56078434
0.56862748
0.56862748
0.60784316
0.57647061
0.57254905
0.58823532
0.59215689
0.57647061
0.58039218
0.56470591
0.56862748
0.59607846
0.58039218
0.56078434
0.56470591
0.57647061
0.58039218
0.57647061
0.58823532
0.58823532
0.57647061
0.56470591
0.57647061
0.57254905
0.56078434
0.55294120
0.57254905
0.56470591
0.57647061
0.57647061
0.56862748
0.57254905
0.56862748
0.54509807
0.59215689
0.58039218
0.57647061
0.58431375
0.58823532
0.58823532
0.58039218
0.58039218
0.58823532
0.60000002
0.58823532
0.58039218
0.58431375
0.59215689
0.58431375
0.58823532
0.58823532
0.58039218
0.57647061
0.57647061
0.56862748
0.57254905
0.56470591
0.56078434
0.56078434
0.54901963
0.52941179
0.51764709
0.48627451
0.46666667
0.45882353
0.44313726
0.56078434
0.56078434
0.56078434
0.55294120
0.55686277
0.56470591
0.56078434
0.54509807
0.53725493
0.53333336
0.53333336
0.52941179
0.52941179
0.52941179
0.52549022
0.51764709
0.51372552
0.50980395
0.50196081
0.50196081
0.50196081
0.50196081
0.50196081
0.50196081
0.49803922
0.49411765
0.49019608
0.48627451
0.48627451
0.48627451
0.48627451
0.48235294
0.57647061
0.57254905
0.57254905
0.56470591
0.56078434
0.56078434
0.56078434
0.55686277
0.55294120
0.54901963
0.54509807
0.54117650
0.53725493
0.53725493
0.53333336
0.52549022
0.52549022
0.52156866
0.51372552
0.51372552
0.50980395
0.50980395
0.50980395
0.50980395
0.50588238
0.50588238
0.50196081
0.49803922
0.49411765
0.49411765
0.49019608
0.48627451
0.59215689
0.58431375
0.58431375
0.57647061
0.56470591
0.55686277
0.56078434
0.56470591
0.56470591
0.56078434
0.56078434
0.55294120
0.54117650
0.54117650
0.53725493
0.53333336
0.53333336
0.53333336
0.52549022
0.52156866
0.52156866
0.52156866
0.52156866
0.52156866
0.51372552
0.51372552
0.50980395
0.50588238
0.50196081
0.50196081
0.49803922
0.49803922
0.60784316
0.59607846
0.59215689
0.58431375
0.56862748
0.55294120
0.56862748
0.57647061
0.56862748
0.56862748
0.56862748
0.56470591
0.54901963
0.54509807
0.54117650
0.54117650
0.54509807
0.54117650
0.53333336
0.52941179
0.53333336
0.53333336
0.52941179
0.52941179
0.52549022
0.52156866
0.52156866
0.52156866
0.51764709
0.51372552
0.51372552
0.50588238
0.70588237
0.62745100
0.60000002
0.64313728
0.69411767
0.67450982
0.63529414
0.58039218
0.58039218
0.57254905
0.57254905
0.57254905
0.56470591
0.54901963
0.54901963
0.58431375
0.58039218
0.56078434
0.54509807
0.54117650
0.54509807
0.54117650
0.53725493
0.53725493
0.53333336
0.52941179
0.52941179
0.52941179
0.53333336
0.53333336
0.52156866
0.51764709
0.82745099
0.70588237
0.62352943
0.76862746
0.84705883
0.72156864
0.69803923
0.76862746
0.70196080
0.64313728
0.60000002
0.56862748
0.56862748
0.57647061
0.58431375
0.59607846
0.63921571
0.63529414
0.56470591
0.55294120
0.55686277
0.54901963
0.54509807
0.54509807
0.54117650
0.54117650
0.54117650
0.53725493
0.58039218
0.60392159
0.53725493
0.56470591
0.80784315
0.78431374
0.70980394
0.76470590
0.78039217
0.66274512
0.72156864
0.81960785
0.89411765
0.89803922
0.84705883
0.78431374
0.71372551
0.67843139
0.63921571
0.57647061
0.60392159
0.61176473
0.57254905
0.56470591
0.56470591
0.56078434
0.55686277
0.55686277
0.55294120
0.54901963
0.54901963
0.54509807
0.59215689
0.64313728
0.60784316
0.64313728
0.73725492
0.68235296
0.63137257
0.78823531
0.61176473
0.62352943
0.80784315
0.82745099
0.86666667
0.91764706
0.92941177
0.90196079
0.87058824
0.89411765
0.85098040
0.78823531
0.71764708
0.72549021
0.63921571
0.58431375
0.58039218
0.57254905
0.57254905
0.56470591
0.55294120
0.55686277
0.56470591
0.56078434
0.55294120
0.57254905
0.63529414
0.65098041
0.68627453
0.66666669
0.57647061
0.52549022
0.45882353
0.51372552
0.75686276
0.87843138
0.93725491
0.94901961
0.94901961
0.88235295
0.86274511
0.90588236
0.82745099
0.81960785
0.85882354
0.85882354
0.82352942
0.80392158
0.76078433
0.68235296
0.63529414
0.59215689
0.58039218
0.56862748
0.58039218
0.57254905
0.55686277
0.55294120
0.57254905
0.59215689
0.65882355
0.63137257
0.52156866
0.33725491
0.30196080
0.41568628
0.54117650
0.74117649
0.82745099
0.88235295
0.92549020
0.93725491
0.93333334
0.92156863
0.91372550
0.89411765
0.87450981
0.81568629
0.81176472
0.79607844
0.86274511
0.87843138
0.84705883
0.77254903
0.69411767
0.62352943
0.58823532
0.60000002
0.56470591
0.56470591
0.66274512
0.69411767
0.64313728
0.62352943
0.64705884
0.65882355
0.49411765
0.53333336
0.50196081
0.49803922
0.42745098
0.42745098
0.51372552
0.76470590
0.90980393
0.91764706
0.89019608
0.84705883
0.91372550
0.89019608
0.89019608
0.83137256
0.86666667
0.87058824
0.81568629
0.76470590
0.78039217
0.67058825
0.75686276
0.77254903
0.57254905
0.59607846
0.68627453
0.71764708
0.62745100
0.62352943
0.66666669
0.61176473
0.42745098
0.60392159
0.61176473
0.63137257
0.63529414
0.60392159
0.63137257
0.72941178
0.69411767
0.66666669
0.68627453
0.60000002
0.83529413
0.74117649
0.79607844
0.66666669
0.73725492
0.92156863
0.92549020
0.78823531
0.78431374
0.71372551
0.80392158
0.76862746
0.58431375
0.58431375
0.59215689
0.61176473
0.63529414
0.62745100
0.63137257
0.47843137
0.33725491
0.32941177
0.33333334
0.33725491
0.49803922
0.70196080
0.66274512
0.76862746
0.71764708
0.71372551
0.73725492
0.73725492
0.81960785
0.75686276
0.83529413
0.66666669
0.61960787
0.81176472
0.79215688
0.71764708
0.74509805
0.79215688
0.86666667
0.76470590
0.61176473
0.63137257
0.60784316
0.62352943
0.64705884
0.63921571
0.64313728
0.40392157
0.27058825
0.25882354
0.20784314
0.29019609
0.34901962
0.41176471
0.17647059
0.51764709
0.41960785
0.46274510
0.51764709
0.54117650
0.57254905
0.65098041
0.71764708
0.64313728
0.64705884
0.78823531
0.87058824
0.69803923
0.54901963
0.82745099
0.92549020
0.78823531
0.67843139
0.69411767
0.63137257
0.62352943
0.68235296
0.66666669
0.64313728
0.41176471
0.36862746
0.32549021
0.19607843
0.38823530
0.45098040
0.43921569
0.18823530
0.59215689
0.35686275
0.36078432
0.29411766
0.26274511
0.59215689
0.60392159
0.61960787
0.57254905
0.62352943
0.64313728
0.67450982
0.75294119
0.72156864
0.87058824
0.94901961
0.70196080
0.53333336
0.52156866
0.52941179
0.54901963
0.67843139
0.64705884
0.54509807
0.34509805
0.32156864
0.30196080
0.23529412
0.49019608
0.49803922
0.38039216
0.21176471
0.63921571
0.28235295
0.30196080
0.27058825
0.23921569
0.59607846
0.58823532
0.61568630
0.59215689
0.61960787
0.61960787
0.53333336
0.45490196
0.42352942
0.43529412
0.83529413
0.61176473
0.37254903
0.30980393
0.32549021
0.34117648
0.50588238
0.34509805
0.29411766
0.30588236
0.33333334
0.35294119
0.35294119
0.42352942
0.48627451
0.37254903
0.27843139
0.69019610
0.27450982
0.30196080
0.27843139
0.24313726
0.43921569
0.34509805
0.41568628
0.49411765
0.56470591
0.63529414
0.58823532
0.54901963
0.48235294
0.17647059
0.49019608
0.66274512
0.47450981
0.30196080
0.30196080
0.30196080
0.23529412
0.26666668
0.37254903
0.58823532
0.68627453
0.66274512
0.52156866
0.41568628
0.48627451
0.53725493
0.52156866
0.66666669
0.47450981
0.48235294
0.49411765
0.47843137
0.33333334
0.12549020
0.21176471
0.37647060
0.43921569
0.58431375
0.60000002
0.56078434
0.51372552
0.23529412
0.25490198
0.47843137
0.49411765
0.31372550
0.29803923
0.30588236
0.20000000
0.21960784
0.25098041
0.26666668
0.37254903
0.34117648
0.17647059
0.17254902
0.25098041
0.17647059
0.16470589
0.23137255
0.21960784
0.19607843
0.25098041
0.36862746
0.28627452
0.19215687
0.24313726
0.32549021
0.38039216
0.49019608
0.52549022
0.56078434
0.54509807
0.44705883
0.43137255
0.41960785
0.29411766
0.26666668
0.29019609
0.30980393
0.21960784
0.21960784
0.22745098
0.20000000
0.15294118
0.19215687
0.17647059
0.08627451
0.18823530
0.13725491
0.12156863
0.12941177
0.07450981
0.06666667
0.34117648
0.52549022
0.48627451
0.53333336
0.48627451
0.48235294
0.51372552
0.52156866
0.55686277
0.62352943
0.61568630
0.58823532
0.57254905
0.56078434
0.41960785
0.33725491
0.30588236
0.30588236
0.32156864
0.33333334
0.32941177
0.26666668
0.16470589
0.22745098
0.26274511
0.10588235
0.16078432
0.12156863
0.06666667
0.08235294
0.12156863
0.14509805
0.49803922
0.54117650
0.30196080
0.31372550
0.34901962
0.45098040
0.51764709
0.50980395
0.46666667
0.48627451
0.50588238
0.52941179
0.58431375
0.67450982
0.52156866
0.45490196
0.34509805
0.26274511
0.41960785
0.39215687
0.45490196
0.40000001
0.19607843
0.29019609
0.47058824
0.39607844
0.39215687
0.36078432
0.34509805
0.33333334
0.20784314
0.27058825
0.55686277
0.50588238
0.18039216
0.15686275
0.20000000
0.27843139
0.34509805
0.41568628
0.36078432
0.23529412
0.30196080
0.28235295
0.40000001
0.56862748
0.34117648
0.39607844
0.34901962
0.23137255
0.47058824
0.45098040
0.46274510
0.38823530
0.22352941
0.26666668
0.52549022
0.67843139
0.65490198
0.60000002
0.63529414
0.50588238
0.17254902
0.22352941
0.51764709
0.35686275
0.18823530
0.18823530
0.22352941
0.26274511
0.29019609
0.42745098
0.37254903
0.16078432
0.23921569
0.20000000
0.28235295
0.56470591
0.33725491
0.41568628
0.41176471
0.32156864
0.45098040
0.38431373
0.32941177
0.32549021
0.35294119
0.33333334
0.38823530
0.39607844
0.29411766
0.17254902
0.22352941
0.32549021
0.25098041
0.16078432
0.10196079
0.11372549
0.21176471
0.21960784
0.24705882
0.30588236
0.40000001
0.46274510
0.36470589
0.21568628
0.16862746
0.21568628
0.26666668
0.54901963
0.33725491
0.41960785
0.47450981
0.42352942
0.45882353
0.36862746
0.30588236
0.31764707
0.35686275
0.36470589
0.44705883
0.37254903
0.27058825
0.13333334
0.20392157
0.29411766
0.41568628
0.24313726
0.10980392
0.13725491
0.22745098
0.22745098
0.25882354
0.36078432
0.44313726
0.43137255
0.34901962
0.31372550
0.16078432
0.29803923
0.29019609
0.43137255
0.27843139
0.35294119
0.48235294
0.49411765
0.45490196
0.39607844
0.30588236
0.34509805
0.29411766
0.20784314
0.25098041
0.16862746
0.18039216
0.17254902
0.17254902
0.23529412
0.40392157
0.30196080
0.09411765
0.08235294
0.11764706
0.13333334
0.18039216
0.29803923
0.34901962
0.18039216
0.22745098
0.41568628
0.20000000
0.39215687
0.37647060
0.44313726
0.40392157
0.45098040
0.47450981
0.49019608
0.47058824
0.45490196
0.39215687
0.32549021
0.30588236
0.21568628
0.06274510
0.01568628
0.03921569
0.09411765
0.09803922
0.16470589
0.40392157
0.37647060
0.25882354
0.26666668
0.25098041
0.14117648
0.13725491
0.12941177
0.11372549
0.03921569
0.19215687
0.38039216
0.14509805
0.32156864
0.36078432
0.47843137
0.50980395
0.52156866
0.55294120
0.54509807
0.49803922
0.47058824
0.44313726
0.41568628
0.40392157
0.33333334
0.07450981
0.01568628
0.14509805
0.27450982
0.19215687
0.12549020
0.30588236
0.25882354
0.24705882
0.26274511
0.21176471
0.07450981
0.03529412
0.05098039
0.04705882
0.07058824
0.14901961
0.23529412
0.18823530
0.25490198
0.34117648
0.42745098
0.47843137
0.54117650
0.57647061
0.56078434
0.55294120
0.49803922
0.38039216
0.27843139
0.21960784
0.17254902
0.10588235
0.06666667
0.11764706
0.16078432
0.14901961
0.13333334
0.19215687
0.21960784
0.23529412
0.25882354
0.27450982
0.29019609
0.32156864
0.36078432
0.39215687
0.43529412
0.47058824
0.50980395
0.54117650
0.54509807
0.56078434
0.56078434
0.56470591
0.56862748
0.56470591
0.55686277
0.60000002
0.59215689
0.57254905
0.52156866
0.47450981
0.43137255
0.40784314
0.43137255
0.45490196
0.46274510
0.47450981
0.47450981
0.48235294
0.52549022
0.56078434
0.56470591
0.55686277
0.56078434
0.56078434
0.56078434
0.56078434
0.56078434
0.57254905
0.57647061
0.56862748
0.56862748
0.56862748
0.56470591
0.56470591
0.55686277
0.56470591
0.56862748
0.57647061
0.57254905
0.58431375
0.57647061
0.56078434
0.55686277
0.56862748
0.58039218
0.56862748
0.55294120
0.55686277
0.57254905
0.57254905
0.56470591
0.56470591
0.56078434
0.55686277
0.56470591
0.56862748
0.56470591
0.56862748
0.56862748
0.56862748
0.57254905
0.58431375
0.57647061
0.58039218
0.57647061
0.56470591
0.55686277
0.56078434
0.55686277
0.57254905
0.56470591
0.56862748
0.57254905
0.56862748
0.57254905
0.56862748
0.57647061
0.58039218
0.56862748
0.56862748
0.57647061
0.58039218
0.57647061
0.56862748
0.57254905
0.56862748
0.56078434
0.56470591
0.56862748
0.56470591
0.58039218
0.58823532
0.60000002
0.58431375
0.57647061
0.56470591
0.55686277
0.54117650
0.53333336
0.52549022
0.52156866
0.70588237
0.69019610
0.68235296
0.69019610
0.70196080
0.70588237
0.70588237
0.69411767
0.68235296
0.67843139
0.67843139
0.67058825
0.66274512
0.66274512
0.65882355
0.65098041
0.64705884
0.65490198
0.66274512
0.67058825
0.65490198
0.64705884
0.65098041
0.64705884
0.64313728
0.63921571
0.63529414
0.63529414
0.62745100
0.62352943
0.62352943
0.61960787
0.71764708
0.70588237
0.69803923
0.70196080
0.70588237
0.70196080
0.70196080
0.69803923
0.69411767
0.69019610
0.68627453
0.68627453
0.68235296
0.68627453
0.68235296
0.67058825
0.65490198
0.66274512
0.67058825
0.67450982
0.65882355
0.65490198
0.65490198
0.65490198
0.65098041
0.65098041
0.64705884
0.64313728
0.64313728
0.64705884
0.64313728
0.63921571
0.71764708
0.70980394
0.70980394
0.70588237
0.69803923
0.69411767
0.69411767
0.69411767
0.69411767
0.69411767
0.69019610
0.69411767
0.69803923
0.69803923
0.69411767
0.67843139
0.65882355
0.66274512
0.67058825
0.67843139
0.66274512
0.65882355
0.65882355
0.65882355
0.65490198
0.65098041
0.64705884
0.64313728
0.65490198
0.65882355
0.65490198
0.65098041
0.70980394
0.70588237
0.71372551
0.69411767
0.67843139
0.67450982
0.67843139
0.68235296
0.68627453
0.68235296
0.68235296
0.69019610
0.69411767
0.69019610
0.69019610
0.67843139
0.65882355
0.66666669
0.67450982
0.67450982
0.66666669
0.66274512
0.65882355
0.65882355
0.65490198
0.65490198
0.65490198
0.65098041
0.65490198
0.65882355
0.65490198
0.65098041
0.77254903
0.71372551
0.70196080
0.72941178
0.77647060
0.76862746
0.71372551
0.65882355
0.67058825
0.66274512
0.66274512
0.67058825
0.68627453
0.67058825
0.67058825
0.70196080
0.68627453
0.67450982
0.67450982
0.67843139
0.67058825
0.66274512
0.65882355
0.65882355
0.65490198
0.65098041
0.65490198
0.65098041
0.65490198
0.64705884
0.63921571
0.63137257
0.85882354
0.76862746
0.70588237
0.82352942
0.89803922
0.78823531
0.74509805
0.81176472
0.76078433
0.70196080
0.65882355
0.63921571
0.65490198
0.66666669
0.67058825
0.68627453
0.74117649
0.74509805
0.69411767
0.68627453
0.67450982
0.66666669
0.66274512
0.66274512
0.65882355
0.65490198
0.65490198
0.65098041
0.67450982
0.68627453
0.61960787
0.64705884
0.81960785
0.82352942
0.77254903
0.80000001
0.80784315
0.70980394
0.74901962
0.83921570
0.92941177
0.93333334
0.88235295
0.83137256
0.78039217
0.74509805
0.70588237
0.65098041
0.69803923
0.71372551
0.69411767
0.69411767
0.68235296
0.67450982
0.67058825
0.67058825
0.66666669
0.66274512
0.66274512
0.66274512
0.68235296
0.70588237
0.67058825
0.70196080
0.75686276
0.71372551
0.66666669
0.80784315
0.62745100
0.63921571
0.81960785
0.82352942
0.85490197
0.90980393
0.92549020
0.90980393
0.89411765
0.92156863
0.87450981
0.82352942
0.78039217
0.80000001
0.72549021
0.67843139
0.67843139
0.69803923
0.70196080
0.68235296
0.69019610
0.67450982
0.65882355
0.69019610
0.68627453
0.67450982
0.71372551
0.70588237
0.72941178
0.70588237
0.61568630
0.54117650
0.45882353
0.50980395
0.75686276
0.86666667
0.91372550
0.92941177
0.93333334
0.87843138
0.87058824
0.91764706
0.83529413
0.83137256
0.89411765
0.90588236
0.88627452
0.87058824
0.82745099
0.77254903
0.70980394
0.63529414
0.65490198
0.65882355
0.66274512
0.68235296
0.68627453
0.67450982
0.65882355
0.64313728
0.71764708
0.69019610
0.58039218
0.35294119
0.29803923
0.41176471
0.53725493
0.73725492
0.82352942
0.87843138
0.91764706
0.93725491
0.95294118
0.93725491
0.93333334
0.90980393
0.89019608
0.83529413
0.85098040
0.84313726
0.89803922
0.90588236
0.82352942
0.68235296
0.63137257
0.64705884
0.66666669
0.66274512
0.65490198
0.67843139
0.74509805
0.74509805
0.72549021
0.70588237
0.72549021
0.69019610
0.49411765
0.53725493
0.50196081
0.50980395
0.44705883
0.44313726
0.51764709
0.77647060
0.92941177
0.93725491
0.90980393
0.85882354
0.90588236
0.89019608
0.90980393
0.85490197
0.89019608
0.86666667
0.73333335
0.58039218
0.60784316
0.63137257
0.82352942
0.78039217
0.61568630
0.69411767
0.75686276
0.76862746
0.72156864
0.71764708
0.76078433
0.65490198
0.43921569
0.61960787
0.62745100
0.65882355
0.67450982
0.63529414
0.65098041
0.74509805
0.71764708
0.69019610
0.70980394
0.61568630
0.81568629
0.72941178
0.80000001
0.68235296
0.76470590
0.92549020
0.84705883
0.60392159
0.58039218
0.65098041
0.85098040
0.75294119
0.59607846
0.66274512
0.65490198
0.66274512
0.72549021
0.71372551
0.71764708
0.53725493
0.38039216
0.37254903
0.37647060
0.38431373
0.54509807
0.74117649
0.69411767
0.80000001
0.75294119
0.74901962
0.77254903
0.76078433
0.80392158
0.74509805
0.83921570
0.68627453
0.65490198
0.83529413
0.76078433
0.60000002
0.60392159
0.74117649
0.89411765
0.75294119
0.62745100
0.69411767
0.66274512
0.67843139
0.71764708
0.70980394
0.71372551
0.48235294
0.35294119
0.34117648
0.29019609
0.34901962
0.39215687
0.45490196
0.21960784
0.56078434
0.45490196
0.50196081
0.55686277
0.56862748
0.57254905
0.65882355
0.73725492
0.67058825
0.65882355
0.81176472
0.87843138
0.66274512
0.50588238
0.81568629
0.93333334
0.80000001
0.70980394
0.74117649
0.68235296
0.67843139
0.74117649
0.72549021
0.70588237
0.50196081
0.47843137
0.43137255
0.30588236
0.45490196
0.48627451
0.48235294
0.23921569
0.64313728
0.40000001
0.40000001
0.33333334
0.29803923
0.60392159
0.61960787
0.65490198
0.60392159
0.60784316
0.64705884
0.69803923
0.76470590
0.76078433
0.89411765
0.94509804
0.73333335
0.58039218
0.55686277
0.57647061
0.60000002
0.73725492
0.69803923
0.60392159
0.42745098
0.41568628
0.38039216
0.29803923
0.54117650
0.54509807
0.43529412
0.26274511
0.69803923
0.34901962
0.34509805
0.30980393
0.27058825
0.59607846
0.58431375
0.62745100
0.61568630
0.63137257
0.63529414
0.55686277
0.49411765
0.45490196
0.49411765
0.83921570
0.58431375
0.38039216
0.32549021
0.33333334
0.34117648
0.56862748
0.39607844
0.34509805
0.37254903
0.40392157
0.40392157
0.40000001
0.45098040
0.50980395
0.40392157
0.30196080
0.71372551
0.31764707
0.33725491
0.31764707
0.27843139
0.48235294
0.38431373
0.47450981
0.56078434
0.60392159
0.65490198
0.61176473
0.59215689
0.50588238
0.25098041
0.51764709
0.62745100
0.47843137
0.30980393
0.28627452
0.27058825
0.30588236
0.31764707
0.41960785
0.65098041
0.73333335
0.69803923
0.58039218
0.46666667
0.52156866
0.58823532
0.57647061
0.68235296
0.45490196
0.49411765
0.52549022
0.50980395
0.42745098
0.21568628
0.31764707
0.48235294
0.49019608
0.60392159
0.62352943
0.60392159
0.54901963
0.31764707
0.30980393
0.49411765
0.52549022
0.32549021
0.27450982
0.25882354
0.25882354
0.25490198
0.28627452
0.31372550
0.39215687
0.34901962
0.24313726
0.23529412
0.28627452
0.23137255
0.23137255
0.27058825
0.25490198
0.28235295
0.34901962
0.43921569
0.36470589
0.26666668
0.32549021
0.41176471
0.42745098
0.51372552
0.54509807
0.60392159
0.58431375
0.52156866
0.49803922
0.46666667
0.34901962
0.27843139
0.25490198
0.24313726
0.23529412
0.22352941
0.23529412
0.23137255
0.15686275
0.18431373
0.23921569
0.15686275
0.23137255
0.20392157
0.20000000
0.18431373
0.12549020
0.16078432
0.42352942
0.56470591
0.54509807
0.58039218
0.53725493
0.54509807
0.55686277
0.54901963
0.57647061
0.66274512
0.65098041
0.63921571
0.62352943
0.61176473
0.47450981
0.34901962
0.25490198
0.21960784
0.26666668
0.29411766
0.31372550
0.27843139
0.16470589
0.21960784
0.30588236
0.18039216
0.24705882
0.22352941
0.17254902
0.16078432
0.17254902
0.21568628
0.54901963
0.56470591
0.36862746
0.37647060
0.41176471
0.51764709
0.56862748
0.53725493
0.48235294
0.52549022
0.54509807
0.56078434
0.61568630
0.71764708
0.56470591
0.45882353
0.27450982
0.16862746
0.29019609
0.30196080
0.41176471
0.39607844
0.20000000
0.29019609
0.49411765
0.43921569
0.45098040
0.42745098
0.41176471
0.37647060
0.22745098
0.29803923
0.59215689
0.53725493
0.25490198
0.22352941
0.26666668
0.34901962
0.39607844
0.44313726
0.37647060
0.27058825
0.35294119
0.30980393
0.42352942
0.60000002
0.37254903
0.38823530
0.27058825
0.12941177
0.29411766
0.33333334
0.40000001
0.38039216
0.23137255
0.27450982
0.52941179
0.70196080
0.70588237
0.65490198
0.68235296
0.54117650
0.20392157
0.26274511
0.59607846
0.44313726
0.23529412
0.21568628
0.25882354
0.30196080
0.33333334
0.45882353
0.38823530
0.19607843
0.30588236
0.23921569
0.30980393
0.59215689
0.36862746
0.40000001
0.32941177
0.21568628
0.30588236
0.30196080
0.29803923
0.30588236
0.33333334
0.31372550
0.36470589
0.40392157
0.34509805
0.21568628
0.25490198
0.35294119
0.29019609
0.19215687
0.16862746
0.19607843
0.23137255
0.23137255
0.27450982
0.34509805
0.43137255
0.48627451
0.38431373
0.23529412
0.20784314
0.24705882
0.28235295
0.56078434
0.37647060
0.43529412
0.40000001
0.30196080
0.31764707
0.28627452
0.27058825
0.27450982
0.30980393
0.33333334
0.42352942
0.38431373
0.30980393
0.15686275
0.21568628
0.31764707
0.44313726
0.25490198
0.14509805
0.18431373
0.23137255
0.24313726
0.29411766
0.40392157
0.47058824
0.45490196
0.36470589
0.32941177
0.18039216
0.32156864
0.29019609
0.41176471
0.27843139
0.32941177
0.37647060
0.34117648
0.28235295
0.27843139
0.22745098
0.27058825
0.22745098
0.17254902
0.23921569
0.19215687
0.21176471
0.17254902
0.17647059
0.26274511
0.43137255
0.30588236
0.09411765
0.09411765
0.11764706
0.14901961
0.21176471
0.34509805
0.37254903
0.19607843
0.23921569
0.42352942
0.21568628
0.40000001
0.34901962
0.38823530
0.33333334
0.34901962
0.32549021
0.32941177
0.28235295
0.30196080
0.27843139
0.21960784
0.22352941
0.18039216
0.06666667
0.04705882
0.05490196
0.07450981
0.09019608
0.19215687
0.42745098
0.36470589
0.22745098
0.24313726
0.24313726
0.15294118
0.16862746
0.17254902
0.12941177
0.04313726
0.19607843
0.38039216
0.15294118
0.31372550
0.30588236
0.39215687
0.40392157
0.40000001
0.41960785
0.42745098
0.32156864
0.32156864
0.31764707
0.30588236
0.32156864
0.29803923
0.08235294
0.04705882
0.14901961
0.24313726
0.17647059
0.14509805
0.32156864
0.23921569
0.20392157
0.21960784
0.20000000
0.07843138
0.05490196
0.07843138
0.05882353
0.07058824
0.14901961
0.23137255
0.18039216
0.22745098
0.28235295
0.32941177
0.38823530
0.46274510
0.50980395
0.52156866
0.42352942
0.38431373
0.27843139
0.19215687
0.15686275
0.14117648
0.10196079
0.07058824
0.10588235
0.13333334
0.12941177
0.13725491
0.19607843
0.20000000
0.19215687
0.21568628
0.25490198
0.28235295
0.32549021
0.36862746
0.39215687
0.43137255
0.46274510
0.49411765
0.51764709
0.50588238
0.50588238
0.49019608
0.51372552
0.54117650
0.55294120
0.56078434
0.53333336
0.52941179
0.50980395
0.47450981
0.43921569
0.40784314
0.38823530
0.40784314
0.43137255
0.44705883
0.45490196
0.45490196
0.47843137
0.51372552
0.53333336
0.53333336
0.54117650
0.54509807
0.54117650
0.54117650
0.54901963
0.54901963
0.55294120
0.55686277
0.52549022
0.52156866
0.52941179
0.53333336
0.54117650
0.54117650
0.54509807
0.54901963
0.55686277
0.54901963
0.56078434
0.56078434
0.54901963
0.53725493
0.53725493
0.53725493
0.54117650
0.54509807
0.53725493
0.54117650
0.56078434
0.55294120
0.54901963
0.54509807
0.54509807
0.54117650
0.53333336
0.52941179
0.54901963
0.55294120
0.54509807
0.54117650
0.52941179
0.52156866
0.55294120
0.57647061
0.54509807
0.50588238
0.49803922
0.47843137
0.55686277
0.54901963
0.55294120
0.55686277
0.55294120
0.55294120
0.54509807
0.54509807
0.55686277
0.55686277
0.54901963
0.55294120
0.56078434
0.56078434
0.55294120
0.55294120
0.55294120
0.54117650
0.53725493
0.54117650
0.54901963
0.54901963
0.52156866
0.50588238
0.49019608
0.48627451
0.47843137
0.48627451
0.42745098
0.38039216
0.36862746
0.35294119
1 0 0 0 0 0 0 0 0 -1 0
0 1 0 0 0 0 0 0 0 -1 0
0 0 1 0 0 0 0 0 0 -1 0
0 0 0 1 0 0 0 0 0 -1 0
0 0 0 0 1 0 0 0 0 -1 0
0 0 0 0 0 1 0 0 0 -1 0
0 0 0 0 0 0 1 0 0 -1 0
0 0 0 0 0 0 0 1 0 -1 0
0 0 0 0 0 0 0 0 1 -1 0
