0.23921569
0.21568628
0.22745098
0.31372550
0.36078432
0.39215687
0.42745098
0.52941179
0.57647061
0.51764709
0.54117650
0.68235296
0.58039218
0.62745100
0.65098041
0.64313728
0.79607844
0.71372551
0.60000002
0.49803922
0.50196081
0.86666667
0.80000001
0.69411767
0.73333335
0.60000002
0.54117650
0.27450982
0.29803923
0.36862746
0.44313726
0.38431373
0.22745098
0.23137255
0.24313726
0.33333334
0.37647060
0.35294119
0.38039216
0.45882353
0.43921569
0.45490196
0.44705883
0.58823532
0.69019610
0.67843139
0.62352943
0.48627451
0.55686277
0.50980395
0.55686277
0.50980395
0.61568630
0.95686275
0.92941177
0.75294119
0.68627453
0.63137257
0.53333336
0.48235294
0.45098040
0.33333334
0.49411765
0.49019608
0.23529412
0.25098041
0.24705882
0.26274511
0.32549021
0.30196080
0.33333334
0.29411766
0.35686275
0.54901963
0.46274510
0.56470591
0.60392159
0.53333336
0.50980395
0.48627451
0.54117650
0.41176471
0.47450981
0.35686275
0.45098040
0.87843138
0.78039217
0.68235296
0.49411765
0.54509807
0.41960785
0.47843137
0.52549022
0.40784314
0.41960785
0.44313726
0.24705882
0.23137255
0.21176471
0.22352941
0.23529412
0.27058825
0.27058825
0.25098041
0.38823530
0.49803922
0.40000001
0.46274510
0.39215687
0.36470589
0.39607844
0.46274510
0.55294120
0.63137257
0.51372552
0.27843139
0.30980393
0.53725493
0.74117649
0.46666667
0.43921569
0.56078434
0.50196081
0.56470591
0.74901962
0.68235296
0.51764709
0.30980393
0.21960784
0.18823530
0.19607843
0.20784314
0.20392157
0.24705882
0.29019609
0.31372550
0.46274510
0.63529414
0.45882353
0.48235294
0.32549021
0.29803923
0.40784314
0.68235296
0.79215688
0.89019608
0.76470590
0.36078432
0.23921569
0.34509805
0.56078434
0.29411766
0.43137255
0.72549021
0.72549021
0.77254903
0.94901961
0.95294118
0.65490198
0.36470589
0.18039216
0.18039216
0.18823530
0.17647059
0.20392157
0.24313726
0.30196080
0.38823530
0.55294120
0.65098041
0.50588238
0.58039218
0.41568628
0.39215687
0.38823530
0.68235296
0.83921570
0.87058824
0.80784315
0.41960785
0.26274511
0.33725491
0.59607846
0.35686275
0.33333334
0.70980394
0.69019610
0.72941178
0.96078432
1.00000000
0.68235296
0.54117650
0.19215687
0.20000000
0.21960784
0.20784314
0.22352941
0.23529412
0.27058825
0.34901962
0.44705883
0.48235294
0.50588238
0.74509805
0.50196081
0.52156866
0.48235294
0.53725493
0.89803922
0.96078432
0.74117649
0.37647060
0.22745098
0.23529412
0.58431375
0.41176471
0.28627452
0.41568628
0.38431373
0.54117650
0.88627452
1.00000000
0.80392158
0.49803922
0.18431373
0.18823530
0.20784314
0.21960784
0.23921569
0.26274511
0.31372550
0.42352942
0.54509807
0.55294120
0.49019608
0.74117649
0.50196081
0.33725491
0.49019608
0.60000002
0.82745099
0.85882354
0.62745100
0.46274510
0.52156866
0.51764709
0.54901963
0.38431373
0.21568628
0.21176471
0.16078432
0.26274511
0.66666669
1.00000000
0.81568629
0.64313728
0.17647059
0.18823530
0.17254902
0.19607843
0.19607843
0.25490198
0.26274511
0.34117648
0.52549022
0.50588238
0.43529412
0.70588237
0.65098041
0.29803923
0.40392157
0.46666667
0.49019608
0.54901963
0.52156866
0.50588238
0.73333335
0.75294119
0.70980394
0.42352942
0.20784314
0.18431373
0.15686275
0.22352941
0.54509807
0.96862745
0.74901962
0.83921570
0.15294118
0.14901961
0.12549020
0.14509805
0.12941177
0.15686275
0.20000000
0.34117648
0.56078434
0.57254905
0.53725493
0.69019610
0.71372551
0.55686277
0.50588238
0.44313726
0.43921569
0.40392157
0.41960785
0.52549022
0.79215688
0.79215688
0.78431374
0.45882353
0.19215687
0.14509805
0.13725491
0.18431373
0.43529412
0.85098040
0.69411767
0.67450982
0.13725491
0.11764706
0.11372549
0.14509805
0.12156863
0.13333334
0.21176471
0.35686275
0.42352942
0.54509807
0.57254905
0.69019610
0.69803923
0.69411767
0.65098041
0.54117650
0.45098040
0.36862746
0.27450982
0.47450981
0.76862746
0.68235296
0.61176473
0.40000001
0.16470589
0.09803922
0.12156863
0.17254902
0.31372550
0.57647061
0.45098040
0.41568628
0.17254902
0.10588235
0.10196079
0.12156863
0.12549020
0.14901961
0.21176471
0.26666668
0.32549021
0.56862748
0.54901963
0.71372551
0.78823531
0.76470590
0.63529414
0.49803922
0.42745098
0.26274511
0.19215687
0.36470589
0.56470591
0.36862746
0.29019609
0.27450982
0.15686275
0.10980392
0.18039216
0.23137255
0.23921569
0.37647060
0.29019609
0.37254903
0.16862746
0.12941177
0.10588235
0.13333334
0.14509805
0.18431373
0.21960784
0.22745098
0.32941177
0.47058824
0.45490196
0.69411767
0.83529413
0.88627452
0.57254905
0.32941177
0.34901962
0.22745098
0.15686275
0.33725491
0.48235294
0.23137255
0.14509805
0.18431373
0.20392157
0.14901961
0.18823530
0.26666668
0.19607843
0.38039216
0.45882353
0.64313728
0.14509805
0.13725491
0.12549020
0.16470589
0.15294118
0.18431373
0.20784314
0.22745098
0.31372550
0.33333334
0.26666668
0.60000002
0.86666667
0.90980393
0.58039218
0.24705882
0.36078432
0.24705882
0.13725491
0.20784314
0.22352941
0.14117648
0.12156863
0.16078432
0.16470589
0.08235294
0.10588235
0.14901961
0.17254902
0.23529412
0.32941177
0.55686277
0.12941177
0.14117648
0.14117648
0.16470589
0.20784314
0.20784314
0.21960784
0.25882354
0.27450982
0.25098041
0.21960784
0.58823532
0.92941177
0.85882354
0.45098040
0.24705882
0.30980393
0.22352941
0.16470589
0.12549020
0.07450981
0.05882353
0.07058824
0.11372549
0.12941177
0.09411765
0.08627451
0.13333334
0.16078432
0.10196079
0.22352941
0.49411765
0.12549020
0.14117648
0.17647059
0.23137255
0.32549021
0.28235295
0.22352941
0.26274511
0.20784314
0.14509805
0.22352941
0.67843139
0.97254902
0.76078433
0.29803923
0.23921569
0.28627452
0.22745098
0.17254902
0.12549020
0.05490196
0.04705882
0.04705882
0.04313726
0.09803922
0.11372549
0.09411765
0.18039216
0.18823530
0.14117648
0.20392157
0.41568628
0.11372549
0.13333334
0.15294118
0.23921569
0.34117648
0.27058825
0.22745098
0.23137255
0.14509805
0.08235294
0.30196080
0.76470590
0.95686275
0.79607844
0.40392157
0.31764707
0.37647060
0.26274511
0.19607843
0.13333334
0.05098039
0.04313726
0.04705882
0.03921569
0.05490196
0.09803922
0.09019608
0.13725491
0.16862746
0.13725491
0.16078432
0.32156864
0.12941177
0.12941177
0.14117648
0.18039216
0.19607843
0.19607843
0.22745098
0.19607843
0.12156863
0.06666667
0.36078432
0.79215688
0.85882354
0.88627452
0.63529414
0.46274510
0.37254903
0.25490198
0.18431373
0.14901961
0.08627451
0.04313726
0.04313726
0.03921569
0.04313726
0.07058824
0.11372549
0.14509805
0.13725491
0.09803922
0.11372549
0.17647059
0.12549020
0.10588235
0.12549020
0.14117648
0.14509805
0.17254902
0.17647059
0.15294118
0.12941177
0.07450981
0.41176471
0.78823531
0.73333335
0.74901962
0.78431374
0.66274512
0.49019608
0.25882354
0.12941177
0.19607843
0.12156863
0.04313726
0.04705882
0.04313726
0.04313726
0.04705882
0.09803922
0.14117648
0.13725491
0.08627451
0.07843138
0.09803922
0.08627451
0.09411765
0.12549020
0.10980392
0.14117648
0.18431373
0.14901961
0.12941177
0.14509805
0.14901961
0.57647061
0.82352942
0.69803923
0.56078434
0.71764708
0.82352942
0.67058825
0.30588236
0.19215687
0.21568628
0.12549020
0.05098039
0.05098039
0.05490196
0.05490196
0.05490196
0.08235294
0.10980392
0.13725491
0.09019608
0.08235294
0.08235294
0.10196079
0.09411765
0.11372549
0.11764706
0.11372549
0.17254902
0.15294118
0.10196079
0.12156863
0.22352941
0.73725492
0.90196079
0.70196080
0.52941179
0.55686277
0.79607844
0.75686276
0.51764709
0.31764707
0.19607843
0.13333334
0.06274510
0.05490196
0.05098039
0.05098039
0.06274510
0.07843138
0.09019608
0.10196079
0.08627451
0.15686275
0.14901961
0.10196079
0.08627451
0.09411765
0.11764706
0.12549020
0.16078432
0.14901961
0.10980392
0.15294118
0.26666668
0.66274512
0.82745099
0.76078433
0.54117650
0.45490196
0.69019610
0.71764708
0.49803922
0.32549021
0.22352941
0.15294118
0.06666667
0.06274510
0.05098039
0.05490196
0.05882353
0.06274510
0.08235294
0.06274510
0.07058824
0.20000000
0.20000000
0.06666667
0.07450981
0.08235294
0.08627451
0.11764706
0.14509805
0.15294118
0.13725491
0.14509805
0.27058825
0.51764709
0.72549021
0.80784315
0.65882355
0.49803922
0.64313728
0.64705884
0.49803922
0.32941177
0.20392157
0.14117648
0.07843138
0.06666667
0.05098039
0.05490196
0.08627451
0.09803922
0.10980392
0.17254902
0.07843138
0.14901961
0.21960784
0.07450981
0.07450981
0.09803922
0.14509805
0.17254902
0.18431373
0.18431373
0.18823530
0.16862746
0.26666668
0.58039218
0.76470590
0.90196079
0.83529413
0.67450982
0.74117649
0.70980394
0.50980395
0.32549021
0.21568628
0.16078432
0.10588235
0.05490196
0.04313726
0.04313726
0.09411765
0.13333334
0.10196079
0.22745098
0.20000000
0.11764706
0.24705882
0.12549020
0.14509805
0.19215687
0.19607843
0.16470589
0.17647059
0.24705882
0.25882354
0.18431373
0.16470589
0.40392157
0.66274512
0.88627452
0.91764706
0.71372551
0.47058824
0.40000001
0.60392159
0.50588238
0.25098041
0.16470589
0.10196079
0.04313726
0.03921569
0.03921569
0.07058824
0.11764706
0.10980392
0.13725491
0.27058825
0.16862746
0.21568628
0.23921569
0.25882354
0.21960784
0.16470589
0.18823530
0.24705882
0.32156864
0.23137255
0.12156863
0.14117648
0.20392157
0.42352942
0.78039217
0.96078432
0.80784315
0.40784314
0.21960784
0.76470590
0.66666669
0.27450982
0.10980392
0.05490196
0.03921569
0.05490196
0.08627451
0.13333334
0.16078432
0.14117648
0.18039216
0.30980393
0.20784314
0.20392157
0.31764707
0.29803923
0.30980393
0.35686275
0.33333334
0.30588236
0.27450982
0.22745098
0.18431373
0.19607843
0.19607843
0.22352941
0.46666667
0.87450981
0.86666667
0.45882353
0.34509805
0.83921570
0.68627453
0.29803923
0.10980392
0.07450981
0.08235294
0.11764706
0.26274511
0.40000001
0.39215687
0.45098040
0.58431375
0.31372550
0.15294118
0.21960784
0.34901962
0.39215687
0.41960785
0.42745098
0.27450982
0.21960784
0.23529412
0.26666668
0.26666668
0.27450982
0.26666668
0.29019609
0.37647060
0.64313728
0.80000001
0.42352942
0.27450982
0.69803923
0.50196081
0.20000000
0.16078432
0.17254902
0.16862746
0.22352941
0.56078434
0.75294119
0.70196080
0.76078433
0.63137257
0.18431373
0.17254902
0.22745098
0.41568628
0.32549021
0.31372550
0.35686275
0.27450982
0.23921569
0.24705882
0.23921569
0.26274511
0.29411766
0.33333334
0.38039216
0.48235294
0.57254905
0.64705884
0.48627451
0.38431373
0.61568630
0.52549022
0.38823530
0.40784314
0.41568628
0.39607844
0.51764709
0.74509805
0.81176472
0.74509805
0.60000002
0.28235295
0.11372549
0.19607843
0.25098041
0.27843139
0.09411765
0.11372549
0.23921569
0.27843139
0.25098041
0.21960784
0.17254902
0.14901961
0.22745098
0.26274511
0.31764707
0.31372550
0.45490196
0.64705884
0.56862748
0.54117650
0.70196080
0.74509805
0.70196080
0.69803923
0.63921571
0.58823532
0.58823532
0.60784316
0.64705884
0.50980395
0.25490198
0.13725491
0.12156863
0.18431373
0.21176471
0.21568628
0.09411765
0.12549020
0.18823530
0.16470589
0.16862746
0.15686275
0.09411765
0.09019608
0.18823530
0.20000000
0.24313726
0.16470589
0.27843139
0.41568628
0.43921569
0.36862746
0.38431373
0.48235294
0.36078432
0.35686275
0.28627452
0.35294119
0.31372550
0.36078432
0.39215687
0.27058825
0.17254902
0.15294118
0.11372549
0.14901961
0.18039216
0.27450982
0.18823530
0.22745098
0.19215687
0.19215687
0.25882354
0.24705882
0.16470589
0.14901961
0.21960784
0.16470589
0.18039216
0.16862746
0.22352941
0.28627452
0.39607844
0.29803923
0.29411766
0.40000001
0.23529412
0.18039216
0.26274511
0.49803922
0.32549021
0.28235295
0.21960784
0.16470589
0.18039216
0.14509805
0.10980392
0.16078432
0.19215687
0.17254902
0.16078432
0.18823530
0.28627452
0.34117648
0.38431373
0.42745098
0.53725493
0.58431375
0.48235294
0.49803922
0.65098041
0.50588238
0.53725493
0.57254905
0.57647061
0.68627453
0.59215689
0.52549022
0.47450981
0.50980395
0.86666667
0.75294119
0.64313728
0.69411767
0.54509807
0.49411765
0.25098041
0.27058825
0.33333334
0.41176471
0.38039216
0.16470589
0.18823530
0.21176471
0.30588236
0.35294119
0.34509805
0.38039216
0.47058824
0.44705883
0.41176471
0.38431373
0.52549022
0.56862748
0.54509807
0.50980395
0.38431373
0.40392157
0.34117648
0.45882353
0.47450981
0.61568630
0.95686275
0.90196079
0.71372551
0.63921571
0.54509807
0.51764709
0.50588238
0.39215687
0.27450982
0.47843137
0.49803922
0.18039216
0.21176471
0.22352941
0.23921569
0.29803923
0.28627452
0.32941177
0.30588236
0.35686275
0.50196081
0.39607844
0.51372552
0.57647061
0.51764709
0.50588238
0.49411765
0.52156866
0.37254903
0.42352942
0.30196080
0.41176471
0.87450981
0.77254903
0.66666669
0.44313726
0.43529412
0.40784314
0.51372552
0.44705883
0.32941177
0.40392157
0.45098040
0.20392157
0.20392157
0.19215687
0.20000000
0.20392157
0.25098041
0.26666668
0.25490198
0.37254903
0.45098040
0.35686275
0.46274510
0.48235294
0.47058824
0.49019608
0.54901963
0.62745100
0.68235296
0.51372552
0.23137255
0.26274511
0.54117650
0.75294119
0.46666667
0.40392157
0.47450981
0.45882353
0.54901963
0.68235296
0.60784316
0.47450981
0.29411766
0.18039216
0.16862746
0.18431373
0.18823530
0.17254902
0.22352941
0.29019609
0.31372550
0.42745098
0.59215689
0.44313726
0.52156866
0.42352942
0.39607844
0.47843137
0.72549021
0.80000001
0.87450981
0.75686276
0.36078432
0.23529412
0.34901962
0.58431375
0.30588236
0.40392157
0.66666669
0.64705884
0.70196080
0.90196079
0.90588236
0.59215689
0.32549021
0.14901961
0.15294118
0.16470589
0.15294118
0.18431373
0.22745098
0.29803923
0.36470589
0.47843137
0.59607846
0.47450981
0.55686277
0.39215687
0.37647060
0.35294119
0.60392159
0.75686276
0.81568629
0.77647060
0.41960785
0.27450982
0.34901962
0.61176473
0.35686275
0.31372550
0.68235296
0.64705884
0.69411767
0.95294118
0.99607843
0.65098041
0.52156866
0.16078432
0.16470589
0.18431373
0.18431373
0.21176471
0.22352941
0.26274511
0.31372550
0.36078432
0.43137255
0.45490196
0.66666669
0.40784314
0.44313726
0.40000001
0.41176471
0.81176472
0.90980393
0.69019610
0.34117648
0.21568628
0.25098041
0.60392159
0.43529412
0.30588236
0.40784314
0.37647060
0.54901963
0.90196079
1.00000000
0.79215688
0.49411765
0.14509805
0.14509805
0.16078432
0.18823530
0.21568628
0.23921569
0.29803923
0.38823530
0.47450981
0.50980395
0.43921569
0.65882355
0.41568628
0.25882354
0.41176471
0.49411765
0.73333335
0.78039217
0.54509807
0.39607844
0.47843137
0.49803922
0.55294120
0.41176471
0.25098041
0.20392157
0.14901961
0.26274511
0.67058825
0.99607843
0.80000001
0.63137257
0.12941177
0.13725491
0.12156863
0.14901961
0.16470589
0.22352941
0.23529412
0.30196080
0.47450981
0.47058824
0.38431373
0.61568630
0.55686277
0.20000000
0.30588236
0.36862746
0.38039216
0.43921569
0.43137255
0.41960785
0.63529414
0.64705884
0.63137257
0.38823530
0.20000000
0.16470589
0.13725491
0.21176471
0.54117650
0.96078432
0.72941178
0.82352942
0.09803922
0.09411765
0.07058824
0.09411765
0.08235294
0.11764706
0.16078432
0.29803923
0.51764709
0.54117650
0.47843137
0.58823532
0.58823532
0.41960785
0.37254903
0.33333334
0.32941177
0.30196080
0.34117648
0.43137255
0.65098041
0.62352943
0.64705884
0.36470589
0.12941177
0.10588235
0.10980392
0.16470589
0.42745098
0.83921570
0.67843139
0.65490198
0.07450981
0.05490196
0.04313726
0.08627451
0.07058824
0.08627451
0.16470589
0.31372550
0.38431373
0.51764709
0.50980395
0.57647061
0.54117650
0.50980395
0.47058824
0.40392157
0.32941177
0.27843139
0.21960784
0.37254903
0.61960787
0.54901963
0.50196081
0.32156864
0.10980392
0.05098039
0.08627451
0.15294118
0.30196080
0.56862748
0.43529412
0.40000001
0.11764706
0.05098039
0.04313726
0.06666667
0.07450981
0.10980392
0.17647059
0.23529412
0.29411766
0.53725493
0.48235294
0.59607846
0.60784316
0.56470591
0.45882353
0.36078432
0.30980393
0.18431373
0.15686275
0.29411766
0.46666667
0.30588236
0.23529412
0.23137255
0.12549020
0.08235294
0.16078432
0.21960784
0.23529412
0.36078432
0.26666668
0.34901962
0.12156863
0.07843138
0.05490196
0.08235294
0.10196079
0.15686275
0.20000000
0.21176471
0.30196080
0.43529412
0.38823530
0.57647061
0.64705884
0.70196080
0.42352942
0.20784314
0.24313726
0.15686275
0.12941177
0.29803923
0.43137255
0.20000000
0.11372549
0.15294118
0.17647059
0.14117648
0.18431373
0.26666668
0.19607843
0.35294119
0.41960785
0.60784316
0.10196079
0.09019608
0.07450981
0.11372549
0.10980392
0.15294118
0.18823530
0.20784314
0.28627452
0.30980393
0.19607843
0.45882353
0.68235296
0.74901962
0.44313726
0.13333334
0.27058825
0.18431373
0.09803922
0.16470589
0.17647059
0.10980392
0.09019608
0.12941177
0.13725491
0.06666667
0.09411765
0.14117648
0.16862746
0.21568628
0.29803923
0.50980395
0.08235294
0.09019608
0.09019608
0.10980392
0.15686275
0.16862746
0.19607843
0.23529412
0.25098041
0.23921569
0.14509805
0.42352942
0.74901962
0.70196080
0.32941177
0.15294118
0.23529412
0.16078432
0.10980392
0.07843138
0.03137255
0.02745098
0.03921569
0.08235294
0.09803922
0.07058824
0.06666667
0.11372549
0.14117648
0.07843138
0.19215687
0.44705883
0.07843138
0.09411765
0.12941177
0.17254902
0.26666668
0.23137255
0.19215687
0.23529412
0.18823530
0.14509805
0.14509805
0.49411765
0.80784315
0.62745100
0.18823530
0.16078432
0.22352941
0.16470589
0.10196079
0.07450981
0.02352941
0.01568628
0.01568628
0.01176471
0.06666667
0.08235294
0.06274510
0.14901961
0.15686275
0.10588235
0.16862746
0.38039216
0.07058824
0.08627451
0.10588235
0.17647059
0.27058825
0.21176471
0.18039216
0.18823530
0.12549020
0.09803922
0.23137255
0.57254905
0.80392158
0.69411767
0.30588236
0.25098041
0.32941177
0.19607843
0.11764706
0.08627451
0.02745098
0.01568628
0.01568628
0.00784314
0.02352941
0.05490196
0.04705882
0.09803922
0.13333334
0.09019608
0.12156863
0.30980393
0.08235294
0.07843138
0.09019608
0.11764706
0.12156863
0.13725491
0.18039216
0.15686275
0.10980392
0.08235294
0.28235295
0.58431375
0.66666669
0.75294119
0.51372552
0.34117648
0.27843139
0.18039216
0.11372549
0.09803922
0.05490196
0.00784314
0.01176471
0.00784314
0.00784314
0.03529412
0.07450981
0.10196079
0.09019608
0.04705882
0.07450981
0.16470589
0.07843138
0.05490196
0.07450981
0.07450981
0.07450981
0.12156863
0.14117648
0.12549020
0.12941177
0.07058824
0.30588236
0.55686277
0.49019608
0.55686277
0.60784316
0.44313726
0.31372550
0.16078432
0.07450981
0.14509805
0.07058824
0.00784314
0.01176471
0.00784314
0.01176471
0.01960784
0.06274510
0.09019608
0.07058824
0.03921569
0.03921569
0.06274510
0.03529412
0.04313726
0.07450981
0.04313726
0.08235294
0.14509805
0.12156863
0.10196079
0.13333334
0.11372549
0.44313726
0.57647061
0.44313726
0.36470589
0.53333336
0.59215689
0.43921569
0.15686275
0.11372549
0.16862746
0.08235294
0.01568628
0.01568628
0.01960784
0.01960784
0.01960784
0.03921569
0.05490196
0.07450981
0.05098039
0.04313726
0.04705882
0.05098039
0.04313726
0.05882353
0.05882353
0.06274510
0.14117648
0.13333334
0.08627451
0.09803922
0.15686275
0.58039218
0.65490198
0.44705883
0.32941177
0.37647060
0.56470591
0.49411765
0.31372550
0.21176471
0.14509805
0.09803922
0.02745098
0.01960784
0.01568628
0.01568628
0.02745098
0.03529412
0.04705882
0.05490196
0.06274510
0.12549020
0.11372549
0.04705882
0.03137255
0.03921569
0.06274510
0.08235294
0.13725491
0.13333334
0.09803922
0.13333334
0.19607843
0.49803922
0.58823532
0.50980395
0.34117648
0.27450982
0.46274510
0.44705883
0.28627452
0.21176471
0.17254902
0.11764706
0.03137255
0.02745098
0.01568628
0.02352941
0.03529412
0.04313726
0.06666667
0.05098039
0.06666667
0.17647059
0.16470589
0.01568628
0.02352941
0.02745098
0.03529412
0.07843138
0.12156863
0.13725491
0.13333334
0.14901961
0.20784314
0.36078432
0.50588238
0.56470591
0.45882353
0.31372550
0.41176471
0.38823530
0.30588236
0.23137255
0.14509805
0.09803922
0.04705882
0.03137255
0.01176471
0.02352941
0.08235294
0.10980392
0.13333334
0.21176471
0.09803922
0.13725491
0.18431373
0.01568628
0.01960784
0.03921569
0.09803922
0.14117648
0.16078432
0.16078432
0.18039216
0.17254902
0.20392157
0.44313726
0.57647061
0.67843139
0.63137257
0.48627451
0.52549022
0.49803922
0.34901962
0.23137255
0.16078432
0.10980392
0.05882353
0.02352941
0.01960784
0.02745098
0.11372549
0.17647059
0.15294118
0.29411766
0.23921569
0.10980392
0.21568628
0.07058824
0.10196079
0.15686275
0.17254902
0.14117648
0.14117648
0.20000000
0.21568628
0.15686275
0.09803922
0.28627452
0.50980395
0.70588237
0.70588237
0.50588238
0.30980393
0.26666668
0.43921569
0.39215687
0.21568628
0.10980392
0.03529412
0.02352941
0.04705882
0.04705882
0.10588235
0.17254902
0.16078432
0.19215687
0.30980393
0.16862746
0.20392157
0.23921569
0.25490198
0.21176471
0.14509805
0.15294118
0.20000000
0.25882354
0.17647059
0.08627451
0.07843138
0.10196079
0.29019609
0.63137257
0.76862746
0.60392159
0.26666668
0.10196079
0.58431375
0.54117650
0.25098041
0.08627451
0.03137255
0.05490196
0.07843138
0.09019608
0.13725491
0.17647059
0.16078432
0.20784314
0.33333334
0.20784314
0.19215687
0.30980393
0.27450982
0.26666668
0.30980393
0.28235295
0.24705882
0.21176471
0.17647059
0.15294118
0.14117648
0.10980392
0.11764706
0.34509805
0.70588237
0.68235296
0.32941177
0.21568628
0.64705884
0.55686277
0.28235295
0.11372549
0.10196079
0.12941177
0.14117648
0.23921569
0.34509805
0.34509805
0.42352942
0.57647061
0.32156864
0.14901961
0.20000000
0.26666668
0.29019609
0.30588236
0.34509805
0.21960784
0.16862746
0.19215687
0.23137255
0.23529412
0.22745098
0.20392157
0.21176471
0.28627452
0.50196081
0.63921571
0.30980393
0.15686275
0.51372552
0.37647060
0.17254902
0.15294118
0.19215687
0.20000000
0.21960784
0.50588238
0.65490198
0.61176473
0.70196080
0.60000002
0.18039216
0.16078432
0.20000000
0.30196080
0.21568628
0.20784314
0.28627452
0.23529412
0.21568628
0.23529412
0.22745098
0.23921569
0.25882354
0.28235295
0.32549021
0.42352942
0.45882353
0.50196081
0.38039216
0.29411766
0.45490196
0.40000001
0.33333334
0.35294119
0.37254903
0.37254903
0.47450981
0.65490198
0.68235296
0.63529414
0.53725493
0.25490198
0.10980392
0.18039216
0.21960784
0.20000000
0.03529412
0.07058824
0.20784314
0.25098041
0.23921569
0.22745098
0.18039216
0.12941177
0.19607843
0.22352941
0.27843139
0.27450982
0.36078432
0.51372552
0.46274510
0.47058824
0.56470591
0.61960787
0.63137257
0.60000002
0.53333336
0.50980395
0.50980395
0.49803922
0.51764709
0.40784314
0.19607843
0.11372549
0.11372549
0.16078432
0.17254902
0.13725491
0.01960784
0.05490196
0.14117648
0.09803922
0.10196079
0.11764706
0.07843138
0.06274510
0.14509805
0.14509805
0.18431373
0.11764706
0.20000000
0.29411766
0.29803923
0.26666668
0.24313726
0.35686275
0.29019609
0.27450982
0.18431373
0.23137255
0.24313726
0.27058825
0.29411766
0.20392157
0.12941177
0.10980392
0.08235294
0.12549020
0.15294118
0.18431373
0.09019608
0.12156863
0.13333334
0.10980392
0.14509805
0.14117648
0.09019608
0.09019608
0.14901961
0.07843138
0.09019608
0.10588235
0.14509805
0.16862746
0.24313726
0.18431373
0.15294118
0.27450982
0.16862746
0.09803922
0.14509805
0.34509805
0.24313726
0.18823530
0.12941177
0.11372549
0.14509805
0.09019608
0.06666667
0.13725491
0.17254902
0.08235294
0.06666667
0.09019608
0.17647059
0.20784314
0.24705882
0.33725491
0.48627451
0.53333336
0.45882353
0.49411765
0.63921571
0.43529412
0.45882353
0.51372552
0.52941179
0.64705884
0.54901963
0.46666667
0.39607844
0.45098040
0.86274511
0.76078433
0.65882355
0.70980394
0.53725493
0.47843137
0.23529412
0.25882354
0.32941177
0.41960785
0.39215687
0.07843138
0.09803922
0.11764706
0.20000000
0.23529412
0.23137255
0.29411766
0.40000001
0.37254903
0.34901962
0.33333334
0.46274510
0.42745098
0.40784314
0.42352942
0.34901962
0.38431373
0.31372550
0.40784314
0.40392157
0.55686277
0.95294118
0.92156863
0.72941178
0.63137257
0.50588238
0.46274510
0.47450981
0.41960785
0.30588236
0.49411765
0.51764709
0.10196079
0.12941177
0.13725491
0.14117648
0.20000000
0.20000000
0.24705882
0.21568628
0.26666668
0.43137255
0.33725491
0.44705883
0.49803922
0.46666667
0.51372552
0.55294120
0.55686277
0.37254903
0.43137255
0.30980393
0.41568628
0.87843138
0.80000001
0.68235296
0.41568628
0.36862746
0.32941177
0.47450981
0.49019608
0.36862746
0.41960785
0.47058824
0.13333334
0.12941177
0.11372549
0.10980392
0.12941177
0.18823530
0.18823530
0.15686275
0.28235295
0.39607844
0.33333334
0.45490196
0.51764709
0.53333336
0.56862748
0.64705884
0.67843139
0.70588237
0.55294120
0.29019609
0.30588236
0.54901963
0.78823531
0.47843137
0.34901962
0.39215687
0.38823530
0.51764709
0.70980394
0.62745100
0.47058824
0.29411766
0.11372549
0.09803922
0.10980392
0.10588235
0.10980392
0.18039216
0.21176471
0.20392157
0.34901962
0.56470591
0.46274510
0.57254905
0.50980395
0.48235294
0.53333336
0.76078433
0.82352942
0.89411765
0.77254903
0.38039216
0.25098041
0.37254903
0.63137257
0.31372550
0.33725491
0.59215689
0.60000002
0.67843139
0.89803922
0.89411765
0.56862748
0.30588236
0.09019608
0.09803922
0.11764706
0.09411765
0.12156863
0.16470589
0.21176471
0.26666668
0.41960785
0.55686277
0.46274510
0.56470591
0.42352942
0.41176471
0.36470589
0.57647061
0.76078433
0.83137256
0.77254903
0.45490196
0.34901962
0.41568628
0.65882355
0.35294119
0.25882354
0.65882355
0.64313728
0.68235296
0.94117647
0.98823529
0.61568630
0.44313726
0.10588235
0.12549020
0.15294118
0.14117648
0.14901961
0.14509805
0.17254902
0.21960784
0.29019609
0.34901962
0.37647060
0.60784316
0.38431373
0.44313726
0.39607844
0.37254903
0.79607844
0.92156863
0.70196080
0.37647060
0.27450982
0.29803923
0.62352943
0.41960785
0.27450982
0.40392157
0.38039216
0.54509807
0.90588236
1.00000000
0.76862746
0.41960785
0.09803922
0.10588235
0.13333334
0.14901961
0.15686275
0.16470589
0.20784314
0.29019609
0.37254903
0.39215687
0.32156864
0.56078434
0.37254903
0.24313726
0.39215687
0.45882353
0.68235296
0.78039217
0.58823532
0.36470589
0.37647060
0.41568628
0.49019608
0.37254903
0.22745098
0.17647059
0.12941177
0.26666668
0.69411767
1.00000000
0.80000001
0.61568630
0.08235294
0.10196079
0.09803922
0.11372549
0.10980392
0.15294118
0.15294118
0.20392157
0.34901962
0.32941177
0.23137255
0.48235294
0.49803922
0.16862746
0.27058825
0.33333334
0.31764707
0.44313726
0.48235294
0.33725491
0.41176471
0.43529412
0.47450981
0.29411766
0.14117648
0.11764706
0.10196079
0.21568628
0.57254905
0.97647059
0.74117649
0.84313726
0.05490196
0.05882353
0.04705882
0.06274510
0.03529412
0.05490196
0.07843138
0.20392157
0.39215687
0.39607844
0.31372550
0.43529412
0.52549022
0.37647060
0.32941177
0.30980393
0.29411766
0.31372550
0.38039216
0.34117648
0.43529412
0.39607844
0.47058824
0.24313726
0.05490196
0.05882353
0.07843138
0.15686275
0.43921569
0.83921570
0.68235296
0.67450982
0.03529412
0.02352941
0.02745098
0.05490196
0.02352941
0.02352941
0.08627451
0.22352941
0.27843139
0.38039216
0.35294119
0.43137255
0.48235294
0.46666667
0.42352942
0.39215687
0.34509805
0.30980393
0.23529412
0.31764707
0.50196081
0.42745098
0.40784314
0.25490198
0.07058824
0.03137255
0.06666667
0.12941177
0.27843139
0.53333336
0.41568628
0.38431373
0.06666667
0.01960784
0.02352941
0.03529412
0.03137255
0.05490196
0.11372549
0.15686275
0.19215687
0.40000001
0.31764707
0.43921569
0.51764709
0.49803922
0.40784314
0.34901962
0.33333334
0.21960784
0.17254902
0.27058825
0.42352942
0.27450982
0.21176471
0.21568628
0.11372549
0.07058824
0.13725491
0.18039216
0.18823530
0.32941177
0.24705882
0.31372550
0.05882353
0.03529412
0.02745098
0.04313726
0.05098039
0.09803922
0.14117648
0.13725491
0.19215687
0.29803923
0.23529412
0.42745098
0.52549022
0.61176473
0.37254903
0.19215687
0.23529412
0.16862746
0.15294118
0.30196080
0.41568628
0.19215687
0.10980392
0.14509805
0.16862746
0.12156863
0.15294118
0.21960784
0.14117648
0.34117648
0.40392157
0.55294120
0.03921569
0.04313726
0.03921569
0.06274510
0.03137255
0.07058824
0.10196079
0.11372549
0.18039216
0.20392157
0.09803922
0.37254903
0.58431375
0.66274512
0.40000001
0.12941177
0.25098041
0.16862746
0.11764706
0.19215687
0.18823530
0.10196079
0.08235294
0.12156863
0.12549020
0.05098039
0.06666667
0.09411765
0.11372549
0.19215687
0.25882354
0.42352942
0.02352941
0.04313726
0.05882353
0.04705882
0.05490196
0.06666667
0.08627451
0.12156863
0.14509805
0.16470589
0.09803922
0.38039216
0.66666669
0.63137257
0.29803923
0.16078432
0.21568628
0.13333334
0.11764706
0.11764706
0.06274510
0.01960784
0.03137255
0.07450981
0.09019608
0.05490196
0.03921569
0.07450981
0.09019608
0.04705882
0.14509805
0.34117648
0.01568628
0.04705882
0.09411765
0.10588235
0.16470589
0.12941177
0.08627451
0.12549020
0.09411765
0.09803922
0.12156863
0.45490196
0.73333335
0.56862748
0.16862746
0.18039216
0.22352941
0.14509805
0.09803922
0.10588235
0.05098039
0.00784314
0.00784314
0.00784314
0.05882353
0.07058824
0.03921569
0.10980392
0.10980392
0.07843138
0.12156863
0.29411766
0.00784314
0.03921569
0.07058824
0.11764706
0.18823530
0.12549020
0.09411765
0.09803922
0.05098039
0.05490196
0.18823530
0.49803922
0.72941178
0.64705884
0.30196080
0.28235295
0.36078432
0.20000000
0.10196079
0.08627451
0.03921569
0.00784314
0.00784314
0.00392157
0.01568628
0.04705882
0.03137255
0.06666667
0.09019608
0.07450981
0.09803922
0.26274511
0.02352941
0.03529412
0.05882353
0.08235294
0.07450981
0.07058824
0.10588235
0.08235294
0.04705882
0.05490196
0.24313726
0.49803922
0.58039218
0.69803923
0.49019608
0.34509805
0.29019609
0.18039216
0.09803922
0.10196079
0.07450981
0.01176471
0.01176471
0.00784314
0.00784314
0.03137255
0.05882353
0.07058824
0.05098039
0.02745098
0.06274510
0.15294118
0.02745098
0.01960784
0.04705882
0.06666667
0.05490196
0.05882353
0.07058824
0.06274510
0.07450981
0.05882353
0.28627452
0.48235294
0.39215687
0.47843137
0.54901963
0.38431373
0.26666668
0.12941177
0.06274510
0.17254902
0.10980392
0.01960784
0.01960784
0.01960784
0.01960784
0.01568628
0.04705882
0.05882353
0.03137255
0.00784314
0.02352941
0.06274510
0.00000000
0.01960784
0.05098039
0.03529412
0.04705882
0.07058824
0.04313726
0.04313726
0.07843138
0.09411765
0.40784314
0.49411765
0.34117648
0.27843139
0.46666667
0.52549022
0.38431373
0.11372549
0.09019608
0.18431373
0.11372549
0.03137255
0.02745098
0.03137255
0.02745098
0.01568628
0.02352941
0.03137255
0.04313726
0.02352941
0.03137255
0.04705882
0.01960784
0.02352941
0.04705882
0.04705882
0.01960784
0.06666667
0.06274510
0.03921569
0.05882353
0.12941177
0.52941179
0.56470591
0.34509805
0.24705882
0.30980393
0.50196081
0.43137255
0.25882354
0.18039216
0.15686275
0.12549020
0.03921569
0.03137255
0.02745098
0.02352941
0.02745098
0.03137255
0.03921569
0.04705882
0.04705882
0.11764706
0.10980392
0.02352941
0.02352941
0.03921569
0.05882353
0.04705882
0.07843138
0.09411765
0.08627451
0.12549020
0.17254902
0.44705883
0.50196081
0.41176471
0.25882354
0.20784314
0.39607844
0.38039216
0.22745098
0.18823530
0.20000000
0.15686275
0.04705882
0.03921569
0.02745098
0.03529412
0.05098039
0.06666667
0.09411765
0.08627451
0.07843138
0.17647059
0.16078432
0.00000000
0.01568628
0.03137255
0.03921569
0.06274510
0.09411765
0.14117648
0.17254902
0.18431373
0.20392157
0.32156864
0.43529412
0.47058824
0.37254903
0.24705882
0.34509805
0.31764707
0.25098041
0.22352941
0.20392157
0.16470589
0.05882353
0.03921569
0.02352941
0.03921569
0.12549020
0.16862746
0.20000000
0.29019609
0.13333334
0.14117648
0.18039216
0.00784314
0.02745098
0.06666667
0.13333334
0.16470589
0.17254902
0.19215687
0.23921569
0.22352941
0.21568628
0.41176471
0.51764709
0.58823532
0.54901963
0.41568628
0.46666667
0.43921569
0.29803923
0.22745098
0.23137255
0.18431373
0.07843138
0.03921569
0.03529412
0.05490196
0.18039216
0.26274511
0.25490198
0.40784314
0.30588236
0.12941177
0.21960784
0.07450981
0.13725491
0.21568628
0.23921569
0.20000000
0.18823530
0.24313726
0.25490198
0.18039216
0.09803922
0.26666668
0.47058824
0.63529414
0.62745100
0.43529412
0.26274511
0.23137255
0.38431373
0.37647060
0.27058825
0.16862746
0.07843138
0.06666667
0.09803922
0.11764706
0.20000000
0.27450982
0.27843139
0.31764707
0.41960785
0.22745098
0.21568628
0.25490198
0.28627452
0.25490198
0.20000000
0.20784314
0.24313726
0.29411766
0.20392157
0.10588235
0.08627451
0.09411765
0.27058825
0.58039218
0.70588237
0.54509807
0.23137255
0.07843138
0.52549022
0.52549022
0.31372550
0.15686275
0.10196079
0.12941177
0.16470589
0.19215687
0.23921569
0.28235295
0.27843139
0.33333334
0.44313726
0.26666668
0.20000000
0.35294119
0.30980393
0.29411766
0.34117648
0.32156864
0.28627452
0.24705882
0.20784314
0.18823530
0.16862746
0.12549020
0.12549020
0.32549021
0.67450982
0.65098041
0.31372550
0.20000000
0.58823532
0.55294120
0.36078432
0.20784314
0.20000000
0.22352941
0.25098041
0.36078432
0.45098040
0.44705883
0.53333336
0.69019610
0.41568628
0.19607843
0.20392157
0.32549021
0.32941177
0.32549021
0.37254903
0.25882354
0.21176471
0.23529412
0.27843139
0.28235295
0.27450982
0.24705882
0.25490198
0.30980393
0.50980395
0.63529414
0.31372550
0.15686275
0.47450981
0.38039216
0.25490198
0.24705882
0.29411766
0.29411766
0.32156864
0.61568630
0.74901962
0.70196080
0.79607844
0.69411767
0.25098041
0.19215687
0.19607843
0.32941177
0.22352941
0.19607843
0.30588236
0.29019609
0.27450982
0.30588236
0.29803923
0.29803923
0.32156864
0.35686275
0.40000001
0.48235294
0.49803922
0.52549022
0.40392157
0.32549021
0.44705883
0.41568628
0.40784314
0.43137255
0.45882353
0.44313726
0.53333336
0.72549021
0.75686276
0.70980394
0.60784316
0.32549021
0.15686275
0.19607843
0.20784314
0.17647059
0.01176471
0.03137255
0.21960784
0.31372550
0.30980393
0.31372550
0.26274511
0.18823530
0.26274511
0.30196080
0.36470589
0.34509805
0.41176471
0.54509807
0.49019608
0.51764709
0.58039218
0.63529414
0.68235296
0.65882355
0.60000002
0.54901963
0.53725493
0.52549022
0.56470591
0.45882353
0.25098041
0.16470589
0.14901961
0.16862746
0.16470589
0.11372549
0.02352941
0.05098039
0.14509805
0.13333334
0.14509805
0.16470589
0.11372549
0.08627451
0.17647059
0.18039216
0.22352941
0.15294118
0.22352941
0.30196080
0.29019609
0.28627452
0.25098041
0.32941177
0.28235295
0.31372550
0.20784314
0.22745098
0.26666668
0.29019609
0.30196080
0.23137255
0.18431373
0.16470589
0.12941177
0.16470589
0.17647059
0.16078432
0.10980392
0.13725491
0.12549020
0.10980392
0.15686275
0.15294118
0.09019608
0.08627451
0.14509805
0.08235294
0.09803922
0.11764706
0.14901961
0.16078432
0.21960784
0.17647059
0.13333334
0.20784314
0.11372549
0.11372549
0.13725491
0.30588236
0.25882354
0.19607843
0.12156863
0.13725491
0.20392157
0.14901961
0.12156863
0.18823530
0.20784314
1 0 0 -1 0 0 0 0 0 0 0
0 1 0 -1 0 0 0 0 0 0 0
0 0 1 -1 0 0 0 0 0 0 0
0 0 0 -1 1 0 0 0 0 0 0
0 0 0 -1 0 1 0 0 0 0 0
0 0 0 -1 0 0 1 0 0 0 0
0 0 0 -1 0 0 0 1 0 0 0
0 0 0 -1 0 0 0 0 1 0 0
0 0 0 -1 0 0 0 0 0 1 0
