0.42745098
0.32941177
0.39215687
0.44313726
0.46274510
0.47843137
0.48627451
0.49411765
0.49803922
0.49803922
0.49803922
0.50196081
0.50588238
0.50196081
0.51372552
0.57254905
0.41176471
0.40000001
0.48235294
0.49803922
0.50588238
0.50196081
0.50980395
0.50980395
0.49803922
0.48627451
0.48627451
0.47843137
0.46666667
0.46274510
0.45882353
0.45098040
0.43137255
0.33333334
0.40784314
0.45882353
0.47058824
0.48627451
0.50196081
0.50980395
0.50980395
0.50980395
0.50588238
0.50588238
0.50588238
0.49411765
0.50980395
0.57254905
0.41960785
0.41176471
0.49411765
0.50588238
0.51372552
0.50980395
0.50588238
0.50588238
0.49803922
0.48627451
0.48627451
0.48235294
0.47058824
0.45882353
0.45490196
0.45098040
0.42745098
0.33725491
0.40392157
0.46666667
0.48627451
0.50196081
0.50588238
0.49803922
0.50196081
0.50980395
0.51372552
0.51764709
0.52156866
0.50980395
0.52156866
0.58039218
0.43137255
0.43137255
0.51372552
0.52156866
0.52156866
0.51764709
0.51764709
0.51764709
0.50196081
0.49019608
0.48627451
0.49019608
0.48235294
0.47843137
0.47058824
0.46666667
0.43137255
0.34117648
0.41960785
0.47843137
0.49019608
0.51372552
0.52549022
0.52156866
0.52549022
0.52941179
0.52941179
0.52549022
0.52549022
0.51372552
0.52156866
0.58431375
0.44313726
0.44705883
0.53333336
0.54509807
0.54509807
0.54509807
0.53725493
0.53725493
0.52156866
0.50588238
0.50196081
0.50196081
0.49411765
0.48627451
0.47843137
0.47450981
0.43921569
0.34509805
0.42352942
0.49411765
0.51372552
0.52549022
0.53725493
0.53333336
0.52941179
0.53333336
0.52549022
0.52941179
0.53725493
0.52941179
0.53725493
0.59215689
0.45098040
0.47450981
0.56862748
0.55686277
0.54117650
0.54117650
0.54117650
0.53725493
0.52549022
0.50588238
0.50196081
0.50980395
0.50196081
0.49019608
0.47843137
0.46666667
0.45098040
0.36470589
0.37254903
0.41176471
0.49803922
0.48235294
0.42352942
0.52549022
0.59215689
0.45882353
0.44705883
0.50588238
0.49803922
0.44313726
0.47843137
0.58823532
0.47058824
0.50980395
0.59215689
0.53725493
0.52156866
0.52941179
0.49803922
0.47058824
0.49411765
0.61568630
0.59607846
0.46666667
0.43921569
0.44313726
0.47058824
0.46274510
0.45882353
0.36862746
0.25098041
0.20000000
0.44705883
0.38823530
0.17254902
0.48627451
0.69803923
0.28235295
0.30588236
0.59215689
0.54117650
0.36470589
0.44705883
0.63137257
0.59607846
0.65882355
0.68235296
0.55294120
0.56078434
0.54117650
0.30980393
0.19215687
0.29803923
0.75294119
0.69803923
0.24313726
0.13725491
0.20392157
0.43137255
0.47450981
0.45490196
0.36470589
0.36470589
0.40784314
0.50196081
0.49019608
0.42352942
0.55294120
0.65098041
0.47058824
0.52549022
0.68627453
0.63137257
0.52156866
0.55686277
0.63137257
0.72156864
0.85490197
0.92156863
0.79607844
0.63529414
0.55294120
0.43137255
0.41960785
0.46666667
0.74117649
0.70196080
0.41176471
0.35294119
0.36862746
0.45098040
0.47450981
0.44705883
0.36470589
0.41568628
0.49411765
0.53333336
0.53725493
0.52941179
0.53725493
0.57254905
0.58431375
0.54509807
0.53333336
0.53333336
0.52156866
0.54509807
0.57254905
0.62745100
0.72156864
0.76470590
0.67450982
0.58039218
0.56078434
0.53333336
0.53333336
0.53725493
0.56470591
0.55686277
0.52549022
0.50980395
0.49803922
0.48627451
0.47843137
0.43921569
0.35294119
0.38823530
0.47450981
0.52549022
0.52549022
0.50980395
0.54509807
0.64313728
0.63137257
0.60784316
0.65098041
0.65882355
0.67843139
0.69019610
0.69411767
0.70588237
0.73725492
0.74509805
0.70980394
0.70980394
0.71764708
0.70980394
0.59607846
0.50196081
0.52156866
0.50588238
0.51372552
0.52156866
0.51372552
0.49411765
0.49411765
0.41960785
0.33333334
0.38431373
0.46666667
0.50588238
0.52156866
0.52156866
0.56470591
0.60784316
0.62745100
0.64313728
0.65098041
0.64705884
0.65882355
0.65490198
0.65490198
0.66666669
0.66274512
0.64705884
0.62745100
0.63529414
0.63921571
0.65098041
0.67450982
0.52941179
0.49803922
0.66274512
0.58431375
0.51372552
0.51764709
0.49803922
0.49411765
0.38823530
0.30196080
0.36862746
0.47843137
0.43137255
0.37647060
0.47058824
0.57254905
0.61960787
0.67843139
0.67058825
0.63921571
0.63921571
0.64313728
0.62745100
0.62745100
0.65098041
0.65098041
0.63921571
0.66274512
0.70196080
0.67450982
0.61960787
0.63137257
0.59215689
0.44705883
0.53725493
0.42745098
0.41960785
0.48235294
0.47058824
0.47058824
0.46666667
0.40784314
0.44705883
0.50588238
0.35686275
0.21176471
0.39607844
0.51764709
0.50980395
0.53725493
0.50588238
0.53333336
0.60000002
0.61568630
0.59607846
0.57647061
0.57254905
0.56078434
0.55686277
0.63529414
0.72156864
0.71372551
0.68627453
0.60784316
0.55294120
0.34117648
0.20784314
0.21568628
0.41176471
0.49803922
0.47058824
0.46666667
0.73725492
0.71764708
0.70588237
0.69019610
0.65882355
0.51764709
0.34901962
0.43137255
0.50980395
0.58039218
0.57647061
0.58431375
0.63137257
0.63921571
0.63921571
0.63921571
0.62352943
0.62352943
0.63529414
0.64313728
0.63529414
0.63137257
0.64313728
0.63529414
0.49411765
0.22352941
0.25490198
0.44313726
0.49411765
0.50196081
0.48235294
0.47058824
0.81568629
0.81568629
0.81176472
0.80392158
0.78823531
0.57647061
0.28235295
0.27058825
0.37647060
0.50980395
0.51372552
0.55294120
0.58431375
0.50588238
0.48627451
0.50980395
0.55294120
0.63921571
0.66666669
0.57647061
0.52941179
0.49411765
0.45882353
0.40000001
0.31372550
0.31764707
0.33333334
0.45490196
0.54117650
0.51372552
0.49803922
0.47843137
0.81960785
0.82352942
0.83137256
0.83137256
0.74901962
0.66274512
0.60000002
0.58823532
0.66666669
0.71372551
0.63529414
0.64313728
0.65490198
0.61568630
0.59215689
0.57254905
0.57254905
0.57254905
0.52941179
0.43137255
0.34509805
0.26274511
0.19607843
0.15294118
0.14509805
0.23921569
0.25882354
0.36078432
0.68627453
0.72156864
0.70588237
0.66666669
0.84313726
0.84705883
0.84313726
0.82745099
0.74901962
0.80784315
0.85882354
0.83529413
0.81568629
0.79215688
0.77254903
0.75294119
0.74901962
0.76078433
0.76078433
0.76078433
0.74509805
0.72549021
0.72549021
0.71372551
0.67450982
0.62352943
0.48627451
0.35294119
0.33333334
0.24313726
0.18823530
0.22745098
0.58823532
0.79607844
0.79215688
0.78431374
0.85098040
0.85098040
0.84705883
0.81960785
0.76470590
0.69411767
0.65098041
0.63921571
0.60392159
0.56470591
0.53725493
0.50980395
0.51372552
0.51372552
0.52156866
0.52941179
0.50980395
0.51764709
0.53333336
0.53333336
0.54117650
0.54117650
0.53333336
0.52549022
0.54509807
0.50588238
0.47058824
0.34901962
0.48235294
0.76470590
0.77647060
0.78039217
0.84313726
0.83921570
0.83529413
0.83137256
0.85490197
0.76862746
0.76470590
0.78823531
0.72549021
0.56862748
0.39607844
0.24313726
0.20784314
0.23137255
0.23529412
0.24705882
0.27843139
0.24705882
0.21568628
0.21176471
0.20392157
0.22745098
0.33725491
0.54117650
0.67058825
0.70588237
0.70980394
0.70196080
0.72549021
0.76078433
0.78039217
0.77647060
0.83137256
0.80784315
0.81176472
0.79607844
0.85882354
0.87843138
0.90588236
0.93333334
0.90196079
0.73725492
0.41568628
0.16078432
0.10980392
0.14117648
0.14117648
0.16470589
0.28235295
0.18823530
0.10980392
0.10980392
0.08235294
0.14901961
0.34117648
0.72549021
0.89019608
0.89019608
0.85882354
0.83529413
0.81176472
0.75294119
0.77647060
0.77647060
0.82352942
0.80784315
0.81176472
0.76078433
0.63137257
0.57647061
0.59215689
0.64705884
0.60392159
0.50588238
0.36862746
0.14901961
0.06274510
0.08235294
0.09019608
0.09803922
0.11764706
0.11764706
0.09803922
0.08235294
0.05098039
0.13333334
0.29803923
0.44705883
0.52156866
0.52941179
0.51372552
0.50196081
0.47058824
0.68235296
0.78039217
0.77254903
0.83137256
0.82352942
0.81960785
0.75686276
0.46666667
0.34901962
0.40000001
0.41960785
0.40784314
0.38823530
0.28235295
0.13725491
0.12941177
0.14901961
0.14901961
0.14901961
0.16078432
0.16862746
0.15686275
0.14509805
0.13333334
0.12941177
0.22745098
0.36078432
0.37254903
0.37254903
0.37254903
0.32156864
0.29803923
0.62745100
0.72941178
0.72549021
0.79607844
0.80392158
0.80392158
0.71372551
0.33725491
0.13725491
0.18039216
0.20392157
0.22352941
0.24313726
0.17647059
0.08627451
0.13725491
0.13725491
0.10980392
0.11372549
0.12941177
0.12941177
0.11372549
0.12941177
0.13725491
0.08235294
0.13333334
0.22352941
0.21176471
0.20392157
0.17254902
0.13333334
0.32156864
0.64313728
0.69803923
0.71764708
0.62352943
0.62745100
0.64313728
0.58823532
0.27058825
0.09803922
0.05882353
0.06666667
0.06274510
0.06666667
0.08235294
0.05490196
0.03921569
0.04705882
0.06666667
0.08235294
0.09411765
0.09803922
0.08235294
0.05490196
0.03529412
0.03921569
0.07450981
0.05882353
0.05098039
0.04705882
0.03921569
0.10196079
0.39215687
0.66274512
0.70196080
0.72156864
0.56470591
0.53333336
0.49411765
0.44705883
0.18039216
0.09411765
0.05098039
0.03137255
0.02745098
0.01960784
0.05098039
0.04313726
0.01176471
0.02745098
0.07843138
0.09411765
0.10588235
0.09803922
0.09803922
0.04313726
0.01568628
0.03529412
0.05490196
0.02352941
0.02352941
0.03137255
0.04313726
0.12549020
0.36470589
0.65098041
0.68627453
0.70980394
0.54117650
0.52941179
0.51372552
0.50196081
0.24705882
0.07058824
0.06666667
0.05490196
0.05098039
0.04313726
0.04705882
0.03921569
0.02352941
0.03529412
0.06274510
0.06274510
0.07058824
0.06274510
0.06666667
0.05098039
0.03921569
0.05098039
0.05882353
0.04705882
0.04705882
0.04705882
0.06274510
0.14117648
0.43137255
0.65490198
0.67843139
0.69803923
0.56862748
0.54117650
0.49411765
0.46274510
0.38039216
0.24705882
0.18431373
0.16862746
0.14117648
0.08627451
0.05490196
0.04313726
0.03529412
0.03921569
0.05098039
0.06666667
0.08627451
0.09019608
0.09411765
0.09803922
0.10196079
0.11764706
0.13725491
0.16078432
0.18039216
0.21176471
0.26274511
0.38039216
0.57647061
0.65882355
0.68627453
0.70588237
0.61568630
0.56862748
0.50196081
0.45098040
0.40392157
0.34117648
0.28235295
0.23921569
0.22352941
0.16862746
0.15686275
0.17254902
0.15686275
0.13725491
0.12156863
0.11764706
0.10588235
0.10588235
0.12549020
0.14117648
0.16862746
0.19215687
0.22352941
0.26274511
0.31372550
0.38039216
0.46666667
0.55294120
0.61176473
0.66274512
0.70196080
0.71372551
0.63921571
0.57647061
0.52549022
0.49803922
0.44705883
0.38823530
0.34117648
0.31372550
0.27450982
0.25490198
0.30196080
0.30196080
0.29803923
0.29803923
0.30196080
0.28627452
0.25490198
0.23529412
0.22352941
0.22352941
0.21568628
0.20784314
0.24705882
0.27058825
0.32549021
0.40392157
0.50196081
0.58431375
0.63137257
0.66666669
0.69803923
0.71372551
0.57254905
0.54117650
0.51764709
0.50196081
0.48627451
0.46666667
0.44313726
0.44705883
0.38823530
0.36078432
0.39607844
0.39607844
0.41568628
0.46274510
0.46274510
0.44313726
0.46666667
0.45882353
0.46274510
0.46274510
0.43529412
0.40000001
0.39607844
0.38431373
0.38431373
0.40784314
0.49803922
0.57254905
0.61568630
0.61176473
0.61176473
0.64313728
0.56862748
0.53725493
0.52156866
0.50980395
0.50196081
0.50196081
0.49411765
0.49019608
0.46666667
0.44705883
0.43921569
0.44313726
0.45098040
0.47450981
0.49803922
0.54117650
0.55294120
0.53333336
0.55686277
0.57254905
0.58823532
0.58431375
0.58039218
0.54117650
0.52156866
0.50980395
0.56078434
0.58823532
0.58039218
0.56078434
0.54509807
0.55294120
0.67450982
0.63921571
0.59215689
0.55686277
0.53333336
0.51764709
0.49803922
0.49019608
0.48235294
0.47058824
0.47058824
0.46274510
0.45882353
0.44705883
0.45882353
0.47058824
0.49019608
0.51372552
0.52549022
0.52156866
0.56078434
0.57254905
0.55294120
0.57647061
0.60000002
0.58431375
0.58823532
0.57254905
0.53333336
0.50980395
0.51372552
0.52156866
0.25490198
0.25490198
0.39607844
0.48627451
0.50980395
0.51372552
0.52156866
0.52941179
0.53333336
0.53333336
0.52549022
0.52549022
0.53333336
0.52549022
0.53725493
0.59607846
0.41960785
0.40392157
0.48627451
0.50196081
0.50980395
0.50588238
0.50980395
0.51372552
0.51372552
0.50980395
0.51372552
0.50980395
0.50196081
0.49803922
0.49411765
0.48627451
0.25882354
0.25882354
0.41176471
0.50196081
0.51764709
0.52549022
0.53725493
0.54509807
0.54509807
0.54509807
0.53333336
0.52941179
0.52941179
0.51764709
0.53333336
0.59607846
0.42745098
0.40784314
0.49019608
0.50196081
0.50980395
0.50588238
0.50588238
0.50980395
0.50980395
0.51372552
0.51372552
0.51372552
0.50588238
0.49411765
0.49019608
0.48627451
0.25490198
0.26274511
0.40784314
0.50980395
0.53333336
0.54117650
0.54117650
0.53333336
0.53725493
0.54509807
0.54509807
0.54117650
0.54509807
0.53333336
0.54509807
0.60000002
0.42745098
0.41568628
0.49803922
0.50588238
0.50588238
0.50588238
0.51372552
0.52156866
0.51764709
0.51372552
0.51372552
0.52156866
0.51764709
0.51372552
0.50588238
0.50196081
0.25882354
0.26666668
0.42352942
0.52156866
0.53725493
0.54901963
0.56078434
0.55686277
0.56078434
0.56470591
0.55686277
0.54901963
0.54901963
0.53725493
0.54509807
0.60392159
0.43529412
0.42745098
0.51372552
0.52549022
0.52549022
0.52941179
0.53725493
0.54117650
0.53725493
0.52941179
0.52941179
0.53333336
0.52941179
0.52156866
0.51764709
0.50980395
0.26274511
0.26274511
0.43529412
0.54117650
0.54509807
0.55686277
0.58431375
0.56862748
0.54901963
0.57647061
0.57647061
0.56078434
0.56470591
0.55686277
0.56862748
0.61960787
0.44705883
0.43529412
0.51372552
0.52549022
0.52941179
0.52941179
0.53725493
0.54117650
0.52941179
0.51764709
0.51372552
0.52941179
0.52941179
0.52156866
0.50980395
0.49803922
0.27058825
0.26666668
0.39607844
0.46274510
0.50588238
0.50980395
0.49019608
0.56470591
0.59607846
0.51764709
0.53725493
0.57647061
0.55686277
0.48627451
0.50980395
0.60784316
0.44705883
0.40000001
0.43529412
0.44705883
0.49803922
0.52156866
0.48627451
0.45882353
0.48235294
0.60392159
0.58431375
0.47450981
0.46274510
0.46666667
0.49411765
0.48627451
0.27843139
0.27058825
0.27450982
0.25098041
0.45490196
0.41568628
0.23529412
0.52156866
0.70196080
0.34509805
0.44313726
0.73725492
0.65490198
0.43529412
0.47058824
0.61960787
0.52941179
0.48627451
0.45098040
0.38431373
0.49803922
0.52941179
0.29019609
0.16862746
0.27450982
0.72941178
0.67058825
0.24313726
0.16078432
0.22745098
0.45490196
0.49803922
0.27450982
0.26666668
0.38823530
0.45882353
0.50980395
0.51764709
0.48627451
0.58823532
0.65490198
0.53333336
0.68627453
0.88627452
0.78431374
0.61176473
0.58431375
0.61960787
0.63921571
0.68627453
0.71764708
0.62352943
0.57254905
0.54509807
0.40784314
0.39607844
0.44313726
0.71764708
0.67843139
0.41176471
0.37647060
0.39215687
0.47450981
0.49803922
0.26666668
0.27058825
0.43921569
0.54509807
0.54117650
0.56470591
0.59607846
0.57254905
0.57254905
0.64313728
0.68627453
0.70588237
0.67450982
0.61960787
0.60784316
0.60784316
0.60000002
0.61176473
0.63137257
0.61176473
0.58431375
0.56862748
0.52941179
0.52941179
0.53333336
0.56078434
0.55294120
0.53725493
0.53725493
0.52156866
0.50980395
0.50588238
0.26274511
0.26274511
0.40784314
0.52156866
0.53333336
0.55294120
0.57254905
0.58431375
0.65490198
0.69411767
0.71764708
0.76862746
0.76862746
0.77254903
0.77647060
0.76470590
0.73725492
0.73333335
0.76470590
0.78039217
0.77647060
0.75294119
0.73333335
0.61960787
0.52156866
0.53725493
0.51764709
0.52941179
0.54509807
0.53333336
0.51764709
0.51372552
0.25882354
0.26666668
0.39215687
0.49411765
0.52549022
0.55686277
0.56862748
0.62352943
0.67058825
0.71764708
0.74117649
0.74117649
0.73333335
0.73725492
0.72941178
0.72156864
0.71372551
0.70588237
0.70980394
0.70588237
0.70588237
0.69803923
0.70980394
0.72549021
0.56470591
0.50980395
0.66666669
0.59215689
0.52941179
0.53333336
0.51372552
0.50980395
0.24705882
0.23921569
0.36078432
0.48235294
0.44705883
0.41568628
0.52156866
0.63529414
0.70196080
0.77647060
0.76470590
0.72156864
0.72156864
0.72941178
0.71764708
0.71372551
0.71372551
0.70196080
0.68627453
0.70588237
0.74509805
0.72941178
0.69803923
0.70196080
0.64313728
0.48235294
0.55686277
0.45098040
0.45490196
0.51764709
0.50588238
0.50196081
0.35294119
0.34509805
0.42352942
0.49411765
0.35686275
0.23921569
0.43137255
0.56470591
0.57647061
0.61568630
0.58823532
0.60784316
0.67843139
0.70196080
0.69411767
0.67450982
0.66274512
0.63529414
0.61176473
0.68235296
0.77647060
0.78039217
0.76078433
0.67843139
0.61176473
0.38823530
0.24705882
0.25098041
0.45098040
0.53725493
0.50980395
0.50588238
0.65490198
0.65882355
0.66274512
0.65098041
0.63137257
0.50980395
0.34901962
0.44313726
0.53725493
0.61960787
0.63529414
0.65882355
0.69803923
0.70196080
0.70588237
0.70196080
0.69019610
0.66666669
0.65098041
0.66274512
0.68627453
0.70196080
0.69411767
0.67843139
0.53725493
0.26666668
0.29411766
0.47450981
0.51372552
0.51764709
0.50196081
0.48627451
0.76078433
0.75686276
0.75686276
0.74901962
0.73333335
0.52549022
0.23529412
0.23529412
0.35294119
0.50196081
0.54901963
0.61960787
0.63137257
0.53333336
0.49411765
0.49803922
0.49803922
0.54117650
0.54509807
0.48235294
0.49411765
0.50588238
0.47058824
0.40784314
0.32549021
0.33725491
0.35686275
0.46666667
0.54117650
0.51372552
0.49803922
0.47843137
0.76862746
0.76862746
0.77254903
0.76862746
0.69411767
0.62745100
0.57254905
0.57647061
0.66666669
0.72549021
0.67843139
0.70196080
0.70196080
0.64313728
0.60000002
0.56470591
0.51764709
0.48235294
0.42352942
0.33333334
0.27843139
0.22352941
0.17254902
0.13333334
0.12941177
0.22745098
0.25098041
0.34901962
0.66274512
0.68235296
0.66274512
0.62745100
0.78823531
0.78823531
0.78431374
0.76470590
0.70588237
0.80784315
0.87450981
0.86274511
0.85098040
0.83529413
0.82352942
0.80392158
0.79607844
0.79607844
0.78823531
0.78039217
0.76078433
0.73725492
0.72156864
0.69803923
0.64705884
0.59607846
0.46666667
0.33725491
0.31764707
0.22745098
0.17254902
0.20392157
0.54509807
0.73333335
0.71372551
0.70980394
0.80000001
0.79607844
0.79215688
0.76470590
0.72156864
0.69019610
0.65882355
0.65098041
0.62352943
0.58823532
0.56862748
0.54509807
0.54509807
0.53725493
0.53333336
0.54117650
0.52941179
0.53725493
0.54901963
0.54509807
0.54509807
0.54509807
0.54117650
0.53333336
0.55294120
0.51372552
0.48235294
0.34117648
0.44313726
0.70588237
0.70588237
0.71372551
0.80000001
0.79607844
0.78823531
0.78039217
0.81960785
0.76078433
0.76862746
0.78823531
0.72156864
0.56862748
0.40784314
0.26274511
0.21960784
0.23529412
0.23137255
0.23921569
0.28235295
0.25882354
0.23137255
0.23137255
0.22352941
0.25098041
0.35686275
0.56078434
0.69019610
0.72549021
0.73333335
0.70588237
0.69803923
0.70588237
0.71372551
0.71764708
0.79607844
0.77254903
0.77254903
0.75686276
0.82745099
0.87450981
0.89803922
0.91764706
0.87843138
0.71372551
0.40784314
0.16470589
0.10588235
0.13333334
0.12156863
0.13725491
0.26274511
0.17647059
0.10196079
0.11372549
0.09803922
0.16078432
0.35294119
0.73725492
0.90196079
0.90196079
0.87450981
0.83921570
0.79215688
0.70980394
0.71764708
0.72156864
0.79215688
0.77647060
0.78039217
0.72549021
0.60392159
0.57254905
0.58823532
0.63529414
0.58431375
0.47843137
0.35294119
0.14901961
0.05098039
0.07058824
0.06666667
0.06666667
0.07843138
0.07843138
0.07450981
0.07843138
0.05882353
0.14901961
0.30588236
0.45098040
0.52941179
0.54117650
0.52549022
0.50588238
0.45490196
0.64705884
0.73333335
0.73333335
0.80000001
0.79215688
0.78823531
0.72549021
0.44313726
0.36078432
0.41568628
0.43137255
0.41568628
0.39607844
0.28627452
0.14117648
0.13333334
0.14901961
0.14901961
0.14509805
0.12941177
0.13725491
0.14117648
0.15294118
0.15686275
0.16078432
0.25882354
0.38823530
0.39607844
0.40392157
0.40784314
0.33333334
0.28627452
0.61176473
0.70588237
0.70196080
0.77254903
0.78039217
0.78039217
0.69019610
0.32156864
0.14509805
0.19607843
0.21568628
0.23529412
0.25098041
0.18039216
0.09019608
0.14117648
0.14117648
0.11764706
0.11372549
0.10980392
0.10588235
0.10588235
0.13725491
0.15686275
0.11372549
0.16862746
0.25098041
0.23921569
0.23529412
0.20784314
0.14509805
0.30980393
0.62745100
0.67843139
0.69411767
0.61176473
0.61568630
0.62745100
0.57647061
0.26274511
0.10196079
0.06666667
0.07058824
0.06666667
0.06666667
0.08627451
0.05882353
0.04313726
0.05098039
0.07058824
0.08627451
0.08627451
0.08627451
0.08235294
0.05882353
0.04705882
0.05882353
0.09803922
0.07843138
0.07058824
0.07058824
0.06666667
0.10980392
0.38431373
0.65098041
0.68235296
0.69803923
0.57254905
0.54117650
0.50196081
0.45490196
0.18431373
0.09411765
0.05098039
0.03137255
0.02745098
0.01568628
0.05098039
0.04705882
0.01568628
0.03137255
0.08235294
0.09803922
0.10980392
0.09803922
0.10196079
0.04705882
0.01960784
0.04313726
0.07058824
0.03529412
0.03921569
0.04705882
0.06274510
0.13333334
0.36078432
0.63921571
0.66666669
0.68235296
0.55686277
0.54509807
0.52941179
0.52156866
0.25490198
0.07058824
0.05882353
0.04705882
0.03921569
0.03529412
0.04705882
0.04313726
0.02745098
0.03921569
0.06666667
0.06666667
0.07843138
0.07058824
0.07058824
0.05098039
0.03921569
0.05098039
0.06274510
0.05490196
0.05490196
0.05882353
0.07843138
0.14509805
0.42745098
0.64313728
0.65882355
0.67058825
0.58039218
0.55294120
0.50588238
0.47058824
0.38823530
0.24705882
0.18431373
0.16470589
0.14117648
0.08627451
0.05490196
0.04705882
0.03921569
0.03921569
0.05098039
0.07058824
0.08235294
0.08627451
0.08627451
0.09019608
0.09411765
0.10980392
0.13333334
0.15294118
0.17647059
0.20784314
0.25882354
0.36862746
0.56078434
0.63921571
0.66274512
0.67843139
0.62352943
0.57647061
0.50980395
0.45882353
0.41176471
0.34509805
0.28627452
0.24313726
0.22745098
0.17254902
0.16078432
0.17254902
0.15686275
0.13725491
0.12156863
0.11764706
0.09411765
0.09019608
0.10980392
0.12156863
0.15294118
0.17647059
0.20784314
0.25098041
0.30196080
0.36862746
0.45490196
0.53333336
0.58823532
0.63921571
0.67843139
0.68627453
0.64705884
0.58431375
0.53333336
0.50588238
0.45098040
0.39215687
0.34509805
0.31764707
0.27843139
0.25882354
0.30588236
0.30196080
0.29803923
0.29803923
0.30196080
0.28627452
0.24705882
0.22352941
0.21568628
0.21568628
0.20392157
0.19607843
0.23921569
0.26274511
0.31764707
0.40000001
0.49411765
0.57254905
0.61960787
0.65098041
0.68235296
0.70196080
0.58039218
0.54901963
0.52549022
0.50980395
0.49411765
0.47058824
0.44705883
0.45098040
0.39215687
0.36470589
0.40000001
0.40000001
0.41960785
0.46274510
0.46666667
0.44313726
0.46666667
0.46274510
0.46274510
0.46274510
0.43529412
0.40392157
0.40000001
0.38823530
0.38431373
0.41176471
0.50196081
0.56862748
0.60784316
0.60784316
0.60784316
0.63921571
0.57647061
0.54509807
0.52941179
0.51764709
0.50980395
0.50588238
0.49803922
0.49411765
0.47058824
0.45098040
0.44313726
0.44705883
0.45882353
0.47843137
0.50196081
0.54509807
0.56078434
0.54509807
0.56470591
0.58431375
0.59607846
0.59215689
0.58823532
0.55294120
0.52941179
0.51764709
0.56862748
0.59215689
0.58039218
0.55686277
0.54117650
0.55294120
0.68235296
0.64705884
0.60392159
0.56862748
0.54117650
0.52549022
0.50588238
0.49803922
0.48627451
0.47450981
0.47058824
0.46274510
0.45882353
0.44705883
0.45882353
0.47058824
0.49411765
0.51764709
0.52941179
0.52941179
0.56470591
0.58039218
0.56470591
0.58431375
0.60784316
0.59215689
0.60000002
0.58039218
0.53725493
0.51372552
0.51764709
0.52549022
0.11372549
0.18039216
0.36470589
0.46666667
0.48627451
0.49411765
0.50196081
0.50980395
0.51372552
0.51372552
0.50980395
0.50980395
0.51764709
0.50980395
0.52156866
0.58039218
0.40000001
0.38039216
0.46274510
0.47843137
0.48627451
0.48235294
0.49019608
0.49019608
0.48627451
0.48235294
0.47843137
0.48235294
0.48235294
0.47843137
0.47450981
0.46666667
0.11764706
0.18431373
0.37647060
0.48235294
0.49803922
0.50196081
0.51764709
0.52549022
0.52549022
0.52549022
0.51764709
0.51372552
0.51372552
0.50196081
0.51764709
0.57647061
0.40392157
0.38823530
0.47058824
0.48235294
0.49019608
0.48627451
0.48235294
0.48627451
0.48235294
0.48235294
0.48235294
0.48627451
0.48627451
0.47450981
0.47058824
0.46666667
0.11372549
0.18823530
0.37647060
0.49019608
0.50980395
0.52156866
0.52549022
0.51372552
0.51764709
0.52549022
0.52549022
0.52549022
0.52941179
0.51764709
0.52941179
0.58431375
0.41176471
0.40000001
0.48235294
0.48627451
0.48627451
0.48627451
0.49411765
0.49803922
0.49019608
0.48235294
0.48235294
0.49411765
0.49803922
0.49411765
0.48627451
0.48235294
0.12156863
0.19607843
0.38823530
0.50196081
0.51764709
0.52941179
0.54117650
0.53725493
0.54117650
0.54509807
0.53725493
0.53333336
0.53333336
0.52156866
0.53333336
0.58823532
0.41960785
0.41568628
0.50196081
0.50980395
0.50980395
0.51372552
0.51372552
0.51764709
0.50980395
0.49803922
0.49803922
0.50588238
0.50980395
0.50196081
0.49803922
0.49019608
0.12549020
0.19607843
0.40000001
0.52156866
0.53333336
0.54901963
0.56078434
0.54509807
0.54117650
0.57254905
0.57254905
0.56078434
0.56078434
0.54117650
0.54117650
0.58823532
0.42352942
0.41176471
0.49803922
0.51764709
0.50196081
0.48627451
0.51372552
0.52156866
0.50980395
0.49411765
0.49019608
0.50980395
0.51372552
0.50196081
0.49019608
0.47843137
0.13333334
0.20392157
0.35686275
0.43921569
0.50588238
0.50980395
0.46274510
0.53725493
0.60000002
0.52941179
0.56862748
0.61960787
0.58039218
0.48627451
0.48235294
0.57254905
0.41960785
0.35686275
0.39215687
0.43137255
0.46274510
0.46274510
0.45882353
0.43921569
0.46274510
0.58431375
0.56470591
0.45490196
0.44705883
0.45098040
0.47843137
0.47058824
0.14117648
0.20784314
0.23529412
0.22745098
0.45490196
0.41568628
0.20784314
0.49411765
0.70588237
0.35686275
0.49019608
0.81176472
0.71372551
0.47450981
0.48627451
0.62352943
0.52156866
0.42352942
0.34901962
0.32549021
0.47843137
0.50588238
0.25882354
0.13725491
0.24313726
0.69803923
0.63921571
0.21568628
0.14509805
0.21176471
0.43921569
0.48235294
0.13725491
0.20392157
0.34901962
0.43529412
0.50980395
0.51764709
0.46274510
0.56470591
0.65882355
0.54509807
0.73333335
0.93725491
0.84313726
0.67450982
0.62745100
0.65098041
0.65098041
0.62352943
0.60000002
0.54901963
0.56862748
0.54901963
0.38039216
0.36078432
0.40784314
0.68235296
0.64313728
0.38431373
0.36078432
0.37647060
0.46274510
0.48235294
0.12941177
0.20392157
0.40000001
0.52156866
0.54117650
0.56470591
0.56862748
0.54509807
0.57647061
0.65490198
0.71764708
0.74901962
0.71372551
0.65490198
0.63921571
0.63529414
0.62352943
0.57647061
0.56078434
0.57647061
0.58039218
0.56078434
0.51372552
0.51372552
0.51764709
0.54509807
0.53725493
0.51764709
0.51764709
0.50588238
0.49411765
0.48627451
0.12549020
0.19607843
0.37254903
0.50196081
0.53333336
0.55294120
0.55294120
0.56470591
0.65882355
0.70196080
0.72549021
0.76862746
0.77254903
0.78039217
0.78039217
0.77647060
0.76078433
0.72941178
0.74901962
0.78823531
0.78039217
0.73333335
0.73333335
0.62352943
0.52549022
0.54117650
0.52156866
0.52549022
0.53333336
0.52156866
0.50588238
0.50196081
0.11764706
0.20000000
0.37254903
0.49019608
0.52156866
0.54901963
0.57254905
0.63529414
0.67843139
0.70980394
0.73725492
0.75294119
0.74509805
0.74509805
0.73333335
0.72549021
0.71372551
0.70588237
0.70588237
0.70980394
0.70980394
0.70196080
0.71372551
0.72941178
0.57254905
0.51764709
0.67058825
0.59215689
0.52156866
0.52549022
0.50588238
0.50196081
0.10980392
0.16470589
0.32941177
0.46666667
0.41960785
0.38431373
0.51372552
0.64313728
0.70196080
0.76078433
0.74901962
0.72156864
0.72549021
0.73333335
0.72549021
0.71764708
0.70196080
0.69019610
0.67450982
0.69019610
0.72549021
0.71764708
0.69411767
0.70196080
0.63921571
0.47450981
0.54509807
0.42352942
0.40784314
0.47058824
0.45882353
0.45490196
0.21960784
0.25098041
0.35294119
0.43921569
0.29411766
0.17647059
0.39215687
0.55294120
0.56470591
0.59215689
0.56470591
0.59607846
0.67450982
0.70196080
0.69411767
0.67843139
0.66666669
0.63921571
0.61960787
0.68627453
0.76862746
0.76862746
0.75294119
0.66666669
0.59607846
0.36862746
0.22352941
0.21960784
0.41568628
0.50196081
0.47450981
0.47058824
0.52549022
0.54509807
0.56078434
0.55686277
0.53333336
0.41568628
0.28627452
0.41176471
0.51764709
0.59215689
0.61960787
0.65490198
0.69411767
0.69411767
0.69411767
0.68627453
0.68235296
0.67450982
0.66666669
0.68235296
0.70196080
0.70588237
0.69019610
0.66666669
0.51372552
0.23529412
0.25882354
0.45098040
0.50588238
0.50980395
0.49019608
0.47843137
0.63137257
0.62745100
0.62745100
0.62352943
0.61176473
0.41568628
0.16078432
0.19607843
0.33725491
0.47843137
0.55294120
0.64705884
0.64705884
0.52941179
0.47058824
0.45882353
0.42745098
0.47843137
0.51372552
0.46666667
0.48235294
0.49019608
0.46666667
0.40000001
0.30980393
0.30980393
0.32156864
0.41568628
0.47843137
0.45098040
0.43529412
0.41568628
0.63529414
0.63529414
0.64313728
0.64313728
0.58823532
0.56862748
0.53725493
0.55686277
0.65882355
0.71764708
0.68627453
0.72549021
0.71372551
0.64313728
0.58823532
0.54117650
0.46274510
0.42745098
0.38823530
0.31372550
0.26274511
0.21176471
0.15686275
0.10980392
0.09803922
0.18823530
0.20000000
0.27450982
0.56470591
0.57254905
0.54117650
0.50588238
0.65098041
0.65882355
0.66666669
0.65098041
0.62745100
0.79607844
0.87450981
0.85882354
0.84705883
0.83137256
0.81960785
0.80392158
0.79607844
0.80000001
0.79607844
0.78823531
0.76078433
0.73333335
0.72156864
0.70588237
0.65490198
0.60000002
0.44705883
0.30980393
0.28235295
0.18039216
0.12156863
0.14117648
0.46274510
0.62352943
0.58431375
0.57647061
0.67058825
0.67450982
0.68235296
0.65490198
0.64705884
0.67450982
0.65098041
0.63921571
0.60392159
0.56470591
0.55294120
0.54117650
0.53725493
0.53333336
0.53725493
0.54117650
0.52549022
0.53333336
0.54117650
0.54117650
0.54117650
0.54509807
0.53725493
0.52549022
0.53725493
0.49019608
0.44705883
0.29019609
0.36862746
0.60392159
0.58039218
0.58431375
0.67450982
0.67843139
0.68235296
0.67843139
0.74509805
0.74509805
0.75294119
0.76470590
0.68627453
0.52549022
0.38039216
0.25490198
0.21568628
0.23137255
0.23137255
0.23921569
0.28235295
0.25490198
0.22745098
0.22352941
0.21568628
0.24705882
0.36470589
0.56470591
0.68627453
0.70980394
0.70980394
0.66274512
0.62745100
0.61176473
0.60000002
0.59607846
0.67450982
0.66274512
0.67058825
0.65882355
0.76078433
0.85490197
0.87843138
0.88627452
0.82745099
0.65098041
0.36862746
0.15294118
0.09803922
0.12549020
0.11372549
0.13725491
0.26666668
0.18039216
0.10588235
0.11372549
0.09019608
0.15686275
0.35294119
0.72941178
0.89019608
0.88235295
0.84313726
0.79607844
0.72549021
0.61960787
0.60784316
0.61176473
0.67843139
0.66666669
0.67843139
0.62745100
0.53725493
0.54901963
0.56862748
0.59607846
0.53333336
0.41960785
0.31372550
0.13333334
0.03921569
0.05490196
0.05490196
0.06274510
0.08627451
0.09019608
0.08235294
0.08235294
0.06274510
0.14509805
0.30196080
0.44313726
0.51372552
0.51764709
0.49411765
0.46666667
0.40000001
0.56078434
0.62745100
0.61960787
0.69019610
0.68235296
0.68235296
0.61568630
0.36078432
0.32549021
0.39215687
0.41176471
0.40392157
0.38823530
0.27058825
0.11764706
0.10980392
0.12549020
0.12549020
0.12549020
0.12549020
0.14117648
0.14509805
0.15686275
0.16470589
0.16470589
0.26274511
0.40392157
0.41568628
0.40392157
0.38431373
0.30588236
0.24705882
0.53333336
0.60000002
0.58823532
0.67450982
0.68235296
0.67843139
0.58823532
0.23921569
0.10588235
0.16862746
0.20000000
0.22745098
0.25490198
0.17254902
0.06666667
0.11764706
0.11764706
0.09019608
0.09019608
0.09411765
0.10196079
0.10196079
0.14117648
0.16862746
0.11764706
0.16862746
0.26666668
0.25882354
0.23921569
0.18431373
0.11372549
0.26274511
0.54901963
0.57647061
0.59215689
0.52549022
0.52941179
0.54509807
0.49019608
0.19215687
0.05882353
0.03529412
0.04705882
0.05490196
0.05882353
0.07058824
0.03529412
0.01960784
0.02745098
0.04705882
0.06274510
0.06274510
0.06666667
0.06666667
0.05098039
0.04705882
0.05490196
0.09411765
0.08627451
0.08627451
0.06666667
0.03921569
0.06666667
0.32156864
0.56470591
0.58039218
0.60392159
0.49803922
0.47058824
0.42745098
0.38431373
0.12549020
0.05098039
0.01568628
0.00392157
0.00784314
0.00392157
0.03137255
0.02745098
0.00000000
0.00784314
0.06274510
0.07450981
0.07450981
0.06666667
0.07843138
0.03137255
0.01176471
0.03529412
0.05882353
0.03921569
0.04705882
0.03921569
0.02745098
0.07843138
0.28627452
0.54509807
0.56470591
0.60000002
0.49803922
0.48235294
0.47058824
0.45882353
0.20784314
0.03137255
0.02352941
0.01568628
0.01568628
0.01568628
0.02745098
0.01960784
0.00784314
0.01960784
0.04313726
0.04313726
0.03921569
0.03137255
0.03921569
0.02745098
0.02352941
0.03529412
0.04705882
0.05098039
0.05490196
0.04313726
0.03529412
0.08235294
0.34509805
0.54509807
0.55686277
0.59215689
0.52549022
0.49803922
0.45098040
0.41568628
0.33333334
0.19215687
0.12941177
0.11372549
0.09019608
0.03921569
0.01960784
0.01568628
0.00784314
0.00784314
0.01960784
0.03529412
0.03529412
0.03921569
0.04313726
0.05098039
0.05882353
0.07058824
0.08235294
0.10588235
0.12941177
0.15686275
0.19607843
0.29803923
0.47450981
0.54901963
0.57647061
0.59607846
0.56862748
0.52156866
0.45490196
0.40392157
0.35294119
0.28235295
0.21960784
0.18039216
0.16470589
0.10980392
0.10980392
0.12941177
0.11764706
0.09411765
0.07843138
0.07450981
0.04705882
0.04313726
0.06274510
0.07450981
0.10588235
0.12156863
0.13725491
0.17647059
0.22745098
0.29803923
0.38431373
0.45882353
0.50980395
0.56078434
0.60000002
0.60784316
0.59215689
0.52941179
0.47843137
0.45098040
0.39607844
0.32941177
0.28235295
0.25490198
0.21568628
0.19607843
0.25098041
0.25490198
0.25098041
0.25098041
0.25490198
0.23921569
0.20000000
0.17647059
0.16470589
0.16470589
0.15686275
0.14117648
0.17254902
0.19607843
0.24705882
0.32941177
0.42745098
0.49803922
0.54117650
0.57647061
0.60392159
0.62352943
0.52549022
0.49411765
0.47058824
0.45490196
0.43921569
0.41176471
0.38431373
0.38823530
0.32941177
0.30196080
0.34117648
0.34117648
0.36470589
0.40784314
0.40784314
0.38823530
0.41176471
0.40784314
0.41176471
0.41176471
0.38431373
0.34901962
0.34117648
0.32549021
0.32549021
0.34901962
0.43921569
0.50588238
0.54117650
0.53725493
0.53725493
0.56862748
0.52156866
0.49019608
0.47450981
0.46274510
0.45098040
0.44313726
0.43529412
0.42745098
0.40784314
0.38823530
0.37647060
0.38039216
0.38823530
0.41176471
0.43529412
0.47843137
0.50196081
0.49019608
0.50980395
0.52941179
0.54117650
0.53725493
0.53725493
0.49803922
0.47843137
0.46666667
0.51764709
0.53725493
0.51764709
0.49803922
0.48235294
0.49019608
0.63137257
0.59607846
0.54901963
0.51372552
0.48627451
0.46666667
0.44705883
0.43529412
0.42352942
0.41176471
0.40392157
0.39215687
0.38823530
0.38039216
0.38823530
0.40392157
0.43529412
0.46274510
0.47450981
0.47058824
0.50588238
0.52549022
0.50980395
0.53333336
0.55686277
0.54117650
0.54509807
0.52156866
0.47450981
0.45490196
0.45882353
0.47058824
1 -1 0 0 0 0 0 0 0 0 0
0 -1 1 0 0 0 0 0 0 0 0
0 -1 0 1 0 0 0 0 0 0 0
0 -1 0 0 1 0 0 0 0 0 0
0 -1 0 0 0 1 0 0 0 0 0
0 -1 0 0 0 0 1 0 0 0 0
0 -1 0 0 0 0 0 1 0 0 0
0 -1 0 0 0 0 0 0 1 0 0
0 -1 0 0 0 0 0 0 0 1 0
