0.21568628
0.20000000
0.19607843
0.20000000
0.19607843
0.21960784
0.21568628
0.19215687
0.19607843
0.22745098
0.23921569
0.23921569
0.21568628
0.18823530
0.22352941
0.19607843
0.23137255
0.29803923
0.31372550
0.33333334
0.34901962
0.27843139
0.25098041
0.24705882
0.23137255
0.29803923
0.38823530
0.37254903
0.38431373
0.50980395
0.47843137
0.48235294
0.20000000
0.17647059
0.21176471
0.25882354
0.22745098
0.21960784
0.19215687
0.21960784
0.27058825
0.31372550
0.18039216
0.17647059
0.21568628
0.17254902
0.18431373
0.21176471
0.22352941
0.26666668
0.27058825
0.32156864
0.37647060
0.38431373
0.34509805
0.22352941
0.24313726
0.32549021
0.49803922
0.43137255
0.35294119
0.43529412
0.56078434
0.54117650
0.17647059
0.20784314
0.24313726
0.26666668
0.19607843
0.21176471
0.23529412
0.26274511
0.29411766
0.29411766
0.16862746
0.16470589
0.24705882
0.19215687
0.17647059
0.21568628
0.16862746
0.23921569
0.28235295
0.30196080
0.29803923
0.25882354
0.32941177
0.33725491
0.37647060
0.45098040
0.42352942
0.36862746
0.35686275
0.41960785
0.40000001
0.51372552
0.26274511
0.27058825
0.23529412
0.25882354
0.22745098
0.21568628
0.22352941
0.23137255
0.26666668
0.27450982
0.28235295
0.29411766
0.33333334
0.23921569
0.19215687
0.25098041
0.32156864
0.30196080
0.28627452
0.26274511
0.31764707
0.29411766
0.34117648
0.41960785
0.43529412
0.51372552
0.43137255
0.38431373
0.43137255
0.46274510
0.47058824
0.57647061
0.26666668
0.24705882
0.25882354
0.24705882
0.25882354
0.24705882
0.22352941
0.25098041
0.20000000
0.20392157
0.30196080
0.40000001
0.32156864
0.25098041
0.27058825
0.31764707
0.30588236
0.30980393
0.25098041
0.23137255
0.38431373
0.37254903
0.36862746
0.43529412
0.45098040
0.45882353
0.47450981
0.43921569
0.44313726
0.41568628
0.51372552
0.61176473
0.21960784
0.24705882
0.26274511
0.22352941
0.23137255
0.21568628
0.21568628
0.19607843
0.19607843
0.25490198
0.31372550
0.37254903
0.36470589
0.40000001
0.37254903
0.26666668
0.26274511
0.38823530
0.29019609
0.30196080
0.40784314
0.36078432
0.32549021
0.39607844
0.46666667
0.49803922
0.50980395
0.44313726
0.40392157
0.41568628
0.42745098
0.45098040
0.19215687
0.22352941
0.27058825
0.24705882
0.25098041
0.21960784
0.17254902
0.18039216
0.26666668
0.32156864
0.38431373
0.46274510
0.41176471
0.30196080
0.34117648
0.40000001
0.36862746
0.37254903
0.38039216
0.40000001
0.42745098
0.44313726
0.51372552
0.67450982
0.81176472
0.72941178
0.50196081
0.50196081
0.52941179
0.49019608
0.37254903
0.31764707
0.21176471
0.22745098
0.25490198
0.23921569
0.25490198
0.24705882
0.24705882
0.30980393
0.36470589
0.40784314
0.46666667
0.54117650
0.44313726
0.21568628
0.18823530
0.35294119
0.38039216
0.32156864
0.52941179
0.72941178
0.68235296
0.78823531
0.86666667
0.92549020
0.98431373
0.82352942
0.61176473
0.75686276
0.84313726
0.70980394
0.45882353
0.37647060
0.21960784
0.21176471
0.20392157
0.22745098
0.23137255
0.26274511
0.35294119
0.41960785
0.50980395
0.48627451
0.49411765
0.51764709
0.35686275
0.21568628
0.24705882
0.37254903
0.42745098
0.45490196
0.67450982
0.87843138
0.90980393
0.94117647
0.92156863
0.85490197
0.83921570
0.74117649
0.74901962
0.89803922
0.97254902
0.84705883
0.53725493
0.38039216
0.20000000
0.21176471
0.18431373
0.22352941
0.26274511
0.30196080
0.37647060
0.46666667
0.54509807
0.49411765
0.56078434
0.54117650
0.43137255
0.46274510
0.61568630
0.67058825
0.70588237
0.82352942
0.88627452
0.91372550
0.93725491
0.95686275
0.93333334
0.77647060
0.73725492
0.86274511
0.89019608
0.78039217
0.82352942
0.71372551
0.53725493
0.28235295
0.21568628
0.20392157
0.20784314
0.21960784
0.27843139
0.33333334
0.48627451
0.54117650
0.40784314
0.47450981
0.52156866
0.59215689
0.71372551
0.67450982
0.60000002
0.72941178
0.81960785
0.79215688
0.83137256
0.92549020
0.94117647
0.95686275
0.97254902
0.88627452
0.90980393
0.96862745
0.81176472
0.55294120
0.63529414
0.80784315
0.37647060
0.18823530
0.21176471
0.20392157
0.20392157
0.23529412
0.30196080
0.43137255
0.56078434
0.49411765
0.45098040
0.59215689
0.67058825
0.70980394
0.82352942
0.80392158
0.72549021
0.81176472
0.89411765
0.83921570
0.88235295
0.91372550
0.87450981
0.94901961
0.97647059
0.98823529
0.96078432
0.90588236
0.59607846
0.49019608
0.70588237
0.50980395
0.20392157
0.19607843
0.19215687
0.18823530
0.17254902
0.25490198
0.36078432
0.49803922
0.52156866
0.48235294
0.52941179
0.72549021
0.82352942
0.85098040
0.83529413
0.79215688
0.81176472
0.82352942
0.81176472
0.89411765
0.84705883
0.93333334
0.97254902
0.96862745
0.90980393
0.76078433
0.74901962
0.81568629
0.68235296
0.71764708
0.61568630
0.25098041
0.19215687
0.18431373
0.18431373
0.17647059
0.21568628
0.34901962
0.48627451
0.50196081
0.50980395
0.63137257
0.73333335
0.77254903
0.80784315
0.86274511
0.86666667
0.80784315
0.70196080
0.84313726
0.82745099
0.92156863
0.91372550
0.94509804
0.87058824
0.84705883
0.73725492
0.74901962
0.87058824
0.78039217
0.85098040
0.70196080
0.30980393
0.18431373
0.17254902
0.16470589
0.21568628
0.20000000
0.25490198
0.45490196
0.43529412
0.37647060
0.59215689
0.73725492
0.81176472
0.72941178
0.76470590
0.86274511
0.83529413
0.80784315
0.76862746
0.81960785
0.79215688
0.86274511
0.80000001
0.81176472
0.74117649
0.86274511
0.79215688
0.77647060
0.81176472
0.78823531
0.64313728
0.31764707
0.23137255
0.23529412
0.20392157
0.20392157
0.22352941
0.16862746
0.21960784
0.25098041
0.31372550
0.52156866
0.66274512
0.68627453
0.77647060
0.81176472
0.81960785
0.82352942
0.66666669
0.70588237
0.77254903
0.76470590
0.63921571
0.74901962
0.67058825
0.75686276
0.85490197
0.84705883
0.83137256
0.83921570
0.74117649
0.54509807
0.27058825
0.20000000
0.21176471
0.22352941
0.26666668
0.26274511
0.18039216
0.18823530
0.24705882
0.18431373
0.39607844
0.57647061
0.61176473
0.66274512
0.72549021
0.68235296
0.64705884
0.65882355
0.69803923
0.69411767
0.68627453
0.68627453
0.75686276
0.76078433
0.73725492
0.70980394
0.72941178
0.78431374
0.78823531
0.68235296
0.38823530
0.20392157
0.19215687
0.25490198
0.24313726
0.24313726
0.30196080
0.31372550
0.18431373
0.21960784
0.20784314
0.30196080
0.62352943
0.69019610
0.67843139
0.75686276
0.69411767
0.59215689
0.68235296
0.63921571
0.61568630
0.61568630
0.68627453
0.69019610
0.74509805
0.71372551
0.67843139
0.60784316
0.70588237
0.87058824
0.64313728
0.39215687
0.22745098
0.17254902
0.15294118
0.21176471
0.27450982
0.32941177
0.51372552
0.55686277
0.23137255
0.23921569
0.23921569
0.45098040
0.67843139
0.68627453
0.67843139
0.79215688
0.81176472
0.77254903
0.78431374
0.69411767
0.67058825
0.71764708
0.66666669
0.61960787
0.57647061
0.50196081
0.47058824
0.55294120
0.92156863
0.92156863
0.54509807
0.27450982
0.20784314
0.18823530
0.15686275
0.18039216
0.25882354
0.31764707
0.52549022
0.67450982
0.23137255
0.22745098
0.31372550
0.39607844
0.49019608
0.59215689
0.59607846
0.67843139
0.76862746
0.83529413
0.78823531
0.73725492
0.73725492
0.72156864
0.69803923
0.65882355
0.40784314
0.27843139
0.30588236
0.65490198
0.95294118
0.75686276
0.35686275
0.19607843
0.19215687
0.23529412
0.22745098
0.23529412
0.23529412
0.54117650
0.66274512
0.81568629
0.33333334
0.25098041
0.21568628
0.23137255
0.24313726
0.47843137
0.64313728
0.63921571
0.65882355
0.74117649
0.68235296
0.76078433
0.80000001
0.75686276
0.73725492
0.80000001
0.60392159
0.25882354
0.30196080
0.83137256
0.89411765
0.67450982
0.37647060
0.31764707
0.20784314
0.22745098
0.25882354
0.25490198
0.45098040
0.79215688
0.85882354
0.82352942
0.38823530
0.31764707
0.25490198
0.30196080
0.33725491
0.40000001
0.54117650
0.63529414
0.63137257
0.65882355
0.63921571
0.68235296
0.72549021
0.70588237
0.58431375
0.66666669
0.69803923
0.36470589
0.29411766
0.78039217
0.92156863
0.78431374
0.54117650
0.40000001
0.25882354
0.23529412
0.28235295
0.46666667
0.74901962
0.87450981
0.69411767
0.69411767
0.27450982
0.34117648
0.31372550
0.25490198
0.36862746
0.44705883
0.43529412
0.54117650
0.73333335
0.73725492
0.69411767
0.68235296
0.66274512
0.60000002
0.60784316
0.72549021
0.65882355
0.37254903
0.22352941
0.65098041
0.93725491
0.79607844
0.48627451
0.27843139
0.27450982
0.32156864
0.45490196
0.67450982
0.74509805
0.88627452
0.83137256
0.83529413
0.22745098
0.37254903
0.51764709
0.52156866
0.49803922
0.47058824
0.44705883
0.51372552
0.65490198
0.57647061
0.54509807
0.61176473
0.64313728
0.55686277
0.58431375
0.66274512
0.54117650
0.32549021
0.27843139
0.50980395
0.86666667
0.75294119
0.45882353
0.36078432
0.40000001
0.41176471
0.55294120
0.80000001
0.85490197
0.79607844
0.77647060
0.94901961
0.28235295
0.36078432
0.41568628
0.44705883
0.46666667
0.46274510
0.49803922
0.50588238
0.55294120
0.43921569
0.36078432
0.38823530
0.58039218
0.54509807
0.64705884
0.69411767
0.54117650
0.46274510
0.52549022
0.49411765
0.60784316
0.70196080
0.61960787
0.69411767
0.61176473
0.56862748
0.63529414
0.78431374
0.86274511
0.84705883
0.78039217
0.89803922
0.30196080
0.28627452
0.29803923
0.32941177
0.43921569
0.43921569
0.60000002
0.62352943
0.60392159
0.49019608
0.45882353
0.43921569
0.50980395
0.52156866
0.62352943
0.68627453
0.58039218
0.60000002
0.67450982
0.54117650
0.52156866
0.64705884
0.52156866
0.51372552
0.58823532
0.51372552
0.63529414
0.64705884
0.75686276
0.94117647
0.93725491
0.90588236
0.28627452
0.30980393
0.26666668
0.38039216
0.52156866
0.49019608
0.57254905
0.58823532
0.64705884
0.61568630
0.57254905
0.61176473
0.51764709
0.52941179
0.47058824
0.67058825
0.49411765
0.55686277
0.78823531
0.73725492
0.60392159
0.49803922
0.59215689
0.44705883
0.65490198
0.61568630
0.56470591
0.61568630
0.81176472
0.85882354
0.94117647
0.93333334
0.34901962
0.35294119
0.27843139
0.39215687
0.56862748
0.60000002
0.63529414
0.48235294
0.52156866
0.66274512
0.64313728
0.55686277
0.53725493
0.63921571
0.58039218
0.56078434
0.61568630
0.67843139
0.70980394
0.69803923
0.63921571
0.58039218
0.63921571
0.58039218
0.70588237
0.61960787
0.52941179
0.77647060
0.74901962
0.74117649
0.92156863
0.96078432
0.42352942
0.38039216
0.45882353
0.56862748
0.65882355
0.70980394
0.61960787
0.54117650
0.58823532
0.57647061
0.68235296
0.52549022
0.54901963
0.61176473
0.56470591
0.43137255
0.50980395
0.67843139
0.65490198
0.72941178
0.60784316
0.38823530
0.49019608
0.63921571
0.71372551
0.72156864
0.64705884
0.65098041
0.53333336
0.57647061
0.91764706
0.95686275
0.49411765
0.52156866
0.63529414
0.68235296
0.49803922
0.63137257
0.50196081
0.42352942
0.42352942
0.49411765
0.56078434
0.54117650
0.50588238
0.51764709
0.46274510
0.35686275
0.51372552
0.58431375
0.70196080
0.72156864
0.60392159
0.39607844
0.45098040
0.69803923
0.73333335
0.69803923
0.82352942
0.65882355
0.72549021
0.75686276
0.83137256
0.82352942
0.55686277
0.50980395
0.64313728
0.73333335
0.58823532
0.59607846
0.52156866
0.41176471
0.35686275
0.39215687
0.46666667
0.46666667
0.48627451
0.50980395
0.36078432
0.47450981
0.56470591
0.45882353
0.76470590
0.69803923
0.56470591
0.67058825
0.49019608
0.79215688
0.59215689
0.50196081
0.81960785
0.88235295
0.81568629
0.83529413
0.84705883
0.85882354
0.61960787
0.63921571
0.70196080
0.77254903
0.67058825
0.61960787
0.64705884
0.44313726
0.38431373
0.50196081
0.59215689
0.51764709
0.64705884
0.54509807
0.43529412
0.52941179
0.50980395
0.36078432
0.73333335
0.66666669
0.43137255
0.67058825
0.73333335
0.74901962
0.47843137
0.46274510
0.71764708
0.87450981
0.78431374
0.88627452
0.88627452
0.84313726
0.14901961
0.12941177
0.12156863
0.14117648
0.14901961
0.16862746
0.16470589
0.13725491
0.12941177
0.16862746
0.17647059
0.15686275
0.13725491
0.11372549
0.15294118
0.12156863
0.14509805
0.22745098
0.24705882
0.27058825
0.27058825
0.20000000
0.19215687
0.18431373
0.15294118
0.21568628
0.29803923
0.29411766
0.31372550
0.37647060
0.35294119
0.35294119
0.12941177
0.10588235
0.13725491
0.19607843
0.18431373
0.16862746
0.13333334
0.16862746
0.22745098
0.26666668
0.11764706
0.10588235
0.14901961
0.10980392
0.12156863
0.13725491
0.14509805
0.20392157
0.20392157
0.26666668
0.32156864
0.31372550
0.28627452
0.16470589
0.17647059
0.21960784
0.37254903
0.35686275
0.28235295
0.33333334
0.43921569
0.41568628
0.10980392
0.14117648
0.19215687
0.20784314
0.12941177
0.15686275
0.18823530
0.23137255
0.25882354
0.25098041
0.10980392
0.10196079
0.18431373
0.12549020
0.10196079
0.14509805
0.10588235
0.16078432
0.20392157
0.21568628
0.23529412
0.19607843
0.26274511
0.25882354
0.29411766
0.36862746
0.34509805
0.29803923
0.29411766
0.34117648
0.29019609
0.40784314
0.21568628
0.21568628
0.17254902
0.17254902
0.14901961
0.15294118
0.18431373
0.20000000
0.21176471
0.22352941
0.22745098
0.20392157
0.23137255
0.14901961
0.12941177
0.22745098
0.26666668
0.19607843
0.16470589
0.14901961
0.25490198
0.23921569
0.29019609
0.37647060
0.36470589
0.44705883
0.38039216
0.33333334
0.37647060
0.39607844
0.41176471
0.55686277
0.21176471
0.17254902
0.18431373
0.16470589
0.18039216
0.18431373
0.16862746
0.21176471
0.13725491
0.13725491
0.21960784
0.29411766
0.23137255
0.18039216
0.21176471
0.25882354
0.24313726
0.20392157
0.15686275
0.15294118
0.33725491
0.33333334
0.30980393
0.39607844
0.40000001
0.40000001
0.42352942
0.40784314
0.39215687
0.34901962
0.46666667
0.60392159
0.15686275
0.17254902
0.18431373
0.14509805
0.14509805
0.14901961
0.15686275
0.14117648
0.12549020
0.16862746
0.21568628
0.28235295
0.27843139
0.30196080
0.27843139
0.17254902
0.18039216
0.28235295
0.20784314
0.23921569
0.34901962
0.30196080
0.27450982
0.35686275
0.41960785
0.45882353
0.46274510
0.39215687
0.35686275
0.35686275
0.38039216
0.42745098
0.11764706
0.14901961
0.19215687
0.16470589
0.15294118
0.14509805
0.10980392
0.10980392
0.18431373
0.24313726
0.30196080
0.39215687
0.33725491
0.20392157
0.23921569
0.29803923
0.29019609
0.29803923
0.31764707
0.34117648
0.35686275
0.36078432
0.44705883
0.62745100
0.76078433
0.66274512
0.42745098
0.42352942
0.46274510
0.41960785
0.33333334
0.25882354
0.12941177
0.14901961
0.17254902
0.16078432
0.15686275
0.15294118
0.16078432
0.22745098
0.28627452
0.34901962
0.40000001
0.48235294
0.38039216
0.14117648
0.11764706
0.27843139
0.30980393
0.25098041
0.43921569
0.62352943
0.59215689
0.71764708
0.80000001
0.88627452
0.94117647
0.73725492
0.52941179
0.65490198
0.74901962
0.61176473
0.38823530
0.31372550
0.14509805
0.13725491
0.12549020
0.15294118
0.14509805
0.16470589
0.26274511
0.34509805
0.45098040
0.41568628
0.42352942
0.45490196
0.28627452
0.14901961
0.19215687
0.30196080
0.34509805
0.36862746
0.56470591
0.78039217
0.83529413
0.89411765
0.87450981
0.80000001
0.77254903
0.65490198
0.66666669
0.82745099
0.89411765
0.74117649
0.45490196
0.30980393
0.12156863
0.13333334
0.10588235
0.14117648
0.16470589
0.20392157
0.29803923
0.40000001
0.47058824
0.40784314
0.49411765
0.45490196
0.32941177
0.38431373
0.54901963
0.58039218
0.61176473
0.74117649
0.79607844
0.85098040
0.89803922
0.92941177
0.89803922
0.69411767
0.64313728
0.77254903
0.78431374
0.67058825
0.74117649
0.63137257
0.45882353
0.21568628
0.13725491
0.12549020
0.12549020
0.12549020
0.18823530
0.26666668
0.42352942
0.47450981
0.34117648
0.41960785
0.45490196
0.52549022
0.64313728
0.58823532
0.50588238
0.63921571
0.72941178
0.72941178
0.79607844
0.89803922
0.90196079
0.92156863
0.94117647
0.83529413
0.86274511
0.92549020
0.71764708
0.46666667
0.56862748
0.73725492
0.31764707
0.14509805
0.12941177
0.12549020
0.13333334
0.14509805
0.21960784
0.38039216
0.49803922
0.40000001
0.39215687
0.54117650
0.61176473
0.64705884
0.76078433
0.73333335
0.63921571
0.72156864
0.83137256
0.78431374
0.83529413
0.87058824
0.82352942
0.90196079
0.95294118
0.98039216
0.94901961
0.86666667
0.52549022
0.43921569
0.60784316
0.43529412
0.15294118
0.14117648
0.11372549
0.11372549
0.10980392
0.17647059
0.29411766
0.43137255
0.45098040
0.40784314
0.46274510
0.66666669
0.78039217
0.79215688
0.75686276
0.71764708
0.71764708
0.70980394
0.72156864
0.82745099
0.78823531
0.89411765
0.94901961
0.95294118
0.87450981
0.67843139
0.63137257
0.70588237
0.59607846
0.62352943
0.51764709
0.18431373
0.13333334
0.12941177
0.10588235
0.11372549
0.14901961
0.26274511
0.41960785
0.42745098
0.44705883
0.58039218
0.67843139
0.72549021
0.76470590
0.80392158
0.79607844
0.72941178
0.60000002
0.74117649
0.74901962
0.87843138
0.87843138
0.90980393
0.84313726
0.80392158
0.64705884
0.63529414
0.75686276
0.60392159
0.73333335
0.61960787
0.23529412
0.12549020
0.11372549
0.10980392
0.14117648
0.12549020
0.17647059
0.37254903
0.36078432
0.30980393
0.51764709
0.67058825
0.76470590
0.69411767
0.71372551
0.80784315
0.76862746
0.73333335
0.68627453
0.74117649
0.71764708
0.79607844
0.74117649
0.75686276
0.67450982
0.79607844
0.67450982
0.63137257
0.65882355
0.62745100
0.54117650
0.25098041
0.17254902
0.17254902
0.13333334
0.14509805
0.14509805
0.09411765
0.15294118
0.17254902
0.23529412
0.44705883
0.60392159
0.63529414
0.72156864
0.76470590
0.75686276
0.75686276
0.57647061
0.60784316
0.67058825
0.66666669
0.54117650
0.65490198
0.59607846
0.68627453
0.76862746
0.76862746
0.73725492
0.72941178
0.62352943
0.45098040
0.20784314
0.16078432
0.17254902
0.16470589
0.19607843
0.19607843
0.11372549
0.11764706
0.17254902
0.10980392
0.30588236
0.46274510
0.52941179
0.60392159
0.67058825
0.60784316
0.57254905
0.56470591
0.59607846
0.58431375
0.56470591
0.58431375
0.65882355
0.66666669
0.65882355
0.63137257
0.64705884
0.69803923
0.70196080
0.60784316
0.32549021
0.14509805
0.15294118
0.22745098
0.20000000
0.17647059
0.23921569
0.22352941
0.11764706
0.14117648
0.12941177
0.21568628
0.53333336
0.59215689
0.58039218
0.64705884
0.60392159
0.51764709
0.59215689
0.56078434
0.53333336
0.51372552
0.57647061
0.60392159
0.65882355
0.62352943
0.59215689
0.52549022
0.62352943
0.79215688
0.54509807
0.29803923
0.16862746
0.11764706
0.11372549
0.18039216
0.22745098
0.26274511
0.41568628
0.42745098
0.15294118
0.15294118
0.15686275
0.34509805
0.58431375
0.61568630
0.60392159
0.70588237
0.72156864
0.65882355
0.66274512
0.60784316
0.60000002
0.63529414
0.57647061
0.52156866
0.46666667
0.40392157
0.38039216
0.46274510
0.85098040
0.83921570
0.45098040
0.20784314
0.14509805
0.12941177
0.10588235
0.12941177
0.19215687
0.22745098
0.39607844
0.50196081
0.15686275
0.16078432
0.23921569
0.30588236
0.39607844
0.49019608
0.50588238
0.57254905
0.65490198
0.72941178
0.70196080
0.65882355
0.64705884
0.61960787
0.61960787
0.57647061
0.30588236
0.19607843
0.20392157
0.57254905
0.87843138
0.65098041
0.26666668
0.13333334
0.12941177
0.16470589
0.15686275
0.16862746
0.16862746
0.38823530
0.48235294
0.64313728
0.25882354
0.18039216
0.15686275
0.18039216
0.17254902
0.38823530
0.54117650
0.52941179
0.53725493
0.63921571
0.58823532
0.68627453
0.70980394
0.65490198
0.64705884
0.71764708
0.52549022
0.17647059
0.22352941
0.74901962
0.79607844
0.56470591
0.31372550
0.27450982
0.14117648
0.15294118
0.17254902
0.17254902
0.35294119
0.61960787
0.64705884
0.67058825
0.30196080
0.26274511
0.21176471
0.25882354
0.27450982
0.33725491
0.47058824
0.52549022
0.51372552
0.54901963
0.52156866
0.56470591
0.60392159
0.59607846
0.50980395
0.58431375
0.59607846
0.27058825
0.21176471
0.69019610
0.82352942
0.68235296
0.47450981
0.34509805
0.19215687
0.16862746
0.19607843
0.36470589
0.62745100
0.70588237
0.51764709
0.57254905
0.20000000
0.27450982
0.22745098
0.18431373
0.31764707
0.40784314
0.40392157
0.48627451
0.62745100
0.61176473
0.57254905
0.56078434
0.54901963
0.49411765
0.49803922
0.59607846
0.53725493
0.26666668
0.14901961
0.56078434
0.83137256
0.67843139
0.38823530
0.20000000
0.21568628
0.25882354
0.32941177
0.53725493
0.60784316
0.77254903
0.69803923
0.74509805
0.17647059
0.34117648
0.45098040
0.41960785
0.41568628
0.41960785
0.40392157
0.47450981
0.57254905
0.47450981
0.46666667
0.52549022
0.52941179
0.45490196
0.50588238
0.56078434
0.43921569
0.23921569
0.20392157
0.41176471
0.74509805
0.61176473
0.34509805
0.25882354
0.32549021
0.33725491
0.46274510
0.72549021
0.76862746
0.65490198
0.64313728
0.85490197
0.22745098
0.33333334
0.39607844
0.38823530
0.37647060
0.36862746
0.40392157
0.39607844
0.43137255
0.34901962
0.29019609
0.32156864
0.47843137
0.47450981
0.58823532
0.62745100
0.46274510
0.39215687
0.44705883
0.41960785
0.51372552
0.56862748
0.48627451
0.56078434
0.52941179
0.49019608
0.55686277
0.71764708
0.76078433
0.66666669
0.59607846
0.76078433
0.24705882
0.25098041
0.27450982
0.30196080
0.35686275
0.36078432
0.49019608
0.46666667
0.46666667
0.39215687
0.36470589
0.32549021
0.39607844
0.44705883
0.53725493
0.59215689
0.52156866
0.54117650
0.59607846
0.48235294
0.47843137
0.58039218
0.43529412
0.45490196
0.52549022
0.41568628
0.54509807
0.56470591
0.61960787
0.85098040
0.85490197
0.78823531
0.22745098
0.25882354
0.22352941
0.32549021
0.44313726
0.42352942
0.47058824
0.48235294
0.54509807
0.50588238
0.45098040
0.45882353
0.38431373
0.43921569
0.37254903
0.55686277
0.41176471
0.47450981
0.71372551
0.67450982
0.54901963
0.43921569
0.52941179
0.38823530
0.58039218
0.53725493
0.47450981
0.50588238
0.68627453
0.73333335
0.88627452
0.85882354
0.27843139
0.30196080
0.23921569
0.30980393
0.48627451
0.51764709
0.52941179
0.40784314
0.43529412
0.58823532
0.55294120
0.43529412
0.41176471
0.52156866
0.44705883
0.46666667
0.51372552
0.57647061
0.63921571
0.62745100
0.55294120
0.50196081
0.57647061
0.50196081
0.62352943
0.54117650
0.41960785
0.63529414
0.65098041
0.61960787
0.83921570
0.92941177
0.33725491
0.31372550
0.37254903
0.44313726
0.50980395
0.57647061
0.49803922
0.44705883
0.49411765
0.49019608
0.60000002
0.44705883
0.47058824
0.53333336
0.47450981
0.33725491
0.37647060
0.55294120
0.56862748
0.65098041
0.54117650
0.32941177
0.44313726
0.58823532
0.64313728
0.65490198
0.53333336
0.51764709
0.42352942
0.48235294
0.83529413
0.90588236
0.40000001
0.41960785
0.47450981
0.51372552
0.41176471
0.53333336
0.40000001
0.34117648
0.36078432
0.42745098
0.48627451
0.47450981
0.45098040
0.49411765
0.42352942
0.25882354
0.35294119
0.44313726
0.60000002
0.62352943
0.50588238
0.31372550
0.40392157
0.63921571
0.64705884
0.63921571
0.78039217
0.57254905
0.63137257
0.67058825
0.71764708
0.71372551
0.43529412
0.36862746
0.44313726
0.50980395
0.43529412
0.48235294
0.42352942
0.33333334
0.27058825
0.32941177
0.40000001
0.41176471
0.43529412
0.45490196
0.31372550
0.37647060
0.41568628
0.29411766
0.63921571
0.58431375
0.44705883
0.58431375
0.42745098
0.72549021
0.52156866
0.42745098
0.74509805
0.82745099
0.74117649
0.76470590
0.74509805
0.74117649
0.50588238
0.49803922
0.49803922
0.54509807
0.49019608
0.47843137
0.51372552
0.36078432
0.30196080
0.39607844
0.48627451
0.43137255
0.54509807
0.43529412
0.36470589
0.42352942
0.36470589
0.23921569
0.62745100
0.54509807
0.32156864
0.58039218
0.63921571
0.67450982
0.41568628
0.33725491
0.53725493
0.78431374
0.70196080
0.82745099
0.83529413
0.74117649
0.18039216
0.17254902
0.17647059
0.17254902
0.16470589
0.18431373
0.18431373
0.16078432
0.15294118
0.16470589
0.18039216
0.17647059
0.14901961
0.12156863
0.14509805
0.13333334
0.14901961
0.17254902
0.20000000
0.24313726
0.23529412
0.17647059
0.18431373
0.18823530
0.16862746
0.19215687
0.21960784
0.23137255
0.23921569
0.28235295
0.26274511
0.29019609
0.16470589
0.14901961
0.18039216
0.20784314
0.18039216
0.16470589
0.15294118
0.16470589
0.18431373
0.23137255
0.14117648
0.13725491
0.16078432
0.11372549
0.12156863
0.15294118
0.16470589
0.18039216
0.18823530
0.23529412
0.24705882
0.24313726
0.25098041
0.15686275
0.18823530
0.21960784
0.32156864
0.30588236
0.22352941
0.26274511
0.32549021
0.30980393
0.12941177
0.14901961
0.18431373
0.20000000
0.14117648
0.16078432
0.17647059
0.20000000
0.20784314
0.21176471
0.11372549
0.10980392
0.18039216
0.14117648
0.12549020
0.16078432
0.10980392
0.16470589
0.22745098
0.21960784
0.21176471
0.18039216
0.21176471
0.19607843
0.26274511
0.30588236
0.30588236
0.26274511
0.21568628
0.22745098
0.20392157
0.31764707
0.19607843
0.20000000
0.17647059
0.18823530
0.18039216
0.17647059
0.18431373
0.18039216
0.19607843
0.21176471
0.18823530
0.16470589
0.20000000
0.16862746
0.14509805
0.18823530
0.20000000
0.18039216
0.16470589
0.15294118
0.25098041
0.21960784
0.23921569
0.32156864
0.29019609
0.34509805
0.26274511
0.24705882
0.30588236
0.34117648
0.36470589
0.54901963
0.20000000
0.18039216
0.19607843
0.16470589
0.18431373
0.17647059
0.17254902
0.19215687
0.15294118
0.16862746
0.20392157
0.22352941
0.18823530
0.18039216
0.20784314
0.22745098
0.21568628
0.18039216
0.14509805
0.14117648
0.27058825
0.25882354
0.23529412
0.33333334
0.32941177
0.33725491
0.36862746
0.33333334
0.31764707
0.33333334
0.46274510
0.66274512
0.17254902
0.18039216
0.18431373
0.15686275
0.16078432
0.14901961
0.16470589
0.14117648
0.12549020
0.16078432
0.18431373
0.20000000
0.21176471
0.25098041
0.24313726
0.18431373
0.18431373
0.23921569
0.18823530
0.20784314
0.26274511
0.22745098
0.17647059
0.28235295
0.33725491
0.40392157
0.41960785
0.34509805
0.25882354
0.27058825
0.36862746
0.44313726
0.15294118
0.16078432
0.19607843
0.17254902
0.16862746
0.14901961
0.11372549
0.10588235
0.15686275
0.16862746
0.19607843
0.21176471
0.19215687
0.17647059
0.20392157
0.26666668
0.21960784
0.20392157
0.23529412
0.23529412
0.21960784
0.19215687
0.25490198
0.45882353
0.62745100
0.52549022
0.30588236
0.25490198
0.27450982
0.26274511
0.28235295
0.21176471
0.16078432
0.16862746
0.19215687
0.16862746
0.16862746
0.16862746
0.14117648
0.17254902
0.19215687
0.20392157
0.24313726
0.30980393
0.21960784
0.14117648
0.12941177
0.21960784
0.21960784
0.17647059
0.25098041
0.28627452
0.29411766
0.44705883
0.58431375
0.72156864
0.77647060
0.55294120
0.39215687
0.41176471
0.45490196
0.34117648
0.24705882
0.20392157
0.16862746
0.16470589
0.16078432
0.16862746
0.16078432
0.16862746
0.19215687
0.19607843
0.23921569
0.27058825
0.31372550
0.33725491
0.20000000
0.12941177
0.13333334
0.18431373
0.21176471
0.27450982
0.29019609
0.37647060
0.52549022
0.66274512
0.76862746
0.77254903
0.65882355
0.51764709
0.55294120
0.58431375
0.55294120
0.43921569
0.26274511
0.21176471
0.14117648
0.15686275
0.13333334
0.16078432
0.17254902
0.17254902
0.19215687
0.23529412
0.27058825
0.29411766
0.34509805
0.26274511
0.17254902
0.18039216
0.23921569
0.27058825
0.28627452
0.41176471
0.48235294
0.56470591
0.70980394
0.79215688
0.81960785
0.69803923
0.64313728
0.60000002
0.53725493
0.43529412
0.47843137
0.45490196
0.26274511
0.16078432
0.14509805
0.14117648
0.14901961
0.14509805
0.18039216
0.19215687
0.27843139
0.32156864
0.23921569
0.36862746
0.28627452
0.27450982
0.38431373
0.30588236
0.23921569
0.32156864
0.40000001
0.47058824
0.65490198
0.74901962
0.77254903
0.77647060
0.79607844
0.73725492
0.76470590
0.76470590
0.59215689
0.38823530
0.32156864
0.40000001
0.18823530
0.12941177
0.15686275
0.13725491
0.13725491
0.14509805
0.17647059
0.24705882
0.36862746
0.27058825
0.26666668
0.37254903
0.42745098
0.54117650
0.58823532
0.49803922
0.39607844
0.49019608
0.66666669
0.65098041
0.65882355
0.63137257
0.62352943
0.74117649
0.83529413
0.86274511
0.83921570
0.72549021
0.53333336
0.41960785
0.25490198
0.17647059
0.13333334
0.13725491
0.14117648
0.14117648
0.12941177
0.15294118
0.19607843
0.34901962
0.32156864
0.25490198
0.34901962
0.47843137
0.62745100
0.63921571
0.58039218
0.47058824
0.41176471
0.38823530
0.46666667
0.60392159
0.65490198
0.74117649
0.83137256
0.81568629
0.73333335
0.60392159
0.60000002
0.60392159
0.40784314
0.36470589
0.22745098
0.15294118
0.12549020
0.12156863
0.12941177
0.13725491
0.14901961
0.20392157
0.30980393
0.34509805
0.32156864
0.42352942
0.51372552
0.52549022
0.61176473
0.64313728
0.60784316
0.52549022
0.40000001
0.43137255
0.55686277
0.72549021
0.75294119
0.76078433
0.69803923
0.60000002
0.52156866
0.57254905
0.60392159
0.50588238
0.43137255
0.32941177
0.16862746
0.12941177
0.09803922
0.10196079
0.14901961
0.13333334
0.15686275
0.27450982
0.27450982
0.21960784
0.37254903
0.55686277
0.64705884
0.61568630
0.63529414
0.63137257
0.59215689
0.52156866
0.47058824
0.50196081
0.52156866
0.58823532
0.58039218
0.52941179
0.42352942
0.47843137
0.47058824
0.52156866
0.45882353
0.47450981
0.33333334
0.18823530
0.17647059
0.16470589
0.12941177
0.12941177
0.16470589
0.12941177
0.15686275
0.15686275
0.18039216
0.34509805
0.52156866
0.57647061
0.62352943
0.67450982
0.60392159
0.53333336
0.41568628
0.39607844
0.44705883
0.45098040
0.38039216
0.44313726
0.41960785
0.42352942
0.41960785
0.37254903
0.35686275
0.49411765
0.49019608
0.34901962
0.15294118
0.14117648
0.16078432
0.14901961
0.17254902
0.16862746
0.13333334
0.14117648
0.17647059
0.14509805
0.22745098
0.29803923
0.34117648
0.47058824
0.57254905
0.43921569
0.34117648
0.31764707
0.35686275
0.33725491
0.32941177
0.35294119
0.38431373
0.40000001
0.38039216
0.32549021
0.27058825
0.32941177
0.34901962
0.33725491
0.21568628
0.14901961
0.12941177
0.16470589
0.16862746
0.14117648
0.18431373
0.20784314
0.13333334
0.16470589
0.14117648
0.17254902
0.42352942
0.48627451
0.46274510
0.43529412
0.40392157
0.31764707
0.45098040
0.45098040
0.34509805
0.28235295
0.29411766
0.33333334
0.34117648
0.31764707
0.27058825
0.22745098
0.34509805
0.45490196
0.29411766
0.16078432
0.14509805
0.12156863
0.09803922
0.13725491
0.17254902
0.20000000
0.35294119
0.35686275
0.16470589
0.17254902
0.16862746
0.27843139
0.52156866
0.58039218
0.54117650
0.59607846
0.58039218
0.45098040
0.40392157
0.41176471
0.43137255
0.40392157
0.32549021
0.25098041
0.23137255
0.20392157
0.17647059
0.29803923
0.62352943
0.51764709
0.25882354
0.16078432
0.14901961
0.12941177
0.10588235
0.11372549
0.15294118
0.17647059
0.33333334
0.38039216
0.17254902
0.19607843
0.25490198
0.32156864
0.37254903
0.40392157
0.37254903
0.40392157
0.48627451
0.58823532
0.53333336
0.45098040
0.38431373
0.39607844
0.47843137
0.34117648
0.18039216
0.15294118
0.14509805
0.46666667
0.65490198
0.33333334
0.14509805
0.14901961
0.12941177
0.15686275
0.14509805
0.14117648
0.14901961
0.32156864
0.33333334
0.56078434
0.22352941
0.16078432
0.14901961
0.15294118
0.13725491
0.25490198
0.32549021
0.30588236
0.32941177
0.43137255
0.43921569
0.50980395
0.47843137
0.41176471
0.45882353
0.56078434
0.34509805
0.15294118
0.20000000
0.59215689
0.50588238
0.26274511
0.21176471
0.24705882
0.14509805
0.14509805
0.16078432
0.13725491
0.25490198
0.45882353
0.46666667
0.60784316
0.23921569
0.21176471
0.18431373
0.20392157
0.23529412
0.26666668
0.32941177
0.30980393
0.28627452
0.29019609
0.26666668
0.30196080
0.31764707
0.32941177
0.33725491
0.40784314
0.40000001
0.19215687
0.18039216
0.45882353
0.49019608
0.38823530
0.31764707
0.25882354
0.16078432
0.14117648
0.15294118
0.25882354
0.50980395
0.61176473
0.41176471
0.49411765
0.19607843
0.23529412
0.19607843
0.16078432
0.26666668
0.28627452
0.25490198
0.28627452
0.43921569
0.40392157
0.30980393
0.29019609
0.29019609
0.23921569
0.27843139
0.40784314
0.32549021
0.19215687
0.13725491
0.37647060
0.50588238
0.34117648
0.21176471
0.16470589
0.17647059
0.20392157
0.26274511
0.42745098
0.50196081
0.65490198
0.54901963
0.67058825
0.17647059
0.29019609
0.36470589
0.32549021
0.32941177
0.31764707
0.26666668
0.28627452
0.39607844
0.35686275
0.37647060
0.38039216
0.36862746
0.32156864
0.36470589
0.39215687
0.31372550
0.17647059
0.14901961
0.33333334
0.49019608
0.29803923
0.18039216
0.17647059
0.23921569
0.23921569
0.36862746
0.67058825
0.70196080
0.49803922
0.45882353
0.73725492
0.20392157
0.29411766
0.34117648
0.32941177
0.28235295
0.29411766
0.32549021
0.27058825
0.24313726
0.27058825
0.27058825
0.27843139
0.35294119
0.38039216
0.50980395
0.48627451
0.30980393
0.23921569
0.33333334
0.31764707
0.32941177
0.32549021
0.29411766
0.39607844
0.39215687
0.34509805
0.37254903
0.61960787
0.64313728
0.51372552
0.39215687
0.60000002
0.20784314
0.19607843
0.21960784
0.23137255
0.25490198
0.27450982
0.40000001
0.30196080
0.29803923
0.28235295
0.27843139
0.21960784
0.27058825
0.32156864
0.38823530
0.41960785
0.36470589
0.34901962
0.42745098
0.32549021
0.28235295
0.37254903
0.25098041
0.35686275
0.39215687
0.31372550
0.36470589
0.42352942
0.45882353
0.76862746
0.74901962
0.67450982
0.19215687
0.18823530
0.16862746
0.22352941
0.31372550
0.29411766
0.34901962
0.32156864
0.41568628
0.40392157
0.31764707
0.29019609
0.28627452
0.30588236
0.28235295
0.38431373
0.27058825
0.32156864
0.50980395
0.42352942
0.34509805
0.28627452
0.34509805
0.25098041
0.41960785
0.43137255
0.34117648
0.34117648
0.56862748
0.61960787
0.82352942
0.77647060
0.20392157
0.24313726
0.18431373
0.23137255
0.35686275
0.37647060
0.38431373
0.29803923
0.32941177
0.48627451
0.39607844
0.33333334
0.32156864
0.38431373
0.31372550
0.28627452
0.36078432
0.34901962
0.43529412
0.43529412
0.34117648
0.31764707
0.38431373
0.29803923
0.39607844
0.36470589
0.26666668
0.41176471
0.57647061
0.52549022
0.71372551
0.87843138
0.22352941
0.22745098
0.26274511
0.29019609
0.37254903
0.44705883
0.34509805
0.29019609
0.31372550
0.34901962
0.46274510
0.31764707
0.30980393
0.34509805
0.30588236
0.19607843
0.30980393
0.38039216
0.32941177
0.44705883
0.35686275
0.19607843
0.29411766
0.37254903
0.33333334
0.41960785
0.38431373
0.28627452
0.25490198
0.42745098
0.70196080
0.83137256
0.28627452
0.26274511
0.28235295
0.30980393
0.27058825
0.40392157
0.23921569
0.21960784
0.23137255
0.29803923
0.41568628
0.34117648
0.29803923
0.30980393
0.26666668
0.17254902
0.26274511
0.33333334
0.44313726
0.43529412
0.36078432
0.21960784
0.30196080
0.45882353
0.44313726
0.40000001
0.61960787
0.43137255
0.42352942
0.43137255
0.58431375
0.57647061
0.28627452
0.21568628
0.25882354
0.35686275
0.30588236
0.32941177
0.25490198
0.21960784
0.17647059
0.27843139
0.34117648
0.30980393
0.29019609
0.31372550
0.22352941
0.26666668
0.27058825
0.21176471
0.48627451
0.42745098
0.34509805
0.45490196
0.27843139
0.47450981
0.35686275
0.29019609
0.53333336
0.67843139
0.54901963
0.47058824
0.54509807
0.59607846
0.38431373
0.33725491
0.34901962
0.41568628
0.37647060
0.36470589
0.33725491
0.24313726
0.21568628
0.25882354
0.29411766
0.28627452
0.33725491
0.28235295
0.23529412
0.32549021
0.27843139
0.18431373
0.49411765
0.38431373
0.23921569
0.47450981
0.43529412
0.41568628
0.25098041
0.23529412
0.36470589
0.60784316
0.49019608
0.60392159
0.62745100
0.58039218
1 0 0 0 0 0 -1 0 0 0 0
0 1 0 0 0 0 -1 0 0 0 0
0 0 1 0 0 0 -1 0 0 0 0
0 0 0 1 0 0 -1 0 0 0 0
0 0 0 0 1 0 -1 0 0 0 0
0 0 0 0 0 1 -1 0 0 0 0
0 0 0 0 0 0 -1 1 0 0 0
0 0 0 0 0 0 -1 0 1 0 0
0 0 0 0 0 0 -1 0 0 1 0
