0.05490196
0.02352941
0.02745098
0.07843138
0.13725491
0.13725491
0.07058824
0.03529412
0.06666667
0.12941177
0.33725491
0.44313726
0.31764707
0.12156863
0.09019608
0.06666667
0.05098039
0.03137255
0.03529412
0.09411765
0.13725491
0.17254902
0.18823530
0.08235294
0.02745098
0.01568628
0.01176471
0.01176471
0.01960784
0.04705882
0.13333334
0.26666668
0.08235294
0.05882353
0.09803922
0.22352941
0.31372550
0.23921569
0.14901961
0.17647059
0.21176471
0.35686275
0.64313728
0.64705884
0.42352942
0.27058825
0.27450982
0.25098041
0.14901961
0.09019608
0.09411765
0.15686275
0.19215687
0.27450982
0.37254903
0.17254902
0.07843138
0.02352941
0.00784314
0.00784314
0.01568628
0.03529412
0.12549020
0.30980393
0.14509805
0.15294118
0.15686275
0.24705882
0.29411766
0.20000000
0.25882354
0.49803922
0.49411765
0.54117650
0.71372551
0.61960787
0.44705883
0.47843137
0.58039218
0.48627451
0.32549021
0.18039216
0.11764706
0.09411765
0.15686275
0.30980393
0.39607844
0.18431373
0.16078432
0.10196079
0.03529412
0.00784314
0.01176471
0.02352941
0.09411765
0.26666668
0.21176471
0.21176471
0.18039216
0.18431373
0.19215687
0.18823530
0.34117648
0.46274510
0.51764709
0.61960787
0.77254903
0.62745100
0.45098040
0.48235294
0.49411765
0.38039216
0.34901962
0.24705882
0.16470589
0.09411765
0.09019608
0.16470589
0.22745098
0.14509805
0.19607843
0.18431373
0.10980392
0.03529412
0.00784314
0.01176471
0.06274510
0.20784314
0.27450982
0.25882354
0.21176471
0.16470589
0.14509805
0.19215687
0.32549021
0.29803923
0.35686275
0.64313728
0.74901962
0.54117650
0.36862746
0.36470589
0.29803923
0.32941177
0.30196080
0.21960784
0.19607843
0.14509805
0.07450981
0.06274510
0.09803922
0.09411765
0.19607843
0.18823530
0.11764706
0.05098039
0.01960784
0.01960784
0.06666667
0.20784314
0.34509805
0.31764707
0.26274511
0.18431373
0.13725491
0.20392157
0.33725491
0.38039216
0.53725493
0.78431374
0.74117649
0.51764709
0.38039216
0.37647060
0.34901962
0.33333334
0.30588236
0.26666668
0.22352941
0.23921569
0.23529412
0.16078432
0.07843138
0.10196079
0.18823530
0.11372549
0.05490196
0.04705882
0.03529412
0.01960784
0.05490196
0.18823530
0.33725491
0.28235295
0.21176471
0.20000000
0.21176471
0.24313726
0.43137255
0.72549021
0.89411765
0.95294118
0.90980393
0.83921570
0.73333335
0.56470591
0.40392157
0.38431373
0.42352942
0.35294119
0.26274511
0.40784314
0.54901963
0.43137255
0.19215687
0.21176471
0.19215687
0.13333334
0.08235294
0.04313726
0.01960784
0.01176471
0.05098039
0.17647059
0.40392157
0.33333334
0.18431373
0.18823530
0.30980393
0.45098040
0.74117649
0.82352942
0.71372551
0.75686276
0.75686276
0.78823531
0.87450981
0.84705883
0.58823532
0.41176471
0.59607846
0.59607846
0.54509807
0.62745100
0.65882355
0.51764709
0.36078432
0.41960785
0.27058825
0.20000000
0.12156863
0.04313726
0.01176471
0.01176471
0.03921569
0.14509805
0.51372552
0.48235294
0.32156864
0.25490198
0.44313726
0.75294119
0.78431374
0.40392157
0.43137255
0.40392157
0.38039216
0.43921569
0.65490198
0.84313726
0.70196080
0.45098040
0.50588238
0.67058825
0.69019610
0.66666669
0.60392159
0.54117650
0.51764709
0.47058824
0.21568628
0.16470589
0.10196079
0.04313726
0.01176471
0.00784314
0.03137255
0.11764706
0.57254905
0.58823532
0.43529412
0.38431373
0.60000002
0.87843138
0.75294119
0.36078432
0.30980393
0.22745098
0.30588236
0.45098040
0.63137257
0.74901962
0.64705884
0.50588238
0.43137255
0.51764709
0.52549022
0.52941179
0.51372552
0.43529412
0.30588236
0.20000000
0.09411765
0.14901961
0.12156863
0.13333334
0.07450981
0.01568628
0.03529412
0.11372549
0.60392159
0.62352943
0.50588238
0.41176471
0.54509807
0.83529413
0.84313726
0.52549022
0.35686275
0.30980393
0.40392157
0.51372552
0.61568630
0.67843139
0.61960787
0.43529412
0.28627452
0.39215687
0.49411765
0.54117650
0.44313726
0.25098041
0.12156863
0.10196079
0.10588235
0.14901961
0.14509805
0.18431373
0.11372549
0.02745098
0.03137255
0.05882353
0.60000002
0.61960787
0.51764709
0.32549021
0.27058825
0.47450981
0.65882355
0.69019610
0.55294120
0.48235294
0.51372552
0.59215689
0.68235296
0.72549021
0.62352943
0.40392157
0.36862746
0.49411765
0.62352943
0.69803923
0.58823532
0.38431373
0.25882354
0.19607843
0.15294118
0.17254902
0.16470589
0.17254902
0.10980392
0.03921569
0.03529412
0.04705882
0.60000002
0.62352943
0.52549022
0.28235295
0.08627451
0.10980392
0.21176471
0.49019608
0.65882355
0.69411767
0.71372551
0.73725492
0.74509805
0.69019610
0.58039218
0.49803922
0.59215689
0.68627453
0.79607844
0.87450981
0.86666667
0.75294119
0.57254905
0.42745098
0.28627452
0.27843139
0.26274511
0.40000001
0.27843139
0.08235294
0.05098039
0.04705882
0.61568630
0.63137257
0.46274510
0.21568628
0.05882353
0.04705882
0.05490196
0.10588235
0.18431373
0.29803923
0.45098040
0.50980395
0.49411765
0.48627451
0.52941179
0.64705884
0.80784315
0.91764706
0.94117647
0.95686275
0.94509804
0.87450981
0.76078433
0.65490198
0.56470591
0.38039216
0.29019609
0.41960785
0.34509805
0.14901961
0.06274510
0.05882353
0.62745100
0.63529414
0.42352942
0.17647059
0.05882353
0.05098039
0.05882353
0.05882353
0.05882353
0.11764706
0.38431373
0.60392159
0.69019610
0.72156864
0.75294119
0.83529413
0.88235295
0.85098040
0.85098040
0.89411765
0.90980393
0.88235295
0.83921570
0.78039217
0.61960787
0.30588236
0.21176471
0.31372550
0.43137255
0.37647060
0.19215687
0.07058824
0.65490198
0.65098041
0.44705883
0.19607843
0.05882353
0.03921569
0.04313726
0.06274510
0.06666667
0.29019609
0.54509807
0.67450982
0.76862746
0.87058824
0.88627452
0.87450981
0.73333335
0.62745100
0.67058825
0.74509805
0.81960785
0.87450981
0.87450981
0.82352942
0.63921571
0.32156864
0.14509805
0.21568628
0.45098040
0.63137257
0.53725493
0.19607843
0.69019610
0.68235296
0.50196081
0.24313726
0.06666667
0.04313726
0.05098039
0.05882353
0.21568628
0.59215689
0.65882355
0.57254905
0.64705884
0.86274511
0.90588236
0.84313726
0.70588237
0.75294119
0.81176472
0.83921570
0.85098040
0.87450981
0.90980393
0.91372550
0.81176472
0.45490196
0.18823530
0.11372549
0.22745098
0.41176471
0.44705883
0.20784314
0.69411767
0.71764708
0.58431375
0.30196080
0.08627451
0.07450981
0.08627451
0.24705882
0.58823532
0.76470590
0.63137257
0.62745100
0.79607844
0.92156863
0.91764706
0.84705883
0.78039217
0.88235295
0.89411765
0.85490197
0.77647060
0.78431374
0.92941177
0.96078432
0.90980393
0.72549021
0.47058824
0.18823530
0.07450981
0.08627451
0.09019608
0.06274510
0.67843139
0.69019610
0.61568630
0.36470589
0.12941177
0.15686275
0.34901962
0.67450982
0.78823531
0.80784315
0.74901962
0.81960785
0.92941177
0.94509804
0.93333334
0.88627452
0.81568629
0.80392158
0.72156864
0.51764709
0.35686275
0.48627451
0.85098040
0.96078432
0.97647059
0.93333334
0.71372551
0.29803923
0.08627451
0.07058824
0.06274510
0.05490196
0.65882355
0.67058825
0.61960787
0.40784314
0.26666668
0.45098040
0.73725492
0.85098040
0.84313726
0.85098040
0.86666667
0.91372550
0.94117647
0.93725491
0.93725491
0.88235295
0.64705884
0.38431373
0.23137255
0.11372549
0.08235294
0.30588236
0.74509805
0.95294118
0.95294118
0.90588236
0.67058825
0.26274511
0.07450981
0.06666667
0.06274510
0.05490196
0.68627453
0.70980394
0.66274512
0.56862748
0.59607846
0.78823531
0.86274511
0.88627452
0.90196079
0.89803922
0.88627452
0.91764706
0.94117647
0.93725491
0.93333334
0.85098040
0.43921569
0.09803922
0.03921569
0.05490196
0.07058824
0.25490198
0.66274512
0.94509804
0.94117647
0.87058824
0.53725493
0.18431373
0.05882353
0.06666667
0.05882353
0.05490196
0.69411767
0.72941178
0.73333335
0.77254903
0.84313726
0.88627452
0.88627452
0.90196079
0.91764706
0.92156863
0.90196079
0.92549020
0.94117647
0.92941177
0.91372550
0.79607844
0.32941177
0.10196079
0.06274510
0.07058824
0.07450981
0.23921569
0.63137257
0.95686275
0.94117647
0.83529413
0.40784314
0.12549020
0.05098039
0.05490196
0.05490196
0.05098039
0.68627453
0.74117649
0.80392158
0.86666667
0.89803922
0.90588236
0.90588236
0.90588236
0.92549020
0.92941177
0.91764706
0.94117647
0.95294118
0.92156863
0.87843138
0.68627453
0.16470589
0.07058824
0.06274510
0.06666667
0.07843138
0.27058825
0.69019610
0.96862745
0.94901961
0.81960785
0.34901962
0.10588235
0.05098039
0.05490196
0.05882353
0.04705882
0.84705883
0.89803922
0.90980393
0.91764706
0.91372550
0.91764706
0.92156863
0.92156863
0.93725491
0.91764706
0.92156863
0.95294118
0.96078432
0.92156863
0.82352942
0.49803922
0.09803922
0.05490196
0.06274510
0.06666667
0.11764706
0.39607844
0.83529413
0.96862745
0.94509804
0.78431374
0.32549021
0.10588235
0.05882353
0.06274510
0.06274510
0.05098039
0.96862745
1.00000000
0.99607843
0.98039216
0.96078432
0.94117647
0.93333334
0.93333334
0.92156863
0.84705883
0.87058824
0.94117647
0.96470588
0.92941177
0.79607844
0.36470589
0.07843138
0.06274510
0.07058824
0.07058824
0.16078432
0.47450981
0.87843138
0.92156863
0.85882354
0.72941178
0.30196080
0.10196079
0.06666667
0.06274510
0.05882353
0.05490196
0.95294118
0.99607843
1.00000000
1.00000000
0.99607843
0.98431373
0.96470588
0.92549020
0.84313726
0.61960787
0.66666669
0.85882354
0.96470588
0.94509804
0.82745099
0.38431373
0.08235294
0.07058824
0.06666667
0.07058824
0.16470589
0.46666667
0.85490197
0.90980393
0.84313726
0.72156864
0.27450982
0.09019608
0.06274510
0.06666667
0.06666667
0.05490196
0.95686275
1.00000000
1.00000000
1.00000000
0.99607843
0.98823529
0.98823529
0.94901961
0.68235296
0.28627452
0.48627451
0.82352942
0.96862745
0.95294118
0.81568629
0.29411766
0.07058824
0.05882353
0.05490196
0.06274510
0.15294118
0.45490196
0.85490197
0.92156863
0.89019608
0.78431374
0.31372550
0.10980392
0.07058824
0.06666667
0.06666667
0.05882353
0.95686275
1.00000000
1.00000000
0.99215686
0.98431373
0.98431373
0.98823529
0.97647059
0.62745100
0.28627452
0.60392159
0.90196079
0.97254902
0.95686275
0.82745099
0.40784314
0.07450981
0.05882353
0.05098039
0.05490196
0.16470589
0.48235294
0.87058824
0.91764706
0.91764706
0.86666667
0.50588238
0.18431373
0.06666667
0.06666667
0.06666667
0.05882353
0.95686275
1.00000000
1.00000000
0.99215686
0.98823529
0.98823529
0.96470588
0.84705883
0.34901962
0.45490196
0.79607844
0.96078432
0.95686275
0.87843138
0.64705884
0.28235295
0.06274510
0.05882353
0.05490196
0.05882353
0.19607843
0.50980395
0.83529413
0.89411765
0.90196079
0.83137256
0.65882355
0.27450982
0.07843138
0.06666667
0.06274510
0.05098039
0.95686275
1.00000000
0.99215686
0.98823529
0.98039216
0.94901961
0.80784315
0.36470589
0.20392157
0.65490198
0.89803922
0.95686275
0.94509804
0.78823531
0.40392157
0.04313726
0.04705882
0.05882353
0.05882353
0.06666667
0.13725491
0.32549021
0.59607846
0.80392158
0.83529413
0.67058825
0.38431373
0.14901961
0.06666667
0.06274510
0.05882353
0.05490196
0.94901961
0.99215686
0.98431373
0.98039216
0.96470588
0.82352942
0.40000001
0.06666667
0.30980393
0.77647060
0.90980393
0.91372550
0.88235295
0.69411767
0.30196080
0.03921569
0.05098039
0.06274510
0.06666667
0.07058824
0.07058824
0.09411765
0.20000000
0.41568628
0.43137255
0.29803923
0.09019608
0.05098039
0.05882353
0.06274510
0.05882353
0.05490196
0.92549020
0.96862745
0.96862745
0.95686275
0.83137256
0.49411765
0.09803922
0.06274510
0.23921569
0.59607846
0.75686276
0.72549021
0.56862748
0.33725491
0.09411765
0.02745098
0.05490196
0.05882353
0.06666667
0.07058824
0.06666667
0.06666667
0.07058824
0.07843138
0.05882353
0.05098039
0.05098039
0.05882353
0.06274510
0.05882353
0.05098039
0.05098039
0.04705882
0.01176471
0.01568628
0.06666667
0.12941177
0.12941177
0.06274510
0.02352941
0.04313726
0.10196079
0.30588236
0.41176471
0.28627452
0.09019608
0.05882353
0.03921569
0.02352941
0.01960784
0.02352941
0.07058824
0.09803922
0.12156863
0.13725491
0.04313726
0.00784314
0.00784314
0.01568628
0.01176471
0.00392157
0.00392157
0.06274510
0.18431373
0.04705882
0.02352941
0.06274510
0.18823530
0.27450982
0.20000000
0.10980392
0.14117648
0.18039216
0.32941177
0.61960787
0.62352943
0.40000001
0.24705882
0.24705882
0.22745098
0.12549020
0.08235294
0.08627451
0.13333334
0.15686275
0.22745098
0.32549021
0.13725491
0.05882353
0.01960784
0.01176471
0.00784314
0.00392157
0.00392157
0.07450981
0.25098041
0.10196079
0.10980392
0.10980392
0.20392157
0.24705882
0.15294118
0.21176471
0.45490196
0.46274510
0.51372552
0.68627453
0.59215689
0.41960785
0.45490196
0.55294120
0.46274510
0.30196080
0.17254902
0.10980392
0.07450981
0.12156863
0.26666668
0.35294119
0.14901961
0.14509805
0.09803922
0.03921569
0.01176471
0.00392157
0.00784314
0.06666667
0.22745098
0.18431373
0.18039216
0.14901961
0.15686275
0.16078432
0.16078432
0.30980393
0.43137255
0.48627451
0.58823532
0.74117649
0.59607846
0.41568628
0.45098040
0.46274510
0.35294119
0.31764707
0.23529412
0.15294118
0.07450981
0.05490196
0.11764706
0.18039216
0.10980392
0.17647059
0.18039216
0.11372549
0.03921569
0.00784314
0.00392157
0.04705882
0.18039216
0.24313726
0.22745098
0.18431373
0.13725491
0.11764706
0.16078432
0.28627452
0.25490198
0.32941177
0.62352943
0.72941178
0.51764709
0.34117648
0.32941177
0.26274511
0.29019609
0.26274511
0.18431373
0.16862746
0.11764706
0.04705882
0.03137255
0.07058824
0.07058824
0.18823530
0.19215687
0.12549020
0.05882353
0.02352941
0.01568628
0.05490196
0.18823530
0.29019609
0.27058825
0.22352941
0.14901961
0.09803922
0.15686275
0.28235295
0.31372550
0.50980395
0.78039217
0.74117649
0.50588238
0.36078432
0.34901962
0.30980393
0.29019609
0.25490198
0.20784314
0.16470589
0.19215687
0.20392157
0.14117648
0.06666667
0.09411765
0.18823530
0.12156863
0.06666667
0.05490196
0.03529412
0.01568628
0.04313726
0.17254902
0.27058825
0.22352941
0.16862746
0.16862746
0.18431373
0.21176471
0.39215687
0.68627453
0.87450981
0.94509804
0.90196079
0.82352942
0.70980394
0.53725493
0.37254903
0.34509805
0.38039216
0.29019609
0.19215687
0.34509805
0.49803922
0.38823530
0.15294118
0.17647059
0.17254902
0.12549020
0.08235294
0.04705882
0.01960784
0.00784314
0.03529412
0.15686275
0.32549021
0.26666668
0.13725491
0.15686275
0.29019609
0.43529412
0.72156864
0.80392158
0.69803923
0.74509805
0.74117649
0.77254903
0.85098040
0.82352942
0.56078434
0.38039216
0.55686277
0.53333336
0.47058824
0.55686277
0.60000002
0.46274510
0.30980393
0.37254903
0.23529412
0.18039216
0.11372549
0.04313726
0.01176471
0.00392157
0.02745098
0.12549020
0.43137255
0.41568628
0.27450982
0.22745098
0.43137255
0.74117649
0.77647060
0.39215687
0.41960785
0.39215687
0.36470589
0.42352942
0.63529414
0.81960785
0.67058825
0.41568628
0.46666667
0.61960787
0.63137257
0.61176473
0.56078434
0.49803922
0.47450981
0.43921569
0.19607843
0.16078432
0.10196079
0.04313726
0.01176471
0.00392157
0.01568628
0.09411765
0.49019608
0.51764709
0.38823530
0.35294119
0.58823532
0.87450981
0.74509805
0.35294119
0.30588236
0.22745098
0.29803923
0.43529412
0.61176473
0.71764708
0.61176473
0.46666667
0.39215687
0.47450981
0.48627451
0.49803922
0.48627451
0.41176471
0.28627452
0.18823530
0.09411765
0.16078432
0.12941177
0.13333334
0.07058824
0.01176471
0.02352941
0.09411765
0.52941179
0.56862748
0.47058824
0.38823530
0.52941179
0.81960785
0.83137256
0.51372552
0.35294119
0.30980393
0.39607844
0.49803922
0.59215689
0.64705884
0.58039218
0.39215687
0.24705882
0.34901962
0.45098040
0.50196081
0.40784314
0.21960784
0.09411765
0.08627451
0.10196079
0.14901961
0.12156863
0.15294118
0.08627451
0.01568628
0.02745098
0.05882353
0.52941179
0.56470591
0.48627451
0.30588236
0.25098041
0.45490196
0.64313728
0.67058825
0.53725493
0.45882353
0.48627451
0.55686277
0.63921571
0.67450982
0.57254905
0.34901962
0.31764707
0.46274510
0.60392159
0.67450982
0.56470591
0.35294119
0.22745098
0.16470589
0.12156863
0.13725491
0.11372549
0.11764706
0.06666667
0.01960784
0.03137255
0.05098039
0.52941179
0.57254905
0.49411765
0.26274511
0.06666667
0.08627451
0.19215687
0.47450981
0.62352943
0.64313728
0.66274512
0.68235296
0.68627453
0.63137257
0.51764709
0.43921569
0.53333336
0.66666669
0.79607844
0.87450981
0.85490197
0.72549021
0.53725493
0.38431373
0.23137255
0.22352941
0.18431373
0.32156864
0.21960784
0.04313726
0.03137255
0.04313726
0.54509807
0.58039218
0.43137255
0.19607843
0.04313726
0.02745098
0.03529412
0.08627451
0.14117648
0.23921569
0.39215687
0.45490196
0.44705883
0.44313726
0.48627451
0.60784316
0.76862746
0.89803922
0.93725491
0.94901961
0.92549020
0.84705883
0.72549021
0.61568630
0.52156866
0.33333334
0.20784314
0.32156864
0.26274511
0.09411765
0.03529412
0.04313726
0.55686277
0.58431375
0.39215687
0.15686275
0.03921569
0.02745098
0.04313726
0.03921569
0.01960784
0.07058824
0.34117648
0.56862748
0.66666669
0.70588237
0.74509805
0.82352942
0.87058824
0.82352942
0.81568629
0.85490197
0.87450981
0.84705883
0.81176472
0.76078433
0.61176473
0.29019609
0.13725491
0.21176471
0.33725491
0.31764707
0.15686275
0.05098039
0.58039218
0.59607846
0.41568628
0.18039216
0.04705882
0.03137255
0.03529412
0.05098039
0.03137255
0.23921569
0.49803922
0.64313728
0.74901962
0.85882354
0.87450981
0.85882354
0.70980394
0.58431375
0.61960787
0.69019610
0.77254903
0.83529413
0.83921570
0.80000001
0.62352943
0.30588236
0.09803922
0.14509805
0.38823530
0.58823532
0.51372552
0.18431373
0.60784316
0.61960787
0.46666667
0.22352941
0.05098039
0.03137255
0.04313726
0.04705882
0.16862746
0.52941179
0.60392159
0.53333336
0.62352943
0.84313726
0.88235295
0.81176472
0.66274512
0.70588237
0.76078433
0.78823531
0.80392158
0.83137256
0.86666667
0.87450981
0.77647060
0.42745098
0.15686275
0.07843138
0.18823530
0.38431373
0.42745098
0.19215687
0.61176473
0.65098041
0.53725493
0.27058825
0.05490196
0.04313726
0.05098039
0.21176471
0.53333336
0.70980394
0.58823532
0.60000002
0.78039217
0.91764706
0.90588236
0.82352942
0.74509805
0.84313726
0.85490197
0.81568629
0.73333335
0.74901962
0.89803922
0.93333334
0.88627452
0.70980394
0.43921569
0.14901961
0.03529412
0.05098039
0.05882353
0.04313726
0.58823532
0.61960787
0.56078434
0.31372550
0.07450981
0.09803922
0.28627452
0.61176473
0.72941178
0.75686276
0.71764708
0.80392158
0.92549020
0.94901961
0.93333334
0.87843138
0.79215688
0.77254903
0.68627453
0.48235294
0.32156864
0.45490196
0.82745099
0.94117647
0.96470588
0.92549020
0.68627453
0.25882354
0.04705882
0.02745098
0.02745098
0.02745098
0.56862748
0.59215689
0.55294120
0.34509805
0.19215687
0.36470589
0.64313728
0.75686276
0.77647060
0.80784315
0.84313726
0.90588236
0.94509804
0.94509804
0.94509804
0.87843138
0.63529414
0.36078432
0.20000000
0.08627451
0.05490196
0.28235295
0.72941178
0.94509804
0.95686275
0.90980393
0.65098041
0.22745098
0.03529412
0.02745098
0.02352941
0.02352941
0.59215689
0.62352943
0.58039218
0.49019608
0.51372552
0.69411767
0.76078433
0.78823531
0.83921570
0.85882354
0.86666667
0.91764706
0.95294118
0.95294118
0.94509804
0.85098040
0.42745098
0.08235294
0.01960784
0.03529412
0.05098039
0.23529412
0.64705884
0.93725491
0.94509804
0.87843138
0.52156866
0.15294118
0.02745098
0.03137255
0.02745098
0.02745098
0.59607846
0.63137257
0.63921571
0.68627453
0.76470590
0.81568629
0.82352942
0.83921570
0.86666667
0.87843138
0.87843138
0.91764706
0.95294118
0.94509804
0.92549020
0.79215688
0.31372550
0.08627451
0.04705882
0.05098039
0.05490196
0.21960784
0.61568630
0.94509804
0.93333334
0.83137256
0.39607844
0.10588235
0.02745098
0.03529412
0.03529412
0.03137255
0.61176473
0.66666669
0.73725492
0.80784315
0.84705883
0.86274511
0.87058824
0.87450981
0.88235295
0.89019608
0.89019608
0.93333334
0.96078432
0.93725491
0.88627452
0.68235296
0.14901961
0.05490196
0.04705882
0.04705882
0.05882353
0.25098041
0.67450982
0.95294118
0.93725491
0.81176472
0.33725491
0.09019608
0.03137255
0.03529412
0.03921569
0.03137255
0.81176472
0.86274511
0.87843138
0.88627452
0.89019608
0.89803922
0.90196079
0.90196079
0.90196079
0.87843138
0.89803922
0.94509804
0.96862745
0.93725491
0.83137256
0.49411765
0.08235294
0.03921569
0.04705882
0.05098039
0.10196079
0.37647060
0.81568629
0.95294118
0.93333334
0.77254903
0.31372550
0.08627451
0.03921569
0.03921569
0.04313726
0.03137255
0.95294118
0.99215686
0.97647059
0.96078432
0.94117647
0.92156863
0.91372550
0.90980393
0.88627452
0.80784315
0.84313726
0.93333334
0.97647059
0.94509804
0.80392158
0.35686275
0.06666667
0.04705882
0.05490196
0.05098039
0.14117648
0.45490196
0.85882354
0.90588236
0.84705883
0.71764708
0.28627452
0.08627451
0.04705882
0.04313726
0.03921569
0.03529412
0.92156863
0.96470588
0.96862745
0.97647059
0.97647059
0.95686275
0.93333334
0.88627452
0.79607844
0.57647061
0.64313728
0.85098040
0.97254902
0.95686275
0.83529413
0.38039216
0.06666667
0.05490196
0.05098039
0.05490196
0.14901961
0.44705883
0.83921570
0.89803922
0.83529413
0.71372551
0.26274511
0.07058824
0.04313726
0.04705882
0.04705882
0.03529412
0.93333334
0.97647059
0.97254902
0.97647059
0.97254902
0.96862745
0.96862745
0.91764706
0.65098041
0.25882354
0.47058824
0.81568629
0.96470588
0.94901961
0.81176472
0.28235295
0.05490196
0.05098039
0.05098039
0.05882353
0.14901961
0.45098040
0.85098040
0.92156863
0.89411765
0.78431374
0.30588236
0.09411765
0.05098039
0.05098039
0.05098039
0.03921569
0.93725491
0.98039216
0.98039216
0.97647059
0.96862745
0.96862745
0.97254902
0.96078432
0.61176473
0.27450982
0.59215689
0.89019608
0.96078432
0.94117647
0.81176472
0.38823530
0.05882353
0.05098039
0.05098039
0.05490196
0.16470589
0.48627451
0.87450981
0.92549020
0.92156863
0.87450981
0.50196081
0.17254902
0.05098039
0.05098039
0.05098039
0.04705882
0.93725491
0.98039216
0.98039216
0.97254902
0.96862745
0.97254902
0.94901961
0.82745099
0.33333334
0.44313726
0.78823531
0.94901961
0.94509804
0.86274511
0.63529414
0.26666668
0.04705882
0.05098039
0.05098039
0.05882353
0.19607843
0.50980395
0.83529413
0.89411765
0.90588236
0.83529413
0.65098041
0.26274511
0.06274510
0.05098039
0.04705882
0.03529412
0.93725491
0.98039216
0.97254902
0.96862745
0.96470588
0.92941177
0.79215688
0.34509805
0.18823530
0.64313728
0.88627452
0.94509804
0.92941177
0.77254903
0.39215687
0.02745098
0.03137255
0.04313726
0.04313726
0.05490196
0.12549020
0.31372550
0.58431375
0.79215688
0.82352942
0.66274512
0.37254903
0.13333334
0.05098039
0.04705882
0.04313726
0.03921569
0.92941177
0.97254902
0.96470588
0.96078432
0.94901961
0.80392158
0.38039216
0.04705882
0.29411766
0.76470590
0.89803922
0.90196079
0.86666667
0.67843139
0.28627452
0.02352941
0.03137255
0.03921569
0.03529412
0.03921569
0.04313726
0.06274510
0.17647059
0.39215687
0.40392157
0.27843139
0.07450981
0.03529412
0.04705882
0.04705882
0.04313726
0.03921569
0.91372550
0.95294118
0.94901961
0.94117647
0.81176472
0.47450981
0.07843138
0.04705882
0.22352941
0.58039218
0.74509805
0.70980394
0.55294120
0.32156864
0.07843138
0.01176471
0.03921569
0.02745098
0.03137255
0.03137255
0.03137255
0.02745098
0.03529412
0.04313726
0.02352941
0.01960784
0.02745098
0.04313726
0.04705882
0.04313726
0.03529412
0.03529412
0.04313726
0.01176471
0.01176471
0.06274510
0.11764706
0.11764706
0.05098039
0.01568628
0.03137255
0.08627451
0.29019609
0.39607844
0.27058825
0.07450981
0.04313726
0.02352941
0.01176471
0.02352941
0.03921569
0.07843138
0.09803922
0.11372549
0.13333334
0.04705882
0.01960784
0.02745098
0.01176471
0.00392157
0.00784314
0.00784314
0.03137255
0.09411765
0.03529412
0.01176471
0.03921569
0.16078432
0.24705882
0.17254902
0.08235294
0.10980392
0.14117648
0.29019609
0.57647061
0.58039218
0.35686275
0.20392157
0.20392157
0.18431373
0.08627451
0.05882353
0.07058824
0.11372549
0.12549020
0.19607843
0.29411766
0.10588235
0.03921569
0.01176471
0.00392157
0.00784314
0.01568628
0.00784314
0.03529412
0.12156863
0.07450981
0.07843138
0.07843138
0.16862746
0.21568628
0.12156863
0.18039216
0.41960785
0.42352942
0.47843137
0.64705884
0.55294120
0.38039216
0.41568628
0.51372552
0.42352942
0.26274511
0.14901961
0.09019608
0.04705882
0.08235294
0.22352941
0.30980393
0.10980392
0.11764706
0.08235294
0.02745098
0.01176471
0.01960784
0.01568628
0.01960784
0.07450981
0.16078432
0.15686275
0.12549020
0.12941177
0.13725491
0.13333334
0.28627452
0.40784314
0.47058824
0.57647061
0.73333335
0.58431375
0.40784314
0.43921569
0.45490196
0.34117648
0.30980393
0.23137255
0.14901961
0.06666667
0.03921569
0.09411765
0.15294118
0.08627451
0.16470589
0.17647059
0.09803922
0.03137255
0.01960784
0.01960784
0.01568628
0.05490196
0.17254902
0.17254902
0.15294118
0.12941177
0.12156863
0.16862746
0.29411766
0.25882354
0.30980393
0.60000002
0.70588237
0.50196081
0.33333334
0.32941177
0.27058825
0.30588236
0.28235295
0.20784314
0.17254902
0.09803922
0.01960784
0.01176471
0.05490196
0.07058824
0.19607843
0.19215687
0.09803922
0.03529412
0.02745098
0.02352941
0.02352941
0.08235294
0.16078432
0.17254902
0.17647059
0.14509805
0.12156863
0.18823530
0.30588236
0.32549021
0.48235294
0.73333335
0.69411767
0.47058824
0.33725491
0.33725491
0.30980393
0.29803923
0.27058825
0.22352941
0.14901961
0.12941177
0.12156863
0.07843138
0.03529412
0.09411765
0.19215687
0.10196079
0.03137255
0.02745098
0.03529412
0.01960784
0.01568628
0.06666667
0.14901961
0.13725491
0.12156863
0.15294118
0.18431373
0.20784314
0.37647060
0.65882355
0.85882354
0.93725491
0.89411765
0.81176472
0.69411767
0.50980395
0.34117648
0.30980393
0.34117648
0.25490198
0.13333334
0.24705882
0.38039216
0.29411766
0.10980392
0.17647059
0.16470589
0.09019608
0.03921569
0.02352941
0.02745098
0.01960784
0.01568628
0.06666667
0.18823530
0.16078432
0.07843138
0.12941177
0.26666668
0.40392157
0.67843139
0.75294119
0.69411767
0.76470590
0.76078433
0.77647060
0.83921570
0.79215688
0.51372552
0.31764707
0.48627451
0.45490196
0.37254903
0.43921569
0.48235294
0.38039216
0.28235295
0.38039216
0.23529412
0.14117648
0.07058824
0.02745098
0.02745098
0.02745098
0.01176471
0.04313726
0.23921569
0.25490198
0.17254902
0.16862746
0.39215687
0.71372551
0.74509805
0.35686275
0.41960785
0.40392157
0.37647060
0.41960785
0.61960787
0.78823531
0.62745100
0.36470589
0.40784314
0.53333336
0.52156866
0.49019608
0.45490196
0.44313726
0.48235294
0.47843137
0.21960784
0.13333334
0.06666667
0.03921569
0.03921569
0.03137255
0.01176471
0.02745098
0.24313726
0.30980393
0.24313726
0.27058825
0.55294120
0.86274511
0.74117649
0.34117648
0.29411766
0.21960784
0.29411766
0.43137255
0.60000002
0.70196080
0.58823532
0.43529412
0.35294119
0.40392157
0.38823530
0.39215687
0.40784314
0.38431373
0.31764707
0.24705882
0.13333334
0.15294118
0.10980392
0.13333334
0.09803922
0.03529412
0.01568628
0.02745098
0.27058825
0.32549021
0.28627452
0.29019609
0.50588238
0.83529413
0.84313726
0.49411765
0.33333334
0.30588236
0.40784314
0.52156866
0.61568630
0.66274512
0.58039218
0.36862746
0.20392157
0.29411766
0.39607844
0.46274510
0.38823530
0.22745098
0.12156863
0.11372549
0.11372549
0.14509805
0.11372549
0.14901961
0.08627451
0.01176471
0.01176471
0.01960784
0.27058825
0.31372550
0.29019609
0.20392157
0.23921569
0.48627451
0.65882355
0.65098041
0.50588238
0.43921569
0.47843137
0.56078434
0.64705884
0.67843139
0.55686277
0.31372550
0.26666668
0.40784314
0.56078434
0.65490198
0.56078434
0.36862746
0.25098041
0.18431373
0.12941177
0.13725491
0.11372549
0.11764706
0.06666667
0.01176471
0.01176471
0.02745098
0.27058825
0.32156864
0.30196080
0.16078432
0.05490196
0.12156863
0.21568628
0.45098040
0.58039218
0.60392159
0.61960787
0.64705884
0.65098041
0.59607846
0.47843137
0.39607844
0.48627451
0.61960787
0.76078433
0.85490197
0.85490197
0.74117649
0.56078434
0.40000001
0.23921569
0.21176471
0.17254902
0.30588236
0.20784314
0.03137255
0.01960784
0.03137255
0.28627452
0.32549021
0.24705882
0.10588235
0.03529412
0.05882353
0.05490196
0.06666667
0.10588235
0.19607843
0.33725491
0.39607844
0.38431373
0.38431373
0.43529412
0.56862748
0.74117649
0.87450981
0.91764706
0.94509804
0.94117647
0.87058824
0.74117649
0.61960787
0.50588238
0.30196080
0.16078432
0.26666668
0.21568628
0.06274510
0.01176471
0.02352941
0.29803923
0.33333334
0.20784314
0.07058824
0.03529412
0.06274510
0.06274510
0.01960784
0.00000000
0.04313726
0.29411766
0.50196081
0.59607846
0.64313728
0.70196080
0.80784315
0.87450981
0.82745099
0.81960785
0.87058824
0.89803922
0.87058824
0.82352942
0.74901962
0.57647061
0.23529412
0.07843138
0.12549020
0.24313726
0.23529412
0.10196079
0.01568628
0.32941177
0.35294119
0.23137255
0.08627451
0.03921569
0.06274510
0.05490196
0.03137255
0.00784314
0.21176471
0.46274510
0.60392159
0.71372551
0.83137256
0.85490197
0.85098040
0.70980394
0.56470591
0.59215689
0.67450982
0.76862746
0.84313726
0.85490197
0.80000001
0.60784316
0.27843139
0.06274510
0.08627451
0.30588236
0.49803922
0.42745098
0.12156863
0.36862746
0.38431373
0.28627452
0.12549020
0.03921569
0.05882353
0.05882353
0.01960784
0.13725491
0.49411765
0.58039218
0.52156866
0.61960787
0.84705883
0.87843138
0.80000001
0.64313728
0.65098041
0.69803923
0.73725492
0.78039217
0.83137256
0.88235295
0.89411765
0.79215688
0.42745098
0.14901961
0.06274510
0.16078432
0.33333334
0.36470589
0.13725491
0.36470589
0.41176471
0.35294119
0.16862746
0.03137255
0.05490196
0.04705882
0.16470589
0.47843137
0.66666669
0.55686277
0.58431375
0.77647060
0.91372550
0.89803922
0.81176472
0.72549021
0.80000001
0.80784315
0.78039217
0.72156864
0.75686276
0.91764706
0.94901961
0.89411765
0.70196080
0.43529412
0.14901961
0.03529412
0.04313726
0.04705882
0.03529412
0.33725491
0.37254903
0.36078432
0.19607843
0.03137255
0.08627451
0.25490198
0.53333336
0.65882355
0.70980394
0.68235296
0.78431374
0.91372550
0.94509804
0.92156863
0.86274511
0.77254903
0.74509805
0.65882355
0.47058824
0.32549021
0.47450981
0.85098040
0.95294118
0.96470588
0.91372550
0.67843139
0.25490198
0.05490196
0.04705882
0.05098039
0.05490196
0.31764707
0.33725491
0.34509805
0.21568628
0.13725491
0.33725491
0.58431375
0.65490198
0.69411767
0.75686276
0.80392158
0.88235295
0.93333334
0.93725491
0.92941177
0.85882354
0.61176473
0.34117648
0.19607843
0.09411765
0.07450981
0.31372550
0.75294119
0.95686275
0.94509804
0.88627452
0.62352943
0.21176471
0.03529412
0.04313726
0.05490196
0.06274510
0.33333334
0.36470589
0.36862746
0.34509805
0.43137255
0.64313728
0.69803923
0.69019610
0.76470590
0.81176472
0.83137256
0.89019608
0.93725491
0.94117647
0.93333334
0.83529413
0.41176471
0.07450981
0.01960784
0.05098039
0.07450981
0.26274511
0.67058825
0.94509804
0.92941177
0.84705883
0.48627451
0.13725491
0.02352941
0.04313726
0.05098039
0.05882353
0.35686275
0.40000001
0.44313726
0.53333336
0.65490198
0.73725492
0.76862746
0.79607844
0.83529413
0.85490197
0.85490197
0.89803922
0.93333334
0.93333334
0.91764706
0.79215688
0.32156864
0.08235294
0.04313726
0.05882353
0.07450981
0.23921569
0.62745100
0.93725491
0.90588236
0.79215688
0.38039216
0.11372549
0.04313726
0.05490196
0.05882353
0.05490196
0.43921569
0.50196081
0.59607846
0.69411767
0.76470590
0.80784315
0.83921570
0.85490197
0.87058824
0.87058824
0.87450981
0.91764706
0.94117647
0.92156863
0.87843138
0.68627453
0.16078432
0.05490196
0.03921569
0.05098039
0.07450981
0.27058825
0.68235296
0.94509804
0.90588236
0.76862746
0.32549021
0.10588235
0.05490196
0.05882353
0.06274510
0.05098039
0.73333335
0.78823531
0.81568629
0.83529413
0.85098040
0.87450981
0.89019608
0.89411765
0.89019608
0.86274511
0.87843138
0.92549020
0.94901961
0.92549020
0.82745099
0.49411765
0.09019608
0.03921569
0.04313726
0.05490196
0.11764706
0.39607844
0.82745099
0.94509804
0.90196079
0.73333335
0.30196080
0.10196079
0.06274510
0.06274510
0.06274510
0.05490196
0.95294118
0.99607843
0.98039216
0.95686275
0.93333334
0.90980393
0.90196079
0.89803922
0.87058824
0.79215688
0.82745099
0.91372550
0.95686275
0.92941177
0.80000001
0.36078432
0.07450981
0.04705882
0.05098039
0.05490196
0.15686275
0.47450981
0.87058824
0.89803922
0.81568629
0.67843139
0.27843139
0.09803922
0.07058824
0.06666667
0.06274510
0.05882353
0.95686275
1.00000000
1.00000000
0.99607843
0.97647059
0.94901961
0.91764706
0.86274511
0.78039217
0.56078434
0.62352943
0.83529413
0.95686275
0.94509804
0.83137256
0.38431373
0.07450981
0.05490196
0.04705882
0.05882353
0.16470589
0.46666667
0.84705883
0.89019608
0.80392158
0.67058825
0.25098041
0.08627451
0.06666667
0.07058824
0.07058824
0.05882353
0.95686275
1.00000000
1.00000000
0.99607843
0.98823529
0.97254902
0.96862745
0.91764706
0.63921571
0.23921569
0.45098040
0.79607844
0.95294118
0.94117647
0.81176472
0.28627452
0.06666667
0.06274510
0.06274510
0.07450981
0.16862746
0.46666667
0.85882354
0.91372550
0.87450981
0.76078433
0.29411766
0.09411765
0.05490196
0.05490196
0.05882353
0.05490196
0.95686275
1.00000000
1.00000000
0.99607843
0.98823529
0.98823529
0.98823529
0.97647059
0.60392159
0.25098041
0.56862748
0.87450981
0.94901961
0.93725491
0.81568629
0.39607844
0.06666667
0.06274510
0.05882353
0.06274510
0.16862746
0.47843137
0.86274511
0.90588236
0.89803922
0.84705883
0.48235294
0.16078432
0.04313726
0.04705882
0.05098039
0.05098039
0.95686275
1.00000000
1.00000000
0.99215686
0.98823529
0.98823529
0.96862745
0.84313726
0.32549021
0.41960785
0.76470590
0.93333334
0.93333334
0.85882354
0.63529414
0.27058825
0.05882353
0.05098039
0.03921569
0.04313726
0.17254902
0.48235294
0.80392158
0.85490197
0.85882354
0.78823531
0.62352943
0.24705882
0.05490196
0.04705882
0.05098039
0.03921569
0.95686275
1.00000000
0.99607843
0.99215686
0.98431373
0.94901961
0.81176472
0.36470589
0.18039216
0.61960787
0.86274511
0.92941177
0.91764706
0.76862746
0.39215687
0.03137255
0.03921569
0.04313726
0.03529412
0.03921569
0.10980392
0.28627452
0.55294120
0.75686276
0.78039217
0.61568630
0.34901962
0.12549020
0.04313726
0.04313726
0.04313726
0.04313726
0.95294118
0.99607843
0.99215686
0.98823529
0.97254902
0.82745099
0.40392157
0.06666667
0.28627452
0.74117649
0.87450981
0.88235295
0.85882354
0.67450982
0.29019609
0.02745098
0.04313726
0.05490196
0.05098039
0.05098039
0.05098039
0.06274510
0.16470589
0.37647060
0.38431373
0.25882354
0.06274510
0.02352941
0.03529412
0.04313726
0.04313726
0.04313726
0.92941177
0.97254902
0.96078432
0.93725491
0.80000001
0.46666667
0.08235294
0.06274510
0.21960784
0.56078434
0.72549021
0.69803923
0.54901963
0.32156864
0.08235294
0.01960784
0.05490196
0.05882353
0.06666667
0.06666667
0.06274510
0.05882353
0.05490196
0.05882353
0.03529412
0.03137255
0.03137255
0.03921569
0.04705882
0.04705882
0.04313726
0.04705882
1 0 0 0 0 -1 0 0 0 0 0
0 1 0 0 0 -1 0 0 0 0 0
0 0 1 0 0 -1 0 0 0 0 0
0 0 0 1 0 -1 0 0 0 0 0
0 0 0 0 1 -1 0 0 0 0 0
0 0 0 0 0 -1 1 0 0 0 0
0 0 0 0 0 -1 0 1 0 0 0
0 0 0 0 0 -1 0 0 1 0 0
0 0 0 0 0 -1 0 0 0 1 0
