0.91764706
0.93333334
0.93725491
0.93725491
0.93725491
0.93725491
0.95294118
0.95294118
0.93333334
0.91764706
0.92156863
0.92941177
0.92941177
0.93333334
0.94117647
0.94509804
0.94509804
0.94509804
0.94509804
0.94509804
0.94901961
0.94901961
0.94901961
0.94509804
0.94509804
0.94901961
0.95294118
0.95686275
0.96078432
0.96470588
0.97254902
0.97647059
0.89803922
0.90980393
0.91372550
0.90980393
0.91764706
0.92941177
0.89803922
0.89803922
0.92941177
0.93725491
0.94117647
0.94117647
0.94117647
0.92549020
0.94117647
0.95294118
0.94117647
0.93725491
0.94117647
0.94117647
0.94509804
0.94509804
0.94117647
0.94117647
0.94117647
0.94509804
0.94509804
0.94901961
0.95294118
0.95686275
0.96470588
0.97254902
0.90588236
0.91372550
0.91372550
0.91372550
0.92549020
0.84313726
0.51764709
0.61960787
0.88235295
0.94117647
0.94117647
0.94509804
0.94117647
0.86666667
0.73333335
0.80392158
0.94509804
0.95686275
0.95294118
0.95686275
0.96078432
0.96470588
0.96078432
0.95294118
0.95294118
0.95294118
0.95686275
0.96470588
0.96862745
0.98039216
0.98431373
0.98823529
0.92156863
0.92941177
0.92941177
0.93725491
0.94901961
0.63921571
0.27058825
0.35294119
0.78039217
0.94509804
0.96078432
0.96078432
0.94901961
0.90196079
0.59607846
0.51764709
0.81568629
0.98431373
0.98431373
0.98823529
0.98823529
0.98823529
0.98431373
0.98039216
0.98039216
0.98039216
0.98039216
0.98039216
0.98431373
0.99215686
0.99607843
1.00000000
0.93333334
0.94509804
0.94901961
0.95294118
0.96078432
0.53725493
0.25882354
0.24313726
0.67450982
0.93333334
0.96862745
0.96470588
0.96078432
0.81568629
0.52156866
0.36078432
0.63921571
0.96078432
0.98823529
0.99215686
0.98823529
0.98431373
0.98431373
0.98431373
0.98431373
0.98431373
0.98039216
0.98039216
0.98039216
0.98431373
0.99215686
0.99607843
0.95686275
0.97647059
0.98431373
0.99215686
0.98039216
0.57647061
0.28627452
0.23529412
0.60784316
0.92549020
0.99607843
0.97254902
0.90980393
0.61568630
0.34901962
0.30588236
0.59607846
0.93725491
0.98823529
0.99215686
0.98823529
0.98431373
0.98039216
0.98039216
0.97647059
0.97647059
0.97647059
0.98039216
0.98039216
0.98431373
0.98823529
0.99607843
0.97254902
0.99215686
0.99215686
0.99215686
0.98431373
0.80392158
0.36470589
0.22745098
0.45490196
0.74117649
0.72156864
0.59607846
0.57254905
0.56862748
0.45882353
0.43137255
0.70980394
0.96078432
0.97254902
0.98039216
0.97254902
0.97254902
0.96862745
0.96862745
0.96862745
0.96470588
0.96078432
0.96078432
0.96470588
0.96862745
0.97254902
0.98039216
0.96470588
0.97254902
0.97254902
0.98431373
0.98823529
0.88627452
0.45098040
0.30588236
0.40392157
0.49411765
0.50196081
0.47450981
0.46666667
0.54117650
0.60784316
0.71372551
0.89019608
0.96470588
0.95686275
0.96470588
0.96078432
0.96470588
0.96470588
0.96470588
0.96078432
0.96078432
0.96078432
0.95686275
0.95686275
0.95294118
0.95294118
0.95686275
0.92941177
0.94901961
0.95294118
0.88627452
0.74117649
0.68627453
0.47450981
0.43137255
0.49019608
0.56470591
0.66274512
0.71764708
0.73333335
0.74117649
0.72941178
0.71764708
0.78823531
0.92156863
0.98823529
0.98823529
0.98039216
0.98039216
0.97647059
0.97254902
0.96862745
0.96862745
0.96862745
0.97254902
0.97254902
0.97254902
0.97647059
0.98039216
0.95294118
0.94509804
0.78823531
0.54117650
0.46666667
0.50980395
0.44705883
0.57647061
0.63137257
0.65882355
0.72549021
0.73333335
0.72549021
0.72549021
0.70588237
0.67450982
0.68235296
0.75294119
0.85490197
0.94901961
0.98431373
0.96078432
0.96078432
0.95686275
0.95686275
0.94901961
0.94901961
0.95686275
0.96078432
0.96862745
0.98431373
0.99215686
0.92156863
0.74117649
0.49411765
0.32549021
0.52549022
0.44313726
0.49803922
0.62352943
0.61568630
0.60784316
0.60784316
0.62352943
0.66666669
0.69411767
0.69411767
0.70588237
0.72941178
0.72549021
0.67450982
0.69411767
0.83529413
0.92941177
0.91372550
0.91372550
0.91372550
0.91372550
0.90980393
0.90196079
0.90980393
0.92156863
0.92549020
0.92156863
0.73725492
0.43921569
0.25098041
0.41568628
0.61568630
0.49411765
0.37254903
0.49411765
0.39215687
0.29019609
0.29803923
0.40392157
0.54509807
0.64313728
0.69019610
0.72156864
0.75686276
0.77254903
0.71764708
0.60392159
0.69019610
0.90980393
0.88235295
0.88235295
0.88627452
0.89019608
0.88235295
0.86666667
0.86666667
0.86666667
0.86666667
0.87450981
0.50980395
0.28627452
0.29803923
0.60000002
0.63921571
0.46274510
0.27450982
0.41568628
0.41568628
0.30980393
0.30196080
0.37254903
0.47843137
0.58823532
0.63529414
0.65098041
0.69411767
0.74901962
0.74901962
0.74901962
0.85098040
0.94901961
0.94901961
0.94901961
0.95686275
0.96078432
0.95686275
0.95686275
0.95294118
0.94509804
0.94901961
0.95294118
0.35294119
0.25490198
0.51372552
0.62745100
0.61176473
0.47843137
0.34901962
0.30196080
0.46274510
0.50196081
0.47450981
0.47058824
0.52941179
0.61176473
0.64705884
0.64705884
0.65098041
0.69019610
0.73333335
0.77647060
0.89411765
0.96862745
0.96470588
0.96470588
0.97647059
0.97254902
0.97254902
0.97254902
0.98039216
0.97647059
0.98039216
0.97647059
0.25490198
0.38039216
0.61960787
0.57647061
0.57647061
0.50588238
0.51372552
0.33725491
0.31764707
0.46274510
0.55686277
0.56470591
0.58039218
0.63137257
0.67450982
0.69803923
0.69803923
0.69411767
0.71372551
0.74901962
0.81568629
0.92549020
0.96862745
0.95686275
0.94117647
0.93725491
0.93725491
0.93725491
0.93725491
0.93725491
0.94117647
0.94117647
0.27450982
0.54509807
0.62745100
0.52549022
0.53725493
0.50980395
0.55294120
0.49803922
0.33333334
0.32156864
0.43921569
0.55294120
0.59215689
0.60392159
0.63137257
0.68627453
0.73333335
0.72941178
0.67058825
0.60392159
0.58039218
0.61176473
0.73333335
0.90980393
0.95294118
0.94509804
0.93725491
0.93725491
0.93725491
0.93725491
0.93725491
0.94901961
0.41176471
0.59215689
0.60000002
0.49803922
0.50588238
0.48627451
0.52549022
0.56078434
0.50980395
0.38039216
0.33333334
0.39215687
0.48627451
0.56078434
0.59607846
0.59607846
0.55294120
0.48627451
0.42352942
0.38823530
0.38823530
0.37647060
0.38431373
0.60784316
0.86274511
0.89803922
0.89803922
0.89411765
0.88627452
0.89411765
0.91764706
0.92156863
0.52549022
0.56078434
0.54901963
0.46666667
0.47843137
0.42745098
0.49803922
0.54509807
0.57254905
0.52156866
0.38039216
0.31372550
0.40784314
0.52941179
0.49803922
0.37647060
0.32156864
0.39215687
0.50980395
0.52549022
0.49019608
0.52156866
0.55686277
0.59215689
0.68627453
0.76078433
0.76078433
0.76470590
0.74509805
0.75686276
0.79607844
0.75686276
0.56470591
0.55294120
0.54509807
0.45098040
0.47450981
0.38039216
0.45882353
0.50980395
0.54901963
0.56078434
0.45490196
0.35294119
0.32156864
0.32549021
0.30588236
0.31372550
0.38431373
0.49019608
0.52941179
0.51372552
0.56470591
0.59607846
0.59607846
0.63921571
0.72156864
0.84705883
0.89411765
0.90196079
0.89803922
0.90196079
0.89019608
0.70196080
0.54509807
0.54509807
0.55294120
0.46274510
0.52156866
0.41176471
0.37647060
0.44705883
0.48627451
0.48627451
0.39607844
0.33333334
0.30588236
0.26274511
0.31372550
0.40784314
0.44313726
0.45490196
0.48235294
0.49019608
0.44705883
0.42745098
0.48627451
0.48235294
0.52156866
0.60784316
0.80784315
0.87843138
0.85098040
0.86274511
0.88627452
0.87450981
0.52941179
0.54509807
0.54509807
0.48627451
0.54117650
0.43921569
0.29411766
0.30196080
0.32156864
0.32549021
0.33725491
0.37647060
0.36078432
0.29411766
0.28235295
0.34117648
0.40784314
0.40392157
0.43529412
0.40392157
0.20000000
0.23529412
0.32941177
0.35294119
0.36470589
0.34901962
0.55294120
0.71764708
0.66666669
0.70196080
0.72941178
0.77254903
0.56078434
0.55686277
0.53333336
0.50196081
0.52156866
0.38823530
0.28627452
0.24705882
0.22352941
0.24705882
0.49411765
0.63137257
0.45882353
0.30196080
0.26274511
0.27058825
0.32156864
0.35294119
0.38823530
0.38823530
0.27843139
0.28235295
0.30588236
0.30980393
0.36470589
0.40000001
0.56078434
0.59215689
0.62745100
0.58823532
0.57647061
0.57254905
0.57254905
0.55294120
0.50980395
0.49411765
0.48235294
0.38823530
0.33725491
0.30196080
0.25490198
0.25882354
0.32156864
0.36470589
0.44705883
0.52156866
0.50588238
0.44705883
0.40392157
0.38039216
0.37647060
0.36078432
0.31764707
0.29411766
0.31372550
0.31372550
0.35294119
0.50980395
0.73333335
0.63921571
0.69019610
0.63529414
0.59215689
0.53725493
0.55686277
0.53333336
0.49803922
0.48627451
0.47450981
0.41960785
0.35686275
0.29411766
0.25882354
0.31372550
0.51372552
0.69019610
0.80784315
0.77254903
0.68235296
0.73725492
0.81176472
0.68627453
0.44313726
0.29019609
0.26274511
0.25490198
0.27843139
0.31764707
0.41568628
0.67843139
0.86274511
0.83529413
0.84313726
0.82352942
0.81568629
0.78431374
0.57254905
0.52549022
0.49411765
0.45490196
0.41176471
0.32549021
0.27450982
0.27450982
0.27843139
0.43921569
0.78039217
0.86666667
0.82352942
0.81960785
0.78431374
0.81960785
0.87058824
0.83921570
0.65098041
0.35686275
0.23529412
0.25098041
0.32941177
0.45098040
0.67843139
0.88235295
0.86666667
0.85882354
0.85882354
0.82745099
0.80784315
0.85098040
0.48235294
0.44705883
0.39607844
0.38823530
0.36862746
0.34117648
0.32549021
0.31764707
0.30980393
0.55294120
0.81176472
0.87058824
0.83921570
0.81176472
0.77254903
0.81960785
0.87450981
0.87450981
0.85490197
0.76862746
0.68235296
0.66274512
0.74117649
0.84705883
0.89411765
0.89411765
0.87450981
0.88235295
0.89019608
0.86274511
0.89019608
0.88235295
0.49803922
0.45490196
0.41960785
0.43529412
0.41176471
0.36078432
0.33333334
0.33333334
0.36862746
0.60784316
0.76470590
0.86274511
0.82352942
0.80392158
0.71764708
0.70980394
0.83529413
0.88235295
0.89411765
0.91372550
0.92941177
0.92941177
0.90588236
0.89019608
0.91764706
0.91372550
0.91764706
0.92941177
0.91372550
0.87843138
0.92549020
0.88235295
0.50196081
0.44705883
0.41568628
0.42745098
0.39607844
0.35686275
0.34901962
0.35686275
0.45882353
0.58039218
0.61960787
0.75294119
0.78431374
0.80392158
0.72941178
0.63921571
0.72941178
0.82352942
0.84313726
0.86274511
0.85098040
0.83529413
0.82745099
0.80784315
0.83137256
0.87843138
0.84705883
0.89019608
0.90196079
0.88235295
0.92156863
0.92156863
0.45490196
0.41960785
0.40392157
0.41960785
0.39607844
0.37254903
0.38039216
0.42352942
0.53333336
0.60784316
0.63921571
0.74509805
0.81568629
0.82745099
0.80000001
0.73725492
0.75294119
0.81568629
0.82352942
0.82745099
0.83529413
0.81960785
0.81176472
0.77647060
0.72549021
0.79215688
0.83529413
0.84313726
0.89019608
0.86666667
0.89803922
0.88627452
0.45098040
0.41960785
0.41568628
0.41568628
0.38823530
0.38823530
0.40392157
0.47843137
0.56862748
0.62352943
0.66274512
0.76078433
0.81960785
0.83137256
0.82745099
0.81176472
0.79215688
0.81176472
0.86274511
0.84705883
0.83137256
0.85490197
0.81176472
0.74509805
0.70588237
0.67843139
0.82352942
0.81176472
0.85882354
0.88627452
0.83137256
0.85098040
0.44313726
0.40392157
0.38823530
0.39607844
0.39215687
0.39607844
0.42745098
0.54509807
0.54117650
0.56470591
0.65490198
0.73725492
0.80392158
0.84705883
0.81960785
0.78039217
0.76470590
0.78039217
0.81960785
0.81960785
0.78431374
0.80784315
0.82745099
0.77254903
0.71372551
0.73333335
0.77254903
0.81176472
0.81568629
0.84313726
0.80784315
0.81176472
0.41568628
0.41176471
0.40392157
0.40784314
0.40392157
0.41960785
0.46666667
0.62745100
0.66274512
0.60784316
0.64705884
0.72156864
0.74509805
0.74901962
0.74509805
0.74117649
0.74901962
0.75294119
0.76470590
0.77254903
0.75686276
0.77647060
0.80784315
0.78431374
0.69411767
0.67058825
0.74509805
0.77254903
0.76862746
0.79607844
0.83529413
0.78039217
0.91372550
0.92941177
0.93333334
0.93333334
0.93333334
0.93333334
0.95294118
0.94901961
0.92156863
0.90980393
0.91372550
0.92156863
0.92156863
0.92549020
0.93333334
0.93725491
0.93725491
0.93725491
0.93725491
0.93725491
0.94117647
0.94117647
0.94117647
0.93725491
0.93725491
0.94117647
0.94509804
0.94901961
0.95294118
0.95686275
0.96470588
0.97254902
0.89411765
0.90588236
0.90980393
0.90980393
0.90980393
0.92941177
0.87843138
0.87058824
0.91372550
0.92941177
0.93333334
0.93333334
0.92941177
0.91764706
0.92941177
0.94509804
0.93333334
0.92941177
0.92941177
0.93333334
0.93725491
0.93725491
0.93333334
0.93333334
0.93333334
0.93725491
0.93725491
0.94117647
0.94509804
0.94901961
0.95686275
0.96470588
0.90196079
0.90980393
0.90980393
0.91764706
0.92156863
0.80392158
0.42352942
0.52549022
0.84313726
0.93333334
0.92941177
0.93333334
0.94117647
0.84313726
0.65098041
0.74117649
0.93333334
0.94901961
0.94901961
0.94901961
0.95294118
0.95686275
0.95294118
0.94509804
0.94509804
0.94509804
0.94901961
0.95686275
0.96078432
0.97254902
0.97647059
0.98431373
0.91764706
0.92549020
0.92549020
0.93333334
0.95294118
0.53725493
0.18039216
0.25098041
0.72941178
0.94117647
0.95294118
0.94509804
0.94509804
0.87843138
0.48235294
0.39215687
0.77254903
0.98039216
0.98431373
0.98431373
0.98431373
0.98039216
0.97647059
0.97254902
0.97254902
0.97254902
0.97254902
0.97254902
0.97647059
0.98431373
0.98823529
0.99215686
0.92941177
0.94117647
0.94901961
0.95294118
0.95686275
0.44313726
0.19215687
0.15294118
0.62352943
0.91764706
0.96470588
0.96470588
0.96470588
0.76862746
0.40000001
0.23137255
0.57254905
0.94509804
0.98431373
0.98431373
0.98039216
0.97647059
0.97647059
0.97647059
0.97647059
0.97647059
0.97254902
0.97254902
0.97254902
0.97647059
0.98431373
0.98823529
0.95686275
0.97647059
0.98431373
0.98823529
0.97647059
0.49411765
0.20392157
0.14509805
0.56470591
0.91372550
0.98431373
0.94901961
0.85098040
0.48235294
0.21176471
0.19215687
0.52156866
0.91764706
0.98431373
0.98431373
0.98039216
0.97647059
0.97254902
0.97254902
0.96862745
0.96862745
0.96862745
0.97254902
0.97254902
0.97647059
0.98039216
0.98823529
0.97254902
0.99215686
0.99215686
0.99215686
0.98431373
0.77647060
0.28235295
0.14509805
0.36862746
0.64705884
0.61960787
0.47843137
0.40392157
0.34901962
0.27058825
0.30980393
0.64705884
0.94509804
0.96470588
0.96470588
0.96862745
0.96470588
0.96078432
0.96078432
0.96078432
0.95686275
0.95294118
0.95294118
0.95686275
0.96078432
0.96470588
0.97254902
0.96078432
0.96862745
0.97647059
0.99215686
0.97254902
0.82745099
0.33725491
0.20392157
0.27058825
0.33725491
0.34117648
0.32156864
0.30980393
0.34509805
0.37647060
0.54117650
0.83137256
0.96470588
0.94509804
0.94901961
0.95686275
0.95686275
0.95686275
0.95686275
0.95294118
0.95294118
0.95294118
0.94901961
0.94901961
0.94509804
0.94509804
0.94901961
0.92941177
0.94901961
0.92549020
0.78431374
0.59607846
0.50196081
0.33333334
0.30980393
0.33725491
0.35294119
0.41568628
0.45490196
0.47058824
0.48627451
0.48235294
0.48235294
0.63921571
0.87843138
0.98039216
0.98431373
0.97254902
0.97254902
0.96862745
0.96470588
0.96078432
0.96078432
0.96078432
0.96470588
0.96470588
0.96470588
0.96862745
0.97647059
0.95294118
0.91372550
0.63921571
0.34509805
0.28235295
0.37647060
0.35294119
0.38431373
0.39215687
0.40392157
0.45882353
0.47058824
0.45882353
0.46274510
0.45882353
0.43529412
0.45490196
0.56862748
0.76078433
0.91764706
0.97647059
0.95686275
0.95294118
0.94901961
0.94901961
0.94117647
0.94117647
0.94509804
0.95294118
0.96078432
0.97647059
0.98431373
0.87843138
0.57647061
0.30980393
0.20784314
0.33725491
0.36862746
0.36078432
0.40000001
0.43137255
0.43137255
0.41960785
0.41176471
0.43529412
0.45490196
0.45882353
0.46666667
0.47843137
0.46666667
0.44313726
0.54509807
0.78431374
0.92156863
0.91372550
0.90588236
0.90588236
0.90588236
0.90196079
0.89411765
0.90196079
0.91372550
0.91764706
0.90980393
0.58823532
0.27058825
0.16862746
0.28235295
0.38431373
0.39215687
0.28627452
0.35294119
0.30980393
0.24313726
0.25098041
0.30980393
0.38039216
0.43529412
0.45882353
0.48235294
0.51372552
0.52549022
0.47058824
0.41960785
0.61176473
0.89803922
0.88627452
0.87843138
0.88235295
0.88627452
0.87843138
0.86274511
0.86274511
0.86666667
0.86666667
0.87450981
0.34117648
0.19215687
0.21176471
0.38823530
0.41176471
0.34509805
0.25098041
0.32156864
0.32941177
0.26666668
0.26666668
0.29803923
0.34117648
0.39215687
0.42352942
0.43137255
0.46666667
0.50980395
0.50196081
0.57254905
0.80392158
0.94901961
0.94117647
0.94117647
0.94509804
0.94901961
0.94117647
0.93725491
0.93333334
0.92549020
0.93333334
0.94117647
0.22352941
0.18431373
0.33725491
0.40392157
0.39607844
0.32156864
0.28235295
0.26274511
0.34509805
0.36862746
0.35294119
0.35294119
0.38039216
0.41568628
0.42745098
0.43137255
0.43529412
0.46274510
0.49019608
0.58039218
0.81960785
0.96470588
0.95686275
0.96078432
0.96078432
0.96078432
0.95686275
0.95294118
0.94901961
0.95294118
0.96078432
0.96862745
0.16862746
0.25882354
0.39215687
0.38039216
0.37647060
0.33725491
0.34509805
0.28235295
0.28235295
0.34509805
0.40392157
0.41176471
0.41568628
0.43921569
0.45882353
0.47843137
0.47843137
0.46274510
0.47058824
0.50196081
0.63529414
0.86274511
0.95686275
0.94509804
0.94117647
0.93333334
0.92941177
0.92549020
0.92549020
0.92941177
0.93333334
0.93725491
0.17254902
0.34901962
0.39215687
0.34509805
0.34901962
0.34509805
0.34901962
0.33333334
0.27843139
0.27450982
0.32941177
0.39607844
0.41568628
0.41568628
0.42745098
0.46274510
0.49803922
0.50196081
0.46666667
0.43137255
0.43137255
0.51372552
0.71372551
0.90196079
0.94901961
0.93333334
0.92941177
0.92549020
0.92549020
0.92941177
0.92549020
0.93725491
0.26274511
0.36470589
0.38039216
0.32156864
0.33333334
0.33333334
0.33333334
0.34117648
0.32941177
0.28627452
0.27450982
0.30588236
0.35294119
0.38431373
0.40000001
0.41568628
0.41568628
0.37647060
0.33333334
0.30980393
0.30980393
0.30588236
0.34117648
0.58823532
0.87058824
0.89803922
0.89019608
0.88627452
0.87843138
0.88235295
0.90196079
0.90196079
0.32941177
0.34509805
0.35294119
0.29803923
0.31764707
0.30196080
0.30196080
0.33333334
0.36078432
0.34509805
0.29019609
0.27058825
0.32156864
0.39607844
0.38431373
0.30588236
0.26274511
0.30588236
0.37254903
0.38431373
0.38431373
0.40392157
0.40000001
0.46274510
0.65882355
0.78823531
0.76470590
0.76078433
0.74901962
0.76078433
0.79607844
0.75686276
0.34509805
0.34901962
0.34901962
0.29019609
0.30588236
0.27450982
0.27843139
0.30980393
0.34117648
0.35686275
0.30980393
0.29411766
0.28627452
0.29019609
0.27058825
0.25098041
0.29411766
0.37254903
0.41960785
0.43137255
0.47450981
0.47450981
0.46666667
0.49803922
0.59607846
0.78039217
0.85490197
0.85098040
0.84313726
0.84705883
0.83921570
0.66274512
0.33333334
0.34509805
0.34901962
0.29803923
0.33333334
0.29019609
0.25882354
0.27450982
0.30196080
0.31372550
0.26274511
0.24313726
0.26274511
0.25098041
0.27450982
0.33725491
0.36078432
0.37647060
0.41568628
0.43137255
0.39607844
0.37647060
0.42745098
0.40784314
0.42745098
0.51764709
0.70196080
0.74901962
0.71764708
0.73333335
0.74901962
0.72941178
0.32156864
0.34901962
0.34117648
0.30980393
0.34901962
0.29411766
0.21960784
0.21568628
0.22352941
0.22745098
0.25098041
0.27450982
0.27450982
0.23921569
0.23529412
0.29411766
0.36078432
0.36470589
0.38431373
0.35686275
0.18431373
0.21568628
0.29803923
0.31372550
0.32156864
0.30980393
0.48627451
0.65098041
0.60000002
0.64313728
0.66666669
0.69019610
0.34509805
0.34509805
0.33725491
0.31764707
0.34117648
0.25490198
0.20784314
0.19215687
0.18823530
0.18431373
0.41176471
0.55294120
0.38823530
0.25098041
0.22352941
0.22352941
0.27843139
0.31764707
0.34901962
0.34901962
0.25882354
0.27058825
0.28627452
0.27843139
0.32156864
0.36078432
0.52549022
0.57647061
0.61176473
0.57254905
0.56470591
0.57254905
0.35294119
0.34509805
0.32549021
0.31372550
0.31764707
0.26666668
0.23137255
0.21176471
0.20000000
0.20000000
0.27450982
0.32941177
0.40000001
0.47058824
0.46274510
0.39607844
0.33333334
0.32941177
0.34901962
0.33725491
0.29411766
0.27843139
0.29019609
0.28235295
0.30980393
0.44313726
0.66274512
0.59215689
0.63529414
0.58039218
0.56078434
0.53333336
0.33725491
0.33333334
0.32156864
0.31764707
0.30980393
0.28235295
0.25490198
0.22745098
0.20392157
0.25098041
0.44313726
0.58823532
0.69019610
0.66666669
0.58431375
0.63529414
0.69019610
0.59215689
0.40392157
0.27450982
0.25098041
0.23529412
0.25098041
0.27450982
0.35686275
0.57254905
0.73725492
0.71764708
0.72549021
0.70980394
0.72156864
0.69803923
0.34901962
0.32941177
0.32156864
0.29803923
0.29411766
0.26274511
0.22745098
0.21176471
0.20392157
0.33725491
0.65490198
0.72941178
0.69019610
0.70196080
0.67843139
0.70196080
0.73725492
0.71372551
0.56470591
0.32156864
0.22352941
0.22745098
0.28627452
0.38431373
0.58431375
0.76078433
0.74117649
0.73725492
0.74901962
0.71764708
0.71764708
0.73333335
0.32549021
0.31372550
0.28627452
0.27843139
0.26274511
0.24313726
0.22745098
0.21960784
0.20784314
0.42745098
0.67843139
0.73333335
0.70588237
0.68627453
0.65490198
0.69019610
0.72941178
0.72941178
0.72156864
0.66274512
0.60392159
0.58431375
0.65098041
0.73333335
0.77647060
0.76470590
0.75294119
0.76470590
0.77254903
0.73725492
0.75686276
0.71372551
0.32941177
0.30588236
0.27450982
0.28627452
0.27843139
0.25098041
0.23529412
0.23137255
0.23921569
0.47843137
0.64313728
0.72156864
0.67843139
0.66274512
0.61176473
0.61176473
0.70196080
0.74509805
0.75686276
0.76862746
0.78823531
0.80392158
0.78039217
0.76078433
0.79607844
0.77647060
0.78039217
0.80000001
0.77647060
0.73725492
0.79215688
0.72941178
0.32941177
0.29803923
0.27843139
0.28627452
0.26666668
0.25098041
0.24313726
0.24313726
0.32941177
0.47843137
0.52941179
0.61568630
0.63137257
0.65882355
0.63137257
0.56078434
0.61176473
0.68235296
0.70196080
0.72549021
0.71764708
0.69803923
0.70196080
0.70196080
0.70980394
0.72941178
0.69803923
0.75686276
0.76470590
0.73725492
0.78823531
0.77647060
0.30196080
0.28235295
0.27058825
0.28235295
0.27058825
0.25882354
0.25882354
0.27843139
0.42352942
0.52156866
0.55294120
0.62352943
0.67843139
0.69411767
0.69411767
0.64705884
0.64313728
0.68235296
0.67843139
0.68627453
0.70980394
0.69411767
0.69411767
0.67843139
0.63137257
0.67058825
0.69019610
0.71764708
0.77254903
0.72941178
0.74509805
0.74117649
0.29411766
0.28235295
0.27843139
0.27843139
0.26666668
0.27058825
0.27450982
0.32941177
0.47058824
0.55686277
0.59215689
0.66274512
0.70588237
0.71372551
0.70980394
0.69803923
0.68235296
0.69803923
0.73725492
0.72941178
0.72156864
0.74901962
0.70980394
0.66274512
0.65098041
0.62745100
0.70588237
0.70588237
0.74901962
0.77647060
0.69019610
0.70980394
0.29019609
0.27450982
0.27058825
0.27058825
0.27058825
0.27450982
0.29019609
0.42352942
0.49411765
0.50980395
0.59215689
0.65490198
0.70196080
0.73333335
0.71764708
0.69019610
0.68235296
0.69803923
0.72549021
0.72549021
0.70588237
0.71764708
0.73333335
0.70588237
0.65882355
0.67843139
0.70980394
0.72156864
0.71764708
0.74901962
0.71372551
0.69411767
0.27843139
0.28235295
0.28235295
0.28235295
0.28235295
0.29019609
0.32156864
0.52156866
0.57647061
0.54117650
0.58823532
0.63921571
0.66274512
0.67843139
0.67450982
0.67058825
0.68235296
0.69019610
0.69019610
0.69803923
0.69411767
0.71764708
0.74509805
0.72549021
0.65098041
0.62352943
0.69803923
0.70588237
0.69803923
0.69803923
0.75686276
0.69803923
0.93333334
0.94509804
0.94901961
0.95294118
0.95294118
0.95294118
0.97254902
0.97647059
0.94901961
0.93333334
0.93333334
0.93725491
0.93725491
0.94117647
0.94901961
0.94901961
0.94901961
0.94901961
0.94901961
0.94901961
0.95294118
0.95294118
0.95294118
0.94901961
0.94901961
0.95294118
0.95686275
0.96078432
0.96470588
0.96862745
0.97647059
0.98431373
0.91372550
0.92549020
0.92941177
0.92941177
0.93333334
0.94901961
0.88627452
0.87843138
0.92941177
0.94509804
0.94117647
0.94117647
0.94117647
0.92549020
0.93725491
0.95294118
0.94901961
0.94117647
0.94117647
0.94509804
0.94901961
0.94901961
0.94509804
0.94509804
0.94509804
0.94901961
0.94901961
0.95294118
0.95686275
0.96078432
0.96862745
0.97254902
0.92549020
0.93333334
0.93333334
0.93725491
0.94117647
0.79607844
0.39607844
0.50196081
0.84705883
0.94901961
0.94509804
0.94509804
0.94509804
0.83921570
0.63137257
0.72549021
0.94117647
0.96078432
0.95686275
0.96078432
0.96470588
0.96862745
0.96470588
0.95686275
0.95686275
0.95686275
0.96078432
0.96862745
0.97254902
0.98039216
0.98431373
0.98823529
0.94117647
0.95294118
0.94901961
0.95294118
0.95686275
0.50588238
0.15686275
0.21960784
0.71372551
0.94117647
0.96078432
0.95686275
0.95686275
0.87450981
0.44705883
0.35294119
0.75294119
0.98039216
0.98823529
0.98823529
0.99215686
0.98823529
0.98431373
0.98039216
0.98431373
0.98431373
0.98431373
0.98431373
0.98823529
0.99607843
0.99607843
0.99607843
0.94901961
0.96078432
0.96470588
0.96470588
0.96078432
0.41960785
0.16470589
0.12156863
0.60784316
0.92549020
0.97647059
0.96862745
0.96862745
0.74901962
0.35294119
0.18431373
0.54509807
0.94117647
0.98823529
0.98431373
0.98431373
0.98431373
0.98431373
0.98431373
0.98823529
0.98823529
0.98431373
0.98431373
0.98431373
0.98823529
0.98823529
0.99215686
0.96862745
0.98039216
0.99215686
0.99607843
0.97647059
0.48627451
0.18039216
0.12156863
0.54901963
0.91764706
0.99607843
0.95294118
0.82745099
0.43921569
0.17647059
0.15686275
0.49019608
0.90980393
0.98823529
0.98823529
0.98431373
0.98431373
0.98823529
0.98431373
0.98039216
0.98039216
0.98039216
0.98431373
0.98431373
0.98823529
0.98823529
0.99215686
0.97647059
0.99215686
0.99215686
0.98823529
0.99215686
0.77254903
0.26666668
0.12156863
0.34117648
0.62745100
0.59607846
0.45098040
0.34901962
0.26274511
0.20000000
0.26274511
0.62745100
0.94901961
0.97647059
0.97647059
0.97254902
0.97254902
0.97647059
0.97254902
0.97254902
0.96862745
0.96862745
0.96470588
0.96862745
0.96862745
0.97647059
0.98431373
0.95686275
0.97254902
0.98039216
0.99607843
0.98039216
0.80784315
0.30588236
0.17254902
0.23529412
0.31372550
0.31764707
0.28235295
0.26666668
0.28627452
0.30196080
0.48235294
0.81568629
0.97647059
0.96078432
0.96078432
0.96862745
0.96862745
0.97254902
0.96862745
0.96862745
0.96470588
0.96470588
0.96470588
0.96078432
0.95686275
0.96078432
0.96470588
0.94117647
0.96862745
0.93333334
0.76078433
0.56078434
0.43921569
0.29411766
0.29803923
0.31372550
0.29803923
0.34117648
0.37254903
0.39215687
0.42352942
0.43137255
0.43529412
0.60000002
0.85882354
0.98039216
0.98823529
0.98039216
0.98039216
0.97254902
0.96862745
0.96470588
0.96470588
0.96862745
0.96862745
0.96862745
0.96862745
0.97254902
0.97647059
0.96862745
0.91372550
0.59607846
0.28627452
0.21960784
0.36078432
0.33725491
0.33725491
0.32156864
0.32156864
0.37254903
0.38823530
0.37254903
0.37647060
0.38431373
0.37647060
0.38823530
0.51372552
0.73725492
0.91372550
0.98431373
0.96862745
0.96470588
0.96078432
0.95686275
0.95294118
0.95294118
0.95686275
0.95686275
0.96470588
0.98039216
0.98823529
0.86666667
0.52549022
0.25490198
0.17254902
0.27450982
0.36862746
0.32156864
0.32941177
0.37647060
0.38431373
0.36470589
0.35294119
0.36862746
0.38431373
0.38823530
0.40000001
0.40784314
0.38431373
0.37647060
0.51372552
0.78431374
0.93725491
0.92941177
0.92549020
0.92549020
0.92549020
0.92156863
0.91372550
0.92156863
0.93333334
0.93725491
0.92941177
0.54509807
0.21176471
0.14901961
0.25098041
0.31372550
0.38039216
0.27058825
0.30980393
0.29803923
0.25882354
0.25882354
0.29019609
0.34509805
0.38039216
0.40000001
0.42352942
0.45098040
0.45882353
0.40392157
0.37254903
0.60000002
0.91764706
0.90980393
0.89803922
0.90196079
0.90588236
0.89803922
0.88235295
0.88627452
0.89019608
0.89019608
0.89803922
0.29803923
0.17254902
0.18039216
0.32549021
0.33725491
0.31372550
0.25882354
0.30196080
0.30588236
0.27450982
0.27058825
0.29019609
0.31764707
0.34509805
0.36470589
0.37254903
0.40784314
0.45098040
0.43921569
0.52156866
0.79215688
0.95686275
0.94509804
0.94509804
0.94901961
0.94901961
0.94509804
0.94117647
0.94117647
0.93725491
0.94117647
0.94901961
0.18823530
0.16470589
0.28235295
0.32941177
0.32549021
0.27058825
0.27058825
0.27058825
0.32549021
0.34117648
0.33725491
0.33725491
0.34901962
0.35686275
0.36078432
0.37254903
0.38039216
0.40784314
0.43137255
0.53333336
0.80392158
0.97647059
0.96470588
0.96470588
0.96862745
0.96078432
0.95686275
0.95686275
0.95294118
0.95294118
0.96078432
0.96470588
0.14509805
0.21568628
0.32156864
0.30196080
0.32156864
0.28235295
0.28627452
0.26666668
0.29411766
0.32156864
0.36862746
0.38039216
0.36862746
0.37647060
0.39607844
0.42352942
0.42352942
0.40392157
0.41176471
0.45098040
0.59607846
0.84705883
0.96862745
0.96078432
0.95294118
0.94901961
0.94117647
0.94117647
0.93333334
0.93725491
0.94117647
0.94509804
0.16078432
0.28235295
0.32156864
0.27843139
0.29411766
0.29019609
0.27450982
0.26274511
0.26666668
0.28235295
0.30588236
0.35294119
0.36470589
0.35294119
0.35686275
0.38823530
0.42745098
0.43921569
0.41960785
0.40392157
0.41176471
0.50196081
0.73333335
0.91372550
0.95686275
0.94509804
0.93725491
0.93725491
0.93725491
0.93725491
0.93725491
0.94901961
0.21176471
0.28627452
0.31764707
0.26274511
0.27450982
0.27450982
0.25098041
0.23921569
0.24705882
0.26274511
0.26666668
0.27450982
0.29803923
0.31372550
0.32549021
0.34901962
0.37254903
0.36078432
0.32156864
0.28627452
0.29019609
0.30588236
0.33725491
0.58039218
0.87450981
0.90980393
0.90196079
0.89411765
0.89019608
0.89411765
0.90980393
0.90588236
0.24313726
0.27058825
0.28235295
0.23921569
0.26274511
0.24313726
0.22745098
0.23529412
0.25490198
0.25882354
0.25490198
0.26274511
0.29803923
0.34509805
0.34901962
0.29019609
0.25098041
0.27843139
0.32549021
0.34509805
0.36470589
0.36862746
0.34509805
0.41960785
0.65882355
0.81176472
0.80000001
0.78039217
0.76862746
0.78039217
0.81568629
0.76862746
0.25882354
0.28235295
0.27058825
0.23137255
0.24313726
0.23137255
0.21176471
0.22745098
0.24313726
0.25882354
0.25098041
0.27843139
0.28235295
0.29019609
0.25490198
0.21960784
0.25098041
0.31764707
0.37647060
0.41960785
0.45490196
0.43137255
0.42352942
0.45882353
0.56078434
0.77254903
0.87450981
0.85490197
0.84313726
0.83921570
0.82745099
0.60784316
0.24313726
0.27058825
0.26666668
0.24313726
0.25490198
0.24705882
0.21568628
0.20784314
0.21960784
0.23529412
0.20784314
0.20392157
0.26274511
0.25490198
0.25882354
0.30196080
0.31764707
0.34509805
0.40392157
0.42352942
0.38431373
0.37647060
0.41960785
0.38039216
0.39607844
0.49019608
0.63921571
0.61960787
0.60000002
0.60784316
0.63137257
0.58431375
0.22745098
0.26666668
0.25490198
0.24313726
0.27843139
0.23529412
0.20392157
0.17647059
0.17254902
0.18039216
0.20392157
0.21960784
0.21960784
0.21568628
0.22352941
0.26666668
0.33725491
0.35294119
0.38039216
0.35294119
0.18039216
0.20784314
0.28235295
0.28627452
0.29411766
0.28627452
0.39607844
0.47843137
0.44313726
0.46274510
0.49019608
0.51372552
0.26274511
0.25882354
0.25490198
0.24705882
0.26666668
0.20000000
0.18431373
0.17254902
0.16862746
0.15686275
0.34117648
0.47058824
0.33725491
0.22352941
0.20784314
0.20392157
0.25882354
0.30196080
0.33725491
0.34509805
0.25882354
0.26274511
0.27450982
0.26274511
0.30196080
0.32941177
0.44705883
0.43137255
0.46274510
0.41568628
0.40784314
0.42352942
0.27058825
0.25490198
0.24705882
0.25098041
0.23921569
0.20392157
0.20000000
0.18039216
0.17647059
0.17647059
0.24705882
0.30196080
0.34901962
0.40000001
0.40392157
0.34509805
0.28235295
0.28235295
0.32156864
0.31764707
0.28235295
0.26666668
0.27450982
0.25882354
0.27450982
0.37254903
0.52156866
0.42745098
0.47843137
0.43529412
0.40000001
0.38039216
0.25098041
0.24313726
0.23921569
0.25098041
0.23921569
0.22352941
0.21568628
0.20392157
0.18431373
0.21176471
0.36470589
0.47058824
0.54117650
0.52549022
0.45490196
0.48235294
0.52941179
0.45490196
0.33333334
0.25882354
0.23137255
0.21960784
0.22352941
0.23529412
0.29411766
0.45098040
0.55686277
0.53725493
0.54117650
0.51372552
0.52549022
0.50588238
0.26274511
0.24705882
0.24705882
0.24705882
0.24705882
0.21568628
0.20784314
0.19215687
0.18431373
0.25882354
0.50196081
0.55294120
0.51372552
0.51764709
0.49019608
0.52941179
0.57647061
0.54901963
0.43137255
0.26666668
0.20392157
0.20000000
0.23529412
0.31372550
0.45490196
0.57254905
0.55294120
0.56078434
0.56862748
0.51372552
0.52156866
0.51372552
0.25882354
0.25098041
0.23137255
0.23137255
0.22352941
0.20392157
0.18431373
0.17254902
0.16078432
0.33333334
0.53333336
0.57647061
0.54509807
0.51764709
0.48235294
0.52941179
0.56862748
0.56470591
0.56470591
0.52941179
0.50196081
0.46666667
0.50980395
0.58431375
0.62352943
0.60000002
0.59215689
0.61176473
0.61176473
0.54901963
0.59215689
0.52156866
0.25882354
0.23921569
0.20784314
0.21176471
0.21176471
0.19607843
0.18431373
0.18431373
0.18039216
0.35686275
0.47843137
0.55686277
0.51764709
0.49019608
0.43529412
0.44313726
0.54901963
0.60000002
0.61568630
0.63529414
0.65882355
0.65882355
0.61568630
0.61176473
0.66666669
0.63921571
0.63529414
0.68235296
0.61960787
0.57647061
0.64313728
0.54117650
0.23921569
0.22352941
0.21176471
0.21176471
0.20392157
0.19607843
0.19215687
0.19215687
0.23137255
0.32549021
0.34901962
0.43137255
0.45882353
0.48235294
0.45882353
0.38823530
0.43529412
0.50980395
0.54509807
0.58431375
0.56862748
0.52156866
0.51764709
0.50980395
0.52549022
0.56862748
0.50980395
0.60000002
0.60784316
0.57254905
0.61568630
0.60784316
0.22352941
0.21960784
0.21176471
0.20784314
0.20784314
0.20784314
0.20000000
0.21568628
0.28627452
0.36078432
0.38823530
0.44705883
0.51372552
0.53725493
0.52941179
0.47843137
0.47450981
0.51372552
0.50588238
0.52156866
0.54509807
0.51372552
0.50980395
0.50196081
0.44313726
0.47843137
0.51372552
0.52549022
0.59607846
0.54117650
0.56862748
0.54901963
0.21568628
0.21568628
0.21960784
0.21176471
0.20784314
0.21568628
0.21176471
0.24705882
0.32941177
0.39607844
0.44313726
0.50980395
0.55294120
0.55294120
0.55294120
0.54117650
0.51764709
0.53333336
0.58039218
0.57254905
0.55294120
0.57647061
0.53333336
0.48627451
0.47058824
0.44313726
0.55294120
0.52549022
0.56862748
0.59215689
0.50196081
0.51372552
0.21568628
0.21568628
0.21568628
0.20784314
0.21176471
0.21568628
0.21960784
0.31764707
0.34901962
0.35686275
0.43921569
0.50980395
0.55686277
0.58823532
0.55686277
0.52549022
0.51372552
0.52156866
0.55294120
0.55686277
0.53333336
0.54117650
0.55686277
0.53333336
0.49019608
0.51764709
0.55686277
0.55686277
0.52941179
0.54117650
0.50196081
0.50588238
0.21176471
0.22352941
0.21960784
0.20784314
0.21568628
0.21960784
0.23137255
0.38431373
0.43921569
0.38823530
0.42352942
0.48627451
0.51372552
0.52941179
0.51372552
0.49019608
0.49019608
0.49019608
0.49803922
0.50196081
0.50196081
0.52549022
0.55294120
0.52941179
0.44705883
0.43529412
0.52941179
0.53725493
0.51372552
0.49019608
0.53725493
0.49803922
1 0 0 0 0 0 0 -1 0 0 0
0 1 0 0 0 0 0 -1 0 0 0
0 0 1 0 0 0 0 -1 0 0 0
0 0 0 1 0 0 0 -1 0 0 0
0 0 0 0 1 0 0 -1 0 0 0
0 0 0 0 0 1 0 -1 0 0 0
0 0 0 0 0 0 1 -1 0 0 0
0 0 0 0 0 0 0 -1 1 0 0
0 0 0 0 0 0 0 -1 0 1 0
