1.00000000
1.00000000
1.00000000
1.00000000
1.00000000
1.00000000
1.00000000
1.00000000
1.00000000
0.98039216
0.80784315
0.68235296
0.61176473
0.70196080
0.72549021
0.69803923
0.57647061
0.62352943
0.51764709
0.44313726
0.43529412
0.45098040
0.51372552
0.66666669
0.79215688
0.54901963
0.06666667
0.00000000
0.10980392
0.56078434
0.75686276
0.71764708
1.00000000
1.00000000
1.00000000
1.00000000
1.00000000
1.00000000
1.00000000
1.00000000
1.00000000
0.97647059
0.85882354
0.70980394
0.56078434
0.65098041
0.75686276
0.68627453
0.58823532
0.62745100
0.53333336
0.43529412
0.43921569
0.46274510
0.53725493
0.66274512
0.80000001
0.61568630
0.10196079
0.00000000
0.22352941
0.69019610
0.82352942
0.81960785
1.00000000
1.00000000
1.00000000
1.00000000
1.00000000
1.00000000
1.00000000
0.99607843
1.00000000
0.96862745
0.88627452
0.72941178
0.59607846
0.53725493
0.74117649
0.67843139
0.61568630
0.61568630
0.57647061
0.44705883
0.43529412
0.46274510
0.55686277
0.68627453
0.80392158
0.54901963
0.06274510
0.00000000
0.26274511
0.69019610
0.81176472
0.84705883
1.00000000
1.00000000
1.00000000
1.00000000
1.00000000
1.00000000
1.00000000
0.99607843
0.99607843
0.96078432
0.87450981
0.76078433
0.63137257
0.45882353
0.67058825
0.69411767
0.67058825
0.65098041
0.58823532
0.43921569
0.43921569
0.45098040
0.55686277
0.70588237
0.76862746
0.30588236
0.01568628
0.00000000
0.13725491
0.54901963
0.75686276
0.84313726
1.00000000
1.00000000
1.00000000
1.00000000
0.99607843
1.00000000
0.99607843
0.99607843
1.00000000
0.94509804
0.83137256
0.78431374
0.63137257
0.46666667
0.56078434
0.71764708
0.71764708
0.67843139
0.56078434
0.44313726
0.43921569
0.44705883
0.55294120
0.71764708
0.72549021
0.35294119
0.29411766
0.09019608
0.01176471
0.24313726
0.61960787
0.80392158
1.00000000
1.00000000
1.00000000
1.00000000
1.00000000
0.99215686
0.97647059
0.98039216
0.98431373
0.95294118
0.78039217
0.75686276
0.65882355
0.48235294
0.38823530
0.70980394
0.73725492
0.65490198
0.52156866
0.46666667
0.42352942
0.45098040
0.56862748
0.74509805
0.75686276
0.63529414
0.56470591
0.26274511
0.00784314
0.04313726
0.43137255
0.73725492
1.00000000
1.00000000
1.00000000
1.00000000
1.00000000
0.96078432
0.92941177
0.96078432
0.98039216
0.95294118
0.78823531
0.67058825
0.60000002
0.46274510
0.30588236
0.51372552
0.70588237
0.64705884
0.56470591
0.47058824
0.42745098
0.46274510
0.64313728
0.71764708
0.63137257
0.61176473
0.59215689
0.27058825
0.00784314
0.01568628
0.30588236
0.66666669
1.00000000
1.00000000
1.00000000
1.00000000
0.98823529
0.90588236
0.86274511
0.91372550
0.94509804
0.93725491
0.73333335
0.62745100
0.57647061
0.52941179
0.38039216
0.33725491
0.46666667
0.47450981
0.54901963
0.54117650
0.62745100
0.71764708
0.69411767
0.58431375
0.58039218
0.63529414
0.58431375
0.15294118
0.00392157
0.00000000
0.22352941
0.62352943
1.00000000
1.00000000
0.99607843
0.99215686
0.96078432
0.85490197
0.81176472
0.85490197
0.83921570
0.88235295
0.61960787
0.61176473
0.64313728
0.56862748
0.47450981
0.45490196
0.36862746
0.38823530
0.41568628
0.51372552
0.62745100
0.60392159
0.56862748
0.57254905
0.60784316
0.61568630
0.51764709
0.04313726
0.00392157
0.00000000
0.15294118
0.54509807
1.00000000
0.99215686
0.97254902
0.97254902
0.93725491
0.83529413
0.78039217
0.78823531
0.78823531
0.67058825
0.47843137
0.67450982
0.63529414
0.52941179
0.45882353
0.38039216
0.33333334
0.34117648
0.35686275
0.40000001
0.41568628
0.44705883
0.56470591
0.56078434
0.55686277
0.60784316
0.38431373
0.00784314
0.01176471
0.00000000
0.03529412
0.32941177
0.98431373
0.93725491
0.92156863
0.95686275
0.90980393
0.78431374
0.75686276
0.76470590
0.78039217
0.60392159
0.43921569
0.63137257
0.65098041
0.60784316
0.46274510
0.41568628
0.39215687
0.29411766
0.24313726
0.40784314
0.41960785
0.47058824
0.51372552
0.56078434
0.56078434
0.58431375
0.16470589
0.00392157
0.01176471
0.00392157
0.00392157
0.06274510
0.91372550
0.85882354
0.90588236
0.93725491
0.85882354
0.77254903
0.78431374
0.80000001
0.75294119
0.72549021
0.61960787
0.65098041
0.64313728
0.44313726
0.50980395
0.50196081
0.42745098
0.34117648
0.33725491
0.37254903
0.43921569
0.55294120
0.48235294
0.49803922
0.55686277
0.47058824
0.02352941
0.00392157
0.00392157
0.00784314
0.00784314
0.00000000
0.83137256
0.84313726
0.92156863
0.91372550
0.82352942
0.77254903
0.78431374
0.79215688
0.80000001
0.76470590
0.71764708
0.74117649
0.69411767
0.50196081
0.55294120
0.51764709
0.45490196
0.41960785
0.40000001
0.39215687
0.36862746
0.45882353
0.52156866
0.46274510
0.66274512
0.29411766
0.00000000
0.00000000
0.00392157
0.00392157
0.00000000
0.00784314
0.81176472
0.89411765
0.94509804
0.90196079
0.83921570
0.79607844
0.78431374
0.80000001
0.80392158
0.75686276
0.73333335
0.77254903
0.69411767
0.60392159
0.55294120
0.66666669
0.41960785
0.41960785
0.44313726
0.40784314
0.39607844
0.44705883
0.55294120
0.49411765
0.64313728
0.13333334
0.00392157
0.00392157
0.00392157
0.00392157
0.00392157
0.00392157
0.85882354
0.93725491
0.94509804
0.87450981
0.82352942
0.81176472
0.83529413
0.83921570
0.74117649
0.50588238
0.51764709
0.60784316
0.45490196
0.35294119
0.54117650
0.54117650
0.36470589
0.49019608
0.50980395
0.57647061
0.40392157
0.45882353
0.47450981
0.43529412
0.52156866
0.07450981
0.00000000
0.00000000
0.00784314
0.00784314
0.00392157
0.00000000
0.90980393
0.95686275
0.92156863
0.83921570
0.81176472
0.82352942
0.84705883
0.85882354
0.75294119
0.61568630
0.64705884
0.58823532
0.43529412
0.22745098
0.48235294
0.35686275
0.37647060
0.50588238
0.55294120
0.61960787
0.45490196
0.44313726
0.38823530
0.29019609
0.56862748
0.53333336
0.28627452
0.06274510
0.00000000
0.00000000
0.00392157
0.00392157
0.94509804
0.96470588
0.89019608
0.83921570
0.85098040
0.85490197
0.86274511
0.87450981
0.84313726
0.74117649
0.45882353
0.43529412
0.40000001
0.34117648
0.51764709
0.47843137
0.43921569
0.46666667
0.55294120
0.40000001
0.53333336
0.44705883
0.37647060
0.39215687
0.66274512
0.86274511
0.84313726
0.58039218
0.23921569
0.05098039
0.00000000
0.01176471
0.96078432
0.93333334
0.85098040
0.84705883
0.85882354
0.84313726
0.87450981
0.88235295
0.79607844
0.70980394
0.45490196
0.35294119
0.31372550
0.28627452
0.55294120
0.55686277
0.47450981
0.59607846
0.41960785
0.25882354
0.45098040
0.47450981
0.41960785
0.40784314
0.60392159
0.80000001
0.83529413
0.87058824
0.83529413
0.55686277
0.09019608
0.00000000
0.95686275
0.89411765
0.85098040
0.87450981
0.87058824
0.85098040
0.87058824
0.88627452
0.70980394
0.56470591
0.48235294
0.35686275
0.45098040
0.39215687
0.61960787
0.55294120
0.52549022
0.53725493
0.40784314
0.40784314
0.38823530
0.32941177
0.44705883
0.40000001
0.39215687
0.56470591
0.71764708
0.80392158
0.85490197
0.87450981
0.55686277
0.17647059
0.92941177
0.86274511
0.86274511
0.86666667
0.85098040
0.86666667
0.87058824
0.86666667
0.76862746
0.48235294
0.45098040
0.34509805
0.49411765
0.56470591
0.50980395
0.58039218
0.56470591
0.36078432
0.33333334
0.34901962
0.49803922
0.36470589
0.28235295
0.41176471
0.31764707
0.29411766
0.56078434
0.68627453
0.74117649
0.81568629
0.85882354
0.77254903
0.90196079
0.85098040
0.85882354
0.84313726
0.83137256
0.85882354
0.85098040
0.84313726
0.81960785
0.63921571
0.52941179
0.43529412
0.50196081
0.47058824
0.61960787
0.63529414
0.44705883
0.38823530
0.32156864
0.31764707
0.37647060
0.38431373
0.29411766
0.31372550
0.29411766
0.23921569
0.20784314
0.41568628
0.64313728
0.67843139
0.77254903
0.85882354
0.87058824
0.85490197
0.86666667
0.84705883
0.83529413
0.84705883
0.85490197
0.86666667
0.86274511
0.69019610
0.64705884
0.59215689
0.54117650
0.45882353
0.58823532
0.65490198
0.43921569
0.40392157
0.49803922
0.33333334
0.28235295
0.43529412
0.52156866
0.37254903
0.24313726
0.27058825
0.14901961
0.18039216
0.36078432
0.52941179
0.69019610
0.78039217
0.84705883
0.85490197
0.84705883
0.83921570
0.85098040
0.84705883
0.85490197
0.84705883
0.85098040
0.77647060
0.69019610
0.72156864
0.59607846
0.42352942
0.53333336
0.51764709
0.36078432
0.37254903
0.35686275
0.36470589
0.38823530
0.52549022
0.65490198
0.41568628
0.21568628
0.27058825
0.20000000
0.17254902
0.22745098
0.32941177
0.53725493
0.70588237
0.85882354
0.88235295
0.85098040
0.83137256
0.83529413
0.83921570
0.86666667
0.83137256
0.81568629
0.80000001
0.69411767
0.72156864
0.58823532
0.46666667
0.43921569
0.42745098
0.31372550
0.48627451
0.49411765
0.36862746
0.41960785
0.51372552
0.44313726
0.24313726
0.21568628
0.21960784
0.23529412
0.13333334
0.18823530
0.24705882
0.30980393
0.54509807
0.86666667
0.87058824
0.85098040
0.83137256
0.82745099
0.85490197
0.82745099
0.83137256
0.79215688
0.82352942
0.67843139
0.69803923
0.60392159
0.56470591
0.29019609
0.30196080
0.38823530
0.47058824
0.52156866
0.42745098
0.33725491
0.24313726
0.27450982
0.20392157
0.21176471
0.14509805
0.12941177
0.08627451
0.19215687
0.23529412
0.25490198
0.32156864
0.87058824
0.84705883
0.84705883
0.86666667
0.85490197
0.82352942
0.80392158
0.81960785
0.79607844
0.80000001
0.80784315
0.72156864
0.65098041
0.52941179
0.25882354
0.46274510
0.60000002
0.45882353
0.60784316
0.43921569
0.38039216
0.36470589
0.35686275
0.12156863
0.11764706
0.11372549
0.09803922
0.12549020
0.25490198
0.28627452
0.23921569
0.25882354
0.88235295
0.85882354
0.85490197
0.85882354
0.84313726
0.81176472
0.83529413
0.81568629
0.82745099
0.82745099
0.92549020
0.80000001
0.77647060
0.52549022
0.35686275
0.58039218
0.52941179
0.48235294
0.60000002
0.34901962
0.25882354
0.31372550
0.15294118
0.09411765
0.08627451
0.10980392
0.09803922
0.17254902
0.24705882
0.18039216
0.20000000
0.31764707
0.87450981
0.86274511
0.86274511
0.84313726
0.83137256
0.81960785
0.81960785
0.81176472
0.87843138
0.90980393
0.94901961
0.76862746
0.74117649
0.62352943
0.41568628
0.50196081
0.54117650
0.54117650
0.34117648
0.37254903
0.30588236
0.13725491
0.06274510
0.07058824
0.05490196
0.07058824
0.14901961
0.22745098
0.20392157
0.30196080
0.43921569
0.45882353
0.86274511
0.87058824
0.88235295
0.86274511
0.85098040
0.84705883
0.82745099
0.80000001
0.87450981
0.91764706
0.91372550
0.81960785
0.65098041
0.70980394
0.64313728
0.61568630
0.49803922
0.47450981
0.42745098
0.27843139
0.20000000
0.06666667
0.05098039
0.06274510
0.09411765
0.09019608
0.20000000
0.20000000
0.26274511
0.41960785
0.51764709
0.44705883
0.87058824
0.87450981
0.87450981
0.86666667
0.85882354
0.85882354
0.83137256
0.82745099
0.89411765
0.90196079
0.84705883
0.73333335
0.53333336
0.47843137
0.46274510
0.30980393
0.21176471
0.28235295
0.40784314
0.19215687
0.18823530
0.16078432
0.07450981
0.13725491
0.13725491
0.21960784
0.26274511
0.27843139
0.46666667
0.49019608
0.42352942
0.26666668
0.87843138
0.87843138
0.87058824
0.85490197
0.85098040
0.84705883
0.82352942
0.84705883
0.91764706
0.91764706
0.85098040
0.71764708
0.51764709
0.35686275
0.23921569
0.21960784
0.21568628
0.12156863
0.22745098
0.25098041
0.10196079
0.18823530
0.08627451
0.08235294
0.13725491
0.34117648
0.29411766
0.23921569
0.36862746
0.41960785
0.27843139
0.22352941
0.88627452
0.87450981
0.87843138
0.88235295
0.89019608
0.88235295
0.83137256
0.81568629
0.90196079
0.86666667
0.80392158
0.72549021
0.60784316
0.43921569
0.37254903
0.28235295
0.18431373
0.09019608
0.09803922
0.24313726
0.08235294
0.14509805
0.12156863
0.03921569
0.12549020
0.26666668
0.23529412
0.22352941
0.22352941
0.25882354
0.24705882
0.34117648
1.00000000
1.00000000
1.00000000
1.00000000
1.00000000
1.00000000
1.00000000
1.00000000
1.00000000
0.95686275
0.58823532
0.43921569
0.44705883
0.61568630
0.65882355
0.61960787
0.47843137
0.52156866
0.41176471
0.33333334
0.32156864
0.33725491
0.40000001
0.56470591
0.71372551
0.54117650
0.10588235
0.01176471
0.13725491
0.56470591
0.74117649
0.72941178
1.00000000
1.00000000
1.00000000
1.00000000
1.00000000
1.00000000
1.00000000
1.00000000
1.00000000
0.93333334
0.61176473
0.48235294
0.37647060
0.54509807
0.69019610
0.60784316
0.49019608
0.52549022
0.42745098
0.32549021
0.32549021
0.34901962
0.41960785
0.56078434
0.72941178
0.60000002
0.13725491
0.01176471
0.25490198
0.67450982
0.81176472
0.81960785
1.00000000
1.00000000
1.00000000
1.00000000
1.00000000
1.00000000
1.00000000
1.00000000
1.00000000
0.90980393
0.62352943
0.52549022
0.41960785
0.41568628
0.66274512
0.60392159
0.51764709
0.51372552
0.47450981
0.33725491
0.32156864
0.35294119
0.44313726
0.57647061
0.73725492
0.54509807
0.09019608
0.01176471
0.28235295
0.68235296
0.80784315
0.84705883
1.00000000
1.00000000
1.00000000
1.00000000
1.00000000
1.00000000
1.00000000
1.00000000
1.00000000
0.86274511
0.57647061
0.54901963
0.46274510
0.32156864
0.57254905
0.61568630
0.57647061
0.56470591
0.49411765
0.32941177
0.32941177
0.34509805
0.43921569
0.60000002
0.71372551
0.32941177
0.03137255
0.01568628
0.17254902
0.55294120
0.74509805
0.83529413
1.00000000
1.00000000
1.00000000
1.00000000
1.00000000
1.00000000
1.00000000
0.99607843
1.00000000
0.82745099
0.49019608
0.56862748
0.45882353
0.31372550
0.45098040
0.64705884
0.63529414
0.58431375
0.45490196
0.32941177
0.32941177
0.34509805
0.44705883
0.61568630
0.65882355
0.30196080
0.22352941
0.07843138
0.03921569
0.27450982
0.61960787
0.79215688
1.00000000
1.00000000
1.00000000
1.00000000
1.00000000
0.98823529
0.97254902
0.98039216
0.98823529
0.84705883
0.41960785
0.52156866
0.47450981
0.31764707
0.27843139
0.63921571
0.66666669
0.57254905
0.41960785
0.35686275
0.32156864
0.34509805
0.45882353
0.65098041
0.63137257
0.46274510
0.38823530
0.18431373
0.01176471
0.08235294
0.45490196
0.72156864
1.00000000
1.00000000
1.00000000
1.00000000
0.99607843
0.94901961
0.90588236
0.94117647
0.95686275
0.85098040
0.44313726
0.39215687
0.40000001
0.30196080
0.20000000
0.43921569
0.65098041
0.60000002
0.47843137
0.36862746
0.32941177
0.35294119
0.51764709
0.58039218
0.47450981
0.46666667
0.40000001
0.19215687
0.01568628
0.05098039
0.33725491
0.65882355
0.99607843
0.99607843
1.00000000
1.00000000
0.97647059
0.86666667
0.82352942
0.87843138
0.90980393
0.83137256
0.47058824
0.38823530
0.40000001
0.37254903
0.26666668
0.23529412
0.38823530
0.44313726
0.50980395
0.47058824
0.53333336
0.58039218
0.54901963
0.45098040
0.47058824
0.46666667
0.37647060
0.11372549
0.01960784
0.03921569
0.27843139
0.61176473
1.00000000
1.00000000
0.99607843
0.98823529
0.94509804
0.81176472
0.75686276
0.80784315
0.79215688
0.76470590
0.36862746
0.42352942
0.49411765
0.42352942
0.35686275
0.35294119
0.28627452
0.34901962
0.38039216
0.42352942
0.49411765
0.44705883
0.43137255
0.45882353
0.47058824
0.45098040
0.33333334
0.03529412
0.01176471
0.02352941
0.20784314
0.55294120
1.00000000
0.98823529
0.96078432
0.95686275
0.91372550
0.78039217
0.71372551
0.72549021
0.72156864
0.54901963
0.30196080
0.53333336
0.49019608
0.40000001
0.34117648
0.28627452
0.25098041
0.27843139
0.27058825
0.28627452
0.29019609
0.32156864
0.43137255
0.43529412
0.39607844
0.39215687
0.25098041
0.01176471
0.01176471
0.02352941
0.09803922
0.38431373
0.97647059
0.92156863
0.90588236
0.93333334
0.87058824
0.72156864
0.69411767
0.69803923
0.70980394
0.49411765
0.30980393
0.49803922
0.52156866
0.49411765
0.36078432
0.32156864
0.30588236
0.23137255
0.16862746
0.31764707
0.30980393
0.34901962
0.37647060
0.41568628
0.38431373
0.38039216
0.11764706
0.01176471
0.01960784
0.02745098
0.05490196
0.14901961
0.89411765
0.83529413
0.88627452
0.90980393
0.80784315
0.70588237
0.72549021
0.72941178
0.68235296
0.60392159
0.48235294
0.53333336
0.52941179
0.35294119
0.42352942
0.40392157
0.34117648
0.26666668
0.26666668
0.28627452
0.32941177
0.42352942
0.35294119
0.34509805
0.37647060
0.33725491
0.02352941
0.01176471
0.00784314
0.02352941
0.05098039
0.08235294
0.79215688
0.80784315
0.90196079
0.88235295
0.77647060
0.71372551
0.72549021
0.74117649
0.73333335
0.61960787
0.57254905
0.62352943
0.58823532
0.41568628
0.47058824
0.41960785
0.36862746
0.34901962
0.30588236
0.30588236
0.26666668
0.33725491
0.38823530
0.30196080
0.44313726
0.20392157
0.00392157
0.00784314
0.01176471
0.02352941
0.04705882
0.08627451
0.76470590
0.85490197
0.91764706
0.87058824
0.79215688
0.74509805
0.72549021
0.74117649
0.73333335
0.64705884
0.61568630
0.62745100
0.59215689
0.49803922
0.43529412
0.56078434
0.34509805
0.34509805
0.32941177
0.30588236
0.29411766
0.33333334
0.41960785
0.31764707
0.44313726
0.10196079
0.01176471
0.01176471
0.01176471
0.01960784
0.04705882
0.08235294
0.82352942
0.91372550
0.91372550
0.83529413
0.76862746
0.76078433
0.78431374
0.78431374
0.67843139
0.41176471
0.40784314
0.46274510
0.39215687
0.27058825
0.43137255
0.43529412
0.27843139
0.38431373
0.36470589
0.45882353
0.29411766
0.34117648
0.34117648
0.28235295
0.39215687
0.07450981
0.00000000
0.00784314
0.01568628
0.01960784
0.04313726
0.07843138
0.88627452
0.93725491
0.89019608
0.79215688
0.76078433
0.77254903
0.80000001
0.81568629
0.69019610
0.51372552
0.52549022
0.47058824
0.40392157
0.18823530
0.38431373
0.26666668
0.29019609
0.40000001
0.40784314
0.49019608
0.34509805
0.32941177
0.27058825
0.17647059
0.47058824
0.50588238
0.28235295
0.06666667
0.00000000
0.01568628
0.04313726
0.07058824
0.92549020
0.93725491
0.85882354
0.79607844
0.80784315
0.81176472
0.81960785
0.83529413
0.77254903
0.65882355
0.35686275
0.34117648
0.33333334
0.28235295
0.40784314
0.40392157
0.34509805
0.34901962
0.42745098
0.30196080
0.42745098
0.32941177
0.26274511
0.27058825
0.55686277
0.80784315
0.79607844
0.55686277
0.23137255
0.06274510
0.04705882
0.08235294
0.94509804
0.89803922
0.80392158
0.81176472
0.81960785
0.80000001
0.82745099
0.83921570
0.69803923
0.61176473
0.36470589
0.25490198
0.22352941
0.21176471
0.44705883
0.45490196
0.38039216
0.47450981
0.32941177
0.22352941
0.36078432
0.35686275
0.29411766
0.29019609
0.50196081
0.73725492
0.76470590
0.81568629
0.79607844
0.54509807
0.12549020
0.05490196
0.93333334
0.85098040
0.79607844
0.83921570
0.82745099
0.80784315
0.82352942
0.83921570
0.61568630
0.44705883
0.38823530
0.26274511
0.33333334
0.29019609
0.52156866
0.43137255
0.40784314
0.44313726
0.34117648
0.39215687
0.29019609
0.23137255
0.35294119
0.30980393
0.32156864
0.49803922
0.61176473
0.72156864
0.81568629
0.83529413
0.55294120
0.20392157
0.90588236
0.82352942
0.81568629
0.82745099
0.80784315
0.82352942
0.82352942
0.82352942
0.70196080
0.37254903
0.35686275
0.27450982
0.36078432
0.42745098
0.40000001
0.45882353
0.43529412
0.28235295
0.27843139
0.29411766
0.38431373
0.27450982
0.20392157
0.32549021
0.24705882
0.23921569
0.48627451
0.59215689
0.64313728
0.74117649
0.80392158
0.74901962
0.87058824
0.81176472
0.81568629
0.80000001
0.78823531
0.81176472
0.80392158
0.80000001
0.76470590
0.54117650
0.42745098
0.36862746
0.40784314
0.35686275
0.49411765
0.50588238
0.32156864
0.26666668
0.23137255
0.22745098
0.27450982
0.27450982
0.23137255
0.23529412
0.20000000
0.14901961
0.15294118
0.33725491
0.55686277
0.58431375
0.69411767
0.80784315
0.83137256
0.81176472
0.81960785
0.80392158
0.79215688
0.80392158
0.81960785
0.83921570
0.81568629
0.60392159
0.55294120
0.49411765
0.44705883
0.32549021
0.44705883
0.50588238
0.30196080
0.27450982
0.34117648
0.23921569
0.20000000
0.33333334
0.42745098
0.28235295
0.14117648
0.15294118
0.07450981
0.10980392
0.27450982
0.43137255
0.60392159
0.70980394
0.81568629
0.81176472
0.80392158
0.79607844
0.80784315
0.80784315
0.82352942
0.81568629
0.80784315
0.70196080
0.61176473
0.61568630
0.46274510
0.29411766
0.40000001
0.35686275
0.22352941
0.26666668
0.26666668
0.27843139
0.29803923
0.41568628
0.50588238
0.31764707
0.12156863
0.14509805
0.09803922
0.09019608
0.13333334
0.23137255
0.45490196
0.62352943
0.83137256
0.84705883
0.80784315
0.78823531
0.78823531
0.80392158
0.83137256
0.78039217
0.76470590
0.73725492
0.64705884
0.63529414
0.44705883
0.31372550
0.31372550
0.28627452
0.19607843
0.35294119
0.40784314
0.28235295
0.30588236
0.38823530
0.32941177
0.16470589
0.11764706
0.10588235
0.13725491
0.06666667
0.11372549
0.16078432
0.22745098
0.46274510
0.83529413
0.83529413
0.80784315
0.78823531
0.78039217
0.81568629
0.77254903
0.78039217
0.72941178
0.73333335
0.58039218
0.61176473
0.47450981
0.44313726
0.17254902
0.18431373
0.25882354
0.34901962
0.42352942
0.32156864
0.22745098
0.15294118
0.20000000
0.12549020
0.10196079
0.06666667
0.05490196
0.03137255
0.11764706
0.14901961
0.16470589
0.23529412
0.83529413
0.81568629
0.80392158
0.82352942
0.81176472
0.78039217
0.75686276
0.77254903
0.71372551
0.67058825
0.72156864
0.67058825
0.57254905
0.42352942
0.18431373
0.36078432
0.43137255
0.32941177
0.46666667
0.32156864
0.28627452
0.26666668
0.27450982
0.05490196
0.05882353
0.06666667
0.05098039
0.07058824
0.16078432
0.18823530
0.13725491
0.15686275
0.85098040
0.82352942
0.81176472
0.81568629
0.80000001
0.76078433
0.79607844
0.77254903
0.75686276
0.72941178
0.91372550
0.73333335
0.75294119
0.45490196
0.26666668
0.45098040
0.39215687
0.34509805
0.48235294
0.23529412
0.15686275
0.22745098
0.10980392
0.05098039
0.04313726
0.05882353
0.04705882
0.09411765
0.15294118
0.09803922
0.10196079
0.21568628
0.83921570
0.82745099
0.81960785
0.80000001
0.78823531
0.76862746
0.78039217
0.76470590
0.81568629
0.84313726
0.85098040
0.61960787
0.69019610
0.56078434
0.31372550
0.39607844
0.41960785
0.44705883
0.26666668
0.28235295
0.23529412
0.09019608
0.02352941
0.02745098
0.02745098
0.03137255
0.09019608
0.14509805
0.10980392
0.18431373
0.29019609
0.30196080
0.83137256
0.83529413
0.84705883
0.83137256
0.81176472
0.81176472
0.77647060
0.74117649
0.81960785
0.83921570
0.81568629
0.67843139
0.53333336
0.65882355
0.54901963
0.53333336
0.41176471
0.39215687
0.36862746
0.22745098
0.17647059
0.04313726
0.01568628
0.01960784
0.05098039
0.04705882
0.12549020
0.10588235
0.13725491
0.28235295
0.35686275
0.30196080
0.83921570
0.83921570
0.83921570
0.83529413
0.82352942
0.81568629
0.78039217
0.78039217
0.85882354
0.78823531
0.67058825
0.57647061
0.38431373
0.37647060
0.37647060
0.24705882
0.13333334
0.20000000
0.35686275
0.16862746
0.16078432
0.14117648
0.04313726
0.07058824
0.07058824
0.13725491
0.16078432
0.14901961
0.29411766
0.32549021
0.29019609
0.16078432
0.84705883
0.84313726
0.83529413
0.82352942
0.81568629
0.79607844
0.75686276
0.80392158
0.86274511
0.83921570
0.71372551
0.53333336
0.35686275
0.21176471
0.12549020
0.10980392
0.12549020
0.05882353
0.19215687
0.23529412
0.07843138
0.16470589
0.04705882
0.03921569
0.07843138
0.21960784
0.17647059
0.11764706
0.24313726
0.27843139
0.17254902
0.12941177
0.85490197
0.83921570
0.84313726
0.84705883
0.83529413
0.78431374
0.70980394
0.71372551
0.83921570
0.77254903
0.67843139
0.58431375
0.46666667
0.29411766
0.23529412
0.15686275
0.08235294
0.02745098
0.07843138
0.21176471
0.05882353
0.11372549
0.07843138
0.00392157
0.07450981
0.16862746
0.14901961
0.13725491
0.11764706
0.15686275
0.16470589
0.23921569
1.00000000
1.00000000
1.00000000
1.00000000
1.00000000
1.00000000
1.00000000
0.99607843
1.00000000
0.93725491
0.39215687
0.23529412
0.27058825
0.48627451
0.55294120
0.49411765
0.34901962
0.39607844
0.28627452
0.20784314
0.19607843
0.20784314
0.26274511
0.41176471
0.60000002
0.51764709
0.20784314
0.14117648
0.23137255
0.56078434
0.70196080
0.70980394
1.00000000
1.00000000
1.00000000
1.00000000
1.00000000
1.00000000
1.00000000
0.99215686
1.00000000
0.89411765
0.41176471
0.31372550
0.22352941
0.39215687
0.58823532
0.47450981
0.35686275
0.39607844
0.30196080
0.20000000
0.20000000
0.22352941
0.28627452
0.40784314
0.62352943
0.56078434
0.22352941
0.13725491
0.30588236
0.62745100
0.75686276
0.77254903
1.00000000
1.00000000
1.00000000
1.00000000
1.00000000
1.00000000
1.00000000
0.99607843
1.00000000
0.84705883
0.41960785
0.37254903
0.28235295
0.25882354
0.54509807
0.46666667
0.38039216
0.38039216
0.34509805
0.20784314
0.19607843
0.21568628
0.29411766
0.42352942
0.63137257
0.52156866
0.18823530
0.11764706
0.31764707
0.63137257
0.76470590
0.79607844
1.00000000
1.00000000
1.00000000
1.00000000
0.99215686
0.99607843
1.00000000
0.99607843
1.00000000
0.78431374
0.34117648
0.39215687
0.32549021
0.18039216
0.44705883
0.48627451
0.44705883
0.43137255
0.36470589
0.20000000
0.19607843
0.21568628
0.29019609
0.45490196
0.60000002
0.34901962
0.13725491
0.11764706
0.23921569
0.52549022
0.69411767
0.78431374
1.00000000
1.00000000
1.00000000
1.00000000
1.00000000
0.99215686
0.98823529
0.98431373
0.99215686
0.74901962
0.26666668
0.41568628
0.32549021
0.17647059
0.31764707
0.51372552
0.50196081
0.44313726
0.32549021
0.21568628
0.21176471
0.21568628
0.30196080
0.46666667
0.57254905
0.25882354
0.18823530
0.12549020
0.15686275
0.32549021
0.58431375
0.74509805
1.00000000
1.00000000
1.00000000
1.00000000
0.99607843
0.96862745
0.94509804
0.96470588
0.97647059
0.76862746
0.19607843
0.34117648
0.32941177
0.18431373
0.14117648
0.50980395
0.54901963
0.43921569
0.27843139
0.22352941
0.20000000
0.21568628
0.31372550
0.49803922
0.47450981
0.29019609
0.20392157
0.15294118
0.14509805
0.21176471
0.45098040
0.67450982
1.00000000
1.00000000
1.00000000
1.00000000
0.99215686
0.90980393
0.85882354
0.90980393
0.93333334
0.76862746
0.23921569
0.21960784
0.25490198
0.16862746
0.07843138
0.32156864
0.56078434
0.51372552
0.37647060
0.24705882
0.20784314
0.22745098
0.36078432
0.39607844
0.31764707
0.32549021
0.22352941
0.14509805
0.14117648
0.19607843
0.37254903
0.60784316
1.00000000
1.00000000
0.99607843
0.99215686
0.95686275
0.80392158
0.74509805
0.82745099
0.85098040
0.73333335
0.26274511
0.24313726
0.26274511
0.21960784
0.12941177
0.10980392
0.29803923
0.39215687
0.45490196
0.39215687
0.40392157
0.39607844
0.37254903
0.31764707
0.34509805
0.34117648
0.21176471
0.14509805
0.13725491
0.18431373
0.34509805
0.56470591
1.00000000
0.99607843
0.98431373
0.96862745
0.91764706
0.73725492
0.65882355
0.72549021
0.69411767
0.61960787
0.18039216
0.26274511
0.30980393
0.26274511
0.20000000
0.20784314
0.17254902
0.27058825
0.30196080
0.30588236
0.31372550
0.25882354
0.30588236
0.33333334
0.37254903
0.29019609
0.18431373
0.10196079
0.12549020
0.16078432
0.30980393
0.52941179
0.98823529
0.96470588
0.93333334
0.93333334
0.87058824
0.69803923
0.61176473
0.63137257
0.61176473
0.40784314
0.14901961
0.34117648
0.32549021
0.25490198
0.20392157
0.16470589
0.15294118
0.18823530
0.16078432
0.13333334
0.13333334
0.18039216
0.29803923
0.31764707
0.27058825
0.23529412
0.16862746
0.10196079
0.12156863
0.17254902
0.25882354
0.43921569
0.94509804
0.87843138
0.86666667
0.90588236
0.81568629
0.61960787
0.58431375
0.60000002
0.60000002
0.35686275
0.15686275
0.32156864
0.35686275
0.32549021
0.22352941
0.20784314
0.18823530
0.13333334
0.09803922
0.17254902
0.17254902
0.21960784
0.24313726
0.30196080
0.26666668
0.23921569
0.13333334
0.10196079
0.12549020
0.16470589
0.22745098
0.30588236
0.83137256
0.76470590
0.83921570
0.86666667
0.73333335
0.59607846
0.62352943
0.63921571
0.56470591
0.41568628
0.29411766
0.35686275
0.34901962
0.20392157
0.29019609
0.27058825
0.21568628
0.16470589
0.17647059
0.16862746
0.18039216
0.27450982
0.23137255
0.23529412
0.25098041
0.23921569
0.10196079
0.09803922
0.11764706
0.15294118
0.21960784
0.28235295
0.70980394
0.72941178
0.85098040
0.83137256
0.69411767
0.61176473
0.62352943
0.64313728
0.62745100
0.43137255
0.36078432
0.41960785
0.41568628
0.29803923
0.33333334
0.26666668
0.25882354
0.22352941
0.18039216
0.18039216
0.14509805
0.19607843
0.25882354
0.19215687
0.24705882
0.16862746
0.09019608
0.09411765
0.11764706
0.15294118
0.21960784
0.29019609
0.68235296
0.79215688
0.86666667
0.80392158
0.71372551
0.65098041
0.62745100
0.64705884
0.64313728
0.49019608
0.44313726
0.43921569
0.42745098
0.36470589
0.29803923
0.40392157
0.22745098
0.21960784
0.19215687
0.18823530
0.16470589
0.18431373
0.26666668
0.17647059
0.26274511
0.13725491
0.09019608
0.09019608
0.10980392
0.14901961
0.21176471
0.27843139
0.74901962
0.87058824
0.86274511
0.76078433
0.68627453
0.67058825
0.70196080
0.70588237
0.57254905
0.29019609
0.25882354
0.29019609
0.32549021
0.18039216
0.26274511
0.28235295
0.18823530
0.24705882
0.18823530
0.29803923
0.15294118
0.18431373
0.19215687
0.13725491
0.25490198
0.12156863
0.07058824
0.08627451
0.11372549
0.14509805
0.20784314
0.27058825
0.83529413
0.90196079
0.83529413
0.70980394
0.67450982
0.68627453
0.72941178
0.74509805
0.58039218
0.38823530
0.34901962
0.31372550
0.28627452
0.09019608
0.24705882
0.16078432
0.17254902
0.23921569
0.22745098
0.33725491
0.19607843
0.17647059
0.13333334
0.05098039
0.33333334
0.45490196
0.28627452
0.12156863
0.07843138
0.13725491
0.20784314
0.25490198
0.89411765
0.89803922
0.79215688
0.71372551
0.72941178
0.72941178
0.74901962
0.77254903
0.65490198
0.50980395
0.22352941
0.21176471
0.15686275
0.11372549
0.27450982
0.25882354
0.22352941
0.20000000
0.25882354
0.17647059
0.27843139
0.18039216
0.10588235
0.08627451
0.41960785
0.70980394
0.70196080
0.49803922
0.25490198
0.14117648
0.20392157
0.25098041
0.91764706
0.85098040
0.73333335
0.73725492
0.74901962
0.72156864
0.76078433
0.78039217
0.55686277
0.44705883
0.22352941
0.12156863
0.11372549
0.10980392
0.31764707
0.30196080
0.24313726
0.29803923
0.16470589
0.13725491
0.22352941
0.18823530
0.13725491
0.13725491
0.35294119
0.63529414
0.66274512
0.71764708
0.71372551
0.51372552
0.22352941
0.23137255
0.90588236
0.79607844
0.72941178
0.76862746
0.76078433
0.73333335
0.76078433
0.77254903
0.47843137
0.27450982
0.27843139
0.14901961
0.18039216
0.19215687
0.37647060
0.29019609
0.25490198
0.29019609
0.15294118
0.25098041
0.18039216
0.12156863
0.20784314
0.16470589
0.21960784
0.39607844
0.45098040
0.61568630
0.72156864
0.74117649
0.50980395
0.30196080
0.86666667
0.75294119
0.74509805
0.74901962
0.73333335
0.75294119
0.75686276
0.76078433
0.59607846
0.22352941
0.23137255
0.17647059
0.19215687
0.26274511
0.25490198
0.29803923
0.26666668
0.20000000
0.12156863
0.13333334
0.24705882
0.15686275
0.12941177
0.20000000
0.14901961
0.16078432
0.36862746
0.43529412
0.50196081
0.63529414
0.70980394
0.66666669
0.81960785
0.73725492
0.74509805
0.72156864
0.70588237
0.74509805
0.73725492
0.72549021
0.67450982
0.40000001
0.29411766
0.26666668
0.29411766
0.22352941
0.31372550
0.34117648
0.16862746
0.16078432
0.10980392
0.10980392
0.16078432
0.13725491
0.14509805
0.14117648
0.08627451
0.07058824
0.08627451
0.23137255
0.42352942
0.44313726
0.56862748
0.71764708
0.77647060
0.74117649
0.75686276
0.73725492
0.71372551
0.72941178
0.74509805
0.76862746
0.74901962
0.46666667
0.40392157
0.37647060
0.31764707
0.15686275
0.27450982
0.30196080
0.16470589
0.12549020
0.18039216
0.12549020
0.11372549
0.19607843
0.27450982
0.16862746
0.03921569
0.03137255
0.03137255
0.05098039
0.17647059
0.29411766
0.47058824
0.59607846
0.74509805
0.74509805
0.73725492
0.72156864
0.73333335
0.72549021
0.75294119
0.74117649
0.74117649
0.58823532
0.47450981
0.46666667
0.29411766
0.12941177
0.24705882
0.18823530
0.07058824
0.14509805
0.16078432
0.17647059
0.17254902
0.26274511
0.33725491
0.18039216
0.04705882
0.03137255
0.02352941
0.03529412
0.05098039
0.12549020
0.33333334
0.49411765
0.75686276
0.78039217
0.73333335
0.70980394
0.71372551
0.72549021
0.75294119
0.70196080
0.68627453
0.65490198
0.54509807
0.49411765
0.27450982
0.17254902
0.18431373
0.13725491
0.06666667
0.20784314
0.27450982
0.18039216
0.16862746
0.21960784
0.18431373
0.08235294
0.03137255
0.04705882
0.03921569
0.02352941
0.05098039
0.07058824
0.12941177
0.34117648
0.76862746
0.76470590
0.73725492
0.71372551
0.70588237
0.74117649
0.68627453
0.69411767
0.65490198
0.68627453
0.46666667
0.48235294
0.29411766
0.28627452
0.07843138
0.07450981
0.11372549
0.20784314
0.27058825
0.18039216
0.09411765
0.07058824
0.10196079
0.07058824
0.03529412
0.02745098
0.01960784
0.01568628
0.03529412
0.04313726
0.05490196
0.10980392
0.77254903
0.74117649
0.73333335
0.74901962
0.73333335
0.70196080
0.67058825
0.69019610
0.63921571
0.63529414
0.65882355
0.58431375
0.43921569
0.30588236
0.11372549
0.23921569
0.23137255
0.17647059
0.29019609
0.16470589
0.13333334
0.12156863
0.14509805
0.02745098
0.03137255
0.03529412
0.02745098
0.03137255
0.05882353
0.05882353
0.01960784
0.04313726
0.78823531
0.74509805
0.74117649
0.74117649
0.72156864
0.67843139
0.70980394
0.68627453
0.66666669
0.67450982
0.87450981
0.65098041
0.70980394
0.34509805
0.18431373
0.29019609
0.21960784
0.18431373
0.28627452
0.10588235
0.06274510
0.11764706
0.07450981
0.03921569
0.02352941
0.03137255
0.03137255
0.02745098
0.05490196
0.03137255
0.03529412
0.05882353
0.78039217
0.75294119
0.75294119
0.72549021
0.70980394
0.68627453
0.69803923
0.68235296
0.71764708
0.76862746
0.73725492
0.44313726
0.59607846
0.47450981
0.18823530
0.27058825
0.27058825
0.32549021
0.19607843
0.17647059
0.10588235
0.05490196
0.01960784
0.01960784
0.01176471
0.01568628
0.04313726
0.05490196
0.02745098
0.04705882
0.08235294
0.09803922
0.76078433
0.76862746
0.78039217
0.75686276
0.73333335
0.72941178
0.69803923
0.65882355
0.72941178
0.74117649
0.69411767
0.50196081
0.37647060
0.56862748
0.43137255
0.40392157
0.28627452
0.27058825
0.28627452
0.16862746
0.14509805
0.03529412
0.01176471
0.00784314
0.02745098
0.01960784
0.05098039
0.03921569
0.03137255
0.08627451
0.12549020
0.09411765
0.77254903
0.77254903
0.77254903
0.76078433
0.74509805
0.74117649
0.70196080
0.69803923
0.78039217
0.65490198
0.48235294
0.39607844
0.21176471
0.23921569
0.27450982
0.17254902
0.08235294
0.11764706
0.29411766
0.15294118
0.14901961
0.12549020
0.02745098
0.03921569
0.03529412
0.05098039
0.05882353
0.03529412
0.08627451
0.10980392
0.10196079
0.03921569
0.78039217
0.77647060
0.76862746
0.75294119
0.74117649
0.70980394
0.65882355
0.71764708
0.77254903
0.72549021
0.53725493
0.32549021
0.17647059
0.06666667
0.02352941
0.03921569
0.04313726
0.03137255
0.17647059
0.21960784
0.07058824
0.14509805
0.03529412
0.01960784
0.03137255
0.07058824
0.04313726
0.04313726
0.06666667
0.07058824
0.03921569
0.03137255
0.78431374
0.77254903
0.77647060
0.77254903
0.74117649
0.64313728
0.54509807
0.57647061
0.74901962
0.63529414
0.50980395
0.39607844
0.28235295
0.13333334
0.07843138
0.04313726
0.03529412
0.02352941
0.07450981
0.18039216
0.05098039
0.09803922
0.06666667
0.01176471
0.02352941
0.05882353
0.04705882
0.03529412
0.02745098
0.04705882
0.04705882
0.09803922
1 0 0 -1 0 0 0 0 0 0 0
0 1 0 -1 0 0 0 0 0 0 0
0 0 1 -1 0 0 0 0 0 0 0
0 0 0 -1 1 0 0 0 0 0 0
0 0 0 -1 0 1 0 0 0 0 0
0 0 0 -1 0 0 1 0 0 0 0
0 0 0 -1 0 0 0 1 0 0 0
0 0 0 -1 0 0 0 0 1 0 0
0 0 0 -1 0 0 0 0 0 1 0
