0.13725491
0.24705882
0.15294118
0.08627451
0.21176471
0.11372549
0.11372549
0.13725491
0.14117648
0.10980392
0.07058824
0.02745098
0.06274510
0.09803922
0.08627451
0.07450981
0.04313726
0.07450981
0.12156863
0.22352941
0.29411766
0.20392157
0.13333334
0.13333334
0.14509805
0.12549020
0.09803922
0.09411765
0.09411765
0.07450981
0.05098039
0.07058824
0.05098039
0.09411765
0.19215687
0.18039216
0.31372550
0.25490198
0.11764706
0.09019608
0.07058824
0.06666667
0.05882353
0.03921569
0.05490196
0.20000000
0.13333334
0.09411765
0.06274510
0.04313726
0.05882353
0.13725491
0.21176471
0.21568628
0.22352941
0.21176471
0.15686275
0.11372549
0.08627451
0.07450981
0.07450981
0.05098039
0.04705882
0.06666667
0.21568628
0.06274510
0.11764706
0.14117648
0.26274511
0.27843139
0.30980393
0.38823530
0.27058825
0.08235294
0.05490196
0.03137255
0.04705882
0.13333334
0.12941177
0.12156863
0.12549020
0.06274510
0.06274510
0.13725491
0.16078432
0.19215687
0.23921569
0.23529412
0.21176471
0.19215687
0.25490198
0.22745098
0.09803922
0.04705882
0.05882353
0.07450981
0.31764707
0.18431373
0.14901961
0.09411765
0.09411765
0.18039216
0.27450982
0.25098041
0.19215687
0.12156863
0.07843138
0.04313726
0.09803922
0.08235294
0.09411765
0.20392157
0.21568628
0.12549020
0.07450981
0.12941177
0.08627451
0.18823530
0.26666668
0.25882354
0.41176471
0.59607846
0.70588237
0.45882353
0.21176471
0.14117648
0.09019608
0.05882353
0.18823530
0.08627451
0.06274510
0.05490196
0.04313726
0.04313726
0.07450981
0.06666667
0.07843138
0.09803922
0.05490196
0.04705882
0.09019608
0.09803922
0.07058824
0.29019609
0.29019609
0.08627451
0.07450981
0.09803922
0.15686275
0.17254902
0.22352941
0.42745098
0.64313728
0.74509805
0.77647060
0.56862748
0.60000002
0.49803922
0.06274510
0.01960784
0.12156863
0.18431373
0.09019608
0.02352941
0.03137255
0.04705882
0.08627451
0.09019608
0.09803922
0.12156863
0.04705882
0.03529412
0.05098039
0.07450981
0.07843138
0.23137255
0.34901962
0.09803922
0.04313726
0.06666667
0.10588235
0.23529412
0.51764709
0.59215689
0.68627453
0.58823532
0.24705882
0.35686275
0.83529413
0.78823531
0.28235295
0.05490196
0.10588235
0.11372549
0.11372549
0.02745098
0.03137255
0.03137255
0.10588235
0.16078432
0.29019609
0.25882354
0.08235294
0.05490196
0.04313726
0.04313726
0.06666667
0.14901961
0.29411766
0.15686275
0.02745098
0.04313726
0.15686275
0.49803922
0.69019610
0.65490198
0.80784315
0.54901963
0.26274511
0.34901962
0.72156864
0.90196079
0.48627451
0.08627451
0.20000000
0.10980392
0.05490196
0.02745098
0.02745098
0.03137255
0.07058824
0.10588235
0.29411766
0.29803923
0.06666667
0.11372549
0.06666667
0.03137255
0.08235294
0.15686275
0.18431373
0.13725491
0.05490196
0.10588235
0.35686275
0.64313728
0.73333335
0.76078433
0.90196079
0.60784316
0.21568628
0.22352941
0.48235294
0.86666667
0.59215689
0.09803922
0.12941177
0.12156863
0.05490196
0.04313726
0.03529412
0.03529412
0.03921569
0.14509805
0.16862746
0.16078432
0.04705882
0.17647059
0.16470589
0.03921569
0.09803922
0.14901961
0.16470589
0.09411765
0.13725491
0.39607844
0.58039218
0.68235296
0.81568629
0.87843138
0.91764706
0.43529412
0.21568628
0.32941177
0.71372551
0.90980393
0.63137257
0.10980392
0.09019608
0.10980392
0.06274510
0.06666667
0.05098039
0.05490196
0.04705882
0.16862746
0.17254902
0.22352941
0.51372552
0.71764708
0.74901962
0.50980395
0.18039216
0.07843138
0.17647059
0.14117648
0.33725491
0.63529414
0.72156864
0.77647060
0.84313726
0.95294118
0.87058824
0.28627452
0.20392157
0.24705882
0.53725493
0.84313726
0.54901963
0.10588235
0.08235294
0.11372549
0.13333334
0.15294118
0.05490196
0.06666667
0.08627451
0.20000000
0.33725491
0.60000002
0.81568629
0.90196079
0.96862745
0.97647059
0.84705883
0.60392159
0.54509807
0.54509807
0.63529414
0.68627453
0.81176472
0.88235295
0.86666667
0.98823529
0.84705883
0.26274511
0.20392157
0.19215687
0.32941177
0.57254905
0.43529412
0.10588235
0.12549020
0.16862746
0.21176471
0.19607843
0.08235294
0.17254902
0.34509805
0.37647060
0.41960785
0.75294119
0.87058824
0.96470588
0.99607843
0.97647059
0.96862745
0.94117647
0.93333334
0.87058824
0.76862746
0.74901962
0.80784315
0.89803922
0.91372550
1.00000000
0.83529413
0.27450982
0.21568628
0.17647059
0.10588235
0.12549020
0.20784314
0.08627451
0.21568628
0.32549021
0.34117648
0.25098041
0.26274511
0.47450981
0.46666667
0.25098041
0.40784314
0.81960785
0.94901961
0.97647059
0.97647059
0.96078432
0.95686275
0.95294118
0.93725491
0.89019608
0.82352942
0.80784315
0.84313726
0.83921570
0.93333334
1.00000000
0.73333335
0.25098041
0.23529412
0.17254902
0.10196079
0.03529412
0.09019608
0.04705882
0.26274511
0.47450981
0.45098040
0.37647060
0.52941179
0.61568630
0.45882353
0.23529412
0.40392157
0.80392158
0.95294118
0.96078432
0.92941177
0.94117647
0.94901961
0.95686275
0.95686275
0.91764706
0.87058824
0.81176472
0.81960785
0.74509805
0.90980393
0.96862745
0.50588238
0.20392157
0.19215687
0.11372549
0.14117648
0.15294118
0.21568628
0.07058824
0.29411766
0.47058824
0.39215687
0.52156866
0.67058825
0.61960787
0.50588238
0.23137255
0.43921569
0.80000001
0.90196079
0.94117647
0.86666667
0.93333334
0.95686275
0.96862745
0.97254902
0.96470588
0.91372550
0.80784315
0.83529413
0.74509805
0.86666667
0.92549020
0.38431373
0.15294118
0.15294118
0.09019608
0.10588235
0.19215687
0.19607843
0.09803922
0.24313726
0.28235295
0.38431373
0.66666669
0.68627453
0.60000002
0.52941179
0.19607843
0.33725491
0.77647060
0.88235295
0.92156863
0.81568629
0.89019608
0.94509804
0.96470588
0.98039216
0.99215686
0.94901961
0.78823531
0.81176472
0.81568629
0.86666667
0.87843138
0.35294119
0.10980392
0.09411765
0.05882353
0.03921569
0.05098039
0.09019608
0.12549020
0.12941177
0.07843138
0.39215687
0.69803923
0.63921571
0.65098041
0.52941179
0.16470589
0.14509805
0.51764709
0.84313726
0.89803922
0.70196080
0.77647060
0.89803922
0.94901961
0.96862745
0.97254902
0.95686275
0.69803923
0.65098041
0.89019608
0.93333334
0.81960785
0.24705882
0.07058824
0.04705882
0.02745098
0.02745098
0.05882353
0.15686275
0.21568628
0.04705882
0.07843138
0.40784314
0.60000002
0.62352943
0.69411767
0.55294120
0.17254902
0.10588235
0.24705882
0.68627453
0.88627452
0.58039218
0.57647061
0.76862746
0.87843138
0.91764706
0.94117647
0.94117647
0.54509807
0.48235294
0.86274511
0.96862745
0.61176473
0.07058824
0.05882353
0.03529412
0.02352941
0.03921569
0.06274510
0.14117648
0.25882354
0.03529412
0.13333334
0.32941177
0.47058824
0.63529414
0.74509805
0.58039218
0.16078432
0.10588235
0.14901961
0.54509807
0.80392158
0.27450982
0.27843139
0.44313726
0.65490198
0.76470590
0.83921570
0.86274511
0.40000001
0.33725491
0.79607844
0.89803922
0.55686277
0.08627451
0.04705882
0.02745098
0.01960784
0.03137255
0.04313726
0.08627451
0.20784314
0.08627451
0.21960784
0.22745098
0.34901962
0.63921571
0.75294119
0.64313728
0.24313726
0.02352941
0.03921569
0.38039216
0.76470590
0.19215687
0.03137255
0.10980392
0.21568628
0.34509805
0.43137255
0.45490196
0.17254902
0.18431373
0.59215689
0.79215688
0.81176472
0.50980395
0.20784314
0.03137255
0.01568628
0.02352941
0.04313726
0.03529412
0.10196079
0.14901961
0.23137255
0.15294118
0.27058825
0.55686277
0.70980394
0.66666669
0.26666668
0.03529412
0.05098039
0.18431373
0.65882355
0.27058825
0.01176471
0.02352941
0.04705882
0.17254902
0.14509805
0.04313726
0.03529412
0.09411765
0.14901961
0.31764707
0.60000002
0.43529412
0.45882353
0.11372549
0.00000000
0.02352941
0.03529412
0.04313726
0.09019608
0.18431373
0.17254902
0.13725491
0.27058825
0.48235294
0.67450982
0.65098041
0.23137255
0.17254902
0.38823530
0.16078432
0.45882353
0.31372550
0.01568628
0.03529412
0.04705882
0.12941177
0.09803922
0.03921569
0.04313726
0.04705882
0.04313726
0.10588235
0.52941179
0.25882354
0.36862746
0.18431373
0.00000000
0.02352941
0.02352941
0.03921569
0.07843138
0.14509805
0.11372549
0.16862746
0.25882354
0.36078432
0.53333336
0.48627451
0.14117648
0.18823530
0.56078434
0.19215687
0.30196080
0.36862746
0.05490196
0.04705882
0.05098039
0.10196079
0.07843138
0.04313726
0.05490196
0.04313726
0.05098039
0.02352941
0.38039216
0.48627451
0.50980395
0.29411766
0.00784314
0.01960784
0.03529412
0.12156863
0.16862746
0.10196079
0.09803922
0.18039216
0.21960784
0.25098041
0.32941177
0.26274511
0.06666667
0.11372549
0.45490196
0.17647059
0.30588236
0.48235294
0.09803922
0.04313726
0.05882353
0.12156863
0.07058824
0.05098039
0.05490196
0.05098039
0.04313726
0.03921569
0.26274511
0.52549022
0.52941179
0.37254903
0.01176471
0.02352941
0.04705882
0.21176471
0.30196080
0.07450981
0.08235294
0.11764706
0.12941177
0.17647059
0.23137255
0.17254902
0.05490196
0.10980392
0.46274510
0.15294118
0.18431373
0.52156866
0.20392157
0.03921569
0.10196079
0.18823530
0.11764706
0.04313726
0.04705882
0.03921569
0.04705882
0.14901961
0.26274511
0.48627451
0.57254905
0.52549022
0.07450981
0.03529412
0.03137255
0.04313726
0.10196079
0.08235294
0.09411765
0.07843138
0.07058824
0.07450981
0.10196079
0.10196079
0.09411765
0.09411765
0.45882353
0.22745098
0.12941177
0.43529412
0.30980393
0.07058824
0.11372549
0.18431373
0.18431373
0.05490196
0.06274510
0.04705882
0.04313726
0.28235295
0.34509805
0.52156866
0.64705884
0.52941179
0.11764706
0.05882353
0.05098039
0.05490196
0.04705882
0.08627451
0.11764706
0.09803922
0.05098039
0.06274510
0.03921569
0.04313726
0.05882353
0.08627451
0.49803922
0.35686275
0.03137255
0.25490198
0.42352942
0.14901961
0.08627451
0.10588235
0.20784314
0.08627451
0.10980392
0.07058824
0.03529412
0.28627452
0.32941177
0.42745098
0.76470590
0.34509805
0.05490196
0.09019608
0.11764706
0.10196079
0.07450981
0.05098039
0.07058824
0.07058824
0.05882353
0.08235294
0.03529412
0.03921569
0.04705882
0.07058824
0.46666667
0.54117650
0.08627451
0.12549020
0.39607844
0.27450982
0.09019608
0.10980392
0.13333334
0.13333334
0.13725491
0.14901961
0.07843138
0.18039216
0.30588236
0.40392157
0.66666669
0.32549021
0.18431373
0.24313726
0.29019609
0.31372550
0.30196080
0.03529412
0.03921569
0.03137255
0.03137255
0.04705882
0.04313726
0.03529412
0.03529412
0.04313726
0.21176471
0.69411767
0.38431373
0.09803922
0.27058825
0.49803922
0.17647059
0.17647059
0.24705882
0.26274511
0.32941177
0.31764707
0.28235295
0.32549021
0.40392157
0.37254903
0.58823532
0.29411766
0.12549020
0.18823530
0.20000000
0.25490198
0.25882354
0.03137255
0.03137255
0.02745098
0.02352941
0.03137255
0.04313726
0.03921569
0.04705882
0.05882353
0.06666667
0.21176471
0.24705882
0.31372550
0.38039216
0.67058825
0.50196081
0.21960784
0.23529412
0.21568628
0.25098041
0.21176471
0.23921569
0.34901962
0.38039216
0.30196080
0.27450982
0.19607843
0.05098039
0.04705882
0.03137255
0.03529412
0.03529412
0.03921569
0.03529412
0.02745098
0.02745098
0.04313726
0.10588235
0.12156863
0.15294118
0.21568628
0.20000000
0.14117648
0.22745098
0.28235295
0.23921569
0.49019608
0.69019610
0.36078432
0.26274511
0.20392157
0.27058825
0.25098041
0.27843139
0.34117648
0.28627452
0.12156863
0.11372549
0.26274511
0.08627451
0.01176471
0.01176471
0.01568628
0.01960784
0.04313726
0.03137255
0.02352941
0.02352941
0.03529412
0.07058824
0.12549020
0.20000000
0.27450982
0.29803923
0.30588236
0.30980393
0.28235295
0.20392157
0.23921569
0.47450981
0.36470589
0.28235295
0.26666668
0.24313726
0.23921569
0.26274511
0.30196080
0.25490198
0.17647059
0.14901961
0.13333334
0.05490196
0.02352941
0.01960784
0.01568628
0.02745098
0.14117648
0.25098041
0.16078432
0.10196079
0.21176471
0.10196079
0.10196079
0.12549020
0.12941177
0.09803922
0.05882353
0.01568628
0.05098039
0.08627451
0.07450981
0.07843138
0.05490196
0.07450981
0.10980392
0.19215687
0.25882354
0.14901961
0.07450981
0.07450981
0.08627451
0.06274510
0.05882353
0.06666667
0.06666667
0.04313726
0.01960784
0.03137255
0.05490196
0.10196079
0.20000000
0.18823530
0.31764707
0.24313726
0.10588235
0.07843138
0.05882353
0.05490196
0.04705882
0.02745098
0.04313726
0.18823530
0.12549020
0.09411765
0.07058824
0.04313726
0.05098039
0.11764706
0.18039216
0.17254902
0.17647059
0.16470589
0.10588235
0.06274510
0.05490196
0.05882353
0.05098039
0.02745098
0.02352941
0.03921569
0.22352941
0.07058824
0.12549020
0.15294118
0.26274511
0.26666668
0.29803923
0.37647060
0.25882354
0.07058824
0.04313726
0.01960784
0.03529412
0.12156863
0.11764706
0.11372549
0.12549020
0.05882353
0.05098039
0.12549020
0.14117648
0.16078432
0.20784314
0.20000000
0.17254902
0.15294118
0.23137255
0.21176471
0.08235294
0.03137255
0.04313726
0.05882353
0.32549021
0.19215687
0.15686275
0.10196079
0.09411765
0.16862746
0.26274511
0.23921569
0.18039216
0.10980392
0.06666667
0.03137255
0.08627451
0.07058824
0.08235294
0.19215687
0.20392157
0.11764706
0.06274510
0.12549020
0.07843138
0.16862746
0.24705882
0.23529412
0.38823530
0.57254905
0.69019610
0.45098040
0.20784314
0.13333334
0.08235294
0.05490196
0.19607843
0.09411765
0.07058824
0.06274510
0.03921569
0.03137255
0.06274510
0.05490196
0.06666667
0.08627451
0.04313726
0.03529412
0.07843138
0.08627451
0.05882353
0.27450982
0.26666668
0.07450981
0.06666667
0.09803922
0.15686275
0.16862746
0.21176471
0.41568628
0.63137257
0.73333335
0.76862746
0.56862748
0.60000002
0.49803922
0.06666667
0.01960784
0.12941177
0.19215687
0.09411765
0.02745098
0.03137255
0.03529412
0.07450981
0.07843138
0.08627451
0.10980392
0.03529412
0.02352941
0.03921569
0.06274510
0.06666667
0.20784314
0.31764707
0.07843138
0.03921569
0.07450981
0.11764706
0.23921569
0.52156866
0.59607846
0.68627453
0.58823532
0.24313726
0.35294119
0.83137256
0.78823531
0.28627452
0.05490196
0.11372549
0.11764706
0.11764706
0.03137255
0.02745098
0.02352941
0.09411765
0.14901961
0.27843139
0.24705882
0.07058824
0.04313726
0.03137255
0.03137255
0.05490196
0.12549020
0.26274511
0.13725491
0.02352941
0.05098039
0.16862746
0.50588238
0.69803923
0.66274512
0.80784315
0.55294120
0.26274511
0.34901962
0.72549021
0.90588236
0.49411765
0.08627451
0.19607843
0.09411765
0.03921569
0.02745098
0.02745098
0.03137255
0.06666667
0.10588235
0.29803923
0.30196080
0.06666667
0.10980392
0.06274510
0.03137255
0.07843138
0.15686275
0.18039216
0.13333334
0.05098039
0.10588235
0.34901962
0.63137257
0.72156864
0.74901962
0.89411765
0.60000002
0.21176471
0.22745098
0.48627451
0.87058824
0.60000002
0.10196079
0.12156863
0.09019608
0.03137255
0.03921569
0.03921569
0.03529412
0.04313726
0.14901961
0.17647059
0.16862746
0.05098039
0.18039216
0.16862746
0.04313726
0.10196079
0.15294118
0.16862746
0.09803922
0.13725491
0.39215687
0.57254905
0.65882355
0.79607844
0.85882354
0.90196079
0.41960785
0.21176471
0.32941177
0.71372551
0.91372550
0.63137257
0.11372549
0.08235294
0.08235294
0.03921569
0.06274510
0.05490196
0.05490196
0.05098039
0.17254902
0.17647059
0.23137255
0.51764709
0.72156864
0.75294119
0.51372552
0.18431373
0.08235294
0.18431373
0.14509805
0.33725491
0.63137257
0.70980394
0.75294119
0.82352942
0.93725491
0.85490197
0.27058825
0.19607843
0.24705882
0.53725493
0.84313726
0.54901963
0.10980392
0.07450981
0.08627451
0.10980392
0.15294118
0.05882353
0.06666667
0.09019608
0.20392157
0.34117648
0.60392159
0.81960785
0.90588236
0.96862745
0.98039216
0.85098040
0.60784316
0.54901963
0.54901963
0.63529414
0.68235296
0.80784315
0.86274511
0.84705883
0.97254902
0.83137256
0.24705882
0.19607843
0.18823530
0.32941177
0.56862748
0.43529412
0.10196079
0.11764706
0.14117648
0.18823530
0.19215687
0.08627451
0.17647059
0.34901962
0.37647060
0.41960785
0.75294119
0.87450981
0.96862745
1.00000000
0.98039216
0.97254902
0.94509804
0.93725491
0.87058824
0.76862746
0.74901962
0.80392158
0.88235295
0.89411765
0.98823529
0.82352942
0.25882354
0.20392157
0.16078432
0.09411765
0.11372549
0.19215687
0.07843138
0.20784314
0.29803923
0.31764707
0.24705882
0.26666668
0.47843137
0.47058824
0.25098041
0.40784314
0.81960785
0.95294118
0.98039216
0.98039216
0.96470588
0.96078432
0.95294118
0.93725491
0.89019608
0.82352942
0.80784315
0.83921570
0.81960785
0.91372550
0.98823529
0.72156864
0.23921569
0.21960784
0.15686275
0.08627451
0.01960784
0.07058824
0.03137255
0.25490198
0.44705883
0.42745098
0.37647060
0.53333336
0.61960787
0.46274510
0.23529412
0.40392157
0.80000001
0.95686275
0.96470588
0.93333334
0.94509804
0.95294118
0.96078432
0.95294118
0.91764706
0.87058824
0.81176472
0.81960785
0.72941178
0.89411765
0.95686275
0.49411765
0.19215687
0.17647059
0.08627451
0.11764706
0.12941177
0.19215687
0.04705882
0.28627452
0.44313726
0.36862746
0.52156866
0.67843139
0.62352943
0.50980395
0.23137255
0.43529412
0.79607844
0.90196079
0.94509804
0.87058824
0.93725491
0.96078432
0.96862745
0.96862745
0.96078432
0.91372550
0.80784315
0.83137256
0.72941178
0.85490197
0.91372550
0.37254903
0.14117648
0.13333334
0.06274510
0.07843138
0.16470589
0.16862746
0.07450981
0.24313726
0.27843139
0.38039216
0.67058825
0.68627453
0.59607846
0.52941179
0.19607843
0.34117648
0.78431374
0.88627452
0.92549020
0.81960785
0.89411765
0.94901961
0.96470588
0.97254902
0.98039216
0.94117647
0.78039217
0.80000001
0.80000001
0.85098040
0.86666667
0.33725491
0.09803922
0.09019608
0.05490196
0.02745098
0.03137255
0.06274510
0.09803922
0.13333334
0.08235294
0.39607844
0.70196080
0.63529414
0.63921571
0.52941179
0.16862746
0.15686275
0.52941179
0.84705883
0.90196079
0.70588237
0.78039217
0.90196079
0.94509804
0.95686275
0.95686275
0.94117647
0.68235296
0.63529414
0.87058824
0.91764706
0.80392158
0.23137255
0.05882353
0.04705882
0.03137255
0.02745098
0.04313726
0.13333334
0.18431373
0.05098039
0.08235294
0.41176471
0.60392159
0.61960787
0.68235296
0.54901963
0.17254902
0.11372549
0.25882354
0.69411767
0.89019608
0.58431375
0.58039218
0.77254903
0.87450981
0.90588236
0.92941177
0.92549020
0.52941179
0.46274510
0.84705883
0.95294118
0.59607846
0.05490196
0.04313726
0.03529412
0.03137255
0.03921569
0.05098039
0.11372549
0.21960784
0.03921569
0.13725491
0.33333334
0.47450981
0.63137257
0.73333335
0.58039218
0.16078432
0.11764706
0.16470589
0.54901963
0.80784315
0.27843139
0.28235295
0.45098040
0.65098041
0.75294119
0.82745099
0.84705883
0.38431373
0.32156864
0.78039217
0.88235295
0.54117650
0.07058824
0.03529412
0.02745098
0.02745098
0.03137255
0.02745098
0.06274510
0.16862746
0.08627451
0.21960784
0.23137255
0.34901962
0.63529414
0.74117649
0.64313728
0.24705882
0.03137255
0.05098039
0.38823530
0.76862746
0.19607843
0.03529412
0.11372549
0.21176471
0.33333334
0.41568628
0.43921569
0.15686275
0.16862746
0.57647061
0.77647060
0.79607844
0.49411765
0.19215687
0.03137255
0.02352941
0.02352941
0.02745098
0.01176471
0.06274510
0.14901961
0.23137255
0.15294118
0.27058825
0.55294120
0.69803923
0.66666669
0.27058825
0.04313726
0.06274510
0.18823530
0.66274512
0.27450982
0.01568628
0.02745098
0.04313726
0.16078432
0.13333334
0.02745098
0.01960784
0.07843138
0.13333334
0.30196080
0.58431375
0.41960785
0.44705883
0.11372549
0.00392157
0.02352941
0.01960784
0.01960784
0.05490196
0.18431373
0.17254902
0.13725491
0.27450982
0.47843137
0.66274512
0.65098041
0.23137255
0.18039216
0.40392157
0.16470589
0.46274510
0.31764707
0.01960784
0.03921569
0.04313726
0.11764706
0.08627451
0.02352941
0.02745098
0.03137255
0.02745098
0.09411765
0.51372552
0.24705882
0.35294119
0.18431373
0.00000000
0.01960784
0.01176471
0.01176471
0.04705882
0.14509805
0.11372549
0.16862746
0.25882354
0.35686275
0.52549022
0.48627451
0.14117648
0.19607843
0.57647061
0.20000000
0.30196080
0.37254903
0.05490196
0.05098039
0.04705882
0.09019608
0.06666667
0.03137255
0.03921569
0.03137255
0.03921569
0.01176471
0.36470589
0.47058824
0.49411765
0.29411766
0.01176471
0.01960784
0.02352941
0.09803922
0.14509805
0.10196079
0.09803922
0.18039216
0.21960784
0.25490198
0.33333334
0.26666668
0.07058824
0.12156863
0.46274510
0.18039216
0.30980393
0.48627451
0.10196079
0.04705882
0.06274510
0.12549020
0.07058824
0.05098039
0.05098039
0.05490196
0.06274510
0.04705882
0.24705882
0.49803922
0.50980395
0.37254903
0.01568628
0.02745098
0.04313726
0.20392157
0.29803923
0.07450981
0.08235294
0.11764706
0.12941177
0.18039216
0.23529412
0.18039216
0.05882353
0.11372549
0.47058824
0.16078432
0.19215687
0.52941179
0.21176471
0.04313726
0.10588235
0.18823530
0.11764706
0.04313726
0.04705882
0.05098039
0.07843138
0.16078432
0.23529412
0.45098040
0.55294120
0.51372552
0.06274510
0.02745098
0.02352941
0.03529412
0.09019608
0.08235294
0.09411765
0.07843138
0.07058824
0.07843138
0.10588235
0.10588235
0.09803922
0.09803922
0.45882353
0.22745098
0.12549020
0.43137255
0.30588236
0.06666667
0.10588235
0.17254902
0.17254902
0.03921569
0.05098039
0.04313726
0.05882353
0.27843139
0.31372550
0.48235294
0.61960787
0.50196081
0.08627451
0.02745098
0.01960784
0.02352941
0.01960784
0.08627451
0.11764706
0.09803922
0.05098039
0.06274510
0.03529412
0.03921569
0.05882353
0.08235294
0.49411765
0.34117648
0.01568628
0.23921569
0.40392157
0.12941177
0.06274510
0.08235294
0.18431373
0.05882353
0.08627451
0.05098039
0.03529412
0.26274511
0.27843139
0.38039216
0.74117649
0.30980393
0.00784314
0.04313726
0.06666667
0.05098039
0.02352941
0.05098039
0.07058824
0.07058824
0.05882353
0.07843138
0.02352941
0.02745098
0.03529412
0.05882353
0.45490196
0.51372552
0.05490196
0.09803922
0.36862746
0.24705882
0.05490196
0.07058824
0.09411765
0.09411765
0.09803922
0.11372549
0.05098039
0.12941177
0.23921569
0.34901962
0.63921571
0.28627452
0.13333334
0.19215687
0.23529412
0.25882354
0.25098041
0.03529412
0.03921569
0.03137255
0.03137255
0.03921569
0.02352941
0.01568628
0.01568628
0.02352941
0.19215687
0.66274512
0.34509805
0.05490196
0.22745098
0.45490196
0.12549020
0.12549020
0.19607843
0.20784314
0.27450982
0.26666668
0.22745098
0.25490198
0.32156864
0.30980393
0.55686277
0.26274511
0.08627451
0.14509805
0.16078432
0.21568628
0.21960784
0.03137255
0.03137255
0.02745098
0.02352941
0.01960784
0.01568628
0.01176471
0.01960784
0.02745098
0.03137255
0.16078432
0.19215687
0.25882354
0.32549021
0.61568630
0.44313726
0.15294118
0.16470589
0.14901961
0.18039216
0.14509805
0.16862746
0.25882354
0.28627452
0.23137255
0.23921569
0.17647059
0.03137255
0.02745098
0.01176471
0.01568628
0.01176471
0.03921569
0.03529412
0.02745098
0.02745098
0.03137255
0.07843138
0.09411765
0.12156863
0.18823530
0.16470589
0.09019608
0.16470589
0.21960784
0.18039216
0.43137255
0.62352943
0.28627452
0.19215687
0.12941177
0.19607843
0.17647059
0.19607843
0.24313726
0.19215687
0.05490196
0.07843138
0.25098041
0.08235294
0.01176471
0.01176471
0.01568628
0.01568628
0.04313726
0.03137255
0.02352941
0.02352941
0.03529412
0.06666667
0.11764706
0.18431373
0.25098041
0.26274511
0.23921569
0.23529412
0.20784314
0.13333334
0.16470589
0.39607844
0.28627452
0.20000000
0.18823530
0.16470589
0.15686275
0.16862746
0.20392157
0.16862746
0.10588235
0.09411765
0.09411765
0.03529412
0.02352941
0.02745098
0.01568628
0.01568628
0.12156863
0.21568628
0.11372549
0.04313726
0.15686275
0.07450981
0.07058824
0.09019608
0.09411765
0.07058824
0.04313726
0.00000000
0.03529412
0.07058824
0.05490196
0.06666667
0.04705882
0.05882353
0.08235294
0.15686275
0.21960784
0.12156863
0.05098039
0.06274510
0.08627451
0.06666667
0.03921569
0.02745098
0.03529412
0.03137255
0.01960784
0.03529412
0.03529412
0.06274510
0.15294118
0.12941177
0.26274511
0.20784314
0.07450981
0.04313726
0.02352941
0.02352941
0.02745098
0.00784314
0.02745098
0.17254902
0.10588235
0.07843138
0.05490196
0.02352941
0.02745098
0.08235294
0.14117648
0.14117648
0.15294118
0.15294118
0.10588235
0.06666667
0.03921569
0.03137255
0.03137255
0.01568628
0.01960784
0.03921569
0.18823530
0.03137255
0.08235294
0.09803922
0.21568628
0.23529412
0.26666668
0.34117648
0.22745098
0.04313726
0.01960784
0.00392157
0.01568628
0.10196079
0.09803922
0.09411765
0.10588235
0.03921569
0.03137255
0.09411765
0.10980392
0.13333334
0.18431373
0.18823530
0.17647059
0.16470589
0.22352941
0.19215687
0.06666667
0.01960784
0.03137255
0.05098039
0.28235295
0.15294118
0.10980392
0.05490196
0.05882353
0.14117648
0.22745098
0.20392157
0.14509805
0.07450981
0.04705882
0.01568628
0.06666667
0.05098039
0.06274510
0.16862746
0.18039216
0.09019608
0.04705882
0.10196079
0.05490196
0.14901961
0.22745098
0.22745098
0.39215687
0.58431375
0.69411767
0.44313726
0.20000000
0.12549020
0.07058824
0.04313726
0.14509805
0.05490196
0.03921569
0.03137255
0.01568628
0.00784314
0.02745098
0.02352941
0.03921569
0.05098039
0.01960784
0.01568628
0.05490196
0.07058824
0.04313726
0.24705882
0.23529412
0.04705882
0.04705882
0.07843138
0.13725491
0.14901961
0.19607843
0.41176471
0.63921571
0.74901962
0.78823531
0.57647061
0.60000002
0.49019608
0.05098039
0.00392157
0.07843138
0.14117648
0.06666667
0.00784314
0.01176471
0.01176471
0.04313726
0.04313726
0.05490196
0.07450981
0.01568628
0.00784314
0.01960784
0.04313726
0.04313726
0.17647059
0.28235295
0.05098039
0.01960784
0.05882353
0.10588235
0.22352941
0.50588238
0.59607846
0.69803923
0.60784316
0.26666668
0.37254903
0.84313726
0.78039217
0.26666668
0.03921569
0.05882353
0.07058824
0.08627451
0.01176471
0.01176471
0.00392157
0.06274510
0.11372549
0.24313726
0.21176471
0.05098039
0.02745098
0.01568628
0.01176471
0.03529412
0.09411765
0.21960784
0.10588235
0.00392157
0.04313726
0.16862746
0.49411765
0.68627453
0.66274512
0.82352942
0.57254905
0.29019609
0.37254903
0.73725492
0.90196079
0.47450981
0.07450981
0.16078432
0.05882353
0.01568628
0.00784314
0.01568628
0.01568628
0.04313726
0.07058824
0.24705882
0.25490198
0.04705882
0.09411765
0.04705882
0.01176471
0.05882353
0.11764706
0.13333334
0.10588235
0.05490196
0.12941177
0.38823530
0.65882355
0.74509805
0.76862746
0.90980393
0.61176473
0.22745098
0.23921569
0.49803922
0.87450981
0.59607846
0.09803922
0.09803922
0.05490196
0.00392157
0.01960784
0.03529412
0.02745098
0.02352941
0.11764706
0.12941177
0.12156863
0.03529412
0.16078432
0.14901961
0.02745098
0.08235294
0.11764706
0.12941177
0.07843138
0.14509805
0.42352942
0.61960787
0.70196080
0.82745099
0.88235295
0.91764706
0.42745098
0.21568628
0.32941177
0.71764708
0.91372550
0.63529414
0.10980392
0.05882353
0.04313726
0.00784314
0.04705882
0.04705882
0.04705882
0.03137255
0.14509805
0.13725491
0.19215687
0.49411765
0.70196080
0.73333335
0.49411765
0.16862746
0.05882353
0.14901961
0.12941177
0.34117648
0.65882355
0.74901962
0.79215688
0.85098040
0.95686275
0.86666667
0.27058825
0.19607843
0.24705882
0.53725493
0.84313726
0.54901963
0.10588235
0.04705882
0.04313726
0.07058824
0.13333334
0.05490196
0.05490196
0.07058824
0.18431373
0.31372550
0.58039218
0.79607844
0.88627452
0.95294118
0.96078432
0.83137256
0.58431375
0.52156866
0.53333336
0.63921571
0.70588237
0.83137256
0.89411765
0.87058824
0.98431373
0.83137256
0.23529412
0.18823530
0.18431373
0.32156864
0.56078434
0.42745098
0.09411765
0.09411765
0.09803922
0.14901961
0.17254902
0.07843138
0.15686275
0.32941177
0.36862746
0.40784314
0.74509805
0.85490197
0.94901961
0.98039216
0.96078432
0.95294118
0.92549020
0.92156863
0.86666667
0.77254903
0.76078433
0.81960785
0.90588236
0.91372550
0.99215686
0.81568629
0.24313726
0.18823530
0.15294118
0.08235294
0.10196079
0.18431373
0.06666667
0.18431373
0.25882354
0.27843139
0.22745098
0.25490198
0.45882353
0.45490196
0.24705882
0.41176471
0.82352942
0.94117647
0.95686275
0.96078432
0.94509804
0.94117647
0.94117647
0.93333334
0.88627452
0.82352942
0.80784315
0.84313726
0.83529413
0.92549020
0.98431373
0.70588237
0.21960784
0.20000000
0.14117648
0.07450981
0.01176471
0.05882353
0.02352941
0.23137255
0.40784314
0.38823530
0.35686275
0.52156866
0.59607846
0.44705883
0.23921569
0.41960785
0.81960785
0.94901961
0.94509804
0.91372550
0.92549020
0.93333334
0.95294118
0.96078432
0.92156863
0.87058824
0.80784315
0.81568629
0.73333335
0.89411765
0.94509804
0.47450981
0.16470589
0.15294118
0.06666667
0.09411765
0.10588235
0.17254902
0.03529412
0.26274511
0.40392157
0.33333334
0.50196081
0.65882355
0.60000002
0.49803922
0.23921569
0.45882353
0.82352942
0.89803922
0.92549020
0.85098040
0.91764706
0.94117647
0.96470588
0.98039216
0.96470588
0.91372550
0.80000001
0.82352942
0.73333335
0.85098040
0.89803922
0.34901962
0.11372549
0.10588235
0.04313726
0.05882353
0.14117648
0.14509805
0.05882353
0.21568628
0.24313726
0.34509805
0.64313728
0.65882355
0.56862748
0.51372552
0.19215687
0.34901962
0.79607844
0.87450981
0.90196079
0.80000001
0.87450981
0.92941177
0.94901961
0.96078432
0.97254902
0.93725491
0.78039217
0.80000001
0.79607844
0.84313726
0.85490197
0.32549021
0.07843138
0.06666667
0.03529412
0.01176471
0.01960784
0.05098039
0.09019608
0.10588235
0.05098039
0.36470589
0.67058825
0.60784316
0.61176473
0.50588238
0.15686275
0.15294118
0.52941179
0.83529413
0.88235295
0.68627453
0.76078433
0.88235295
0.92156863
0.93333334
0.94117647
0.93725491
0.68627453
0.63921571
0.86274511
0.90588236
0.79215688
0.21960784
0.04705882
0.02745098
0.01176471
0.01176471
0.03137255
0.12156863
0.18039216
0.03137255
0.05882353
0.38823530
0.58039218
0.59215689
0.65882355
0.52941179
0.16078432
0.10980392
0.25882354
0.67843139
0.87058824
0.56470591
0.56078434
0.75294119
0.85098040
0.87843138
0.91372550
0.92156863
0.53333336
0.47058824
0.83921570
0.94117647
0.58431375
0.04705882
0.03529412
0.01960784
0.01176471
0.01960784
0.03529412
0.10588235
0.21568628
0.02352941
0.11764706
0.30980393
0.45490196
0.60784316
0.70588237
0.55686277
0.14901961
0.11372549
0.16078432
0.53725493
0.78823531
0.26274511
0.25882354
0.42745098
0.62745100
0.72549021
0.81176472
0.84313726
0.39215687
0.32549021
0.77254903
0.87058824
0.52941179
0.06274510
0.02745098
0.01176471
0.00784314
0.01568628
0.01960784
0.05490196
0.16470589
0.07450981
0.20784314
0.21960784
0.34117648
0.61960787
0.71372551
0.61960787
0.23529412
0.02745098
0.05098039
0.37254903
0.74901962
0.18039216
0.01960784
0.09411765
0.18823530
0.30980393
0.40000001
0.43529412
0.16078432
0.17647059
0.56862748
0.76470590
0.78431374
0.48627451
0.18431373
0.01568628
0.00784314
0.00784314
0.01568628
0.00392157
0.05882353
0.14901961
0.22745098
0.14901961
0.27058825
0.54117650
0.67450982
0.64313728
0.25882354
0.03921569
0.05882353
0.17647059
0.64313728
0.25490198
0.00000000
0.01176471
0.02745098
0.13333334
0.11764706
0.02352941
0.02352941
0.08627451
0.12549020
0.29019609
0.57254905
0.40784314
0.43529412
0.09803922
0.00000000
0.00784314
0.01176471
0.01176471
0.04705882
0.18431373
0.17254902
0.13725491
0.27450982
0.46274510
0.63921571
0.62745100
0.21960784
0.17647059
0.40392157
0.15294118
0.44313726
0.30196080
0.00000000
0.01960784
0.02352941
0.09411765
0.07058824
0.02352941
0.03137255
0.03921569
0.02352941
0.08627451
0.50196081
0.23921569
0.34509805
0.16862746
0.00000000
0.00784314
0.00392157
0.00784314
0.03529412
0.15294118
0.11764706
0.17647059
0.26274511
0.34509805
0.49803922
0.46666667
0.12941177
0.19215687
0.57647061
0.18823530
0.28627452
0.35294119
0.03921569
0.03529412
0.02745098
0.06666667
0.05098039
0.02352941
0.03921569
0.03529412
0.03137255
0.00000000
0.35686275
0.45882353
0.48235294
0.27843139
0.00000000
0.00392157
0.01568628
0.09019608
0.12549020
0.10588235
0.10196079
0.18039216
0.22352941
0.24705882
0.31372550
0.24705882
0.05490196
0.10588235
0.45098040
0.17647059
0.30980393
0.48627451
0.10196079
0.04705882
0.04313726
0.08627451
0.03921569
0.02352941
0.02745098
0.02745098
0.03921569
0.02745098
0.23921569
0.49803922
0.51372552
0.36470589
0.00000000
0.01568628
0.03137255
0.18823530
0.28235295
0.07450981
0.08235294
0.11764706
0.12941177
0.17254902
0.21960784
0.16078432
0.03921569
0.09411765
0.45098040
0.15686275
0.19215687
0.52941179
0.20784314
0.04313726
0.08235294
0.14901961
0.08235294
0.01568628
0.01568628
0.01568628
0.04313726
0.13725491
0.23137255
0.46274510
0.56470591
0.51372552
0.05098039
0.01960784
0.01176471
0.02352941
0.07843138
0.08235294
0.09411765
0.07843138
0.07058824
0.07058824
0.08627451
0.08627451
0.07843138
0.07843138
0.44313726
0.22352941
0.12549020
0.43137255
0.30980393
0.06666667
0.09019608
0.13725491
0.14117648
0.02352941
0.02352941
0.01568628
0.02352941
0.25098041
0.30588236
0.49019608
0.62745100
0.50196081
0.07843138
0.01960784
0.01568628
0.01960784
0.01568628
0.08627451
0.11764706
0.09803922
0.05098039
0.05882353
0.02352941
0.02352941
0.04313726
0.06666667
0.47843137
0.33725491
0.01568628
0.23921569
0.40392157
0.12941177
0.05098039
0.06274510
0.15294118
0.03137255
0.05490196
0.02745098
0.01176471
0.23921569
0.26666668
0.38039216
0.74117649
0.30980393
0.00784314
0.04313726
0.06666667
0.05098039
0.02352941
0.05098039
0.07058824
0.07058824
0.05882353
0.07058824
0.01176471
0.01568628
0.02352941
0.05098039
0.43921569
0.50588238
0.05098039
0.09411765
0.36078432
0.23921569
0.03921569
0.04705882
0.07450981
0.07058824
0.07450981
0.08627451
0.02352941
0.10980392
0.23137255
0.34509805
0.63137257
0.28235295
0.13333334
0.19215687
0.23529412
0.25882354
0.25098041
0.03529412
0.03921569
0.03137255
0.03137255
0.03529412
0.01176471
0.00392157
0.01176471
0.01568628
0.18039216
0.65490198
0.33725491
0.05098039
0.22352941
0.45098040
0.11372549
0.10588235
0.17254902
0.18431373
0.25490198
0.24313726
0.19607843
0.23137255
0.31372550
0.30588236
0.54509807
0.25490198
0.08235294
0.14117648
0.15686275
0.21176471
0.21568628
0.03137255
0.03137255
0.02745098
0.02352941
0.01568628
0.00784314
0.00784314
0.01176471
0.01960784
0.02745098
0.15294118
0.18431373
0.25098041
0.31372550
0.60392159
0.42745098
0.13725491
0.14901961
0.13333334
0.16470589
0.12549020
0.13333334
0.23529412
0.27450982
0.22352941
0.22352941
0.16470589
0.02352941
0.01568628
0.00392157
0.00392157
0.00392157
0.03921569
0.03529412
0.02745098
0.02745098
0.02745098
0.07058824
0.09019608
0.11764706
0.18039216
0.16078432
0.08235294
0.15294118
0.21176471
0.16862746
0.41960785
0.61176473
0.27058825
0.17647059
0.11372549
0.18431373
0.15686275
0.16470589
0.22352941
0.18039216
0.04705882
0.06666667
0.23137255
0.07058824
0.00392157
0.00392157
0.00000000
0.00392157
0.04313726
0.03137255
0.02352941
0.02352941
0.02745098
0.05490196
0.10196079
0.17254902
0.24313726
0.25490198
0.22745098
0.22352941
0.19607843
0.12156863
0.15686275
0.38431373
0.27058825
0.18823530
0.17254902
0.15294118
0.14509805
0.15294118
0.19215687
0.15686275
0.09019608
0.07843138
0.08235294
0.02352941
0.01176471
0.01176471
0.01176471
0.01568628
1 0 0 0 0 0 0 -1 0 0 0
0 1 0 0 0 0 0 -1 0 0 0
0 0 1 0 0 0 0 -1 0 0 0
0 0 0 1 0 0 0 -1 0 0 0
0 0 0 0 1 0 0 -1 0 0 0
0 0 0 0 0 1 0 -1 0 0 0
0 0 0 0 0 0 1 -1 0 0 0
0 0 0 0 0 0 0 -1 1 0 0
0 0 0 0 0 0 0 -1 0 1 0
