0.87450981
0.87450981
0.88235295
0.89411765
0.90588236
0.91372550
0.92156863
0.92941177
0.94117647
0.95294118
0.95294118
0.95294118
0.95294118
0.95294118
0.95686275
0.97254902
0.98039216
0.98039216
0.97254902
0.96862745
0.97254902
0.97647059
0.97647059
0.97254902
0.96078432
0.94117647
0.93333334
0.92156863
0.90196079
0.89019608
0.87450981
0.85882354
0.88235295
0.88235295
0.89019608
0.90196079
0.91372550
0.92156863
0.92941177
0.93725491
0.95294118
0.96470588
0.96078432
0.96078432
0.96470588
0.96470588
0.96862745
0.98039216
0.98823529
0.98823529
0.98431373
0.98431373
0.98823529
0.99215686
0.98823529
0.98431373
0.97254902
0.95294118
0.94117647
0.93333334
0.92549020
0.91764706
0.90980393
0.89411765
0.87843138
0.87843138
0.89019608
0.89803922
0.90980393
0.91764706
0.92549020
0.93725491
0.95686275
0.96470588
0.96470588
0.96862745
0.97647059
0.97647059
0.98039216
0.98431373
0.98823529
0.98823529
0.98823529
0.98823529
0.98823529
0.98431373
0.98431373
0.98039216
0.97254902
0.95686275
0.94509804
0.93333334
0.92941177
0.92549020
0.91764706
0.89803922
0.85882354
0.85882354
0.87843138
0.89411765
0.90588236
0.91764706
0.92156863
0.93725491
0.95294118
0.96078432
0.96470588
0.97254902
0.97647059
0.97647059
0.98431373
0.98431373
0.98823529
0.98823529
0.98823529
0.98823529
0.98431373
0.98039216
0.97647059
0.96862745
0.96470588
0.95294118
0.94509804
0.93725491
0.92941177
0.92156863
0.91372550
0.90196079
0.85490197
0.85490197
0.87058824
0.89019608
0.90588236
0.91764706
0.92156863
0.93725491
0.95294118
0.96078432
0.96470588
0.97254902
0.97254902
0.97254902
0.97647059
0.97647059
0.98431373
0.98823529
0.98823529
0.98823529
0.98431373
0.98039216
0.97254902
0.96470588
0.95686275
0.94901961
0.94117647
0.93333334
0.92549020
0.91372550
0.90588236
0.89411765
0.84705883
0.85098040
0.86666667
0.88627452
0.90196079
0.91372550
0.92156863
0.94117647
0.96078432
0.96862745
0.96862745
0.97254902
0.96862745
0.96862745
0.97647059
0.97647059
0.98431373
0.98823529
0.98431373
0.98039216
0.97254902
0.96862745
0.96078432
0.95686275
0.94901961
0.94117647
0.92941177
0.92156863
0.91764706
0.91372550
0.90980393
0.89803922
0.83529413
0.83921570
0.85490197
0.87843138
0.89411765
0.91372550
0.92156863
0.93333334
0.95686275
0.96862745
0.96862745
0.97254902
0.96862745
0.96862745
0.97254902
0.98039216
0.98431373
0.98039216
0.98039216
0.97254902
0.96470588
0.95294118
0.95294118
0.94901961
0.94117647
0.93333334
0.92549020
0.91764706
0.91764706
0.91764706
0.91372550
0.90588236
0.83137256
0.83529413
0.85098040
0.87058824
0.89019608
0.90588236
0.91372550
0.92156863
0.93725491
0.94901961
0.95294118
0.92941177
0.94901961
0.96470588
0.96862745
0.96862745
0.90196079
0.95686275
0.98431373
0.97254902
0.96470588
0.95294118
0.95294118
0.94901961
0.94117647
0.92941177
0.92156863
0.92156863
0.90980393
0.90588236
0.89803922
0.89019608
0.82352942
0.83137256
0.84705883
0.86666667
0.88627452
0.89803922
0.90980393
0.91764706
0.92549020
0.92941177
0.94117647
0.80392158
0.81960785
0.97254902
0.96078432
0.96470588
0.80392158
0.90980393
0.98431373
0.97254902
0.96470588
0.95294118
0.95294118
0.94901961
0.93725491
0.92549020
0.92156863
0.91764706
0.91764706
0.86666667
0.87450981
0.87058824
0.81568629
0.81960785
0.82745099
0.85490197
0.88235295
0.89411765
0.90196079
0.92156863
0.92941177
0.90196079
0.86666667
0.77647060
0.78039217
0.97254902
0.95686275
0.96078432
0.83137256
0.88627452
0.98039216
0.96862745
0.96470588
0.95294118
0.94509804
0.94117647
0.93725491
0.92941177
0.92549020
0.92156863
0.80000001
0.68627453
0.85490197
0.85490197
0.78823531
0.81176472
0.83921570
0.85490197
0.86274511
0.87843138
0.88235295
0.90588236
0.91372550
0.86666667
0.81568629
0.80000001
0.83529413
0.94117647
0.96470588
0.95294118
0.87058824
0.87450981
0.97647059
0.96470588
0.96078432
0.94901961
0.94117647
0.93725491
0.93333334
0.92941177
0.92156863
0.89803922
0.52941179
0.61176473
0.85882354
0.84313726
0.73333335
0.63137257
0.65490198
0.75686276
0.84313726
0.83137256
0.78431374
0.79607844
0.81568629
0.78431374
0.71372551
0.71764708
0.78823531
0.92549020
0.94117647
0.94509804
0.89411765
0.85098040
0.95294118
0.95686275
0.94901961
0.94117647
0.92941177
0.92941177
0.92156863
0.90980393
0.88627452
0.85882354
0.70980394
0.76470590
0.84313726
0.83137256
0.53725493
0.31372550
0.27058825
0.46666667
0.74901962
0.78431374
0.72156864
0.72156864
0.78431374
0.76470590
0.67058825
0.65490198
0.63529414
0.87058824
0.90980393
0.91764706
0.90588236
0.82745099
0.91764706
0.94117647
0.94509804
0.92941177
0.91372550
0.92156863
0.90980393
0.89411765
0.86666667
0.74901962
0.63921571
0.81568629
0.83137256
0.82352942
0.28235295
0.26666668
0.12549020
0.20784314
0.40000001
0.47058824
0.44313726
0.43921569
0.58823532
0.67058825
0.56862748
0.57254905
0.49019608
0.65490198
0.75294119
0.78823531
0.81568629
0.75294119
0.83921570
0.85882354
0.87450981
0.86666667
0.81960785
0.84313726
0.85490197
0.83921570
0.81176472
0.68627453
0.42352942
0.65098041
0.72941178
0.61568630
0.22745098
0.29803923
0.18039216
0.14901961
0.21176471
0.26666668
0.26274511
0.30588236
0.47843137
0.53725493
0.49019608
0.54117650
0.51764709
0.59215689
0.58039218
0.56862748
0.54117650
0.53725493
0.66274512
0.64313728
0.69019610
0.62352943
0.52549022
0.58039218
0.56862748
0.54509807
0.60784316
0.45490196
0.35686275
0.41568628
0.47450981
0.32156864
0.36078432
0.35686275
0.26274511
0.26274511
0.22352941
0.43137255
0.46666667
0.41176471
0.40000001
0.32941177
0.52549022
0.65490198
0.63137257
0.67058825
0.47450981
0.41176471
0.42745098
0.43921569
0.54117650
0.52941179
0.63137257
0.61568630
0.55686277
0.56078434
0.48235294
0.49411765
0.52941179
0.36470589
0.34117648
0.43921569
0.34901962
0.41176471
0.41176471
0.42745098
0.34509805
0.40392157
0.27843139
0.45490196
0.47843137
0.31764707
0.20392157
0.18039216
0.38431373
0.55686277
0.58431375
0.59215689
0.52549022
0.49803922
0.53725493
0.41568628
0.44705883
0.45490196
0.49411765
0.48627451
0.63921571
0.72549021
0.60784316
0.51372552
0.36862746
0.29019609
0.35294119
0.45490196
0.27843139
0.50980395
0.30196080
0.38039216
0.34901962
0.34901962
0.15294118
0.38823530
0.44313726
0.38823530
0.23137255
0.16078432
0.44313726
0.45882353
0.43137255
0.54901963
0.54509807
0.46274510
0.38431373
0.36078432
0.32156864
0.27450982
0.34901962
0.33333334
0.44705883
0.63921571
0.41176471
0.28627452
0.34901962
0.29019609
0.19215687
0.22352941
0.26666668
0.59607846
0.34901962
0.34901962
0.37647060
0.39215687
0.17254902
0.36470589
0.64705884
0.54901963
0.32549021
0.17647059
0.44705883
0.41568628
0.40392157
0.51372552
0.44313726
0.45490196
0.23529412
0.37647060
0.30196080
0.20392157
0.29803923
0.49411765
0.28235295
0.40000001
0.20000000
0.17254902
0.38039216
0.30588236
0.09803922
0.14901961
0.30588236
0.60392159
0.16862746
0.15686275
0.21568628
0.23529412
0.13333334
0.18823530
0.37647060
0.29019609
0.20784314
0.10588235
0.30588236
0.30588236
0.38823530
0.49019608
0.31372550
0.36862746
0.23137255
0.35294119
0.33725491
0.17647059
0.25490198
0.43529412
0.31764707
0.43137255
0.20000000
0.16470589
0.34901962
0.28235295
0.14509805
0.18039216
0.40784314
0.59607846
0.29411766
0.12156863
0.10588235
0.11764706
0.06666667
0.11764706
0.12549020
0.08627451
0.12156863
0.11764706
0.20000000
0.29411766
0.34509805
0.39607844
0.27058825
0.34509805
0.21960784
0.26274511
0.30196080
0.16862746
0.23529412
0.34901962
0.40392157
0.47450981
0.24705882
0.25490198
0.32941177
0.25098041
0.18039216
0.23137255
0.53725493
0.59215689
0.45098040
0.40784314
0.24705882
0.14901961
0.08235294
0.18823530
0.23529412
0.14117648
0.10980392
0.16470589
0.15294118
0.21176471
0.27843139
0.36078432
0.22745098
0.14117648
0.17647059
0.20784314
0.30588236
0.21960784
0.24705882
0.28627452
0.29411766
0.22352941
0.14509805
0.22745098
0.29019609
0.17647059
0.15294118
0.38431373
0.60000002
0.58823532
0.43529412
0.50196081
0.45882353
0.30588236
0.12549020
0.10196079
0.14117648
0.10588235
0.07058824
0.07058824
0.08627451
0.10196079
0.11764706
0.17254902
0.16862746
0.11764706
0.15294118
0.14117648
0.20392157
0.18039216
0.16078432
0.14117648
0.15294118
0.11764706
0.12156863
0.18431373
0.15686275
0.13725491
0.22745098
0.36078432
0.53725493
0.55294120
0.31764707
0.35686275
0.47058824
0.52156866
0.42745098
0.24313726
0.11764706
0.09411765
0.06274510
0.04313726
0.04705882
0.03921569
0.04313726
0.05098039
0.06274510
0.09019608
0.09019608
0.09411765
0.08627451
0.09019608
0.10980392
0.09803922
0.09019608
0.08627451
0.13333334
0.21960784
0.25490198
0.26274511
0.21568628
0.20000000
0.40392157
0.50196081
0.14509805
0.17647059
0.43529412
0.51764709
0.56470591
0.54509807
0.34117648
0.14901961
0.19215687
0.15294118
0.09803922
0.09411765
0.12156863
0.12156863
0.12156863
0.13333334
0.14901961
0.17254902
0.16078432
0.15686275
0.16470589
0.16078432
0.14901961
0.16862746
0.22352941
0.24313726
0.22352941
0.16470589
0.09411765
0.13725491
0.31372550
0.46666667
0.09019608
0.10980392
0.38431373
0.50196081
0.53725493
0.56862748
0.34901962
0.09019608
0.24705882
0.40392157
0.32156864
0.27450982
0.30980393
0.32156864
0.31764707
0.32156864
0.33333334
0.33333334
0.30196080
0.28235295
0.22352941
0.16862746
0.12549020
0.10196079
0.09019608
0.07450981
0.03529412
0.01568628
0.04313726
0.07058824
0.23921569
0.44705883
0.05490196
0.07058824
0.36862746
0.49803922
0.50588238
0.38431373
0.08627451
0.01568628
0.04313726
0.18039216
0.29411766
0.17254902
0.12941177
0.14901961
0.16078432
0.16078432
0.15294118
0.13333334
0.09019608
0.05882353
0.05098039
0.04705882
0.03921569
0.02745098
0.02745098
0.03921569
0.05098039
0.04313726
0.04705882
0.05098039
0.20784314
0.41960785
0.05882353
0.07058824
0.33725491
0.45882353
0.36470589
0.17647059
0.05882353
0.02352941
0.01960784
0.04313726
0.08235294
0.04313726
0.04705882
0.04705882
0.05098039
0.03921569
0.03921569
0.03921569
0.02352941
0.01176471
0.03137255
0.02745098
0.02352941
0.02352941
0.02745098
0.04705882
0.07843138
0.05882353
0.06274510
0.05882353
0.14509805
0.34509805
0.05490196
0.05098039
0.30196080
0.34117648
0.14509805
0.06666667
0.04313726
0.02352941
0.03921569
0.05882353
0.03921569
0.03137255
0.05882353
0.05098039
0.04705882
0.05098039
0.05490196
0.06666667
0.09019608
0.06666667
0.05490196
0.07450981
0.07843138
0.07843138
0.06666667
0.07843138
0.10196079
0.05098039
0.05882353
0.05490196
0.14117648
0.31764707
0.04313726
0.03137255
0.23529412
0.20784314
0.06666667
0.03529412
0.02352941
0.03137255
0.03529412
0.02352941
0.01568628
0.03137255
0.04705882
0.05490196
0.03529412
0.02745098
0.04313726
0.09019608
0.13333334
0.09803922
0.11372549
0.14901961
0.16470589
0.22352941
0.20000000
0.16078432
0.18823530
0.09411765
0.08235294
0.08627451
0.11764706
0.28627452
0.03921569
0.03921569
0.20000000
0.14901961
0.09019608
0.05098039
0.03529412
0.03529412
0.03921569
0.03529412
0.03137255
0.03529412
0.04313726
0.04313726
0.04705882
0.05882353
0.06666667
0.08235294
0.13725491
0.15686275
0.19215687
0.12941177
0.15294118
0.20000000
0.14509805
0.12941177
0.16470589
0.10588235
0.09411765
0.11764706
0.11372549
0.23921569
0.03921569
0.03529412
0.14509805
0.16470589
0.09411765
0.04313726
0.04313726
0.03137255
0.02352941
0.03921569
0.06666667
0.05098039
0.05098039
0.06666667
0.06666667
0.09803922
0.12549020
0.15294118
0.23921569
0.24705882
0.27058825
0.25098041
0.25490198
0.23137255
0.17647059
0.16078432
0.13725491
0.10196079
0.08627451
0.10196079
0.10980392
0.21960784
0.88235295
0.88235295
0.89411765
0.90196079
0.90980393
0.92156863
0.93333334
0.93333334
0.93725491
0.94901961
0.94901961
0.94901961
0.94901961
0.94901961
0.95294118
0.96862745
0.98039216
0.98039216
0.97254902
0.96862745
0.97254902
0.97647059
0.97647059
0.97254902
0.96470588
0.95686275
0.94509804
0.92941177
0.91372550
0.90196079
0.88235295
0.86666667
0.89019608
0.89019608
0.90196079
0.90980393
0.92156863
0.93333334
0.94117647
0.94509804
0.94901961
0.96078432
0.95686275
0.95686275
0.96078432
0.96078432
0.96470588
0.97647059
0.98823529
0.98823529
0.98431373
0.98431373
0.98823529
0.99215686
0.98823529
0.98431373
0.97647059
0.96862745
0.95686275
0.94509804
0.93333334
0.93333334
0.92549020
0.90588236
0.88235295
0.88627452
0.90196079
0.90588236
0.91764706
0.92941177
0.93725491
0.94509804
0.95294118
0.96078432
0.96078432
0.96470588
0.97254902
0.97254902
0.97647059
0.98039216
0.98823529
0.98823529
0.98823529
0.98823529
0.98823529
0.98431373
0.98431373
0.98039216
0.97647059
0.97254902
0.95686275
0.94509804
0.93725491
0.94509804
0.93333334
0.91372550
0.86666667
0.86666667
0.88627452
0.90196079
0.91372550
0.92549020
0.93333334
0.94117647
0.94901961
0.95686275
0.96078432
0.96862745
0.97254902
0.97254902
0.98039216
0.98039216
0.98823529
0.98823529
0.98823529
0.98823529
0.98431373
0.98039216
0.97647059
0.96862745
0.96862745
0.96862745
0.96078432
0.94509804
0.93725491
0.93725491
0.92941177
0.91764706
0.85882354
0.86274511
0.87843138
0.89411765
0.91372550
0.92549020
0.93333334
0.94117647
0.94901961
0.95686275
0.96078432
0.96862745
0.96862745
0.96862745
0.97254902
0.97647059
0.98431373
0.98823529
0.98823529
0.98823529
0.98431373
0.98039216
0.97254902
0.96470588
0.96470588
0.96078432
0.95294118
0.94509804
0.93333334
0.92941177
0.92156863
0.90588236
0.86274511
0.86274511
0.88627452
0.89803922
0.90980393
0.92156863
0.93333334
0.94117647
0.94509804
0.95294118
0.95686275
0.96078432
0.96470588
0.96862745
0.97254902
0.98039216
0.98039216
0.98431373
0.98431373
0.98039216
0.97647059
0.97647059
0.96862745
0.96470588
0.96078432
0.95686275
0.94117647
0.93333334
0.92549020
0.92549020
0.91372550
0.90196079
0.85490197
0.86274511
0.88235295
0.89019608
0.90196079
0.92156863
0.93333334
0.93725491
0.94509804
0.95294118
0.95686275
0.96078432
0.96470588
0.96862745
0.97647059
0.98431373
0.98431373
0.97647059
0.97647059
0.96862745
0.97254902
0.96862745
0.96862745
0.96470588
0.95686275
0.94509804
0.93725491
0.92549020
0.92156863
0.91764706
0.91372550
0.90588236
0.85098040
0.85490197
0.87450981
0.88235295
0.89411765
0.91372550
0.92549020
0.92941177
0.94117647
0.95294118
0.95686275
0.93333334
0.94509804
0.96470588
0.96862745
0.97254902
0.90196079
0.94901961
0.98039216
0.96862745
0.97254902
0.97254902
0.96862745
0.96470588
0.95294118
0.94117647
0.93333334
0.92941177
0.91764706
0.91372550
0.90588236
0.89411765
0.84313726
0.85098040
0.87058824
0.87843138
0.89019608
0.90588236
0.91764706
0.92941177
0.94117647
0.94901961
0.95686275
0.81568629
0.81568629
0.96862745
0.96078432
0.96470588
0.80000001
0.90588236
0.98039216
0.96862745
0.97254902
0.97254902
0.96470588
0.96470588
0.95294118
0.93725491
0.92941177
0.92549020
0.92549020
0.88627452
0.89411765
0.88627452
0.83529413
0.83921570
0.84705883
0.86274511
0.88235295
0.89803922
0.90980393
0.92941177
0.94117647
0.91372550
0.87843138
0.78431374
0.77647060
0.96470588
0.95294118
0.96078432
0.82745099
0.88235295
0.97647059
0.96470588
0.97254902
0.96862745
0.96470588
0.95686275
0.94901961
0.94117647
0.93333334
0.92549020
0.81176472
0.71372551
0.88235295
0.87450981
0.80392158
0.83137256
0.85882354
0.86274511
0.86274511
0.87843138
0.89019608
0.90196079
0.90196079
0.85490197
0.80392158
0.78823531
0.82352942
0.93725491
0.96078432
0.95294118
0.86666667
0.87058824
0.97254902
0.96078432
0.96862745
0.96470588
0.95686275
0.95294118
0.94509804
0.94117647
0.93333334
0.90588236
0.54117650
0.64705884
0.89411765
0.87450981
0.76078433
0.66274512
0.68627453
0.78039217
0.85882354
0.83921570
0.78823531
0.78431374
0.78823531
0.76078433
0.69019610
0.70196080
0.78431374
0.91764706
0.93725491
0.94117647
0.89019608
0.84313726
0.94901961
0.95294118
0.95686275
0.95686275
0.94901961
0.94117647
0.93333334
0.92549020
0.89411765
0.86666667
0.72549021
0.79215688
0.87058824
0.85098040
0.59215689
0.37254903
0.32549021
0.51372552
0.78039217
0.80000001
0.72156864
0.70588237
0.76078433
0.74901962
0.66666669
0.65490198
0.63529414
0.86274511
0.90196079
0.91372550
0.89803922
0.81960785
0.91372550
0.94509804
0.94901961
0.95294118
0.94509804
0.92941177
0.91764706
0.91764706
0.86274511
0.74901962
0.65490198
0.83529413
0.84313726
0.82745099
0.31764707
0.30588236
0.16862746
0.22352941
0.40000001
0.47450981
0.45098040
0.43921569
0.58431375
0.67450982
0.58431375
0.58431375
0.46666667
0.63921571
0.74901962
0.80000001
0.82352942
0.76078433
0.84705883
0.87450981
0.87843138
0.88627452
0.85490197
0.86274511
0.86666667
0.85098040
0.80000001
0.67843139
0.44313726
0.67058825
0.74901962
0.62745100
0.24313726
0.31764707
0.20000000
0.12941177
0.17254902
0.25490198
0.27058825
0.32156864
0.49019608
0.55686277
0.52156866
0.56078434
0.47450981
0.56078434
0.58039218
0.59215689
0.56862748
0.56078434
0.67843139
0.65490198
0.68627453
0.63529414
0.56470591
0.60784316
0.58039218
0.52941179
0.58039218
0.43529412
0.37254903
0.43529412
0.49803922
0.35294119
0.36862746
0.36862746
0.27843139
0.24313726
0.18823530
0.42352942
0.47843137
0.42352942
0.40784314
0.34901962
0.55686277
0.67058825
0.58431375
0.63137257
0.46274510
0.42745098
0.45882353
0.46274510
0.54901963
0.52156866
0.60000002
0.60000002
0.57647061
0.58431375
0.47843137
0.45098040
0.47843137
0.33725491
0.34901962
0.45882353
0.37647060
0.45490196
0.42745098
0.44313726
0.36078432
0.41176471
0.27450982
0.45882353
0.48627451
0.31764707
0.19607843
0.18431373
0.40000001
0.56862748
0.54901963
0.55294120
0.49803922
0.48627451
0.55294120
0.42352942
0.43137255
0.41568628
0.41960785
0.42745098
0.63137257
0.72549021
0.57647061
0.44705883
0.29803923
0.25490198
0.35294119
0.46666667
0.30588236
0.56078434
0.33333334
0.41568628
0.38823530
0.39215687
0.18431373
0.40392157
0.44705883
0.37647060
0.21568628
0.14901961
0.44313726
0.45882353
0.41176471
0.51764709
0.50196081
0.42352942
0.38039216
0.35686275
0.28627452
0.21568628
0.25490198
0.24705882
0.40392157
0.61176473
0.36470589
0.20392157
0.26666668
0.24705882
0.19215687
0.23137255
0.29411766
0.65098041
0.42745098
0.43137255
0.45882353
0.45490196
0.20784314
0.38039216
0.63921571
0.54901963
0.34509805
0.18431373
0.43921569
0.39607844
0.37254903
0.49019608
0.42745098
0.44313726
0.23137255
0.37254903
0.29019609
0.18039216
0.27450982
0.43529412
0.18431373
0.32156864
0.14901961
0.10196079
0.30588236
0.26666668
0.10588235
0.18039216
0.34509805
0.65882355
0.23137255
0.21176471
0.26274511
0.26666668
0.15294118
0.19607843
0.37254903
0.29803923
0.23529412
0.11764706
0.29803923
0.27843139
0.34901962
0.47058824
0.30980393
0.36862746
0.22352941
0.34901962
0.32941177
0.17254902
0.25098041
0.36470589
0.17647059
0.30980393
0.14117648
0.11764706
0.28235295
0.23529412
0.14509805
0.22352941
0.45490196
0.65098041
0.33725491
0.14509805
0.11372549
0.12156863
0.07058824
0.12156863
0.12549020
0.09019608
0.12941177
0.11764706
0.19215687
0.26666668
0.30980393
0.37254903
0.25490198
0.32941177
0.20000000
0.24313726
0.28235295
0.14901961
0.21960784
0.29019609
0.28627452
0.36862746
0.19607843
0.21960784
0.26666668
0.20000000
0.16862746
0.28235295
0.59607846
0.65490198
0.52549022
0.46274510
0.28627452
0.16470589
0.07843138
0.18431373
0.23137255
0.12941177
0.08627451
0.14509805
0.13333334
0.18431373
0.24705882
0.32941177
0.19607843
0.10588235
0.14117648
0.17254902
0.27058825
0.18431373
0.25098041
0.28627452
0.25882354
0.19607843
0.12941177
0.18823530
0.22745098
0.12549020
0.14901961
0.44313726
0.66274512
0.65490198
0.50980395
0.57647061
0.54117650
0.34901962
0.13725491
0.09019608
0.10980392
0.05882353
0.02352941
0.03137255
0.05490196
0.07843138
0.08627451
0.14117648
0.12549020
0.06274510
0.10196079
0.09411765
0.15686275
0.13333334
0.15294118
0.15686275
0.15686275
0.12156863
0.10588235
0.12156863
0.09803922
0.10980392
0.24705882
0.42745098
0.60784316
0.63137257
0.33333334
0.40000001
0.54509807
0.58431375
0.45490196
0.22352941
0.05098039
0.01568628
0.00392157
0.00000000
0.01176471
0.01568628
0.01568628
0.01568628
0.01568628
0.02352941
0.02745098
0.03529412
0.02745098
0.03137255
0.04705882
0.04313726
0.04705882
0.04705882
0.06666667
0.12549020
0.19215687
0.25882354
0.27058825
0.27843139
0.48235294
0.58431375
0.14509805
0.20392157
0.50196081
0.60000002
0.61960787
0.55686277
0.32156864
0.10196079
0.13725491
0.11372549
0.07058824
0.07058824
0.07058824
0.06274510
0.05490196
0.05882353
0.06274510
0.08627451
0.08627451
0.08627451
0.09019608
0.09803922
0.10196079
0.12549020
0.17254902
0.19215687
0.20000000
0.18823530
0.15686275
0.21176471
0.39215687
0.55294120
0.10980392
0.14509805
0.46274510
0.59607846
0.61176473
0.61960787
0.38823530
0.09411765
0.22352941
0.38823530
0.31764707
0.27058825
0.27843139
0.28627452
0.28627452
0.29019609
0.27843139
0.27843139
0.26274511
0.25490198
0.20000000
0.15294118
0.11764706
0.10588235
0.10196079
0.08235294
0.05882353
0.06274510
0.10196079
0.14509805
0.32549021
0.54117650
0.07058824
0.09803922
0.43921569
0.58823532
0.57647061
0.43137255
0.11372549
0.02745098
0.04705882
0.19215687
0.31764707
0.20392157
0.16862746
0.19607843
0.20784314
0.20392157
0.18039216
0.16078432
0.12941177
0.11372549
0.07450981
0.04705882
0.05490196
0.05098039
0.05882353
0.07450981
0.09803922
0.10196079
0.11372549
0.13725491
0.30196080
0.52549022
0.06666667
0.09411765
0.40392157
0.54117650
0.43529412
0.22352941
0.08235294
0.03921569
0.04705882
0.07843138
0.13333334
0.10196079
0.09411765
0.09411765
0.10196079
0.09019608
0.07843138
0.07843138
0.07450981
0.07450981
0.07450981
0.05882353
0.06666667
0.07843138
0.09019608
0.11764706
0.14901961
0.13333334
0.14117648
0.16470589
0.25882354
0.47058824
0.05490196
0.06274510
0.35686275
0.41568628
0.20784314
0.10980392
0.06274510
0.04313726
0.07843138
0.10980392
0.10196079
0.09019608
0.07450981
0.06666667
0.06666667
0.07058824
0.07058824
0.08627451
0.12549020
0.10980392
0.11372549
0.14117648
0.15686275
0.16862746
0.16862746
0.18823530
0.20392157
0.14117648
0.14509805
0.18039216
0.27843139
0.46274510
0.03137255
0.03921569
0.28235295
0.27450982
0.12941177
0.07450981
0.03529412
0.04313726
0.06666667
0.07058824
0.07450981
0.09019608
0.09019608
0.09803922
0.08235294
0.07450981
0.08627451
0.14117648
0.19607843
0.17647059
0.20392157
0.24705882
0.27450982
0.34509805
0.33725491
0.30588236
0.31372550
0.20000000
0.18431373
0.22352941
0.27058825
0.44705883
0.03529412
0.04313726
0.25098041
0.20784314
0.13333334
0.08235294
0.04313726
0.05098039
0.07450981
0.08235294
0.09019608
0.10588235
0.12156863
0.12156863
0.12549020
0.14509805
0.16078432
0.18431373
0.25098041
0.27843139
0.30980393
0.24705882
0.27843139
0.32941177
0.28627452
0.27450982
0.29803923
0.22352941
0.21176471
0.25882354
0.26666668
0.40392157
0.04313726
0.05490196
0.21176471
0.21960784
0.11764706
0.06274510
0.06274510
0.06666667
0.07843138
0.10588235
0.14117648
0.12549020
0.12156863
0.14117648
0.14117648
0.17647059
0.23921569
0.28235295
0.36470589
0.37254903
0.39215687
0.37647060
0.38039216
0.35686275
0.30196080
0.28627452
0.27058825
0.24313726
0.21960784
0.23921569
0.25490198
0.37254903
0.97254902
0.95686275
0.95294118
0.96078432
0.96078432
0.96470588
0.95686275
0.95294118
0.95686275
0.96862745
0.96862745
0.96862745
0.96862745
0.96862745
0.97254902
0.98431373
0.98431373
0.98039216
0.97254902
0.96862745
0.97254902
0.97647059
0.97647059
0.97254902
0.96470588
0.96470588
0.96470588
0.96470588
0.96078432
0.96862745
0.96078432
0.96078432
0.98823529
0.97254902
0.97254902
0.97254902
0.97254902
0.97254902
0.96862745
0.96470588
0.96862745
0.98039216
0.97647059
0.97647059
0.98039216
0.98039216
0.98431373
0.99607843
0.99215686
0.98823529
0.98823529
0.98431373
0.98823529
0.99215686
0.99215686
0.98431373
0.97647059
0.97254902
0.97647059
0.98039216
0.98039216
0.97254902
0.97254902
0.96862745
0.98823529
0.97254902
0.98039216
0.97254902
0.96862745
0.96862745
0.96470588
0.96470588
0.97254902
0.98039216
0.98039216
0.98431373
0.99215686
0.99215686
0.99607843
1.00000000
0.99215686
0.98823529
0.98823529
0.98823529
0.98823529
0.98431373
0.98431373
0.97647059
0.98039216
0.98039216
0.97647059
0.98039216
0.98039216
0.96470588
0.96862745
0.96078432
0.98039216
0.96470588
0.97647059
0.96862745
0.96470588
0.96862745
0.96078432
0.96078432
0.96862745
0.97647059
0.98039216
0.98823529
0.99215686
0.99215686
1.00000000
0.99607843
0.99215686
0.98823529
0.98823529
0.98823529
0.98431373
0.98039216
0.97647059
0.96862745
0.97254902
0.97647059
0.98039216
0.98039216
0.98039216
0.96470588
0.96862745
0.96470588
0.98039216
0.96862745
0.97254902
0.96470588
0.96470588
0.96862745
0.96078432
0.96078432
0.96862745
0.97647059
0.98039216
0.98823529
0.98823529
0.98823529
0.99215686
0.99215686
0.98823529
0.98823529
0.98823529
0.98823529
0.98431373
0.98039216
0.97254902
0.96470588
0.96470588
0.96862745
0.97254902
0.98039216
0.98039216
0.97254902
0.97254902
0.97254902
0.98039216
0.96470588
0.97254902
0.96470588
0.96470588
0.96862745
0.96470588
0.96078432
0.96470588
0.97254902
0.97254902
0.97647059
0.98039216
0.98039216
0.97647059
0.97647059
0.98431373
0.99215686
0.99215686
0.98823529
0.98431373
0.98039216
0.97647059
0.96862745
0.96862745
0.96862745
0.97254902
0.97647059
0.97254902
0.96470588
0.96470588
0.96862745
0.96862745
0.95686275
0.96470588
0.96470588
0.96470588
0.96862745
0.96862745
0.95686275
0.95686275
0.96470588
0.96862745
0.97647059
0.98039216
0.97254902
0.96470588
0.96470588
0.98823529
0.99215686
0.99607843
0.98823529
0.98823529
0.98039216
0.98039216
0.97647059
0.97254902
0.96862745
0.97254902
0.97647059
0.97254902
0.95686275
0.95686275
0.96078432
0.96862745
0.96078432
0.96470588
0.96470588
0.96470588
0.96862745
0.96862745
0.95686275
0.95686275
0.96862745
0.97254902
0.94901961
0.96078432
0.97647059
0.96470588
0.96078432
0.90980393
0.96862745
1.00000000
0.98823529
0.98823529
0.98431373
0.98039216
0.97647059
0.96862745
0.96078432
0.96862745
0.97647059
0.97254902
0.95686275
0.95686275
0.95686275
0.96862745
0.96470588
0.96862745
0.96862745
0.96862745
0.97254902
0.96862745
0.96470588
0.96078432
0.96470588
0.97647059
0.83529413
0.84313726
0.98823529
0.96862745
0.96470588
0.81176472
0.92156863
1.00000000
0.98823529
0.98823529
0.98039216
0.97647059
0.97647059
0.96470588
0.96078432
0.96862745
0.97254902
0.97647059
0.92941177
0.94901961
0.95686275
0.97254902
0.96078432
0.95686275
0.96078432
0.97254902
0.97647059
0.97254902
0.97647059
0.97254902
0.94117647
0.90980393
0.81960785
0.81176472
0.99215686
0.97254902
0.96862745
0.84313726
0.90196079
0.99607843
0.98431373
0.98823529
0.98039216
0.97647059
0.96862745
0.96470588
0.96470588
0.97254902
0.97254902
0.86274511
0.76078433
0.94117647
0.95294118
0.94901961
0.96078432
0.97647059
0.96862745
0.95686275
0.96078432
0.96078432
0.96078432
0.95294118
0.90588236
0.85490197
0.83921570
0.86666667
0.97254902
0.98039216
0.96862745
0.88235295
0.89019608
0.99215686
0.98039216
0.98039216
0.97254902
0.96862745
0.96078432
0.96078432
0.96078432
0.96862745
0.95294118
0.59607846
0.70196080
0.95294118
0.94901961
0.90196079
0.78823531
0.80000001
0.88235295
0.94901961
0.92156863
0.86274511
0.84705883
0.83921570
0.80784315
0.74509805
0.75686276
0.83529413
0.96470588
0.96862745
0.95686275
0.90588236
0.86666667
0.96862745
0.97647059
0.97254902
0.97254902
0.96862745
0.96078432
0.95686275
0.96078432
0.93333334
0.91372550
0.78431374
0.86666667
0.94901961
0.94509804
0.70588237
0.47058824
0.41568628
0.59215689
0.85490197
0.87058824
0.78431374
0.75294119
0.79607844
0.78823531
0.71764708
0.70588237
0.68235296
0.91764706
0.94901961
0.93725491
0.91764706
0.85098040
0.94509804
0.98039216
0.97254902
0.98039216
0.98823529
0.96470588
0.95686275
0.97254902
0.90588236
0.79215688
0.72156864
0.92156863
0.94509804
0.94117647
0.40784314
0.38039216
0.23137255
0.29019609
0.46274510
0.52549022
0.48627451
0.47450981
0.62745100
0.72549021
0.64705884
0.63921571
0.49019608
0.69411767
0.81176472
0.83921570
0.85882354
0.80000001
0.89019608
0.91372550
0.91764706
0.93333334
0.91764706
0.91372550
0.91764706
0.90980393
0.83921570
0.72156864
0.50588238
0.74509805
0.83137256
0.72156864
0.31372550
0.37254903
0.24313726
0.18431373
0.23529412
0.29019609
0.29019609
0.34901962
0.54509807
0.62352943
0.60000002
0.61568630
0.46666667
0.59607846
0.65098041
0.65490198
0.61568630
0.60392159
0.71372551
0.68627453
0.72941178
0.70196080
0.63921571
0.67058825
0.62745100
0.57647061
0.61176473
0.48235294
0.43529412
0.48235294
0.55294120
0.42745098
0.43137255
0.41568628
0.31764707
0.29803923
0.24705882
0.45882353
0.49803922
0.45490196
0.46666667
0.41568628
0.63137257
0.72549021
0.55294120
0.65490198
0.53333336
0.49411765
0.50196081
0.49411765
0.56470591
0.52549022
0.63529414
0.66274512
0.64705884
0.63529414
0.51372552
0.48627451
0.50588238
0.38823530
0.41568628
0.49019608
0.42745098
0.52941179
0.49803922
0.49803922
0.40784314
0.47058824
0.34117648
0.50980395
0.52549022
0.35294119
0.23921569
0.23529412
0.46666667
0.60784316
0.51764709
0.57254905
0.56078434
0.54509807
0.58039218
0.43137255
0.41960785
0.38823530
0.43137255
0.48235294
0.68627453
0.76078433
0.59607846
0.47058824
0.32156864
0.30588236
0.42745098
0.50980395
0.36862746
0.65882355
0.42352942
0.49411765
0.45098040
0.46274510
0.25882354
0.47058824
0.50196081
0.41960785
0.24705882
0.18823530
0.49019608
0.49411765
0.39215687
0.53725493
0.55686277
0.47058824
0.39607844
0.34901962
0.25882354
0.16862746
0.25098041
0.29019609
0.44313726
0.62352943
0.36470589
0.21568628
0.28627452
0.30196080
0.26666668
0.28627452
0.37647060
0.76862746
0.54901963
0.53725493
0.55294120
0.53725493
0.27450982
0.43137255
0.67450982
0.58431375
0.38039216
0.21960784
0.49803922
0.47450981
0.39215687
0.50588238
0.46274510
0.50196081
0.27843139
0.40392157
0.31372550
0.20000000
0.31372550
0.48627451
0.21568628
0.30196080
0.10980392
0.09019608
0.32941177
0.32156864
0.16470589
0.22352941
0.43529412
0.78823531
0.34117648
0.29803923
0.33333334
0.31764707
0.19607843
0.22745098
0.38823530
0.32549021
0.27450982
0.14509805
0.36078432
0.37254903
0.38823530
0.47843137
0.32941177
0.42745098
0.27843139
0.39607844
0.38039216
0.21960784
0.29019609
0.40000001
0.20000000
0.29411766
0.10588235
0.10196079
0.30196080
0.27843139
0.18431373
0.25882354
0.54901963
0.77647060
0.43529412
0.20784314
0.15294118
0.14117648
0.08627451
0.13725491
0.13725491
0.11372549
0.16078432
0.13725491
0.23921569
0.34509805
0.34901962
0.38039216
0.26666668
0.37647060
0.24313726
0.27843139
0.31764707
0.18431373
0.21568628
0.27058825
0.28235295
0.35294119
0.18039216
0.21568628
0.27058825
0.21568628
0.19215687
0.31372550
0.68235296
0.78039217
0.65098041
0.55686277
0.34901962
0.19215687
0.08627451
0.19215687
0.23529412
0.14509805
0.10980392
0.15294118
0.16470589
0.25098041
0.28627452
0.33333334
0.20000000
0.13725491
0.16862746
0.19607843
0.29411766
0.21176471
0.21176471
0.22352941
0.21960784
0.16470589
0.12156863
0.19215687
0.21568628
0.11764706
0.16078432
0.47058824
0.74901962
0.78039217
0.63137257
0.68627453
0.63921571
0.41568628
0.17647059
0.11372549
0.11372549
0.06666667
0.03529412
0.03137255
0.07450981
0.12941177
0.12941177
0.14117648
0.12156863
0.07843138
0.11764706
0.10196079
0.16862746
0.14117648
0.12156863
0.10588235
0.11764706
0.09411765
0.09411765
0.10980392
0.05882353
0.09411765
0.27058825
0.45490196
0.69019610
0.75294119
0.40784314
0.48235294
0.63137257
0.67843139
0.54117650
0.27058825
0.06274510
0.01960784
0.00392157
0.00000000
0.01960784
0.05490196
0.05490196
0.01960784
0.00784314
0.02745098
0.03137255
0.03529412
0.02745098
0.03137255
0.05490196
0.05098039
0.04313726
0.03921569
0.06274510
0.09803922
0.12941177
0.23529412
0.30588236
0.30588236
0.56078434
0.70588237
0.19215687
0.26274511
0.58431375
0.70980394
0.73725492
0.64705884
0.35294119
0.09019608
0.11372549
0.09019608
0.05882353
0.07450981
0.07450981
0.05098039
0.03921569
0.03921569
0.04313726
0.05882353
0.05490196
0.05490196
0.07843138
0.09019608
0.08627451
0.11372549
0.16470589
0.17647059
0.16862746
0.18431373
0.19215687
0.25882354
0.47450981
0.67058825
0.16078432
0.20392157
0.55686277
0.70588237
0.73333335
0.73333335
0.43921569
0.08235294
0.18823530
0.35686275
0.29411766
0.25098041
0.25490198
0.25490198
0.24313726
0.23529412
0.21960784
0.21568628
0.19607843
0.18431373
0.14117648
0.10980392
0.08627451
0.08235294
0.08627451
0.08627451
0.07058824
0.07450981
0.12941177
0.20784314
0.40784314
0.65098041
0.11372549
0.15686275
0.53333336
0.69019610
0.67843139
0.52156866
0.15686275
0.02745098
0.03529412
0.18431373
0.32156864
0.21176471
0.16470589
0.17647059
0.17647059
0.16470589
0.13725491
0.11764706
0.08627451
0.06274510
0.04705882
0.04313726
0.05490196
0.06274510
0.07058824
0.08235294
0.11372549
0.12549020
0.14901961
0.19607843
0.38431373
0.63137257
0.10196079
0.14117648
0.48627451
0.63137257
0.50980395
0.28235295
0.12156863
0.05490196
0.05490196
0.09411765
0.15686275
0.12941177
0.12549020
0.11764706
0.10980392
0.08627451
0.07843138
0.08235294
0.07450981
0.06666667
0.08235294
0.08235294
0.09803922
0.11764706
0.12156863
0.13333334
0.17254902
0.16470589
0.18431373
0.21960784
0.32941177
0.56470591
0.08235294
0.10588235
0.43529412
0.49019608
0.25490198
0.13725491
0.09411765
0.07058824
0.09411765
0.13333334
0.13333334
0.13333334
0.13725491
0.12156863
0.10588235
0.10196079
0.10588235
0.12941177
0.16078432
0.14117648
0.14117648
0.17254902
0.19607843
0.21568628
0.20392157
0.20784314
0.23529412
0.18823530
0.20392157
0.22745098
0.34509805
0.55686277
0.06274510
0.07450981
0.35686275
0.34117648
0.14901961
0.07058824
0.05882353
0.07450981
0.07843138
0.08627451
0.10196079
0.12941177
0.14117648
0.14117648
0.11372549
0.09803922
0.12156863
0.17647059
0.22745098
0.20392157
0.22352941
0.26666668
0.30196080
0.38431373
0.36470589
0.32941177
0.35294119
0.25882354
0.25098041
0.27058825
0.32941177
0.53333336
0.05882353
0.07843138
0.31764707
0.27450982
0.15686275
0.08627451
0.07450981
0.08235294
0.08627451
0.10196079
0.12156863
0.14509805
0.16078432
0.15294118
0.14901961
0.16078432
0.18431373
0.20784314
0.27450982
0.30196080
0.32941177
0.26666668
0.30588236
0.36470589
0.31764707
0.30588236
0.34509805
0.29019609
0.28235295
0.31372550
0.33333334
0.49019608
0.06666667
0.08627451
0.27450982
0.28235295
0.16862746
0.10980392
0.11764706
0.10196079
0.09803922
0.14117648
0.20000000
0.19215687
0.16862746
0.18431373
0.18039216
0.21568628
0.26274511
0.30588236
0.40392157
0.42352942
0.43921569
0.41960785
0.42745098
0.40392157
0.34901962
0.33725491
0.32941177
0.30980393
0.29411766
0.30980393
0.32941177
0.46274510
1 0 0 0 0 0 0 0 -1 0 0
0 1 0 0 0 0 0 0 -1 0 0
0 0 1 0 0 0 0 0 -1 0 0
0 0 0 1 0 0 0 0 -1 0 0
0 0 0 0 1 0 0 0 -1 0 0
0 0 0 0 0 1 0 0 -1 0 0
0 0 0 0 0 0 1 0 -1 0 0
0 0 0 0 0 0 0 1 -1 0 0
0 0 0 0 0 0 0 0 -1 1 0
