0.17647059
0.17647059
0.18431373
0.18823530
0.19607843
0.20000000
0.20392157
0.20000000
0.20392157
0.21176471
0.20784314
0.20784314
0.21568628
0.21568628
0.20784314
0.20784314
0.20784314
0.20392157
0.19607843
0.19607843
0.20000000
0.20000000
0.19215687
0.18823530
0.18039216
0.17254902
0.16470589
0.16078432
0.15294118
0.15686275
0.15294118
0.15294118
0.19215687
0.19607843
0.20392157
0.20784314
0.21568628
0.21960784
0.22352941
0.22352941
0.22745098
0.23529412
0.23137255
0.23137255
0.23529412
0.23529412
0.23137255
0.23137255
0.22745098
0.22352941
0.21568628
0.21568628
0.21960784
0.21960784
0.21176471
0.20784314
0.20000000
0.18823530
0.18039216
0.17254902
0.16470589
0.16862746
0.16470589
0.16862746
0.21176471
0.21568628
0.22352941
0.22745098
0.23137255
0.23921569
0.24313726
0.24313726
0.25098041
0.25490198
0.25490198
0.25490198
0.25490198
0.25098041
0.25098041
0.25098041
0.24705882
0.23921569
0.23529412
0.23137255
0.23137255
0.23529412
0.23137255
0.22352941
0.21176471
0.20392157
0.19607843
0.18823530
0.18039216
0.18039216
0.17647059
0.18039216
0.23529412
0.23529412
0.24313726
0.25098041
0.25490198
0.26666668
0.27058825
0.27058825
0.27450982
0.28235295
0.28627452
0.28627452
0.27843139
0.27450982
0.27450982
0.27450982
0.27058825
0.26274511
0.25882354
0.25098041
0.25098041
0.25882354
0.25098041
0.24313726
0.22745098
0.21960784
0.21568628
0.20784314
0.20392157
0.20000000
0.19607843
0.19607843
0.25490198
0.26274511
0.27450982
0.27843139
0.28627452
0.29411766
0.29803923
0.29803923
0.30196080
0.30980393
0.30980393
0.30980393
0.30588236
0.30588236
0.30588236
0.30588236
0.30196080
0.29411766
0.28627452
0.28235295
0.27843139
0.28235295
0.27450982
0.26666668
0.25098041
0.24313726
0.23921569
0.23137255
0.22745098
0.22352941
0.21960784
0.21568628
0.28235295
0.29019609
0.30196080
0.30588236
0.31372550
0.32156864
0.32941177
0.32941177
0.33725491
0.34117648
0.33725491
0.34117648
0.34117648
0.33333334
0.32941177
0.32549021
0.32549021
0.32156864
0.31372550
0.30588236
0.29411766
0.29411766
0.29411766
0.29411766
0.28627452
0.26666668
0.25490198
0.25098041
0.24313726
0.24313726
0.23921569
0.23137255
0.31764707
0.32156864
0.32941177
0.33725491
0.34509805
0.35294119
0.35686275
0.36078432
0.37647060
0.38039216
0.37647060
0.38431373
0.38039216
0.36862746
0.35686275
0.34117648
0.34509805
0.34901962
0.34117648
0.33333334
0.32549021
0.31764707
0.30980393
0.31372550
0.30980393
0.29019609
0.27843139
0.27058825
0.25882354
0.26274511
0.25490198
0.24705882
0.35294119
0.35686275
0.36470589
0.36862746
0.37254903
0.38431373
0.38823530
0.39215687
0.40000001
0.41176471
0.41568628
0.42352942
0.40392157
0.39215687
0.38431373
0.36862746
0.38039216
0.40000001
0.40784314
0.42352942
0.42352942
0.40000001
0.35686275
0.31764707
0.30196080
0.30980393
0.30980393
0.29803923
0.29019609
0.28627452
0.27058825
0.26666668
0.38823530
0.39607844
0.40392157
0.40784314
0.40784314
0.41960785
0.42352942
0.42745098
0.43921569
0.45098040
0.46274510
0.47450981
0.45098040
0.43921569
0.43137255
0.42352942
0.42745098
0.41176471
0.40784314
0.41568628
0.43137255
0.43529412
0.43921569
0.38431373
0.34117648
0.34509805
0.34509805
0.33725491
0.32549021
0.31764707
0.30196080
0.29411766
0.42352942
0.43137255
0.44313726
0.44705883
0.45490196
0.45882353
0.46274510
0.46274510
0.47450981
0.49019608
0.50196081
0.52549022
0.51764709
0.51372552
0.50980395
0.51372552
0.49803922
0.40000001
0.27058825
0.21568628
0.27058825
0.34901962
0.36470589
0.38431373
0.40392157
0.39215687
0.38823530
0.38039216
0.36862746
0.35294119
0.33333334
0.32941177
0.46274510
0.46666667
0.48235294
0.48627451
0.49411765
0.49803922
0.49803922
0.49803922
0.50588238
0.52941179
0.54901963
0.59215689
0.62745100
0.63137257
0.62745100
0.63921571
0.65882355
0.62352943
0.43921569
0.36078432
0.40784314
0.46666667
0.43921569
0.42745098
0.45490196
0.43529412
0.42352942
0.41960785
0.40784314
0.38431373
0.36470589
0.36078432
0.49803922
0.50588238
0.51764709
0.52156866
0.52549022
0.52941179
0.52941179
0.53333336
0.54509807
0.56078434
0.56078434
0.59215689
0.63137257
0.67058825
0.73725492
0.74901962
0.81568629
0.87450981
0.70196080
0.58823532
0.54117650
0.52941179
0.53725493
0.50196081
0.47450981
0.47058824
0.46274510
0.45490196
0.44313726
0.41960785
0.39607844
0.39215687
0.54901963
0.55294120
0.56470591
0.56078434
0.56470591
0.57647061
0.57254905
0.42745098
0.32549021
0.29019609
0.27450982
0.27058825
0.31764707
0.38431373
0.50980395
0.57647061
0.68627453
0.80000001
0.83137256
0.78431374
0.73725492
0.68627453
0.63137257
0.55294120
0.51372552
0.50980395
0.50588238
0.49803922
0.49019608
0.45882353
0.43921569
0.43921569
0.60000002
0.60000002
0.61176473
0.60784316
0.60784316
0.62352943
0.62745100
0.47450981
0.38431373
0.23137255
0.09019608
0.12941177
0.18039216
0.23921569
0.33333334
0.47843137
0.68235296
0.67058825
0.70588237
0.74117649
0.77254903
0.78431374
0.79215688
0.71764708
0.60784316
0.55686277
0.54509807
0.53725493
0.52549022
0.50196081
0.48627451
0.48627451
0.64313728
0.64313728
0.65490198
0.64705884
0.64705884
0.66274512
0.67058825
0.65882355
0.67843139
0.42352942
0.15686275
0.09411765
0.06274510
0.13333334
0.30980393
0.58039218
0.74117649
0.71764708
0.81568629
0.78823531
0.71764708
0.78823531
0.81176472
0.77647060
0.64313728
0.60392159
0.58431375
0.57254905
0.55294120
0.54509807
0.53333336
0.53725493
0.69411767
0.69803923
0.70588237
0.70196080
0.70196080
0.71372551
0.70980394
0.69019610
0.72549021
0.45882353
0.18039216
0.10980392
0.03137255
0.10196079
0.32156864
0.56470591
0.34901962
0.28235295
0.76470590
0.86666667
0.70980394
0.90588236
0.87058824
0.78823531
0.71764708
0.65098041
0.62352943
0.59607846
0.58431375
0.58039218
0.56862748
0.56862748
0.56078434
0.56470591
0.56470591
0.59607846
0.62745100
0.64705884
0.64705884
0.67450982
0.71764708
0.43529412
0.19607843
0.15686275
0.03921569
0.11372549
0.34901962
0.60392159
0.30588236
0.13725491
0.65098041
0.87843138
0.81176472
0.70980394
0.72941178
0.46274510
0.61960787
0.68627453
0.67058825
0.64313728
0.61568630
0.61176473
0.61176473
0.60392159
0.27843139
0.27843139
0.29019609
0.31372550
0.34901962
0.36470589
0.33333334
0.37647060
0.40392157
0.24705882
0.23529412
0.23529412
0.15294118
0.22745098
0.41960785
0.67450982
0.61960787
0.51764709
0.78431374
0.92549020
0.90196079
0.72941178
0.72941178
0.44313726
0.57647061
0.58039218
0.51764709
0.50588238
0.48235294
0.47058824
0.47058824
0.44313726
0.27058825
0.28235295
0.30196080
0.30588236
0.30980393
0.30980393
0.17647059
0.11764706
0.15294118
0.12941177
0.18039216
0.22352941
0.22352941
0.47058824
0.60000002
0.74509805
0.90980393
0.88627452
0.90588236
0.91764706
0.89019608
0.87450981
0.88627452
0.82745099
0.67450982
0.49411765
0.39607844
0.34117648
0.26274511
0.25098041
0.26274511
0.23529412
0.22352941
0.24705882
0.26666668
0.28627452
0.30196080
0.30588236
0.16078432
0.07843138
0.11372549
0.14117648
0.18039216
0.18823530
0.18823530
0.63921571
0.87058824
0.85882354
0.92941177
0.90980393
0.92156863
0.93333334
0.91764706
0.89803922
0.91764706
0.94117647
0.72156864
0.56470591
0.45882353
0.40000001
0.32156864
0.29411766
0.29411766
0.29411766
0.20000000
0.21176471
0.22745098
0.25098041
0.26666668
0.25098041
0.12941177
0.06274510
0.09019608
0.11372549
0.18431373
0.18823530
0.17647059
0.61960787
0.90588236
0.85490197
0.81568629
0.83921570
0.83921570
0.81960785
0.80392158
0.78431374
0.75686276
0.68627453
0.48627451
0.38039216
0.34117648
0.36078432
0.37254903
0.33725491
0.31764707
0.30980393
0.20392157
0.21176471
0.22745098
0.23529412
0.21568628
0.22352941
0.17254902
0.04705882
0.03921569
0.05490196
0.09411765
0.10196079
0.12549020
0.38823530
0.54117650
0.43137255
0.32156864
0.49803922
0.55294120
0.51764709
0.48627451
0.46274510
0.47058824
0.38039216
0.22352941
0.20784314
0.27058825
0.32941177
0.30588236
0.27450982
0.27450982
0.26666668
0.18823530
0.20000000
0.21176471
0.20000000
0.18431373
0.21960784
0.19607843
0.05098039
0.02352941
0.02745098
0.02352941
0.02352941
0.05490196
0.12549020
0.17254902
0.10980392
0.11372549
0.33725491
0.41176471
0.41568628
0.42745098
0.47450981
0.51764709
0.48627451
0.39607844
0.31372550
0.29803923
0.29411766
0.26666668
0.25882354
0.26666668
0.25098041
0.17647059
0.18823530
0.19607843
0.19607843
0.20392157
0.20392157
0.16470589
0.06274510
0.05490196
0.04705882
0.03921569
0.03137255
0.04313726
0.09019608
0.17254902
0.15294118
0.18431373
0.38431373
0.50980395
0.56470591
0.63529414
0.69019610
0.70588237
0.68627453
0.52941179
0.34901962
0.30588236
0.25490198
0.26274511
0.26666668
0.27058825
0.25490198
0.17254902
0.18039216
0.18431373
0.20000000
0.21960784
0.20000000
0.13725491
0.07843138
0.09019608
0.08235294
0.06666667
0.05490196
0.05882353
0.24313726
0.43137255
0.44313726
0.48627451
0.61960787
0.72156864
0.76078433
0.77254903
0.76078433
0.70588237
0.64313728
0.47843137
0.32549021
0.30196080
0.25098041
0.23921569
0.22745098
0.21568628
0.21568628
0.16862746
0.17254902
0.18431373
0.19607843
0.20000000
0.20000000
0.13333334
0.07450981
0.08235294
0.07843138
0.08627451
0.08235294
0.10588235
0.37254903
0.57647061
0.61568630
0.65490198
0.67450982
0.74509805
0.76078433
0.74117649
0.72941178
0.63921571
0.57647061
0.46274510
0.28235295
0.23137255
0.20392157
0.21960784
0.23137255
0.21960784
0.21960784
0.14509805
0.14901961
0.16078432
0.15294118
0.16862746
0.19215687
0.13333334
0.07843138
0.07843138
0.07450981
0.09411765
0.09411765
0.12941177
0.39215687
0.56862748
0.63529414
0.62745100
0.61960787
0.69411767
0.70196080
0.68235296
0.65882355
0.61568630
0.52941179
0.43137255
0.25882354
0.18823530
0.15294118
0.16470589
0.17254902
0.17254902
0.18039216
0.12156863
0.14117648
0.15294118
0.14117648
0.16470589
0.18823530
0.13333334
0.09803922
0.09803922
0.08235294
0.09803922
0.09411765
0.14509805
0.38039216
0.51764709
0.62745100
0.62352943
0.60392159
0.67058825
0.68235296
0.63921571
0.59607846
0.56862748
0.48235294
0.37647060
0.23921569
0.19607843
0.16470589
0.17254902
0.16470589
0.14901961
0.15294118
0.11764706
0.12549020
0.13333334
0.12941177
0.14509805
0.15294118
0.11372549
0.09803922
0.09803922
0.09019608
0.09803922
0.09411765
0.15686275
0.35294119
0.48235294
0.59215689
0.60784316
0.60000002
0.65098041
0.65098041
0.60000002
0.50588238
0.47450981
0.40392157
0.32156864
0.22745098
0.18823530
0.15686275
0.16862746
0.17647059
0.16470589
0.16078432
0.12549020
0.11372549
0.11764706
0.12549020
0.12941177
0.12941177
0.11764706
0.10588235
0.10196079
0.09411765
0.09803922
0.09411765
0.13725491
0.30196080
0.45490196
0.53725493
0.56470591
0.59215689
0.63137257
0.58431375
0.52549022
0.43921569
0.41960785
0.28627452
0.25098041
0.18823530
0.14509805
0.13725491
0.14117648
0.14509805
0.13333334
0.14117648
0.12156863
0.12549020
0.12941177
0.12941177
0.10980392
0.12156863
0.11372549
0.10196079
0.10588235
0.10196079
0.10588235
0.10196079
0.11372549
0.24705882
0.38431373
0.49019608
0.52941179
0.56078434
0.60392159
0.58039218
0.53333336
0.47843137
0.40000001
0.29019609
0.21176471
0.15294118
0.11764706
0.10196079
0.11372549
0.10980392
0.10588235
0.11372549
0.10980392
0.12156863
0.12156863
0.12549020
0.12156863
0.12941177
0.10980392
0.09411765
0.09803922
0.09803922
0.10588235
0.10588235
0.10588235
0.20000000
0.30588236
0.41176471
0.48235294
0.49019608
0.51764709
0.54509807
0.48235294
0.43921569
0.41960785
0.34509805
0.21568628
0.17647059
0.12549020
0.08627451
0.09411765
0.09411765
0.09019608
0.09411765
0.30588236
0.30588236
0.31372550
0.31764707
0.32549021
0.32941177
0.32941177
0.32941177
0.33333334
0.33725491
0.33725491
0.33725491
0.34117648
0.34509805
0.33725491
0.33333334
0.33333334
0.32549021
0.32156864
0.32156864
0.32156864
0.31372550
0.30588236
0.30196080
0.29411766
0.28627452
0.27843139
0.27450982
0.27058825
0.25882354
0.25098041
0.25098041
0.32549021
0.32941177
0.33333334
0.34117648
0.34509805
0.35294119
0.35294119
0.35294119
0.36078432
0.36862746
0.36470589
0.36470589
0.36470589
0.36470589
0.36470589
0.36470589
0.36078432
0.34901962
0.34509805
0.34509805
0.34117648
0.33333334
0.32941177
0.32156864
0.31764707
0.30588236
0.29803923
0.29411766
0.28627452
0.27450982
0.26274511
0.26666668
0.34901962
0.34901962
0.35686275
0.36078432
0.36470589
0.37254903
0.37647060
0.37647060
0.38431373
0.38823530
0.38823530
0.38823530
0.38823530
0.38431373
0.38431373
0.38431373
0.38039216
0.36862746
0.36470589
0.36078432
0.35686275
0.35294119
0.34901962
0.34117648
0.32941177
0.32156864
0.31372550
0.30588236
0.30196080
0.28627452
0.27450982
0.27843139
0.36862746
0.36862746
0.37647060
0.38431373
0.38823530
0.40000001
0.40392157
0.40392157
0.40784314
0.41568628
0.41960785
0.41960785
0.41176471
0.40784314
0.40784314
0.40784314
0.40392157
0.39607844
0.38823530
0.38431373
0.37647060
0.37647060
0.36862746
0.36078432
0.34509805
0.33725491
0.33333334
0.32549021
0.32156864
0.30588236
0.29411766
0.29411766
0.39215687
0.40000001
0.40784314
0.41568628
0.41960785
0.42745098
0.43137255
0.43137255
0.43529412
0.44313726
0.44313726
0.44313726
0.43921569
0.43921569
0.43921569
0.43921569
0.43529412
0.42352942
0.41960785
0.41568628
0.40784314
0.40000001
0.39607844
0.38823530
0.37254903
0.36078432
0.35686275
0.34901962
0.34509805
0.32941177
0.31764707
0.31372550
0.41568628
0.42352942
0.43137255
0.43921569
0.44705883
0.45490196
0.46274510
0.45882353
0.45882353
0.46666667
0.47058824
0.47450981
0.46274510
0.45882353
0.46274510
0.46666667
0.45882353
0.45098040
0.44705883
0.43921569
0.43137255
0.42745098
0.41960785
0.40392157
0.39215687
0.38431373
0.37647060
0.37254903
0.36470589
0.35294119
0.34117648
0.33333334
0.44705883
0.44705883
0.45490196
0.46666667
0.47450981
0.48235294
0.48627451
0.48235294
0.47843137
0.49019608
0.49803922
0.50588238
0.49019608
0.48627451
0.49019608
0.49411765
0.48235294
0.46666667
0.45882353
0.45490196
0.45098040
0.45490196
0.43921569
0.42745098
0.41568628
0.41176471
0.40784314
0.39607844
0.38823530
0.37254903
0.35686275
0.35294119
0.47843137
0.47843137
0.48627451
0.49411765
0.49803922
0.50980395
0.51372552
0.50980395
0.50588238
0.51764709
0.52156866
0.53333336
0.52941179
0.52156866
0.52549022
0.52549022
0.50980395
0.50196081
0.49803922
0.49803922
0.49019608
0.47843137
0.46274510
0.45490196
0.45490196
0.43921569
0.43137255
0.42352942
0.41568628
0.39607844
0.37647060
0.37647060
0.50588238
0.50980395
0.51764709
0.52156866
0.52941179
0.53725493
0.54117650
0.54117650
0.53725493
0.54509807
0.54901963
0.56078434
0.55294120
0.54901963
0.54509807
0.54509807
0.52156866
0.47450981
0.44313726
0.42745098
0.41176471
0.40392157
0.46274510
0.48627451
0.48627451
0.47058824
0.45882353
0.45098040
0.43921569
0.42352942
0.40784314
0.40392157
0.53333336
0.53725493
0.55294120
0.55686277
0.56470591
0.57254905
0.57254905
0.57254905
0.57254905
0.57254905
0.56862748
0.57647061
0.56862748
0.56078434
0.55686277
0.55686277
0.52549022
0.40392157
0.25490198
0.17254902
0.19607843
0.25098041
0.32941177
0.42745098
0.49803922
0.49803922
0.49019608
0.48235294
0.47058824
0.45882353
0.44313726
0.43921569
0.56078434
0.56862748
0.58039218
0.58823532
0.59607846
0.60000002
0.60000002
0.60000002
0.60392159
0.60784316
0.60000002
0.61960787
0.62352943
0.61176473
0.59607846
0.59607846
0.61176473
0.56470591
0.37254903
0.28235295
0.32941177
0.41568628
0.42745098
0.46274510
0.52941179
0.52941179
0.52156866
0.51372552
0.50196081
0.49019608
0.47450981
0.47058824
0.59607846
0.60000002
0.61176473
0.61960787
0.62352943
0.62745100
0.62745100
0.63137257
0.63921571
0.62352943
0.59607846
0.59607846
0.58039218
0.59607846
0.64705884
0.64705884
0.71372551
0.77254903
0.60392159
0.49019608
0.49411765
0.57647061
0.60000002
0.58039218
0.56862748
0.56078434
0.55294120
0.54509807
0.52941179
0.52156866
0.50588238
0.50196081
0.62745100
0.62745100
0.63921571
0.64313728
0.64705884
0.65098041
0.63921571
0.48235294
0.36470589
0.30980393
0.27058825
0.23529412
0.20784314
0.26274511
0.36470589
0.45098040
0.58823532
0.69019610
0.73333335
0.69019610
0.67450982
0.69019610
0.67058825
0.61960787
0.59607846
0.59215689
0.58431375
0.57647061
0.56078434
0.55294120
0.54901963
0.54901963
0.64705884
0.64705884
0.65882355
0.66274512
0.66666669
0.67058825
0.66274512
0.50196081
0.39215687
0.22745098
0.06666667
0.07843138
0.07843138
0.13333334
0.17647059
0.34509805
0.60784316
0.58431375
0.61176473
0.63921571
0.67058825
0.70196080
0.74509805
0.70980394
0.62745100
0.61960787
0.61568630
0.60392159
0.58823532
0.57647061
0.57254905
0.57254905
0.66666669
0.66666669
0.67843139
0.67843139
0.68235296
0.69019610
0.68627453
0.66666669
0.67843139
0.41176471
0.11764706
0.03921569
0.01176471
0.07843138
0.16862746
0.44313726
0.68235296
0.65882355
0.73333335
0.68235296
0.58823532
0.65882355
0.71372551
0.70980394
0.60392159
0.63921571
0.64313728
0.63137257
0.61568630
0.60000002
0.58823532
0.58823532
0.70588237
0.70588237
0.71372551
0.72156864
0.72549021
0.72156864
0.70980394
0.68627453
0.71764708
0.43137255
0.12941177
0.05098039
0.00784314
0.07450981
0.20000000
0.42745098
0.30196080
0.24313726
0.69019610
0.75686276
0.58431375
0.79215688
0.78039217
0.72156864
0.66666669
0.66666669
0.65882355
0.64313728
0.64313728
0.61960787
0.60000002
0.60000002
0.57254905
0.57647061
0.57647061
0.61960787
0.65490198
0.66274512
0.65098041
0.67450982
0.70588237
0.40392157
0.13725491
0.09019608
0.01176471
0.08235294
0.22352941
0.46666667
0.24705882
0.09411765
0.58431375
0.78823531
0.71372551
0.62352943
0.65882355
0.40392157
0.57254905
0.67450982
0.67843139
0.67450982
0.67058825
0.65098041
0.63529414
0.63137257
0.30196080
0.30196080
0.31372550
0.34901962
0.39215687
0.39607844
0.35294119
0.38431373
0.39215687
0.21176471
0.17254902
0.15686275
0.09411765
0.17647059
0.28627452
0.54117650
0.55294120
0.46274510
0.72156864
0.86274511
0.82352942
0.62352943
0.63137257
0.35294119
0.49411765
0.54509807
0.50980395
0.52549022
0.52941179
0.51372552
0.50588238
0.48235294
0.31764707
0.32941177
0.34901962
0.35686275
0.36862746
0.36078432
0.20784314
0.12549020
0.12941177
0.08235294
0.10980392
0.14117648
0.16078432
0.39607844
0.46666667
0.61960787
0.83529413
0.82745099
0.84313726
0.85098040
0.81960785
0.78431374
0.78039217
0.71764708
0.57647061
0.43137255
0.34117648
0.32156864
0.31372550
0.30980393
0.30980393
0.28627452
0.29019609
0.30980393
0.32941177
0.34509805
0.36470589
0.36862746
0.19607843
0.07450981
0.07450981
0.08627451
0.11372549
0.11372549
0.13725491
0.56078434
0.75686276
0.74509805
0.85882354
0.85490197
0.85098040
0.85098040
0.85098040
0.85490197
0.83137256
0.84313726
0.63529414
0.46274510
0.33333334
0.31372550
0.34901962
0.35686275
0.34117648
0.34509805
0.25882354
0.27058825
0.29019609
0.30588236
0.32549021
0.30980393
0.15686275
0.05490196
0.06666667
0.07843138
0.14117648
0.13725491
0.12156863
0.53725493
0.81176472
0.78039217
0.76078433
0.78823531
0.77254903
0.74117649
0.73333335
0.72156864
0.66274512
0.58039218
0.39215687
0.25098041
0.18431373
0.24313726
0.35294119
0.38039216
0.36862746
0.36078432
0.25882354
0.26666668
0.28235295
0.27843139
0.26274511
0.27450982
0.18823530
0.03529412
0.02352941
0.03529412
0.07058824
0.07450981
0.07058824
0.30980393
0.46274510
0.38431373
0.27843139
0.43921569
0.48235294
0.43529412
0.40392157
0.37254903
0.35294119
0.26274511
0.12549020
0.11372549
0.16862746
0.26274511
0.31764707
0.32549021
0.32549021
0.31764707
0.23529412
0.24705882
0.25882354
0.23921569
0.22352941
0.25882354
0.20000000
0.02745098
0.00000000
0.00392157
0.00392157
0.00392157
0.01176471
0.05490196
0.09411765
0.05882353
0.05098039
0.25098041
0.31372550
0.30980393
0.31764707
0.34901962
0.37254903
0.34901962
0.29411766
0.27843139
0.28627452
0.31372550
0.33725491
0.32941177
0.31764707
0.30196080
0.21568628
0.22745098
0.23921569
0.22745098
0.23921569
0.23921569
0.16470589
0.02352941
0.00000000
0.00392157
0.00392157
0.00392157
0.00392157
0.01960784
0.07843138
0.07058824
0.08627451
0.25882354
0.38039216
0.42352942
0.49019608
0.53725493
0.53725493
0.53333336
0.42352942
0.32941177
0.32156864
0.30196080
0.34117648
0.33333334
0.32156864
0.30588236
0.20784314
0.21568628
0.21960784
0.22745098
0.25098041
0.23137255
0.13333334
0.03529412
0.01176471
0.01568628
0.01176471
0.01568628
0.01568628
0.15686275
0.30588236
0.32156864
0.34901962
0.46666667
0.56078434
0.58823532
0.60392159
0.58823532
0.52549022
0.48627451
0.36862746
0.27843139
0.29019609
0.27058825
0.27450982
0.27450982
0.26666668
0.26666668
0.20000000
0.20392157
0.21568628
0.22745098
0.22745098
0.21960784
0.14117648
0.06274510
0.03921569
0.03137255
0.03529412
0.02745098
0.03529412
0.25490198
0.42352942
0.44705883
0.49019608
0.50588238
0.57254905
0.58823532
0.56470591
0.54901963
0.47843137
0.44313726
0.36078432
0.25098041
0.25098041
0.24705882
0.25098041
0.26274511
0.26274511
0.26274511
0.17254902
0.17647059
0.18823530
0.18431373
0.19607843
0.20392157
0.14117648
0.07843138
0.05882353
0.03921569
0.04705882
0.03529412
0.04705882
0.26274511
0.40392157
0.45490196
0.45490196
0.44705883
0.52156866
0.52941179
0.50588238
0.48235294
0.47058824
0.41176471
0.34117648
0.23921569
0.22352941
0.20392157
0.20000000
0.20392157
0.21176471
0.21960784
0.14509805
0.16470589
0.17647059
0.16862746
0.19215687
0.20392157
0.14117648
0.09411765
0.07058824
0.04313726
0.04705882
0.03529412
0.07058824
0.25490198
0.35294119
0.45490196
0.45098040
0.43137255
0.49803922
0.50980395
0.46274510
0.43137255
0.43529412
0.38039216
0.29803923
0.21960784
0.22352941
0.21176471
0.20000000
0.19215687
0.18431373
0.18823530
0.13333334
0.14117648
0.14509805
0.15686275
0.17647059
0.16862746
0.11764706
0.09411765
0.07450981
0.05098039
0.05098039
0.03921569
0.08627451
0.23529412
0.32156864
0.42352942
0.43921569
0.42745098
0.47843137
0.47450981
0.42745098
0.35294119
0.35686275
0.31764707
0.25490198
0.20392157
0.20784314
0.20000000
0.18823530
0.19607843
0.19215687
0.18823530
0.12941177
0.12156863
0.12156863
0.14901961
0.16078432
0.14509805
0.12156863
0.09803922
0.07450981
0.05490196
0.04705882
0.03921569
0.07058824
0.18823530
0.29803923
0.38039216
0.40000001
0.41960785
0.45882353
0.40784314
0.35686275
0.30588236
0.31764707
0.21568628
0.19607843
0.16078432
0.15686275
0.16862746
0.15686275
0.15686275
0.15686275
0.16078432
0.11764706
0.12156863
0.12549020
0.14901961
0.14509805
0.13725491
0.11372549
0.09411765
0.07843138
0.05882353
0.05098039
0.04313726
0.05098039
0.13725491
0.23529412
0.33725491
0.36862746
0.38431373
0.42745098
0.40000001
0.36862746
0.35294119
0.30588236
0.23137255
0.16862746
0.12156863
0.12156863
0.12941177
0.12156863
0.11764706
0.11764706
0.12941177
0.10980392
0.12156863
0.12156863
0.13725491
0.13725491
0.13333334
0.10980392
0.08627451
0.07843138
0.06666667
0.05882353
0.05490196
0.05490196
0.11372549
0.18039216
0.27450982
0.33333334
0.32941177
0.35686275
0.38039216
0.32941177
0.32156864
0.33725491
0.29803923
0.18431373
0.14509805
0.12156863
0.10588235
0.09803922
0.09019608
0.09411765
0.09803922
0.50980395
0.50980395
0.51764709
0.52156866
0.52941179
0.53333336
0.53333336
0.53333336
0.53725493
0.54117650
0.54117650
0.54117650
0.54509807
0.54901963
0.54117650
0.53725493
0.54509807
0.54509807
0.54117650
0.54117650
0.54117650
0.53725493
0.52941179
0.52549022
0.51372552
0.49803922
0.49019608
0.48627451
0.47843137
0.47450981
0.46666667
0.47058824
0.52549022
0.52156866
0.52941179
0.53725493
0.54117650
0.54901963
0.54901963
0.54901963
0.55686277
0.56470591
0.56078434
0.56078434
0.56078434
0.56078434
0.56078434
0.56078434
0.56470591
0.56470591
0.55686277
0.55686277
0.55686277
0.55294120
0.54509807
0.54117650
0.53333336
0.52156866
0.51372552
0.50588238
0.49803922
0.49019608
0.48235294
0.49019608
0.53333336
0.52941179
0.53725493
0.54509807
0.54901963
0.55686277
0.56078434
0.56078434
0.56862748
0.57254905
0.57254905
0.57254905
0.56862748
0.56862748
0.56862748
0.56862748
0.57647061
0.57254905
0.56470591
0.56078434
0.56078434
0.56078434
0.55686277
0.54901963
0.53725493
0.53333336
0.52549022
0.51764709
0.51372552
0.50588238
0.49411765
0.50196081
0.54901963
0.54901963
0.55686277
0.56078434
0.56862748
0.57647061
0.58039218
0.58039218
0.58431375
0.59215689
0.59607846
0.59607846
0.58823532
0.58823532
0.58823532
0.58823532
0.58823532
0.58431375
0.58039218
0.57647061
0.57254905
0.57254905
0.56470591
0.55686277
0.54509807
0.54901963
0.54509807
0.53725493
0.53333336
0.52156866
0.51372552
0.51764709
0.56862748
0.57254905
0.58431375
0.58823532
0.59215689
0.60392159
0.60784316
0.60784316
0.61176473
0.61960787
0.61960787
0.61568630
0.61568630
0.61176473
0.61176473
0.61176473
0.61176473
0.60784316
0.60000002
0.59607846
0.59215689
0.58823532
0.58039218
0.57254905
0.56078434
0.56862748
0.56862748
0.56078434
0.55686277
0.54509807
0.53725493
0.53725493
0.59215689
0.59607846
0.60784316
0.61176473
0.61960787
0.62745100
0.63137257
0.63529414
0.64313728
0.65098041
0.64705884
0.64705884
0.63921571
0.63529414
0.63921571
0.64313728
0.62745100
0.61960787
0.62745100
0.63137257
0.62352943
0.61176473
0.60392159
0.58823532
0.57647061
0.58039218
0.57647061
0.57254905
0.56470591
0.55686277
0.54901963
0.54509807
0.63137257
0.63137257
0.63921571
0.64313728
0.64705884
0.65490198
0.65882355
0.66666669
0.68627453
0.68627453
0.67843139
0.67843139
0.65882355
0.65098041
0.65882355
0.65882355
0.63921571
0.62745100
0.63529414
0.64705884
0.64313728
0.62745100
0.61960787
0.61568630
0.60784316
0.59607846
0.58823532
0.58039218
0.56862748
0.56078434
0.54509807
0.54509807
0.65490198
0.65490198
0.66274512
0.66274512
0.66274512
0.67058825
0.67450982
0.68235296
0.69803923
0.69803923
0.69411767
0.69019610
0.67058825
0.65882355
0.65882355
0.65490198
0.66666669
0.67058825
0.64705884
0.63137257
0.62352943
0.62745100
0.62745100
0.64313728
0.65098041
0.62352943
0.60784316
0.60000002
0.59215689
0.58039218
0.56078434
0.56078434
0.66666669
0.67058825
0.67843139
0.67450982
0.67450982
0.68627453
0.69019610
0.69803923
0.70980394
0.70980394
0.70196080
0.70588237
0.70588237
0.69803923
0.68627453
0.67058825
0.67843139
0.63137257
0.55686277
0.49411765
0.46666667
0.47843137
0.56862748
0.61960787
0.64313728
0.63921571
0.63137257
0.62352943
0.61568630
0.60000002
0.58431375
0.58039218
0.68235296
0.68627453
0.69803923
0.69411767
0.69411767
0.70196080
0.70588237
0.70980394
0.71764708
0.71372551
0.70196080
0.70588237
0.71764708
0.70980394
0.68627453
0.67058825
0.64705884
0.51764709
0.32156864
0.20000000
0.20000000
0.25882354
0.36862746
0.50588238
0.61176473
0.65490198
0.65882355
0.65098041
0.63921571
0.62352943
0.60784316
0.60392159
0.69411767
0.69803923
0.71372551
0.71372551
0.71372551
0.71764708
0.72156864
0.72156864
0.72941178
0.72941178
0.71764708
0.72941178
0.70588237
0.67058825
0.63137257
0.61176473
0.63529414
0.60392159
0.40000001
0.30196080
0.33725491
0.42352942
0.47058824
0.54117650
0.63921571
0.68235296
0.68235296
0.67450982
0.66274512
0.64705884
0.63137257
0.63137257
0.71764708
0.72156864
0.73333335
0.73333335
0.73725492
0.73725492
0.73725492
0.74117649
0.74117649
0.72156864
0.69019610
0.67058825
0.56078434
0.52941179
0.55686277
0.53725493
0.65098041
0.75294119
0.60392159
0.50980395
0.52941179
0.63137257
0.68235296
0.70196080
0.71372551
0.71764708
0.70980394
0.70196080
0.68627453
0.67450982
0.65490198
0.65490198
0.73333335
0.73333335
0.74509805
0.75294119
0.76078433
0.75686276
0.73725492
0.57254905
0.43137255
0.34901962
0.27843139
0.21960784
0.16470589
0.20784314
0.26666668
0.36078432
0.55686277
0.67450982
0.71764708
0.67058825
0.68235296
0.73725492
0.72549021
0.71372551
0.73333335
0.73725492
0.72549021
0.70980394
0.69411767
0.67843139
0.66666669
0.67058825
0.73725492
0.73725492
0.74901962
0.76078433
0.76862746
0.76078433
0.74509805
0.57647061
0.45098040
0.25490198
0.05882353
0.04705882
0.05490196
0.11764706
0.10196079
0.27450982
0.59215689
0.56862748
0.59215689
0.60784316
0.64705884
0.69411767
0.73333335
0.73333335
0.70980394
0.72941178
0.72941178
0.70980394
0.69411767
0.68627453
0.68235296
0.68627453
0.73725492
0.73725492
0.74901962
0.75294119
0.75686276
0.75294119
0.73725492
0.72549021
0.74901962
0.45882353
0.14117648
0.04313726
0.01960784
0.08235294
0.10196079
0.36078432
0.65098041
0.63529414
0.70588237
0.65490198
0.56078434
0.61960787
0.66274512
0.68627453
0.63529414
0.70980394
0.71764708
0.70980394
0.69803923
0.69803923
0.69411767
0.69803923
0.76078433
0.76078433
0.76862746
0.77647060
0.77647060
0.76470590
0.74117649
0.72549021
0.78431374
0.49019608
0.17254902
0.07450981
0.03529412
0.09411765
0.12941177
0.32941177
0.25882354
0.21568628
0.66274512
0.72941178
0.56078434
0.76470590
0.73725492
0.69803923
0.69019610
0.70588237
0.70980394
0.70196080
0.70588237
0.70588237
0.69803923
0.69803923
0.63137257
0.63529414
0.63529414
0.67058825
0.69803923
0.69803923
0.67450982
0.70196080
0.75294119
0.44705883
0.17647059
0.11372549
0.03137255
0.09019608
0.14117648
0.36078432
0.20392157
0.06666667
0.55294120
0.75294119
0.69411767
0.61568630
0.63137257
0.39215687
0.59607846
0.70588237
0.72549021
0.73725492
0.74509805
0.72941178
0.71764708
0.71372551
0.37254903
0.37647060
0.38823530
0.40784314
0.43529412
0.43529412
0.38039216
0.40784314
0.40784314
0.23137255
0.19607843
0.16862746
0.09019608
0.15686275
0.19215687
0.43137255
0.51372552
0.43529412
0.69019610
0.81960785
0.78823531
0.60000002
0.58431375
0.31372550
0.49019608
0.57647061
0.56470591
0.60392159
0.62352943
0.59215689
0.57254905
0.54901963
0.41176471
0.42352942
0.43921569
0.43529412
0.43137255
0.41960785
0.24313726
0.14117648
0.14509805
0.09803922
0.12156863
0.14509805
0.15294118
0.36078432
0.36862746
0.50588238
0.78431374
0.80000001
0.81176472
0.81960785
0.79607844
0.76078433
0.73333335
0.67843139
0.56470591
0.44313726
0.36862746
0.38431373
0.41568628
0.40784314
0.39215687
0.37254903
0.40784314
0.42745098
0.44705883
0.45098040
0.46274510
0.45490196
0.23921569
0.09411765
0.10980392
0.11372549
0.12549020
0.11764706
0.13725491
0.52549022
0.67843139
0.65490198
0.80392158
0.82745099
0.82745099
0.83921570
0.84705883
0.85098040
0.81176472
0.82745099
0.63529414
0.45490196
0.33333334
0.36470589
0.45490196
0.48235294
0.46274510
0.46666667
0.37647060
0.38431373
0.40392157
0.41960785
0.44705883
0.41960785
0.22352941
0.08235294
0.09019608
0.09803922
0.14901961
0.14117648
0.13725491
0.52941179
0.77254903
0.74509805
0.73333335
0.76078433
0.75294119
0.71764708
0.71764708
0.70196080
0.62352943
0.55294120
0.38823530
0.25490198
0.21176471
0.31764707
0.47450981
0.51372552
0.49411765
0.49019608
0.36862746
0.37254903
0.38823530
0.40392157
0.40392157
0.40000001
0.27450982
0.07058824
0.03529412
0.04313726
0.07450981
0.08235294
0.09411765
0.31764707
0.45490196
0.38823530
0.26666668
0.40784314
0.44313726
0.39215687
0.35686275
0.31372550
0.28235295
0.21176471
0.10588235
0.11764706
0.21176471
0.34509805
0.43137255
0.44705883
0.45098040
0.44313726
0.33725491
0.34509805
0.35686275
0.35686275
0.36470589
0.38823530
0.28627452
0.05882353
0.00000000
0.00784314
0.01176471
0.01960784
0.02745098
0.05882353
0.08235294
0.05490196
0.02745098
0.19607843
0.24705882
0.22745098
0.23137255
0.26274511
0.27450982
0.27450982
0.25882354
0.27843139
0.33333334
0.39607844
0.43137255
0.43921569
0.44313726
0.43137255
0.31372550
0.32549021
0.33333334
0.33725491
0.36470589
0.34901962
0.23137255
0.04705882
0.00000000
0.00784314
0.02352941
0.03137255
0.01568628
0.00784314
0.03921569
0.03137255
0.04313726
0.18039216
0.27450982
0.29411766
0.35686275
0.41568628
0.41568628
0.43921569
0.37254903
0.33725491
0.38431373
0.40000001
0.43137255
0.43921569
0.44705883
0.43137255
0.30196080
0.30588236
0.31372550
0.32549021
0.35686275
0.32549021
0.18431373
0.04705882
0.01568628
0.02745098
0.03921569
0.04313726
0.01960784
0.10588235
0.21176471
0.21568628
0.25098041
0.36078432
0.42745098
0.42745098
0.43921569
0.44705883
0.38823530
0.38039216
0.31372550
0.30588236
0.38431373
0.38823530
0.38039216
0.38823530
0.39215687
0.39215687
0.29019609
0.29411766
0.30588236
0.31372550
0.32156864
0.30980393
0.18431373
0.06274510
0.03529412
0.02745098
0.02745098
0.01568628
0.00784314
0.14509805
0.25098041
0.29019609
0.34117648
0.35686275
0.42352942
0.43529412
0.41960785
0.41176471
0.34117648
0.34901962
0.33725491
0.31372550
0.33725491
0.34117648
0.35686275
0.38039216
0.38039216
0.38039216
0.26274511
0.26666668
0.27843139
0.26666668
0.28627452
0.29411766
0.18823530
0.08235294
0.05098039
0.03137255
0.02745098
0.00784314
0.01176471
0.14509805
0.21960784
0.29019609
0.29411766
0.28627452
0.37254903
0.39607844
0.37647060
0.34901962
0.34117648
0.32941177
0.33333334
0.30588236
0.30196080
0.28627452
0.30196080
0.31372550
0.32156864
0.33333334
0.22745098
0.24705882
0.25882354
0.24313726
0.27058825
0.29019609
0.19215687
0.10588235
0.07450981
0.03921569
0.03529412
0.01568628
0.03137255
0.15686275
0.19607843
0.29803923
0.29803923
0.27843139
0.35686275
0.38039216
0.34117648
0.30588236
0.31372550
0.30588236
0.29803923
0.28235295
0.29803923
0.28627452
0.29411766
0.29019609
0.28235295
0.28627452
0.20784314
0.21568628
0.22352941
0.21960784
0.24313726
0.25490198
0.18431373
0.12156863
0.08627451
0.05490196
0.04313726
0.02745098
0.05098039
0.15686275
0.19607843
0.27450982
0.29019609
0.28235295
0.34117648
0.35294119
0.31372550
0.24313726
0.25098041
0.25882354
0.26274511
0.26666668
0.27450982
0.27058825
0.27450982
0.28235295
0.27450982
0.27058825
0.20000000
0.18823530
0.19215687
0.20000000
0.21960784
0.23137255
0.19215687
0.13725491
0.09803922
0.07058824
0.05490196
0.03529412
0.04313726
0.13333334
0.20392157
0.24313726
0.25490198
0.28235295
0.32941177
0.29803923
0.25882354
0.20392157
0.22352941
0.16862746
0.21568628
0.21960784
0.21960784
0.23921569
0.23921569
0.23529412
0.22745098
0.23137255
0.18431373
0.18431373
0.19215687
0.19215687
0.19607843
0.21960784
0.19215687
0.14117648
0.10980392
0.08235294
0.06666667
0.04705882
0.02745098
0.09803922
0.16078432
0.21176471
0.22745098
0.25490198
0.30980393
0.29803923
0.27843139
0.26274511
0.21960784
0.19215687
0.19215687
0.18039216
0.18039216
0.19215687
0.20000000
0.18431373
0.17647059
0.18823530
0.17647059
0.18823530
0.18431373
0.18823530
0.18823530
0.20000000
0.16862746
0.12549020
0.10588235
0.08627451
0.07058824
0.05490196
0.03921569
0.08627451
0.12549020
0.17647059
0.21176471
0.20784314
0.24705882
0.28627452
0.23921569
0.23921569
0.27450982
0.28627452
0.21960784
0.19215687
0.18039216
0.17254902
0.16470589
0.14901961
0.14901961
0.15294118
1 0 0 0 0 0 0 0 -1 0 0
0 1 0 0 0 0 0 0 -1 0 0
0 0 1 0 0 0 0 0 -1 0 0
0 0 0 1 0 0 0 0 -1 0 0
0 0 0 0 1 0 0 0 -1 0 0
0 0 0 0 0 1 0 0 -1 0 0
0 0 0 0 0 0 1 0 -1 0 0
0 0 0 0 0 0 0 1 -1 0 0
0 0 0 0 0 0 0 0 -1 1 0
