0.00784314
0.00000000
0.00000000
0.00392157
0.02745098
0.06274510
0.09019608
0.10196079
0.09411765
0.09803922
0.11372549
0.10196079
0.11372549
0.12549020
0.12549020
0.11372549
0.10980392
0.08235294
0.10588235
0.15294118
0.14901961
0.13725491
0.12941177
0.12941177
0.13725491
0.12941177
0.14117648
0.14901961
0.14901961
0.16470589
0.19607843
0.20392157
0.00784314
0.01960784
0.03921569
0.06274510
0.08235294
0.10196079
0.09803922
0.09803922
0.09411765
0.10196079
0.10588235
0.10196079
0.10980392
0.10588235
0.09803922
0.09803922
0.09803922
0.08235294
0.12156863
0.14117648
0.14509805
0.14117648
0.14117648
0.14509805
0.15294118
0.14901961
0.14117648
0.13333334
0.13725491
0.14509805
0.18823530
0.20784314
0.03137255
0.07058824
0.09803922
0.09803922
0.10980392
0.11372549
0.11372549
0.10196079
0.10196079
0.11372549
0.11372549
0.10588235
0.10196079
0.09411765
0.09411765
0.10196079
0.10588235
0.09411765
0.12156863
0.14901961
0.14509805
0.14509805
0.14901961
0.15686275
0.16078432
0.16470589
0.14117648
0.13333334
0.14509805
0.12549020
0.18823530
0.20392157
0.07450981
0.09411765
0.11372549
0.11372549
0.11764706
0.12156863
0.12941177
0.11764706
0.10980392
0.11764706
0.11764706
0.09019608
0.09411765
0.09803922
0.10196079
0.11372549
0.11372549
0.10980392
0.12549020
0.14509805
0.14117648
0.14901961
0.14901961
0.15686275
0.16470589
0.17254902
0.16078432
0.14901961
0.14901961
0.13333334
0.17647059
0.19607843
0.07843138
0.09803922
0.10980392
0.12156863
0.11764706
0.12156863
0.12156863
0.11372549
0.10588235
0.10588235
0.10588235
0.09019608
0.08235294
0.09411765
0.10588235
0.12156863
0.12156863
0.12549020
0.12941177
0.14901961
0.14901961
0.15686275
0.15686275
0.16078432
0.17254902
0.18431373
0.18431373
0.16470589
0.14117648
0.14117648
0.16470589
0.19215687
0.07843138
0.10980392
0.11372549
0.12156863
0.11372549
0.12156863
0.12156863
0.10980392
0.10588235
0.10196079
0.09019608
0.09019608
0.09019608
0.09803922
0.10980392
0.12156863
0.13725491
0.14117648
0.14901961
0.15294118
0.16078432
0.16078432
0.16078432
0.16862746
0.17647059
0.18431373
0.18039216
0.16862746
0.15686275
0.17254902
0.17647059
0.18823530
0.08235294
0.11372549
0.12549020
0.12156863
0.11372549
0.11372549
0.11764706
0.10980392
0.11372549
0.11372549
0.10588235
0.10588235
0.10980392
0.12156863
0.12941177
0.14117648
0.15686275
0.15686275
0.16078432
0.16470589
0.16078432
0.17254902
0.16470589
0.17254902
0.15686275
0.17254902
0.16470589
0.17647059
0.16470589
0.19215687
0.20000000
0.20000000
0.08627451
0.10980392
0.12156863
0.12156863
0.12156863
0.10196079
0.10588235
0.09803922
0.10588235
0.13725491
0.15686275
0.14901961
0.13333334
0.13333334
0.14117648
0.15686275
0.16078432
0.15686275
0.15686275
0.15294118
0.16078432
0.16470589
0.14901961
0.16078432
0.16078432
0.18823530
0.18823530
0.19607843
0.19607843
0.21568628
0.21960784
0.21960784
0.09411765
0.10196079
0.10196079
0.11372549
0.10980392
0.09019608
0.14901961
0.20392157
0.31764707
0.45098040
0.50196081
0.49803922
0.41960785
0.33333334
0.29803923
0.31764707
0.37647060
0.34509805
0.33333334
0.31372550
0.35686275
0.34117648
0.34509805
0.41960785
0.50588238
0.53333336
0.54509807
0.42352942
0.25490198
0.25490198
0.25098041
0.23529412
0.10196079
0.10196079
0.09803922
0.10196079
0.22352941
0.42352942
0.56862748
0.64705884
0.74509805
0.81960785
0.82352942
0.83137256
0.78431374
0.66666669
0.58431375
0.60000002
0.66666669
0.69803923
0.69019610
0.74509805
0.74117649
0.76078433
0.80000001
0.79607844
0.82352942
0.84705883
0.90196079
0.83529413
0.45098040
0.24705882
0.25490198
0.21568628
0.10196079
0.11764706
0.12549020
0.22745098
0.61568630
0.80392158
0.75686276
0.75294119
0.76470590
0.74117649
0.77254903
0.78431374
0.54901963
0.25098041
0.19607843
0.29019609
0.45098040
0.63921571
0.63137257
0.72156864
0.74509805
0.74901962
0.78431374
0.79215688
0.78431374
0.79607844
0.83529413
0.88627452
0.79215688
0.36078432
0.25490198
0.21176471
0.09411765
0.10980392
0.22745098
0.60392159
0.77254903
0.75294119
0.74509805
0.61176473
0.49411765
0.42352942
0.47058824
0.70980394
0.66666669
0.52156866
0.53333336
0.61176473
0.47058824
0.40000001
0.43137255
0.56078434
0.76078433
0.76862746
0.75294119
0.76470590
0.79215688
0.80392158
0.83137256
0.86666667
0.90588236
0.59215689
0.27843139
0.23529412
0.07450981
0.07058824
0.24313726
0.69019610
0.74509805
0.70980394
0.58039218
0.33333334
0.17254902
0.15294118
0.12941177
0.49803922
0.77647060
0.79215688
0.81176472
0.81176472
0.41568628
0.21568628
0.31764707
0.46274510
0.66274512
0.76078433
0.72941178
0.73333335
0.80392158
0.85098040
0.85098040
0.87450981
0.91372550
0.75294119
0.31372550
0.24313726
0.01960784
0.00784314
0.17647059
0.61960787
0.63529414
0.58431375
0.26666668
0.19607843
0.11372549
0.12549020
0.09019608
0.38431373
0.67843139
0.68235296
0.72549021
0.82352942
0.47843137
0.18823530
0.27450982
0.36470589
0.47843137
0.80000001
0.79607844
0.80784315
0.83137256
0.85098040
0.86274511
0.87058824
0.92941177
0.78823531
0.32549021
0.22352941
0.00392157
0.00392157
0.18823530
0.55686277
0.51764709
0.37254903
0.12549020
0.20784314
0.13725491
0.11372549
0.10196079
0.35294119
0.60784316
0.62352943
0.69411767
0.80784315
0.55686277
0.15294118
0.24313726
0.30980393
0.28235295
0.71372551
0.82745099
0.81176472
0.83529413
0.94509804
0.96862745
0.95686275
0.97647059
0.86666667
0.36862746
0.22352941
0.00000000
0.00000000
0.19215687
0.58823532
0.53725493
0.30196080
0.14117648
0.17254902
0.12156863
0.14117648
0.28627452
0.56078434
0.67450982
0.68235296
0.72156864
0.80392158
0.70196080
0.20392157
0.21568628
0.27450982
0.21176471
0.63137257
0.79215688
0.76862746
0.76078433
0.88235295
0.96470588
0.96862745
0.98039216
0.92156863
0.38823530
0.21176471
0.00000000
0.00000000
0.19215687
0.65098041
0.61960787
0.29411766
0.14901961
0.18823530
0.12549020
0.19607843
0.50588238
0.68235296
0.67843139
0.70588237
0.72549021
0.76470590
0.65098041
0.23137255
0.18823530
0.24313726
0.24705882
0.61176473
0.75294119
0.72549021
0.72156864
0.79215688
0.88627452
0.89019608
0.91372550
0.88627452
0.35686275
0.19607843
0.00000000
0.00392157
0.20000000
0.63529414
0.57254905
0.32156864
0.15294118
0.19607843
0.13333334
0.16862746
0.45098040
0.67843139
0.66666669
0.67450982
0.69411767
0.74117649
0.65490198
0.21176471
0.17647059
0.23529412
0.21568628
0.60392159
0.75294119
0.74509805
0.73725492
0.83529413
0.94901961
0.98039216
1.00000000
0.89803922
0.34509805
0.18431373
0.00000000
0.00000000
0.18039216
0.56470591
0.51372552
0.39215687
0.17647059
0.21176471
0.14901961
0.12156863
0.14509805
0.40784314
0.65490198
0.63137257
0.66666669
0.74509805
0.57647061
0.13333334
0.18039216
0.22352941
0.23137255
0.63137257
0.70588237
0.73333335
0.76470590
0.83921570
0.89019608
0.89411765
0.91372550
0.75294119
0.28627452
0.20000000
0.00392157
0.00000000
0.13725491
0.56078434
0.60784316
0.58823532
0.29411766
0.24313726
0.15294118
0.13333334
0.11372549
0.32549021
0.63137257
0.64313728
0.70196080
0.78431374
0.44705883
0.10588235
0.16862746
0.20784314
0.38823530
0.69411767
0.69803923
0.72941178
0.77254903
0.80784315
0.83137256
0.85098040
0.89411765
0.68235296
0.27450982
0.22745098
0.00784314
0.00392157
0.12156863
0.58431375
0.70196080
0.69803923
0.58039218
0.37254903
0.23921569
0.19215687
0.13333334
0.38823530
0.70980394
0.73333335
0.77254903
0.78823531
0.36862746
0.10980392
0.17254902
0.29019609
0.60000002
0.72156864
0.69803923
0.69019610
0.75686276
0.81568629
0.83921570
0.85882354
0.85098040
0.50196081
0.20784314
0.20000000
0.00784314
0.00392157
0.09803922
0.56078434
0.75294119
0.70588237
0.69803923
0.59215689
0.49019608
0.41960785
0.38039216
0.59607846
0.71764708
0.61568630
0.62745100
0.66666669
0.38431373
0.23137255
0.29019609
0.49019608
0.76078433
0.74901962
0.74901962
0.77647060
0.81568629
0.82745099
0.84313726
0.86666667
0.71764708
0.27843139
0.15294118
0.17254902
0.00392157
0.00784314
0.05098039
0.21960784
0.51372552
0.73333335
0.74509805
0.72549021
0.71764708
0.67843139
0.68235296
0.72941178
0.52156866
0.27058825
0.24313726
0.31372550
0.43137255
0.53725493
0.62745100
0.74509805
0.79215688
0.80000001
0.80784315
0.81176472
0.82745099
0.83529413
0.86666667
0.84705883
0.42352942
0.17647059
0.16862746
0.16470589
0.01176471
0.01176471
0.02745098
0.01568628
0.09019608
0.27843139
0.39215687
0.49019608
0.61176473
0.72156864
0.72941178
0.71372551
0.58431375
0.45882353
0.40000001
0.41568628
0.57647061
0.57254905
0.52549022
0.54117650
0.52941179
0.53725493
0.56862748
0.64313728
0.69803923
0.73333335
0.76078433
0.52941179
0.19215687
0.15294118
0.16862746
0.15294118
0.00784314
0.00784314
0.00784314
0.01568628
0.01960784
0.00784314
0.03137255
0.07843138
0.12549020
0.25882354
0.29411766
0.27450982
0.19215687
0.10980392
0.08235294
0.10588235
0.20000000
0.14509805
0.09411765
0.10588235
0.11372549
0.14117648
0.17254902
0.22745098
0.27843139
0.30588236
0.29803923
0.20000000
0.12549020
0.10196079
0.15294118
0.14117648
0.00000000
0.00392157
0.01176471
0.00784314
0.00784314
0.01568628
0.01568628
0.01568628
0.00000000
0.00000000
0.00000000
0.00000000
0.00000000
0.00000000
0.00000000
0.00784314
0.02745098
0.03921569
0.07843138
0.07843138
0.07843138
0.09411765
0.10196079
0.10588235
0.10980392
0.10588235
0.09803922
0.09411765
0.11764706
0.10196079
0.12156863
0.12549020
0.00000000
0.00000000
0.00000000
0.00000000
0.00000000
0.00000000
0.00392157
0.00000000
0.01176471
0.01176471
0.01176471
0.00784314
0.01568628
0.01960784
0.02352941
0.04313726
0.07450981
0.09803922
0.09019608
0.10588235
0.10980392
0.10588235
0.11764706
0.10980392
0.10980392
0.10980392
0.10588235
0.09019608
0.10588235
0.10588235
0.11764706
0.12549020
0.00000000
0.00000000
0.00000000
0.00000000
0.00000000
0.00000000
0.00000000
0.00000000
0.00000000
0.00392157
0.01176471
0.02352941
0.03921569
0.06274510
0.06666667
0.07058824
0.08235294
0.09019608
0.09803922
0.09411765
0.09019608
0.09803922
0.09803922
0.09803922
0.09803922
0.09803922
0.10196079
0.10196079
0.10196079
0.10196079
0.11764706
0.12549020
0.00000000
0.00000000
0.00000000
0.00000000
0.00000000
0.00000000
0.00000000
0.00000000
0.00000000
0.00392157
0.01568628
0.03137255
0.03529412
0.03921569
0.03529412
0.03529412
0.04313726
0.04705882
0.05490196
0.04705882
0.03921569
0.04705882
0.04313726
0.04705882
0.04313726
0.04705882
0.04705882
0.04705882
0.04705882
0.05098039
0.05490196
0.05882353
0.00000000
0.00000000
0.00000000
0.00000000
0.00000000
0.00000000
0.00000000
0.00000000
0.00000000
0.00000000
0.00000000
0.00000000
0.00000000
0.00392157
0.00392157
0.00392157
0.00392157
0.00392157
0.00392157
0.00392157
0.00000000
0.00000000
0.00000000
0.00000000
0.00000000
0.00000000
0.00000000
0.00000000
0.00000000
0.00000000
0.00000000
0.00000000
0.00000000
0.00000000
0.00000000
0.00000000
0.00000000
0.00000000
0.00000000
0.00000000
0.00000000
0.00000000
0.00000000
0.00000000
0.00000000
0.00392157
0.00392157
0.00392157
0.00392157
0.00392157
0.00392157
0.00000000
0.00000000
0.00000000
0.00000000
0.00000000
0.00000000
0.00000000
0.00000000
0.00000000
0.00000000
0.00000000
0.00000000
0.00000000
0.00000000
0.00000000
0.00000000
0.00000000
0.00000000
0.00000000
0.00000000
0.00000000
0.00000000
0.00000000
0.00000000
0.00000000
0.00000000
0.00000000
0.00000000
0.00000000
0.00000000
0.00000000
0.00000000
0.00000000
0.00000000
0.00000000
0.00000000
0.00000000
0.00000000
0.00000000
0.00000000
0.00000000
0.00000000
0.00000000
0.00000000
0.00000000
0.00784314
0.00000000
0.00000000
0.00784314
0.02745098
0.05490196
0.07058824
0.08235294
0.07843138
0.07058824
0.07843138
0.06666667
0.07843138
0.09019608
0.09019608
0.07843138
0.07450981
0.05882353
0.07058824
0.10980392
0.11372549
0.09803922
0.09019608
0.09411765
0.10196079
0.09019608
0.10980392
0.11764706
0.11764706
0.12549020
0.14509805
0.15294118
0.00000000
0.00784314
0.03137255
0.05490196
0.07058824
0.08235294
0.07843138
0.07843138
0.07450981
0.07450981
0.07058824
0.06666667
0.07450981
0.07058824
0.06274510
0.06274510
0.06666667
0.05882353
0.09019608
0.09803922
0.10980392
0.10588235
0.10196079
0.10588235
0.11372549
0.10588235
0.10588235
0.10196079
0.10588235
0.10980392
0.13725491
0.15686275
0.02745098
0.05098039
0.07843138
0.08235294
0.08627451
0.09019608
0.08627451
0.07058824
0.07058824
0.07843138
0.07843138
0.07058824
0.06666667
0.05882353
0.05882353
0.06666667
0.07058824
0.07058824
0.09019608
0.10588235
0.10980392
0.10980392
0.10980392
0.11372549
0.11764706
0.12156863
0.10588235
0.10196079
0.11372549
0.08627451
0.13333334
0.15294118
0.06274510
0.07058824
0.08627451
0.09019608
0.09019608
0.09019608
0.09803922
0.09019608
0.07843138
0.08627451
0.08235294
0.05490196
0.05882353
0.06274510
0.06274510
0.07450981
0.07843138
0.07843138
0.09019608
0.10588235
0.10588235
0.11372549
0.10980392
0.10980392
0.11764706
0.12156863
0.12549020
0.11372549
0.11764706
0.09411765
0.12941177
0.14509805
0.06274510
0.07843138
0.07843138
0.08627451
0.08627451
0.09411765
0.09803922
0.09019608
0.08235294
0.08235294
0.07843138
0.05882353
0.05098039
0.06274510
0.07058824
0.08235294
0.07843138
0.08235294
0.08627451
0.10196079
0.10588235
0.11372549
0.10980392
0.10980392
0.12156863
0.12941177
0.13725491
0.12156863
0.09411765
0.09803922
0.12549020
0.14117648
0.06274510
0.09019608
0.08235294
0.08627451
0.07843138
0.09019608
0.08627451
0.07843138
0.07450981
0.07450981
0.06666667
0.06274510
0.06666667
0.07450981
0.07843138
0.08627451
0.08627451
0.09019608
0.09803922
0.10196079
0.10588235
0.10980392
0.10588235
0.11372549
0.12156863
0.12549020
0.12941177
0.11372549
0.10196079
0.12156863
0.12549020
0.13333334
0.06666667
0.09411765
0.09411765
0.08627451
0.08235294
0.08235294
0.07843138
0.07058824
0.07058824
0.07450981
0.06666667
0.06666667
0.07058824
0.07843138
0.08235294
0.08627451
0.09411765
0.09019608
0.09411765
0.09803922
0.09803922
0.10980392
0.09803922
0.10588235
0.09411765
0.10980392
0.10588235
0.11372549
0.09803922
0.12941177
0.13725491
0.14117648
0.07058824
0.09019608
0.09411765
0.08235294
0.08235294
0.07058824
0.07058824
0.06666667
0.07058824
0.07450981
0.07450981
0.07058824
0.07058824
0.08627451
0.08627451
0.09019608
0.09411765
0.09411765
0.08627451
0.09411765
0.09411765
0.10196079
0.09019608
0.09019608
0.08235294
0.10980392
0.10980392
0.11372549
0.12156863
0.13725491
0.14509805
0.15294118
0.07450981
0.07843138
0.07843138
0.07450981
0.07450981
0.05490196
0.07058824
0.07058824
0.07058824
0.06274510
0.07058824
0.08235294
0.08235294
0.07843138
0.07450981
0.07843138
0.09803922
0.09803922
0.08627451
0.10196079
0.08627451
0.09803922
0.09803922
0.09411765
0.08627451
0.10588235
0.19215687
0.19215687
0.15294118
0.16862746
0.17647059
0.17647059
0.08235294
0.07450981
0.07450981
0.07843138
0.09019608
0.06274510
0.07058824
0.07450981
0.07058824
0.05882353
0.07843138
0.09019608
0.10588235
0.07843138
0.08235294
0.07450981
0.07843138
0.09803922
0.07058824
0.05882353
0.06274510
0.06666667
0.06274510
0.07058824
0.05098039
0.05882353
0.19215687
0.41568628
0.25490198
0.16862746
0.18039216
0.15686275
0.08235294
0.09019608
0.07843138
0.07450981
0.09019608
0.09411765
0.10588235
0.09019608
0.01960784
0.03921569
0.02745098
0.05490196
0.09411765
0.04705882
0.03921569
0.04705882
0.12156863
0.25098041
0.20000000
0.04313726
0.02745098
0.03529412
0.02745098
0.02352941
0.03137255
0.03921569
0.08235294
0.32156864
0.52549022
0.21960784
0.16470589
0.14509805
0.07450981
0.08627451
0.09803922
0.06666667
0.05098039
0.02745098
0.11372549
0.20784314
0.15294118
0.16470589
0.10980392
0.05490196
0.06274510
0.06666667
0.06666667
0.12156863
0.24313726
0.35294119
0.41568628
0.24313726
0.05098039
0.07058824
0.09019608
0.08235294
0.06666667
0.07843138
0.08235294
0.16078432
0.54509807
0.45490196
0.18039216
0.16470589
0.06666667
0.05882353
0.12156863
0.10980392
0.03529412
0.02352941
0.06666667
0.21176471
0.23529412
0.20000000
0.16078432
0.09411765
0.07450981
0.07843138
0.07843138
0.14117648
0.22352941
0.29411766
0.38039216
0.41960785
0.14509805
0.09411765
0.13725491
0.13333334
0.08627451
0.09411765
0.12156863
0.16078432
0.36862746
0.51372552
0.19607843
0.17254902
0.03137255
0.01568628
0.17647059
0.47843137
0.36862746
0.29803923
0.13725491
0.20392157
0.19215687
0.18039216
0.13725491
0.31764707
0.50588238
0.47450981
0.46666667
0.53725493
0.36470589
0.22745098
0.32156864
0.40784314
0.30588236
0.47058824
0.46666667
0.41960785
0.34117648
0.29019609
0.25882354
0.25098041
0.36862746
0.42745098
0.18039216
0.16078432
0.00784314
0.01176471
0.20392157
0.66274512
0.58431375
0.39607844
0.19215687
0.21568628
0.20000000
0.19215687
0.13333334
0.43529412
0.74901962
0.73725492
0.75686276
0.82352942
0.57254905
0.21568628
0.28627452
0.33725491
0.29803923
0.74901962
0.83529413
0.82352942
0.80392158
0.88235295
0.88235295
0.81960785
0.77647060
0.68627453
0.25098041
0.16078432
0.00784314
0.00784314
0.19215687
0.61960787
0.52941179
0.26666668
0.17254902
0.23529412
0.19607843
0.17647059
0.29411766
0.61960787
0.70980394
0.69803923
0.70588237
0.75294119
0.63921571
0.24313726
0.26666668
0.31764707
0.23921569
0.58823532
0.74509805
0.72156864
0.70588237
0.81568629
0.90588236
0.92156863
0.92549020
0.86666667
0.30196080
0.14901961
0.00392157
0.01176471
0.15686275
0.30588236
0.22745098
0.12156863
0.18823530
0.25490198
0.21568628
0.17254902
0.25098041
0.38431373
0.35294119
0.34901962
0.35294119
0.38823530
0.38823530
0.22352941
0.25882354
0.30588236
0.20784314
0.33333334
0.44313726
0.45098040
0.45882353
0.50980395
0.58823532
0.65098041
0.72941178
0.77254903
0.28627452
0.13725491
0.00784314
0.01568628
0.18039216
0.43529412
0.41176471
0.23137255
0.18431373
0.25490198
0.21176471
0.18039216
0.28627452
0.54117650
0.55294120
0.53333336
0.54117650
0.59215689
0.54509807
0.21176471
0.23529412
0.28627452
0.23529412
0.57254905
0.68627453
0.68235296
0.69019610
0.78431374
0.89803922
0.94509804
0.96862745
0.84313726
0.25490198
0.13333334
0.00784314
0.00784314
0.18431373
0.65098041
0.61568630
0.41960785
0.19215687
0.25098041
0.22352941
0.20000000
0.20784314
0.52156866
0.77647060
0.77254903
0.77647060
0.83137256
0.63137257
0.17647059
0.21568628
0.26666668
0.27058825
0.72549021
0.76078433
0.74509805
0.73333335
0.76078433
0.74117649
0.65098041
0.57254905
0.43921569
0.15686275
0.14509805
0.01176471
0.00784314
0.14509805
0.60000002
0.52549022
0.41568628
0.20392157
0.23921569
0.23137255
0.21960784
0.14117648
0.34117648
0.66274512
0.64313728
0.65098041
0.69411767
0.39215687
0.14509805
0.22352941
0.27058825
0.23529412
0.41568628
0.39215687
0.32549021
0.25490198
0.19607843
0.14509805
0.13333334
0.23529412
0.24313726
0.15294118
0.16862746
0.01568628
0.01568628
0.09803922
0.30196080
0.18039216
0.09411765
0.09411765
0.26666668
0.30980393
0.26274511
0.21176471
0.19607843
0.23137255
0.20000000
0.18823530
0.19607843
0.15686275
0.15686275
0.23921569
0.23921569
0.08627451
0.05098039
0.06666667
0.05490196
0.03137255
0.03921569
0.06274510
0.11764706
0.27843139
0.20000000
0.13333334
0.14901961
0.01568628
0.01960784
0.07058824
0.10588235
0.05098039
0.00392157
0.06666667
0.21960784
0.25490198
0.26274511
0.23137255
0.12549020
0.06274510
0.05490196
0.03137255
0.04313726
0.12549020
0.19215687
0.21176471
0.12941177
0.02745098
0.04313726
0.05098039
0.05098039
0.05098039
0.07058824
0.09803922
0.18039216
0.30196080
0.12941177
0.11372549
0.12941177
0.01960784
0.02352941
0.02745098
0.04313726
0.09411765
0.10196079
0.11764706
0.14509805
0.05882353
0.05882353
0.05098039
0.03529412
0.06274510
0.05882353
0.05098039
0.04313726
0.08627451
0.18039216
0.09411765
0.04313726
0.02745098
0.02745098
0.03137255
0.03137255
0.03529412
0.05490196
0.10588235
0.26666668
0.21176471
0.10980392
0.11372549
0.11764706
0.02352941
0.02352941
0.01176471
0.01568628
0.03529412
0.04705882
0.07058824
0.07843138
0.07058824
0.06274510
0.06274510
0.03529412
0.04705882
0.05098039
0.06274510
0.05098039
0.06666667
0.10196079
0.04705882
0.03529412
0.03137255
0.03137255
0.03921569
0.03529412
0.03529412
0.04313726
0.12941177
0.18039216
0.11764706
0.09411765
0.11372549
0.10980392
0.01960784
0.01960784
0.01960784
0.02352941
0.01568628
0.00784314
0.00784314
0.00784314
0.01568628
0.02352941
0.03529412
0.02352941
0.01176471
0.01176471
0.01176471
0.00784314
0.02745098
0.01568628
0.00784314
0.01960784
0.03137255
0.05098039
0.06666667
0.07058824
0.07058824
0.06666667
0.09411765
0.08627451
0.07450981
0.07450981
0.10980392
0.10196079
0.01176471
0.01176471
0.01568628
0.01568628
0.01176471
0.00392157
0.00784314
0.00392157
0.00784314
0.00392157
0.00000000
0.00392157
0.00392157
0.00392157
0.00392157
0.00392157
0.01176471
0.03529412
0.04705882
0.06274510
0.07058824
0.07450981
0.08235294
0.09411765
0.07843138
0.07843138
0.08235294
0.08627451
0.06274510
0.07843138
0.08235294
0.09411765
0.01176471
0.00784314
0.01176471
0.00784314
0.00392157
0.00000000
0.00000000
0.00392157
0.00000000
0.00000000
0.00000000
0.00000000
0.00000000
0.00392157
0.01568628
0.03529412
0.05490196
0.07058824
0.07843138
0.07058824
0.06666667
0.06274510
0.07058824
0.06666667
0.06666667
0.07450981
0.06666667
0.07058824
0.06666667
0.07058824
0.08235294
0.09411765
0.00784314
0.00392157
0.00392157
0.00392157
0.00000000
0.00000000
0.00000000
0.00392157
0.00392157
0.00000000
0.00784314
0.01960784
0.03137255
0.05098039
0.05490196
0.05882353
0.06666667
0.06666667
0.07843138
0.07058824
0.05882353
0.07058824
0.07058824
0.06666667
0.06666667
0.07058824
0.07450981
0.07058824
0.07058824
0.07450981
0.09019608
0.10196079
0.00392157
0.00000000
0.00000000
0.00000000
0.00000000
0.00000000
0.00000000
0.00000000
0.00000000
0.00392157
0.01568628
0.02745098
0.03137255
0.03529412
0.02745098
0.02745098
0.03137255
0.03137255
0.03921569
0.03529412
0.02745098
0.03529412
0.03137255
0.03529412
0.03137255
0.03529412
0.03529412
0.03529412
0.03529412
0.03921569
0.04313726
0.05098039
0.00000000
0.00000000
0.00000000
0.00000000
0.00000000
0.00000000
0.00000000
0.00000000
0.00000000
0.00000000
0.00000000
0.00000000
0.00000000
0.00000000
0.00000000
0.00000000
0.00000000
0.00000000
0.00000000
0.00000000
0.00000000
0.00000000
0.00000000
0.00000000
0.00000000
0.00000000
0.00000000
0.00000000
0.00000000
0.00000000
0.00000000
0.00000000
0.00000000
0.00000000
0.00000000
0.00000000
0.00000000
0.00000000
0.00000000
0.00000000
0.00000000
0.00000000
0.00000000
0.00000000
0.00000000
0.00000000
0.00000000
0.00000000
0.00000000
0.00000000
0.00000000
0.00000000
0.00392157
0.00392157
0.00392157
0.00392157
0.00392157
0.00392157
0.00392157
0.00392157
0.00392157
0.00392157
0.00392157
0.00392157
0.00000000
0.00000000
0.00000000
0.00000000
0.00000000
0.00000000
0.00000000
0.00000000
0.00000000
0.00000000
0.00000000
0.00000000
0.00000000
0.00000000
0.00000000
0.00000000
0.00000000
0.00000000
0.00000000
0.00000000
0.00000000
0.00000000
0.00000000
0.00000000
0.00000000
0.00000000
0.00000000
0.00000000
0.00000000
0.00000000
0.00000000
0.00000000
0.05098039
0.04705882
0.04313726
0.04313726
0.05490196
0.07843138
0.09019608
0.09411765
0.08235294
0.07058824
0.08235294
0.07058824
0.08235294
0.09411765
0.09411765
0.07843138
0.07058824
0.05882353
0.05882353
0.08627451
0.09019608
0.09019608
0.08235294
0.08627451
0.09411765
0.08235294
0.09803922
0.10588235
0.10588235
0.10980392
0.11372549
0.11764706
0.05098039
0.05098039
0.05882353
0.07450981
0.08627451
0.09019608
0.08235294
0.08627451
0.08235294
0.07843138
0.07450981
0.07058824
0.07843138
0.07450981
0.06666667
0.06274510
0.05882353
0.05490196
0.07843138
0.07450981
0.09019608
0.09411765
0.09803922
0.09411765
0.10196079
0.09411765
0.09411765
0.09019608
0.09411765
0.09803922
0.11372549
0.12549020
0.06274510
0.07450981
0.09019608
0.08627451
0.08627451
0.08235294
0.07843138
0.07450981
0.08235294
0.08627451
0.08627451
0.07450981
0.07058824
0.06274510
0.06274510
0.06666667
0.06666667
0.06666667
0.07843138
0.08235294
0.08627451
0.09803922
0.10196079
0.09803922
0.09803922
0.10196079
0.09411765
0.09019608
0.10196079
0.07843138
0.11764706
0.11764706
0.08627451
0.08235294
0.09019608
0.09019608
0.08235294
0.08235294
0.09019608
0.09019608
0.08627451
0.08627451
0.07843138
0.05490196
0.06274510
0.06666667
0.06666667
0.07058824
0.07058824
0.07450981
0.07843138
0.08627451
0.08627451
0.09803922
0.10196079
0.09019608
0.09803922
0.10588235
0.10588235
0.10588235
0.10980392
0.08627451
0.11764706
0.11764706
0.08235294
0.08627451
0.09019608
0.09803922
0.08235294
0.08627451
0.09019608
0.08235294
0.07450981
0.06666667
0.06666667
0.05490196
0.05490196
0.06274510
0.06274510
0.07058824
0.06666667
0.07058824
0.07843138
0.09019608
0.08627451
0.09411765
0.09411765
0.09411765
0.10588235
0.11372549
0.10980392
0.10980392
0.09411765
0.09019608
0.10588235
0.11372549
0.08235294
0.09803922
0.09411765
0.09803922
0.07843138
0.08235294
0.07843138
0.07058824
0.06666667
0.06666667
0.06274510
0.06666667
0.06666667
0.05882353
0.05882353
0.06274510
0.06666667
0.07058824
0.07843138
0.08235294
0.08627451
0.08627451
0.08627451
0.09411765
0.10196079
0.10588235
0.09803922
0.09803922
0.09803922
0.10196079
0.09803922
0.10588235
0.08235294
0.10196079
0.10588235
0.09411765
0.07843138
0.07450981
0.07058824
0.06274510
0.06274510
0.07450981
0.07058824
0.06274510
0.05490196
0.05882353
0.05490196
0.05490196
0.06274510
0.06274510
0.06666667
0.07450981
0.07450981
0.08627451
0.07450981
0.08627451
0.07058824
0.08627451
0.07058824
0.09019608
0.08235294
0.09803922
0.10196079
0.10980392
0.08627451
0.09803922
0.10196079
0.09411765
0.08627451
0.06274510
0.06274510
0.05098039
0.05098039
0.06274510
0.06666667
0.05490196
0.04313726
0.05882353
0.05490196
0.05882353
0.05882353
0.05882353
0.05490196
0.06274510
0.06274510
0.07058824
0.05490196
0.05882353
0.05490196
0.07843138
0.06274510
0.07843138
0.09803922
0.10588235
0.10588235
0.12156863
0.09019608
0.09019608
0.08235294
0.08235294
0.07058824
0.04313726
0.05882353
0.04313726
0.04313726
0.03921569
0.06274510
0.05882353
0.05490196
0.05490196
0.05098039
0.05490196
0.05882353
0.04705882
0.05490196
0.06666667
0.06666667
0.07058824
0.06274510
0.07058824
0.09019608
0.11372549
0.16078432
0.13333334
0.09411765
0.13333334
0.13725491
0.14509805
0.10196079
0.08627451
0.08235294
0.05882353
0.05882353
0.07058824
0.07450981
0.07843138
0.08235294
0.08235294
0.08627451
0.05882353
0.10588235
0.08627451
0.07843138
0.07058824
0.07058824
0.09019608
0.06274510
0.06666667
0.06666667
0.08627451
0.10980392
0.11372549
0.11764706
0.14117648
0.23529412
0.36862746
0.18039216
0.10588235
0.13725491
0.12941177
0.10196079
0.10196079
0.08627451
0.04705882
0.09411765
0.13725491
0.15686275
0.14901961
0.07843138
0.06274510
0.04313726
0.03529412
0.07450981
0.03137255
0.01568628
0.03529412
0.10196079
0.25098041
0.18431373
0.05490196
0.02745098
0.04313726
0.07058824
0.06666667
0.07843138
0.10196079
0.13333334
0.30588236
0.44313726
0.14117648
0.11764706
0.11764706
0.09019608
0.09411765
0.11372549
0.10588235
0.05882353
0.03921569
0.14509805
0.24705882
0.21176471
0.21176471
0.18039216
0.12156863
0.08627451
0.07450981
0.07843138
0.13333334
0.28627452
0.43529412
0.47843137
0.27843139
0.10588235
0.10980392
0.14117648
0.12156863
0.11372549
0.12156863
0.13333334
0.19215687
0.47843137
0.35686275
0.12941177
0.13725491
0.08627451
0.07450981
0.13725491
0.15294118
0.04705882
0.04705882
0.12549020
0.30588236
0.38039216
0.36470589
0.28235295
0.16078432
0.12156863
0.12941177
0.12549020
0.15294118
0.28235295
0.43529412
0.54509807
0.47450981
0.18431373
0.13333334
0.16862746
0.16862746
0.13725491
0.13725491
0.16862746
0.21176471
0.36862746
0.43921569
0.14117648
0.14509805
0.06666667
0.05098039
0.23137255
0.56862748
0.47843137
0.39215687
0.20784314
0.34509805
0.35294119
0.35294119
0.30196080
0.42352942
0.62745100
0.59607846
0.56470591
0.58431375
0.41960785
0.37254903
0.47450981
0.51764709
0.36078432
0.51372552
0.49411765
0.44313726
0.37647060
0.32549021
0.27843139
0.27843139
0.37647060
0.36470589
0.12549020
0.12549020
0.06666667
0.06666667
0.26274511
0.79607844
0.77647060
0.51764709
0.26274511
0.39607844
0.36470589
0.34509805
0.29411766
0.56470591
0.89019608
0.88235295
0.87843138
0.89019608
0.63137257
0.33333334
0.43529412
0.48627451
0.38039216
0.80784315
0.86666667
0.83529413
0.81568629
0.89019608
0.87843138
0.83137256
0.79215688
0.65490198
0.20784314
0.13333334
0.07058824
0.06666667
0.26666668
0.76470590
0.68627453
0.36470589
0.29411766
0.42745098
0.36078432
0.32549021
0.38823530
0.71372551
0.84705883
0.83529413
0.82352942
0.82352942
0.69411767
0.36078432
0.41568628
0.47058824
0.33725491
0.68235296
0.79215688
0.74901962
0.72549021
0.82745099
0.92156863
0.92941177
0.93333334
0.84705883
0.26666668
0.11764706
0.05882353
0.06666667
0.20784314
0.40000001
0.31764707
0.18039216
0.32156864
0.44705883
0.38039216
0.30980393
0.33333334
0.49411765
0.47843137
0.45098040
0.45882353
0.45882353
0.43137255
0.36078432
0.40392157
0.44313726
0.28235295
0.40392157
0.49803922
0.49803922
0.49803922
0.54901963
0.62352943
0.65490198
0.72941178
0.76078433
0.25882354
0.10588235
0.05882353
0.06274510
0.23529412
0.53725493
0.52941179
0.32156864
0.30980393
0.45490196
0.39607844
0.32156864
0.36862746
0.63137257
0.65098041
0.65490198
0.67058825
0.68235296
0.61960787
0.35686275
0.37647060
0.43921569
0.32156864
0.64705884
0.74901962
0.72941178
0.72941178
0.82352942
0.92156863
0.94901961
0.96470588
0.80784315
0.22352941
0.12156863
0.06274510
0.05490196
0.23921569
0.74901962
0.79607844
0.53725493
0.27450982
0.43137255
0.40784314
0.37254903
0.33725491
0.64313728
0.90196079
0.91372550
0.90980393
0.92156863
0.70980394
0.32156864
0.37254903
0.42352942
0.34901962
0.81176472
0.84313726
0.81176472
0.79607844
0.82352942
0.76862746
0.67058825
0.59215689
0.41960785
0.12156863
0.13333334
0.06274510
0.05490196
0.22352941
0.71764708
0.70588237
0.52941179
0.27843139
0.39607844
0.40000001
0.36862746
0.30980393
0.49803922
0.79607844
0.78431374
0.76862746
0.78039217
0.47450981
0.29019609
0.37254903
0.39607844
0.30980393
0.49411765
0.43921569
0.36078432
0.30196080
0.25098041
0.20784314
0.19607843
0.26274511
0.22352941
0.11764706
0.14117648
0.07058824
0.06274510
0.16862746
0.37254903
0.23529412
0.12156863
0.13333334
0.35686275
0.47450981
0.44705883
0.38431373
0.30588236
0.32549021
0.29019609
0.25098041
0.25490198
0.24705882
0.29411766
0.35294119
0.31764707
0.14901961
0.10980392
0.08627451
0.09019608
0.08627451
0.09411765
0.10980392
0.16078432
0.29019609
0.18039216
0.10588235
0.12156863
0.07058824
0.06666667
0.11764706
0.16078432
0.06666667
0.01568628
0.11372549
0.27843139
0.32156864
0.34509805
0.33333334
0.19215687
0.12156863
0.09019608
0.05490196
0.08235294
0.19215687
0.28627452
0.27843139
0.18431373
0.05490196
0.06666667
0.08627451
0.08235294
0.09411765
0.10980392
0.13333334
0.22352941
0.32156864
0.12549020
0.09411765
0.10980392
0.07450981
0.07843138
0.07843138
0.08235294
0.12156863
0.14509805
0.18823530
0.21960784
0.11764706
0.09411765
0.07450981
0.07450981
0.08235294
0.07450981
0.06274510
0.05490196
0.09019608
0.18431373
0.12549020
0.08235294
0.06274510
0.07058824
0.07450981
0.07058824
0.07450981
0.09019608
0.13333334
0.27843139
0.18431373
0.09019608
0.10588235
0.10588235
0.09411765
0.09411765
0.09803922
0.08627451
0.07450981
0.09803922
0.11764706
0.12941177
0.10588235
0.09019608
0.07450981
0.07058824
0.07843138
0.07058824
0.07450981
0.05882353
0.08627451
0.11764706
0.07450981
0.06274510
0.06274510
0.06274510
0.06666667
0.06274510
0.08235294
0.09411765
0.15686275
0.15686275
0.07843138
0.09411765
0.10980392
0.10196079
0.09019608
0.09411765
0.09803922
0.10196079
0.08235294
0.05882353
0.04705882
0.03529412
0.01960784
0.02745098
0.03921569
0.03921569
0.03137255
0.03529412
0.04705882
0.03921569
0.04313726
0.03921569
0.02352941
0.02745098
0.03529412
0.05490196
0.06274510
0.05490196
0.07058824
0.07843138
0.09019608
0.07843138
0.09019608
0.09411765
0.10980392
0.09803922
0.07058824
0.07058824
0.08235294
0.08235294
0.07450981
0.06666667
0.05490196
0.05098039
0.04313726
0.04705882
0.05098039
0.05490196
0.05098039
0.04705882
0.05490196
0.04313726
0.04705882
0.07058824
0.07058824
0.06274510
0.07058824
0.07843138
0.08235294
0.08627451
0.07843138
0.07450981
0.07843138
0.08235294
0.07450981
0.07843138
0.08235294
0.09019608
0.06666667
0.06274510
0.07058824
0.07058824
0.06274510
0.05490196
0.03921569
0.04313726
0.05098039
0.04705882
0.04705882
0.04313726
0.03921569
0.04313726
0.05490196
0.06666667
0.07450981
0.08627451
0.07058824
0.06666667
0.07058824
0.06666667
0.07843138
0.07450981
0.07843138
0.08235294
0.07450981
0.07058824
0.06666667
0.06666667
0.07843138
0.09019608
0.05882353
0.05490196
0.05490196
0.05098039
0.04705882
0.04705882
0.04313726
0.04313726
0.03921569
0.03921569
0.04705882
0.05882353
0.07058824
0.08235294
0.08627451
0.08627451
0.07450981
0.07450981
0.08235294
0.07843138
0.07058824
0.07843138
0.07843138
0.07843138
0.07843138
0.07843138
0.08235294
0.08235294
0.08235294
0.07843138
0.08235294
0.09019608
0.03137255
0.02745098
0.02745098
0.02745098
0.02745098
0.02745098
0.02352941
0.02352941
0.02352941
0.02352941
0.03921569
0.05098039
0.05098039
0.05098039
0.04313726
0.04313726
0.03529412
0.03529412
0.04313726
0.03529412
0.03137255
0.03921569
0.03529412
0.03921569
0.03529412
0.03921569
0.03921569
0.03921569
0.03921569
0.03921569
0.03921569
0.04705882
0.00784314
0.00784314
0.00784314
0.00784314
0.00784314
0.00784314
0.00784314
0.00784314
0.00784314
0.00784314
0.00784314
0.00784314
0.00392157
0.00000000
0.00000000
0.00000000
0.00000000
0.00000000
0.00000000
0.00000000
0.00000000
0.00000000
0.00000000
0.00000000
0.00000000
0.00000000
0.00000000
0.00000000
0.00000000
0.00000000
0.00000000
0.00000000
0.00000000
0.00000000
0.00000000
0.00000000
0.00000000
0.00000000
0.00000000
0.00000000
0.00000000
0.00000000
0.00000000
0.00000000
0.00000000
0.00000000
0.00000000
0.00000000
0.00000000
0.00000000
0.00000000
0.00000000
0.00000000
0.00000000
0.00000000
0.00000000
0.00000000
0.00000000
0.00000000
0.00000000
0.00000000
0.00000000
0.00000000
0.00000000
0.00000000
0.00000000
0.00000000
0.00000000
0.00000000
0.00000000
0.00000000
0.00000000
0.00000000
0.00000000
0.00000000
0.00000000
0.00000000
0.00000000
0.00000000
0.00000000
0.00000000
0.00000000
0.00000000
0.00000000
0.00000000
0.00000000
0.00000000
0.00000000
0.00000000
0.00000000
0.00000000
0.00000000
0.00000000
0.00000000
0.00000000
0.00000000
1 -1 0 0 0 0 0 0 0 0 0
0 -1 1 0 0 0 0 0 0 0 0
0 -1 0 1 0 0 0 0 0 0 0
0 -1 0 0 1 0 0 0 0 0 0
0 -1 0 0 0 1 0 0 0 0 0
0 -1 0 0 0 0 1 0 0 0 0
0 -1 0 0 0 0 0 1 0 0 0
0 -1 0 0 0 0 0 0 1 0 0
0 -1 0 0 0 0 0 0 0 1 0
