0.05490196
0.17254902
0.43137255
0.66274512
0.84313726
0.68627453
0.87843138
0.90588236
0.46666667
0.20392157
0.21568628
0.53725493
0.78823531
0.84313726
0.37254903
0.14509805
0.50980395
0.68235296
0.67450982
0.70196080
0.51372552
0.08235294
0.05882353
0.09019608
0.63921571
0.50980395
0.22745098
0.66274512
0.25490198
0.25098041
0.63921571
0.34901962
0.12549020
0.26274511
0.38823530
0.56470591
0.69411767
0.49803922
0.65882355
0.58431375
0.19607843
0.04705882
0.21568628
0.65490198
0.83529413
0.65098041
0.18431373
0.12156863
0.45882353
0.47058824
0.39607844
0.44705883
0.29019609
0.09803922
0.18039216
0.25098041
0.23137255
0.15686275
0.19607843
0.71764708
0.39215687
0.60392159
0.88627452
0.37647060
0.15686275
0.21176471
0.38823530
0.75294119
0.81568629
0.56862748
0.65490198
0.46666667
0.11372549
0.02352941
0.34901962
0.92941177
0.91372550
0.52156866
0.19607843
0.11764706
0.39215687
0.36470589
0.38823530
0.48627451
0.32941177
0.24705882
0.38431373
0.51764709
0.27843139
0.12941177
0.16078432
0.43137255
0.31372550
0.32549021
0.36078432
0.19607843
0.16470589
0.30588236
0.52156866
0.61960787
0.49411765
0.19215687
0.21176471
0.29411766
0.19215687
0.03529412
0.34117648
0.86666667
0.67450982
0.21568628
0.14509805
0.15686275
0.22352941
0.20000000
0.26666668
0.23529412
0.09803922
0.13333334
0.30980393
0.25882354
0.15686275
0.16078432
0.14901961
0.07843138
0.10588235
0.08627451
0.14509805
0.21176471
0.19607843
0.45882353
0.55686277
0.53725493
0.40392157
0.10196079
0.05882353
0.30196080
0.39215687
0.08627451
0.15294118
0.42745098
0.28627452
0.10980392
0.06274510
0.11372549
0.32549021
0.34509805
0.33725491
0.24313726
0.06666667
0.09803922
0.30588236
0.24705882
0.13725491
0.22745098
0.30196080
0.12549020
0.05882353
0.08627451
0.17647059
0.24705882
0.25882354
0.39215687
0.49411765
0.46666667
0.36470589
0.08235294
0.09019608
0.45882353
0.29803923
0.05098039
0.23137255
0.41960785
0.24705882
0.12156863
0.10980392
0.15686275
0.58039218
0.75294119
0.57647061
0.25098041
0.07450981
0.13725491
0.21568628
0.16470589
0.12941177
0.23529412
0.41568628
0.30980393
0.05882353
0.09803922
0.16862746
0.17254902
0.15294118
0.24705882
0.47058824
0.48627451
0.32549021
0.09019608
0.12941177
0.49411765
0.32941177
0.15294118
0.36078432
0.45882353
0.39607844
0.22352941
0.04313726
0.16078432
0.51372552
0.71372551
0.54509807
0.23921569
0.15294118
0.16862746
0.14117648
0.09411765
0.22352941
0.50588238
0.58431375
0.54117650
0.12941177
0.07450981
0.10980392
0.12941177
0.08235294
0.16470589
0.33333334
0.35686275
0.19215687
0.08627451
0.26666668
0.62352943
0.67450982
0.64705884
0.50588238
0.45098040
0.43529412
0.21176471
0.07058824
0.06666667
0.13333334
0.40392157
0.46666667
0.33725491
0.29803923
0.30196080
0.28235295
0.23137255
0.30196080
0.54117650
0.59607846
0.44313726
0.14901961
0.12156863
0.13725491
0.18823530
0.25882354
0.26666668
0.30588236
0.36862746
0.32941177
0.26274511
0.44313726
0.70588237
0.70196080
0.64313728
0.55686277
0.51764709
0.37254903
0.10588235
0.24313726
0.32941177
0.22352941
0.30980393
0.35686275
0.30980393
0.27450982
0.28235295
0.29803923
0.29411766
0.38823530
0.45882353
0.48627451
0.41568628
0.19607843
0.17254902
0.17647059
0.16470589
0.16470589
0.10588235
0.14901961
0.16470589
0.15294118
0.12941177
0.22352941
0.35686275
0.35294119
0.30196080
0.38039216
0.29411766
0.17254902
0.05882353
0.12156863
0.30980393
0.21568628
0.24313726
0.23137255
0.16862746
0.07843138
0.09019608
0.07058824
0.18431373
0.33725491
0.30980393
0.18823530
0.17254902
0.02352941
0.04313726
0.06666667
0.09019608
0.11372549
0.02352941
0.05490196
0.04313726
0.08235294
0.09411765
0.10980392
0.24313726
0.32156864
0.30980393
0.15686275
0.10980392
0.10196079
0.04313726
0.07058824
0.23921569
0.21568628
0.26274511
0.26274511
0.16078432
0.20392157
0.30980393
0.24313726
0.28627452
0.26274511
0.25490198
0.16470589
0.13333334
0.12941177
0.13333334
0.13333334
0.16470589
0.21960784
0.17647059
0.20392157
0.22352941
0.28627452
0.23137255
0.10980392
0.15294118
0.09803922
0.05882353
0.21568628
0.29803923
0.16078432
0.01568628
0.05882353
0.24705882
0.22352941
0.27058825
0.28627452
0.30196080
0.38039216
0.29411766
0.28235295
0.34901962
0.18039216
0.23921569
0.35686275
0.33725491
0.32156864
0.29019609
0.27843139
0.27843139
0.41960785
0.39215687
0.41960785
0.43529412
0.49411765
0.35294119
0.08235294
0.12549020
0.08627451
0.03137255
0.02352941
0.03529412
0.02352941
0.00784314
0.03529412
0.12156863
0.22352941
0.24705882
0.16078432
0.28627452
0.38823530
0.08627451
0.16470589
0.34509805
0.08235294
0.28235295
0.73333335
0.76862746
0.76470590
0.76470590
0.74901962
0.74509805
0.81176472
0.81176472
0.82745099
0.82745099
0.86666667
0.60784316
0.07058824
0.04705882
0.06274510
0.04313726
0.02352941
0.02745098
0.03921569
0.03137255
0.05098039
0.06274510
0.15686275
0.21176471
0.19215687
0.32549021
0.28235295
0.03529412
0.16862746
0.31372550
0.05490196
0.30980393
0.83137256
0.89019608
0.85882354
0.77254903
0.73725492
0.80784315
0.83529413
0.84313726
0.84705883
0.85490197
0.90196079
0.66274512
0.08627451
0.09803922
0.08627451
0.05098039
0.03921569
0.03137255
0.05098039
0.04705882
0.05490196
0.04313726
0.09019608
0.10980392
0.10588235
0.18823530
0.13725491
0.05098039
0.21568628
0.25882354
0.05098039
0.31372550
0.84313726
0.88627452
0.68627453
0.50980395
0.44313726
0.55294120
0.83529413
0.83921570
0.85490197
0.86666667
0.87450981
0.56078434
0.15294118
0.44705883
0.19607843
0.05882353
0.05490196
0.05098039
0.05098039
0.06274510
0.04705882
0.02745098
0.05098039
0.07450981
0.09019608
0.05490196
0.02745098
0.07450981
0.29411766
0.36470589
0.29019609
0.45490196
0.84705883
0.77254903
0.36862746
0.25098041
0.26666668
0.24705882
0.85490197
0.85490197
0.88235295
0.82745099
0.81960785
0.63921571
0.37254903
0.63137257
0.25098041
0.07843138
0.07058824
0.04705882
0.04313726
0.07058824
0.05490196
0.05490196
0.07843138
0.12941177
0.15294118
0.07450981
0.02745098
0.04313726
0.40000001
0.73333335
0.73333335
0.76862746
0.83529413
0.59215689
0.30588236
0.26274511
0.25882354
0.27843139
0.83137256
0.85490197
0.84705883
0.84705883
0.83921570
0.83137256
0.75686276
0.69019610
0.23921569
0.07450981
0.08235294
0.05490196
0.02745098
0.07450981
0.07058824
0.07843138
0.09803922
0.13725491
0.16862746
0.10980392
0.03529412
0.00784314
0.18823530
0.70980394
0.78823531
0.81568629
0.76470590
0.49803922
0.47450981
0.43529412
0.32941177
0.38431373
0.62352943
0.58431375
0.58823532
0.67450982
0.71764708
0.59607846
0.59607846
0.45098040
0.17254902
0.09411765
0.07058824
0.05490196
0.02352941
0.05882353
0.11764706
0.10980392
0.09019608
0.12941177
0.14509805
0.10196079
0.09803922
0.03137255
0.08235294
0.57647061
0.79607844
0.82352942
0.73725492
0.47058824
0.52156866
0.42352942
0.36078432
0.42745098
0.65882355
0.65882355
0.61960787
0.61960787
0.67450982
0.66274512
0.71372551
0.60392159
0.19607843
0.11764706
0.07450981
0.05490196
0.03529412
0.10196079
0.15686275
0.10196079
0.08235294
0.10980392
0.09803922
0.15294118
0.30196080
0.11764706
0.01176471
0.35294119
0.77254903
0.83529413
0.78431374
0.43921569
0.37647060
0.36078432
0.44313726
0.49019608
0.82745099
0.83529413
0.84313726
0.85098040
0.84313726
0.83921570
0.83921570
0.63921571
0.20784314
0.12156863
0.08235294
0.05882353
0.04705882
0.08627451
0.10588235
0.07843138
0.08235294
0.08627451
0.07843138
0.30980393
0.59607846
0.34509805
0.13725491
0.10980392
0.46666667
0.80000001
0.81568629
0.51372552
0.51764709
0.49803922
0.42352942
0.48627451
0.80392158
0.79215688
0.78039217
0.79215688
0.77254903
0.56862748
0.26274511
0.17254902
0.09411765
0.06666667
0.10196079
0.08235294
0.04705882
0.05882353
0.08627451
0.23137255
0.37647060
0.14901961
0.05098039
0.25490198
0.63921571
0.59215689
0.40000001
0.20000000
0.11372549
0.58039218
0.84313726
0.52941179
0.52156866
0.51764709
0.42352942
0.45098040
0.80392158
0.81568629
0.83137256
0.83529413
0.84705883
0.57254905
0.45490196
0.45490196
0.21960784
0.10196079
0.17254902
0.27843139
0.20000000
0.31764707
0.50196081
0.70588237
0.68235296
0.29411766
0.06666667
0.07058824
0.23137255
0.60784316
0.65882355
0.40784314
0.08627451
0.24705882
0.75686276
0.60784316
0.41960785
0.42745098
0.36862746
0.38431373
0.81176472
0.81568629
0.82352942
0.82745099
0.84313726
0.63529414
0.59215689
0.80784315
0.79215688
0.50588238
0.28627452
0.70196080
0.72549021
0.78039217
0.81960785
0.81568629
0.74117649
0.51372552
0.15686275
0.28627452
0.16470589
0.54509807
0.81568629
0.70588237
0.35686275
0.07450981
0.42745098
0.75294119
0.48235294
0.25882354
0.23137255
0.43529412
0.80784315
0.80784315
0.81960785
0.82745099
0.84705883
0.65098041
0.24313726
0.41960785
0.79607844
0.58039218
0.35294119
0.79215688
0.83529413
0.82745099
0.84313726
0.85098040
0.73725492
0.67058825
0.24313726
0.31764707
0.39215687
0.66274512
0.80784315
0.77254903
0.68627453
0.25882354
0.14509805
0.65490198
0.80392158
0.59607846
0.56862748
0.73725492
0.78823531
0.78039217
0.79215688
0.80000001
0.81568629
0.76862746
0.62745100
0.66666669
0.81176472
0.58823532
0.39607844
0.81568629
0.84705883
0.83137256
0.83921570
0.85098040
0.74117649
0.76862746
0.52941179
0.18039216
0.38823530
0.74117649
0.81176472
0.77647060
0.77254903
0.62352943
0.28235295
0.54117650
0.80784315
0.80000001
0.80000001
0.78431374
0.78431374
0.78823531
0.80392158
0.80000001
0.79607844
0.80392158
0.80784315
0.80784315
0.83529413
0.61568630
0.45882353
0.83921570
0.85882354
0.85098040
0.85490197
0.86666667
0.73725492
0.78039217
0.67843139
0.31764707
0.54509807
0.80784315
0.82352942
0.76470590
0.72549021
0.78823531
0.63137257
0.64705884
0.73333335
0.73725492
0.73725492
0.72941178
0.78039217
0.79607844
0.80784315
0.79607844
0.81568629
0.81960785
0.82745099
0.83137256
0.85882354
0.69411767
0.56470591
0.84313726
0.82352942
0.81176472
0.82352942
0.83137256
0.65882355
0.60784316
0.55686277
0.33725491
0.53333336
0.64705884
0.65098041
0.63529414
0.64705884
0.76470590
0.74117649
0.72156864
0.72549021
0.74117649
0.74509805
0.72549021
0.65490198
0.61568630
0.61960787
0.65098041
0.63921571
0.62745100
0.61568630
0.63921571
0.67058825
0.52941179
0.38431373
0.57254905
0.57647061
0.51764709
0.46666667
0.43921569
0.31764707
0.19215687
0.14117648
0.15686275
0.25098041
0.20392157
0.19215687
0.18823530
0.23137255
0.36078432
0.32941177
0.39215687
0.45882353
0.47450981
0.47843137
0.43921569
0.16470589
0.14509805
0.14509805
0.16078432
0.15686275
0.13333334
0.11372549
0.12941177
0.15686275
0.12156863
0.06274510
0.07450981
0.09803922
0.10588235
0.10588235
0.10588235
0.08627451
0.07450981
0.05490196
0.07058824
0.10196079
0.10196079
0.10980392
0.09803922
0.09019608
0.09411765
0.08627451
0.10196079
0.10196079
0.11372549
0.13333334
0.10588235
0.05490196
0.05098039
0.04705882
0.05098039
0.06274510
0.07058824
0.07450981
0.06666667
0.10980392
0.10196079
0.04705882
0.06666667
0.06666667
0.07450981
0.09019608
0.06666667
0.04705882
0.05490196
0.04313726
0.04705882
0.04705882
0.05098039
0.05490196
0.05098039
0.04705882
0.05098039
0.04313726
0.03921569
0.04705882
0.05098039
0.05882353
0.04705882
0.04313726
0.04313726
0.05490196
0.07450981
0.07843138
0.08627451
0.09019608
0.10196079
0.11372549
0.12549020
0.12156863
0.10980392
0.11764706
0.12156863
0.11764706
0.10980392
0.10980392
0.10196079
0.10980392
0.11764706
0.11764706
0.10196079
0.08235294
0.08235294
0.09019608
0.09019608
0.06666667
0.05490196
0.05098039
0.05490196
0.05490196
0.04705882
0.03529412
0.12156863
0.37647060
0.62745100
0.83137256
0.66666669
0.85490197
0.90588236
0.47058824
0.17254902
0.18823530
0.56862748
0.78431374
0.76470590
0.34509805
0.16470589
0.49019608
0.64313728
0.63529414
0.68627453
0.52941179
0.11764706
0.09803922
0.10196079
0.61176473
0.47450981
0.18823530
0.61568630
0.20784314
0.21176471
0.60784316
0.32549021
0.06274510
0.18039216
0.30588236
0.49803922
0.63921571
0.43921569
0.61568630
0.58039218
0.21960784
0.06666667
0.21176471
0.67450982
0.82745099
0.59215689
0.17254902
0.14901961
0.45882353
0.44313726
0.36078432
0.45098040
0.31372550
0.12549020
0.25882354
0.23921569
0.10588235
0.12549020
0.20000000
0.68627453
0.35686275
0.56470591
0.84705883
0.34117648
0.08627451
0.14117648
0.32156864
0.70588237
0.77647060
0.52941179
0.63137257
0.44313726
0.10588235
0.04705882
0.35294119
0.93725491
0.90196079
0.49411765
0.20000000
0.15294118
0.40784314
0.33725491
0.36078432
0.50980395
0.38431373
0.28627452
0.41960785
0.45490196
0.14901961
0.09411765
0.15686275
0.40392157
0.29411766
0.29803923
0.32156864
0.15294118
0.12941177
0.28627452
0.52156866
0.63137257
0.51372552
0.23137255
0.23921569
0.24705882
0.12156863
0.01960784
0.33725491
0.84313726
0.64705884
0.20784314
0.15294118
0.18823530
0.24705882
0.17254902
0.24313726
0.27058825
0.19607843
0.18823530
0.23137255
0.16078432
0.12549020
0.10980392
0.09019608
0.05882353
0.09803922
0.07843138
0.10980392
0.17254902
0.19215687
0.49411765
0.61568630
0.60392159
0.47450981
0.20392157
0.13333334
0.23921569
0.27058825
0.05098039
0.13725491
0.35686275
0.22352941
0.10980392
0.07450981
0.13725491
0.33725491
0.30196080
0.29411766
0.27843139
0.18431373
0.16078432
0.16078432
0.16470589
0.20784314
0.15686275
0.18431373
0.09803922
0.06666667
0.09803922
0.16078432
0.21568628
0.25882354
0.44705883
0.57647061
0.55294120
0.43529412
0.18039216
0.17254902
0.38823530
0.18431373
0.04313726
0.21176471
0.30980393
0.15294118
0.12549020
0.10980392
0.16078432
0.58039218
0.69019610
0.51764709
0.28627452
0.18823530
0.18039216
0.12156863
0.14509805
0.21568628
0.15294118
0.27843139
0.26666668
0.07058824
0.12941177
0.18431373
0.16470589
0.13725491
0.29019609
0.54117650
0.56078434
0.36470589
0.14117648
0.18823530
0.42745098
0.24705882
0.19607843
0.34901962
0.32549021
0.29019609
0.22745098
0.04313726
0.15686275
0.50196081
0.64313728
0.48235294
0.27058825
0.24313726
0.18039216
0.14117648
0.12941177
0.25098041
0.42352942
0.46666667
0.49019608
0.14509805
0.12156863
0.14901961
0.13725491
0.11372549
0.20000000
0.36470589
0.37647060
0.18823530
0.07450981
0.27058825
0.58823532
0.62352943
0.63137257
0.45882353
0.36470589
0.38823530
0.23529412
0.11372549
0.10196079
0.15686275
0.40784314
0.47058824
0.37647060
0.34509805
0.29411766
0.27450982
0.23137255
0.27450982
0.47843137
0.51764709
0.41176471
0.18431373
0.18823530
0.19215687
0.22352941
0.31764707
0.30588236
0.32156864
0.36470589
0.32549021
0.25490198
0.41568628
0.66274512
0.65882355
0.59607846
0.49803922
0.47058824
0.36078432
0.14117648
0.31372550
0.41176471
0.29803923
0.38039216
0.42745098
0.38039216
0.32549021
0.28627452
0.28235295
0.27450982
0.35686275
0.41568628
0.43529412
0.39607844
0.23529412
0.24705882
0.24313726
0.21176471
0.22745098
0.14901961
0.17647059
0.17647059
0.18431373
0.16078432
0.18431373
0.27843139
0.29411766
0.27843139
0.35686275
0.27843139
0.18431373
0.09411765
0.18039216
0.40392157
0.33333334
0.35686275
0.33725491
0.27058825
0.16078432
0.10980392
0.07450981
0.18039216
0.32549021
0.28627452
0.15686275
0.16862746
0.07058824
0.11764706
0.13333334
0.13725491
0.17254902
0.07450981
0.09411765
0.06666667
0.13725491
0.15686275
0.06666667
0.14117648
0.25490198
0.30588236
0.16470589
0.13333334
0.14117648
0.09803922
0.12156863
0.32941177
0.33725491
0.37647060
0.36470589
0.25882354
0.28235295
0.34509805
0.26274511
0.29803923
0.27058825
0.25882354
0.16078432
0.14509805
0.18039216
0.20392157
0.19215687
0.21176471
0.26274511
0.21568628
0.23137255
0.24705882
0.34509805
0.29803923
0.07450981
0.05882353
0.04313726
0.06666667
0.24705882
0.34901962
0.23137255
0.09019608
0.11764706
0.32156864
0.30980393
0.34509805
0.34901962
0.34901962
0.41568628
0.31764707
0.30196080
0.37254903
0.19607843
0.25882354
0.36470589
0.35294119
0.35686275
0.33725491
0.31764707
0.30980393
0.43921569
0.41176471
0.43529412
0.44705883
0.52156866
0.38431373
0.06274510
0.07450981
0.05882353
0.03921569
0.05098039
0.08627451
0.10980392
0.09411765
0.10196079
0.18039216
0.28235295
0.29019609
0.18431373
0.29019609
0.38823530
0.09019608
0.17647059
0.36078432
0.09803922
0.30196080
0.74509805
0.77254903
0.76470590
0.76470590
0.73725492
0.73725492
0.80000001
0.80392158
0.81960785
0.82745099
0.85098040
0.58431375
0.07450981
0.06666667
0.07058824
0.03921569
0.02745098
0.07450981
0.12549020
0.12549020
0.11764706
0.12549020
0.21568628
0.25098041
0.20784314
0.31764707
0.26666668
0.02352941
0.16470589
0.31764707
0.06666667
0.32941177
0.81960785
0.85490197
0.80784315
0.70588237
0.65882355
0.74901962
0.80000001
0.81176472
0.82352942
0.83529413
0.85098040
0.60784316
0.10196079
0.15686275
0.11764706
0.03529412
0.01960784
0.06274510
0.13333334
0.13725491
0.11764706
0.10980392
0.16470589
0.16470589
0.13333334
0.19607843
0.12941177
0.02745098
0.19607843
0.25490198
0.05490196
0.32549021
0.81568629
0.81176472
0.60784316
0.41960785
0.33333334
0.46666667
0.79607844
0.80000001
0.81176472
0.81960785
0.85098040
0.56862748
0.16862746
0.45490196
0.18823530
0.03529412
0.05098039
0.11372549
0.14509805
0.13333334
0.09803922
0.07843138
0.07450981
0.05490196
0.05490196
0.04705882
0.03529412
0.04313726
0.26274511
0.34901962
0.28235295
0.45490196
0.80784315
0.65882355
0.40000001
0.40392157
0.37647060
0.30588236
0.80392158
0.80000001
0.81568629
0.75294119
0.74901962
0.56862748
0.28627452
0.55686277
0.21176471
0.06666667
0.08235294
0.11764706
0.12156863
0.11372549
0.08235294
0.08627451
0.07450981
0.07450981
0.08627451
0.05490196
0.04313726
0.03137255
0.37647060
0.71372551
0.71372551
0.75686276
0.81176472
0.50196081
0.38039216
0.46666667
0.38039216
0.32156864
0.61176473
0.63529414
0.62352943
0.61568630
0.58823532
0.58431375
0.54509807
0.54509807
0.18431373
0.07450981
0.09803922
0.11372549
0.08235294
0.09019608
0.06666667
0.08627451
0.09411765
0.08627451
0.10980392
0.08627451
0.04705882
0.01176471
0.18039216
0.69019610
0.76078433
0.78039217
0.76078433
0.43921569
0.48627451
0.50196081
0.28235295
0.26666668
0.29019609
0.24313726
0.23921569
0.31764707
0.37254903
0.29411766
0.33725491
0.27058825
0.09411765
0.08235294
0.07450981
0.11372549
0.07450981
0.04705882
0.07843138
0.09803922
0.08235294
0.08627451
0.09803922
0.08235294
0.10980392
0.04705882
0.08627451
0.56078434
0.75686276
0.76862746
0.70196080
0.38431373
0.44313726
0.36078432
0.20784314
0.20392157
0.47450981
0.46666667
0.41568628
0.41176471
0.46666667
0.45882353
0.52156866
0.45098040
0.09803922
0.06666667
0.05882353
0.09803922
0.08235294
0.07843138
0.10196079
0.07843138
0.07450981
0.07843138
0.06274510
0.13333334
0.30588236
0.13725491
0.01960784
0.33725491
0.72941178
0.77254903
0.68235296
0.29803923
0.21568628
0.22745098
0.29411766
0.26666668
0.76470590
0.76470590
0.75686276
0.76078433
0.76862746
0.77647060
0.75294119
0.54117650
0.12156863
0.05490196
0.05098039
0.09411765
0.09019608
0.06666667
0.05882353
0.05490196
0.07058824
0.06274510
0.05490196
0.29019609
0.58823532
0.35686275
0.13725491
0.09411765
0.42745098
0.74117649
0.69019610
0.35294119
0.30588236
0.33333334
0.32549021
0.30588236
0.72941178
0.70588237
0.69019610
0.68627453
0.71764708
0.56862748
0.23921569
0.12941177
0.05882353
0.03921569
0.06666667
0.11372549
0.09019608
0.05490196
0.06274510
0.21568628
0.36078432
0.13333334
0.03529412
0.23921569
0.62352943
0.58431375
0.38823530
0.18039216
0.09019608
0.54117650
0.75294119
0.42745098
0.32156864
0.34901962
0.35686275
0.29411766
0.79215688
0.79215688
0.80000001
0.80000001
0.82352942
0.56470591
0.43529412
0.43529412
0.23137255
0.11372549
0.14509805
0.29803923
0.24313726
0.31764707
0.49019608
0.69411767
0.66666669
0.28235295
0.05490196
0.05882353
0.20784314
0.58431375
0.63921571
0.39215687
0.06666667
0.22745098
0.72549021
0.58431375
0.25882354
0.26274511
0.29803923
0.22745098
0.79607844
0.79607844
0.80392158
0.80392158
0.81176472
0.60000002
0.55294120
0.77647060
0.77254903
0.49019608
0.25490198
0.68235296
0.70980394
0.74117649
0.77647060
0.76862746
0.70196080
0.49019608
0.14901961
0.29019609
0.16862746
0.53725493
0.80784315
0.70196080
0.35294119
0.07058824
0.39215687
0.70196080
0.37647060
0.14117648
0.13725491
0.32549021
0.78431374
0.78039217
0.79215688
0.80000001
0.81960785
0.62352943
0.21568628
0.39215687
0.77254903
0.55294120
0.31372550
0.74901962
0.78431374
0.76078433
0.77254903
0.77647060
0.67450982
0.61960787
0.21568628
0.31372550
0.39215687
0.64705884
0.79215688
0.75686276
0.67058825
0.23921569
0.10588235
0.59607846
0.74117649
0.52549022
0.48627451
0.66666669
0.77647060
0.77254903
0.78039217
0.78823531
0.80784315
0.76470590
0.61960787
0.66274512
0.80784315
0.57254905
0.35686275
0.76078433
0.78039217
0.75686276
0.76078433
0.76470590
0.65490198
0.69803923
0.47450981
0.14509805
0.35686275
0.69411767
0.76078433
0.72549021
0.72156864
0.57254905
0.24313726
0.50588238
0.76078433
0.74509805
0.73725492
0.73333335
0.74901962
0.75294119
0.76862746
0.76470590
0.76470590
0.77254903
0.77647060
0.77647060
0.80392158
0.58039218
0.40784314
0.78039217
0.78823531
0.77254903
0.76862746
0.77254903
0.63921571
0.69411767
0.60392159
0.25882354
0.49019608
0.73725492
0.75294119
0.69019610
0.65098041
0.71372551
0.57647061
0.60392159
0.67843139
0.67843139
0.66666669
0.66274512
0.70980394
0.72156864
0.73333335
0.72549021
0.74117649
0.74117649
0.74901962
0.75294119
0.78431374
0.61960787
0.50588238
0.78823531
0.76078433
0.74117649
0.74509805
0.74509805
0.57254905
0.52941179
0.48235294
0.27058825
0.46274510
0.57254905
0.57254905
0.55686277
0.57254905
0.68627453
0.67058825
0.65098041
0.64705884
0.65098041
0.64313728
0.62745100
0.56862748
0.52941179
0.53333336
0.56470591
0.54901963
0.52941179
0.51764709
0.54509807
0.57254905
0.43921569
0.33725491
0.53333336
0.52549022
0.45882353
0.39607844
0.37647060
0.26274511
0.13333334
0.09019608
0.10980392
0.19607843
0.14117648
0.12549020
0.12156863
0.16862746
0.29411766
0.25882354
0.31372550
0.37254903
0.37647060
0.37254903
0.33333334
0.10588235
0.08627451
0.08627451
0.10196079
0.09411765
0.06666667
0.04705882
0.06666667
0.08627451
0.06274510
0.03529412
0.05098039
0.06274510
0.06274510
0.05490196
0.07450981
0.07450981
0.05882353
0.03529412
0.05098039
0.07843138
0.07058824
0.07450981
0.06666667
0.05882353
0.05882353
0.04705882
0.05490196
0.05098039
0.05098039
0.05882353
0.03921569
0.03529412
0.03529412
0.03137255
0.03529412
0.04313726
0.05098039
0.05490196
0.04705882
0.08627451
0.08235294
0.03921569
0.05490196
0.04705882
0.04705882
0.05882353
0.05882353
0.06274510
0.06274510
0.04705882
0.04705882
0.04313726
0.04705882
0.04705882
0.04705882
0.03921569
0.04705882
0.04705882
0.03921569
0.03921569
0.03921569
0.03529412
0.03137255
0.04313726
0.03921569
0.04705882
0.06274510
0.06666667
0.07058824
0.07058824
0.07450981
0.07843138
0.08627451
0.08627451
0.07843138
0.08627451
0.09411765
0.09411765
0.08627451
0.08627451
0.07843138
0.08627451
0.09019608
0.09411765
0.09019608
0.07058824
0.07058824
0.07843138
0.07843138
0.06274510
0.05882353
0.05098039
0.05098039
0.05098039
0.04705882
0.04313726
0.14117648
0.39607844
0.64705884
0.85490197
0.67450982
0.82745099
0.89411765
0.49411765
0.20000000
0.19215687
0.52941179
0.74509805
0.77254903
0.36470589
0.21960784
0.54901963
0.64705884
0.61568630
0.70196080
0.58039218
0.18039216
0.20000000
0.20000000
0.64313728
0.48627451
0.21960784
0.65098041
0.22745098
0.21960784
0.61176473
0.32941177
0.05490196
0.18823530
0.32156864
0.51372552
0.65098041
0.44313726
0.61176473
0.59215689
0.27450982
0.14117648
0.23529412
0.65882355
0.81568629
0.61568630
0.20392157
0.20392157
0.51372552
0.45490196
0.36862746
0.50980395
0.41568628
0.20000000
0.28627452
0.26274511
0.13333334
0.12156863
0.21568628
0.72156864
0.38823530
0.58823532
0.85882354
0.34117648
0.08627451
0.16078432
0.35686275
0.74901962
0.81960785
0.58039218
0.67843139
0.48235294
0.16078432
0.12549020
0.38431373
0.94117647
0.91764706
0.52549022
0.23921569
0.20784314
0.45490196
0.36078432
0.39607844
0.60000002
0.52549022
0.39215687
0.43529412
0.45098040
0.17647059
0.10588235
0.18039216
0.45098040
0.33725491
0.33333334
0.34117648
0.14901961
0.15686275
0.33725491
0.59607846
0.72549021
0.61960787
0.36078432
0.35294119
0.28627452
0.12941177
0.05098039
0.36078432
0.86666667
0.68235296
0.25098041
0.20000000
0.24313726
0.29803923
0.20784314
0.29411766
0.38431373
0.36470589
0.32941177
0.29019609
0.18431373
0.17254902
0.16470589
0.11764706
0.08627451
0.13725491
0.11372549
0.13333334
0.16470589
0.24313726
0.56470591
0.71764708
0.74117649
0.62352943
0.38039216
0.28627452
0.27450982
0.23529412
0.03921569
0.14901961
0.40000001
0.28627452
0.15686275
0.10980392
0.19215687
0.39607844
0.34117648
0.35294119
0.39215687
0.34901962
0.30980393
0.24313726
0.21960784
0.27843139
0.21960784
0.18431373
0.08235294
0.08627451
0.13333334
0.18823530
0.21176471
0.29411766
0.50196081
0.67450982
0.69803923
0.58039218
0.34117648
0.32941177
0.41568628
0.13333334
0.03529412
0.21960784
0.35686275
0.22352941
0.16862746
0.13333334
0.21568628
0.64705884
0.73725492
0.57647061
0.38823530
0.33333334
0.29019609
0.15686275
0.19607843
0.30196080
0.17647059
0.21176471
0.20784314
0.06666667
0.15294118
0.20784314
0.16862746
0.14509805
0.32549021
0.61960787
0.68235296
0.47058824
0.25490198
0.32156864
0.45098040
0.21176471
0.21176471
0.34901962
0.36078432
0.35294119
0.26274511
0.06274510
0.21568628
0.58431375
0.69411767
0.53725493
0.35686275
0.35686275
0.24313726
0.10588235
0.14901961
0.34117648
0.38823530
0.33333334
0.39607844
0.11764706
0.13725491
0.16862746
0.14509805
0.14901961
0.24705882
0.42352942
0.45490196
0.25882354
0.14509805
0.33333334
0.60000002
0.62745100
0.65490198
0.42352942
0.33333334
0.40000001
0.27058825
0.17254902
0.19215687
0.25490198
0.49019608
0.54509807
0.45098040
0.42745098
0.34509805
0.27843139
0.24313726
0.29803923
0.43137255
0.40000001
0.31372550
0.16078432
0.22352941
0.24313726
0.25882354
0.36862746
0.35686275
0.36862746
0.41568628
0.37647060
0.30196080
0.44705883
0.67843139
0.68235296
0.62352943
0.49411765
0.47058824
0.40000001
0.21960784
0.43137255
0.54509807
0.42745098
0.50588238
0.53333336
0.47450981
0.40784314
0.32549021
0.30588236
0.28235295
0.34509805
0.39215687
0.37254903
0.35294119
0.25882354
0.31372550
0.32156864
0.28235295
0.27058825
0.18823530
0.21176471
0.21568628
0.21960784
0.19607843
0.21960784
0.30588236
0.31764707
0.30980393
0.41176471
0.36078432
0.29411766
0.24313726
0.34901962
0.57254905
0.49019608
0.50588238
0.47058824
0.39215687
0.24705882
0.12941177
0.07843138
0.18431373
0.32549021
0.28235295
0.14901961
0.18431373
0.13725491
0.21568628
0.22745098
0.22352941
0.20784314
0.10196079
0.11764706
0.08627451
0.15686275
0.18039216
0.10196079
0.17647059
0.28235295
0.33333334
0.24705882
0.25490198
0.29019609
0.26666668
0.29803923
0.49803922
0.49411765
0.52156866
0.49019608
0.36470589
0.35686275
0.34117648
0.24705882
0.29803923
0.28235295
0.27843139
0.18431373
0.19215687
0.25098041
0.28627452
0.26274511
0.27843139
0.29019609
0.23529412
0.24705882
0.25490198
0.35686275
0.32156864
0.10980392
0.09411765
0.06666667
0.09019608
0.31372550
0.45490196
0.36470589
0.23529412
0.25490198
0.45098040
0.43529412
0.45098040
0.43137255
0.41176471
0.45098040
0.30196080
0.28627452
0.37254903
0.21960784
0.29019609
0.38823530
0.37647060
0.39215687
0.36470589
0.32941177
0.32156864
0.46274510
0.42352942
0.44313726
0.44705883
0.53725493
0.41960785
0.09411765
0.09411765
0.07450981
0.05882353
0.08627451
0.15686275
0.21176471
0.21176471
0.20784314
0.28235295
0.37647060
0.36470589
0.22745098
0.30980393
0.38823530
0.08235294
0.17254902
0.37254903
0.12549020
0.33725491
0.74901962
0.75686276
0.75686276
0.74901962
0.72156864
0.71764708
0.82352942
0.81960785
0.82352942
0.81960785
0.87843138
0.63921571
0.09411765
0.06274510
0.07450981
0.05882353
0.05490196
0.13725491
0.23529412
0.24705882
0.23137255
0.22352941
0.30196080
0.31372550
0.24313726
0.32549021
0.25882354
0.03137255
0.18039216
0.33725491
0.09019608
0.35294119
0.82745099
0.84313726
0.80000001
0.70196080
0.66274512
0.74901962
0.82745099
0.83137256
0.83137256
0.83137256
0.88627452
0.67450982
0.11764706
0.13725491
0.11372549
0.05882353
0.05490196
0.14117648
0.26666668
0.28627452
0.25882354
0.22352941
0.25882354
0.23529412
0.17254902
0.20784314
0.13333334
0.05490196
0.22745098
0.27843139
0.07450981
0.34117648
0.82745099
0.82745099
0.62745100
0.45490196
0.38431373
0.51372552
0.84313726
0.84313726
0.85098040
0.85882354
0.89019608
0.60000002
0.18039216
0.45882353
0.19607843
0.05098039
0.07843138
0.20000000
0.27058825
0.25490198
0.21960784
0.16470589
0.11764706
0.09803922
0.07843138
0.03921569
0.01960784
0.06666667
0.28627452
0.35686275
0.27843139
0.43921569
0.79607844
0.70588237
0.46666667
0.48235294
0.48235294
0.38431373
0.80784315
0.80392158
0.82745099
0.76470590
0.75686276
0.57254905
0.29411766
0.56078434
0.20392157
0.04705882
0.09803922
0.20000000
0.23529412
0.20392157
0.16862746
0.13725491
0.09019608
0.09411765
0.09411765
0.03921569
0.01568628
0.03921569
0.38823530
0.70980394
0.69803923
0.72941178
0.77647060
0.54117650
0.45098040
0.55294120
0.50588238
0.40784314
0.60000002
0.62745100
0.61960787
0.61176473
0.58823532
0.58431375
0.54117650
0.52941179
0.15686275
0.03529412
0.10588235
0.19607843
0.18039216
0.14901961
0.11372549
0.10980392
0.09411765
0.09803922
0.11372549
0.07058824
0.02352941
0.01176471
0.18431373
0.68627453
0.74901962
0.76862746
0.72156864
0.44705883
0.53725493
0.56862748
0.38431373
0.34509805
0.29019609
0.24705882
0.24313726
0.32549021
0.37647060
0.29411766
0.33725491
0.26666668
0.07843138
0.05490196
0.08627451
0.18431373
0.14901961
0.07450981
0.08235294
0.09411765
0.07450981
0.08627451
0.09803922
0.06666667
0.08627451
0.03529412
0.07843138
0.55294120
0.75294119
0.76862746
0.67058825
0.37647060
0.47450981
0.40392157
0.26666668
0.25490198
0.45882353
0.45490196
0.40784314
0.40392157
0.45882353
0.45882353
0.53725493
0.47450981
0.12941177
0.09019608
0.07843138
0.16078432
0.14117648
0.08627451
0.07843138
0.05490196
0.05098039
0.06666667
0.05490196
0.11764706
0.28235295
0.11764706
0.00784314
0.32941177
0.73333335
0.78039217
0.67843139
0.29411766
0.23529412
0.23921569
0.29411766
0.27843139
0.76470590
0.76470590
0.76078433
0.76862746
0.77254903
0.78039217
0.77647060
0.58823532
0.18039216
0.10588235
0.07450981
0.15294118
0.13725491
0.05882353
0.03137255
0.03137255
0.03529412
0.03921569
0.03921569
0.27450982
0.57254905
0.33333334
0.12156863
0.09019608
0.43529412
0.76078433
0.69803923
0.35294119
0.32549021
0.33333334
0.29019609
0.29411766
0.76078433
0.74509805
0.72941178
0.73333335
0.74509805
0.57647061
0.25098041
0.15294118
0.09019608
0.05882353
0.07843138
0.16078432
0.13725491
0.04705882
0.03529412
0.18431373
0.31764707
0.09803922
0.01176471
0.22745098
0.60784316
0.56078434
0.36862746
0.17254902
0.09411765
0.56078434
0.75686276
0.41176471
0.33725491
0.35294119
0.32549021
0.29411766
0.80392158
0.81176472
0.81960785
0.81960785
0.83529413
0.56470591
0.43529412
0.43137255
0.21176471
0.09411765
0.14117648
0.33725491
0.28627452
0.31764707
0.47450981
0.66274512
0.61568630
0.24313726
0.03137255
0.04705882
0.20000000
0.56470591
0.61960787
0.38039216
0.07058824
0.24313726
0.71372551
0.54509807
0.26274511
0.27058825
0.27843139
0.24313726
0.80000001
0.80392158
0.81176472
0.81176472
0.82745099
0.62352943
0.58039218
0.79607844
0.78431374
0.49803922
0.25490198
0.69803923
0.72941178
0.74901962
0.78039217
0.76078433
0.67843139
0.47058824
0.13333334
0.28235295
0.16078432
0.52549022
0.79607844
0.69019610
0.34901962
0.06666667
0.37254903
0.66666669
0.36078432
0.12941177
0.12156863
0.32941177
0.80784315
0.80392158
0.81568629
0.82352942
0.84313726
0.64705884
0.23921569
0.41568628
0.79215688
0.57254905
0.31372550
0.74117649
0.78039217
0.76078433
0.77647060
0.77254903
0.65882355
0.61176473
0.20784314
0.30588236
0.38431373
0.63529414
0.77647060
0.74117649
0.65490198
0.22745098
0.09411765
0.58431375
0.72941178
0.51764709
0.48235294
0.66666669
0.80784315
0.80000001
0.81176472
0.81960785
0.82352942
0.76078433
0.61568630
0.65882355
0.80392158
0.56862748
0.34117648
0.74117649
0.76862746
0.74509805
0.75294119
0.74901962
0.63529414
0.67843139
0.45882353
0.13333334
0.34509805
0.67450982
0.74117649
0.70588237
0.70196080
0.55686277
0.23137255
0.50196081
0.76078433
0.74901962
0.74509805
0.72941178
0.76078433
0.76470590
0.78039217
0.77647060
0.76470590
0.76078433
0.76470590
0.76470590
0.79215688
0.56470591
0.38039216
0.74901962
0.76078433
0.74901962
0.74901962
0.74509805
0.61176473
0.66666669
0.58431375
0.24313726
0.47058824
0.71372551
0.72549021
0.66666669
0.62745100
0.69019610
0.55294120
0.58823532
0.66666669
0.66666669
0.65882355
0.64313728
0.68235296
0.69411767
0.70588237
0.69803923
0.72156864
0.73725492
0.74509805
0.74901962
0.78039217
0.61176473
0.47843137
0.75294119
0.72941178
0.70980394
0.71764708
0.71372551
0.53333336
0.49803922
0.45882353
0.25098041
0.44313726
0.54901963
0.54509807
0.52941179
0.54509807
0.65882355
0.62745100
0.60392159
0.60000002
0.61176473
0.60784316
0.58823532
0.51372552
0.47450981
0.47843137
0.50588238
0.51764709
0.53333336
0.52156866
0.54509807
0.57647061
0.43921569
0.31372550
0.50196081
0.50196081
0.43529412
0.37647060
0.34509805
0.22352941
0.10588235
0.07058824
0.09803922
0.18431373
0.11764706
0.10196079
0.09803922
0.14509805
0.27058825
0.21176471
0.25098041
0.31372550
0.32156864
0.32156864
0.28627452
0.07058824
0.05098039
0.04705882
0.06666667
0.07450981
0.07058824
0.05098039
0.06666667
0.09019608
0.06666667
0.02352941
0.03529412
0.04705882
0.05098039
0.04705882
0.05098039
0.03921569
0.03137255
0.01960784
0.04313726
0.07058824
0.05490196
0.05882353
0.04705882
0.04313726
0.04313726
0.01960784
0.01960784
0.01960784
0.01960784
0.03137255
0.01568628
0.03137255
0.02352941
0.02352941
0.02352941
0.03529412
0.04313726
0.04705882
0.03921569
0.08235294
0.07450981
0.02745098
0.03921569
0.03921569
0.03921569
0.05098039
0.03921569
0.02745098
0.03921569
0.03137255
0.03921569
0.03921569
0.03529412
0.03529412
0.03137255
0.02745098
0.03137255
0.03921569
0.03529412
0.03921569
0.03921569
0.04313726
0.02745098
0.03529412
0.02745098
0.03137255
0.04313726
0.04705882
0.05490196
0.05098039
0.04705882
0.05098039
0.05490196
0.05098039
0.04313726
0.05490196
0.06666667
0.07058824
0.05882353
0.05882353
0.05490196
0.06666667
0.07058824
0.07450981
0.07058824
0.05098039
0.05098039
0.06274510
0.05882353
0.04705882
0.04313726
0.03921569
0.03921569
0.03921569
0.03137255
1 0 0 0 0 0 0 -1 0 0 0
0 1 0 0 0 0 0 -1 0 0 0
0 0 1 0 0 0 0 -1 0 0 0
0 0 0 1 0 0 0 -1 0 0 0
0 0 0 0 1 0 0 -1 0 0 0
0 0 0 0 0 1 0 -1 0 0 0
0 0 0 0 0 0 1 -1 0 0 0
0 0 0 0 0 0 0 -1 1 0 0
0 0 0 0 0 0 0 -1 0 1 0
