0.17254902
0.18431373
0.09411765
0.07450981
0.16862746
0.21176471
0.26666668
0.16862746
0.22352941
0.42352942
0.30980393
0.20000000
0.23529412
0.36078432
0.36078432
0.41176471
0.34509805
0.30980393
0.27450982
0.30588236
0.22352941
0.23137255
0.27450982
0.20000000
0.22352941
0.20392157
0.20000000
0.20784314
0.31764707
0.33333334
0.33333334
0.32941177
0.24705882
0.24705882
0.12549020
0.03137255
0.04705882
0.05490196
0.16862746
0.11372549
0.17254902
0.32941177
0.24313726
0.25098041
0.21176471
0.37647060
0.39215687
0.43921569
0.54117650
0.55294120
0.41960785
0.29803923
0.21568628
0.20392157
0.25098041
0.20784314
0.25490198
0.27058825
0.28627452
0.28235295
0.31764707
0.32156864
0.32941177
0.31372550
0.29411766
0.23137255
0.09019608
0.02745098
0.13725491
0.12549020
0.10196079
0.11764706
0.21960784
0.35294119
0.23529412
0.34117648
0.30196080
0.45098040
0.40392157
0.49411765
0.68627453
0.63137257
0.70588237
0.70588237
0.55294120
0.31372550
0.26274511
0.25098041
0.32549021
0.35686275
0.36078432
0.30980393
0.27843139
0.26274511
0.31372550
0.32549021
0.27058825
0.30196080
0.12156863
0.03137255
0.09019608
0.19607843
0.18823530
0.18431373
0.24705882
0.40000001
0.30980393
0.35686275
0.35686275
0.39607844
0.40000001
0.56470591
0.88235295
0.80000001
0.59215689
0.74509805
0.77647060
0.66666669
0.37254903
0.21960784
0.25882354
0.34117648
0.35686275
0.28627452
0.27843139
0.27450982
0.27843139
0.25490198
0.28235295
0.34901962
0.21960784
0.08627451
0.08627451
0.17647059
0.16470589
0.10980392
0.22352941
0.41960785
0.32156864
0.27450982
0.30588236
0.40000001
0.43921569
0.68235296
0.90588236
0.94117647
0.86274511
0.64705884
0.52156866
0.52156866
0.48235294
0.40392157
0.30196080
0.29019609
0.33725491
0.22745098
0.27843139
0.34901962
0.26274511
0.28627452
0.30196080
0.32549021
0.21568628
0.23921569
0.30980393
0.29019609
0.13725491
0.05490196
0.25882354
0.38431373
0.25098041
0.25882354
0.23921569
0.42745098
0.40784314
0.72941178
0.86666667
0.87058824
0.85490197
0.59215689
0.39215687
0.36078432
0.46666667
0.41176471
0.37647060
0.36862746
0.36078432
0.25490198
0.29803923
0.45882353
0.28235295
0.41176471
0.27058825
0.25882354
0.20392157
0.25882354
0.29019609
0.31764707
0.27058825
0.22352941
0.35686275
0.48235294
0.27450982
0.25490198
0.47058824
0.51372552
0.40392157
0.69019610
0.83921570
0.80392158
0.74117649
0.72941178
0.61568630
0.34901962
0.39607844
0.45098040
0.47058824
0.47058824
0.38823530
0.28235295
0.23921569
0.39215687
0.29803923
0.34509805
0.30588236
0.25098041
0.26666668
0.31372550
0.29019609
0.32549021
0.41568628
0.43529412
0.52156866
0.58823532
0.44705883
0.48235294
0.72156864
0.58823532
0.39607844
0.55686277
0.66666669
0.63529414
0.71372551
0.76470590
0.82745099
0.78823531
0.52156866
0.41568628
0.45098040
0.35294119
0.34117648
0.25098041
0.21568628
0.35294119
0.29803923
0.17254902
0.30196080
0.29019609
0.30588236
0.36862746
0.39215687
0.41176471
0.60000002
0.60000002
0.61568630
0.49411765
0.45490196
0.49411765
0.48627451
0.49411765
0.54901963
0.34901962
0.53725493
0.72156864
0.79607844
0.84313726
0.88235295
0.94901961
0.84705883
0.47450981
0.30588236
0.36078432
0.32156864
0.25098041
0.33333334
0.43137255
0.32941177
0.24705882
0.37647060
0.34117648
0.27058825
0.25882354
0.38823530
0.29803923
0.47450981
0.56078434
0.56078434
0.46666667
0.30196080
0.27450982
0.28627452
0.34509805
0.37647060
0.31372550
0.55294120
0.85098040
0.87058824
0.89411765
0.85098040
0.83921570
0.93725491
0.92156863
0.50588238
0.21568628
0.25490198
0.28235295
0.36862746
0.43529412
0.31764707
0.27058825
0.43529412
0.43137255
0.35294119
0.13333334
0.10980392
0.09803922
0.20784314
0.20784314
0.28235295
0.54509807
0.33333334
0.26274511
0.29411766
0.25098041
0.27450982
0.22745098
0.38431373
0.81176472
0.84313726
0.81568629
0.78039217
0.79607844
0.91372550
0.99607843
0.81568629
0.52156866
0.51372552
0.52549022
0.41176471
0.44705883
0.38823530
0.34901962
0.43921569
0.40784314
0.42352942
0.33333334
0.28235295
0.34901962
0.23137255
0.00784314
0.20000000
0.46274510
0.27450982
0.23921569
0.20784314
0.14509805
0.20000000
0.34117648
0.52549022
0.72549021
0.81568629
0.77254903
0.78039217
0.83921570
0.91764706
0.89411765
0.83137256
0.68627453
0.43921569
0.56078434
0.41960785
0.32156864
0.38823530
0.41568628
0.31372550
0.35294119
0.42745098
0.42745098
0.23137255
0.12156863
0.03529412
0.00000000
0.18431373
0.39607844
0.60000002
0.40392157
0.14901961
0.30980393
0.54901963
0.28627452
0.34901962
0.73333335
0.79215688
0.69019610
0.67843139
0.75686276
0.82352942
0.80784315
0.77254903
0.64705884
0.58039218
0.46666667
0.33333334
0.43921569
0.34509805
0.40784314
0.36470589
0.42352942
0.45098040
0.40000001
0.26666668
0.23529412
0.07450981
0.01960784
0.09019608
0.33725491
0.68627453
0.48627451
0.24705882
0.65882355
0.87843138
0.44705883
0.15686275
0.39607844
0.80000001
0.75686276
0.64705884
0.63529414
0.75686276
0.76078433
0.67843139
0.65882355
0.65098041
0.35294119
0.25490198
0.42745098
0.25098041
0.35686275
0.50980395
0.56470591
0.49411765
0.28235295
0.25882354
0.27450982
0.14509805
0.08627451
0.18823530
0.40000001
0.65490198
0.42352942
0.21176471
0.54509807
0.76862746
0.79607844
0.45882353
0.16470589
0.44313726
0.72549021
0.81568629
0.76470590
0.78039217
0.67450982
0.57647061
0.76078433
0.60784316
0.25098041
0.20784314
0.27058825
0.12549020
0.17647059
0.49411765
0.53725493
0.49019608
0.27843139
0.27843139
0.35294119
0.32549021
0.30196080
0.36862746
0.41568628
0.42745098
0.32549021
0.18431373
0.30196080
0.58431375
0.86274511
0.80784315
0.43529412
0.16078432
0.44313726
0.86274511
0.94509804
0.84313726
0.65490198
0.50588238
0.51764709
0.53725493
0.31764707
0.25490198
0.28627452
0.18431373
0.19215687
0.55294120
0.54901963
0.55686277
0.54901963
0.53333336
0.50980395
0.49803922
0.49803922
0.47843137
0.43921569
0.41568628
0.33725491
0.13725491
0.18431373
0.64705884
0.80392158
0.89019608
0.83137256
0.55686277
0.49803922
0.82352942
0.95294118
0.90196079
0.61176473
0.49803922
0.47843137
0.50588238
0.51764709
0.49803922
0.49411765
0.46666667
0.45882353
0.59215689
0.58039218
0.58431375
0.52549022
0.44313726
0.41176471
0.44313726
0.45490196
0.45490196
0.43921569
0.42352942
0.39607844
0.27450982
0.54901963
0.81568629
0.86274511
0.89019608
0.83529413
0.88235295
0.87450981
0.88627452
0.98039216
0.87058824
0.49803922
0.49411765
0.48235294
0.43529412
0.49411765
0.53725493
0.54117650
0.54901963
0.55686277
0.54117650
0.50588238
0.47058824
0.43921569
0.43921569
0.46666667
0.48627451
0.48627451
0.44313726
0.44705883
0.39607844
0.37647060
0.54117650
0.83921570
0.76862746
0.90196079
0.85882354
0.78431374
0.86274511
0.92549020
0.94901961
0.91372550
0.56862748
0.43137255
0.48235294
0.47843137
0.44705883
0.43529412
0.46666667
0.49411765
0.51372552
0.54901963
0.48235294
0.49019608
0.50588238
0.53725493
0.56862748
0.56078434
0.56078434
0.53725493
0.48627451
0.47843137
0.41568628
0.59215689
0.72941178
0.78039217
0.74509805
0.69019610
0.70588237
0.68235296
0.75294119
0.86274511
0.85098040
0.55294120
0.40392157
0.45098040
0.50980395
0.56078434
0.55294120
0.50980395
0.47843137
0.45098040
0.44313726
0.45882353
0.56470591
0.57254905
0.59215689
0.59607846
0.59215689
0.58431375
0.57254905
0.54509807
0.57254905
0.52156866
0.60784316
0.83137256
0.73725492
0.87058824
0.92549020
0.74509805
0.67450982
0.61176473
0.65882355
0.78823531
0.55686277
0.42745098
0.46274510
0.49411765
0.54117650
0.57254905
0.54509807
0.52549022
0.50588238
0.49019608
0.47450981
0.45882353
0.71764708
0.70196080
0.69411767
0.69803923
0.69411767
0.67450982
0.63529414
0.68627453
0.76470590
0.74117649
0.77254903
0.78039217
0.71764708
0.85098040
0.94901961
0.94117647
0.64705884
0.48627451
0.55686277
0.48235294
0.47058824
0.49411765
0.49019608
0.49019608
0.51372552
0.55686277
0.54117650
0.53333336
0.52941179
0.51764709
0.49411765
0.48235294
0.83529413
0.82745099
0.83921570
0.85098040
0.89411765
0.92156863
0.92549020
0.94509804
0.92941177
0.80000001
0.72941178
0.78823531
0.74117649
0.81568629
0.89019608
0.96470588
0.56078434
0.40784314
0.78431374
0.80392158
0.80784315
0.79215688
0.77254903
0.75686276
0.76470590
0.78039217
0.76862746
0.75686276
0.72941178
0.69411767
0.68235296
0.67058825
0.61568630
0.59607846
0.58823532
0.60784316
0.74901962
0.88235295
0.94117647
0.93333334
0.84705883
0.68627453
0.81176472
0.78431374
0.70196080
0.71764708
0.76862746
0.84313726
0.64705884
0.56078434
0.69411767
0.66666669
0.69803923
0.72549021
0.70588237
0.71372551
0.71764708
0.72549021
0.73725492
0.74509805
0.74901962
0.76078433
0.77647060
0.80392158
0.80392158
0.79607844
0.79215688
0.78823531
0.85098040
0.95294118
0.93725491
0.86274511
0.72156864
0.72941178
0.84705883
0.80784315
0.71372551
0.61960787
0.69411767
0.69411767
0.61960787
0.74117649
0.69803923
0.63921571
0.64705884
0.66666669
0.65490198
0.64313728
0.63529414
0.64705884
0.61568630
0.61176473
0.60784316
0.62352943
0.63529414
0.63921571
0.82352942
0.80784315
0.81568629
0.82352942
0.82745099
0.87058824
0.83529413
0.74901962
0.71764708
0.80784315
0.81568629
0.84705883
0.78823531
0.61960787
0.67058825
0.70196080
0.73725492
0.83921570
0.84705883
0.85490197
0.85882354
0.85490197
0.83921570
0.83921570
0.83529413
0.83921570
0.83921570
0.83529413
0.84313726
0.83529413
0.82745099
0.82352942
0.79215688
0.78039217
0.78431374
0.78823531
0.78823531
0.79215688
0.78039217
0.71764708
0.76470590
0.80000001
0.80392158
0.80000001
0.63529414
0.55294120
0.69803923
0.76862746
0.83921570
0.83137256
0.82352942
0.81568629
0.82352942
0.83921570
0.83921570
0.85098040
0.83137256
0.81568629
0.82745099
0.83137256
0.82745099
0.83921570
0.83137256
0.85882354
0.78431374
0.76078433
0.76078433
0.77254903
0.77254903
0.76078433
0.75294119
0.76078433
0.77647060
0.78823531
0.80000001
0.73333335
0.40392157
0.48235294
0.61960787
0.82352942
0.81568629
0.80000001
0.76862746
0.74117649
0.77254903
0.80784315
0.81568629
0.81960785
0.80784315
0.78431374
0.78823531
0.80784315
0.80000001
0.79607844
0.79607844
0.80000001
0.76078433
0.75686276
0.76078433
0.75294119
0.76078433
0.76470590
0.75294119
0.75686276
0.75686276
0.76862746
0.79607844
0.81176472
0.61960787
0.64313728
0.68627453
0.79215688
0.82352942
0.77254903
0.76078433
0.75686276
0.76470590
0.75686276
0.78823531
0.78039217
0.80784315
0.80392158
0.80000001
0.80784315
0.83137256
0.81960785
0.80784315
0.79607844
0.78823531
0.77254903
0.76078433
0.76078433
0.76078433
0.78823531
0.78823531
0.74509805
0.73333335
0.72549021
0.78039217
0.77647060
0.76470590
0.81960785
0.84313726
0.70980394
0.72156864
0.81568629
0.82352942
0.77647060
0.78431374
0.78431374
0.82352942
0.83529413
0.83529413
0.83137256
0.84313726
0.87450981
0.88627452
0.86666667
0.88627452
0.87843138
0.80000001
0.78431374
0.77647060
0.78039217
0.76470590
0.78431374
0.82352942
0.80784315
0.82352942
0.78823531
0.76470590
0.77254903
0.81176472
0.79607844
0.82352942
0.87058824
0.79215688
0.81176472
0.85882354
0.88235295
0.88627452
0.90196079
0.90588236
0.91372550
0.92156863
0.90196079
0.89411765
0.87058824
0.86666667
0.92156863
0.92941177
0.91764706
0.84705883
0.82745099
0.79607844
0.80784315
0.80392158
0.79607844
0.79215688
0.79607844
0.80784315
0.77647060
0.74509805
0.72941178
0.80392158
0.76470590
0.73333335
0.79607844
0.84705883
0.87058824
0.88627452
0.90588236
0.89019608
0.86666667
0.87450981
0.88627452
0.91764706
0.90980393
0.92549020
0.90588236
0.90588236
0.93725491
0.92941177
0.92156863
0.06274510
0.10980392
0.05098039
0.04705882
0.11764706
0.10588235
0.15294118
0.09803922
0.18823530
0.39215687
0.27450982
0.16470589
0.20392157
0.33333334
0.32549021
0.36470589
0.28627452
0.25098041
0.22745098
0.26666668
0.19607843
0.20000000
0.22745098
0.18039216
0.20784314
0.15686275
0.15686275
0.18039216
0.28627452
0.30196080
0.30588236
0.30980393
0.11764706
0.13333334
0.07058824
0.01960784
0.02745098
0.01176471
0.11372549
0.07058824
0.14117648
0.29803923
0.21176471
0.21568628
0.17254902
0.33725491
0.36470589
0.41568628
0.50980395
0.52156866
0.38823530
0.26274511
0.17647059
0.16470589
0.21960784
0.19607843
0.22745098
0.20392157
0.23137255
0.25098041
0.28627452
0.29019609
0.30196080
0.29411766
0.18431373
0.12549020
0.06274510
0.03529412
0.10980392
0.09019608
0.05098039
0.05490196
0.17647059
0.32549021
0.20784314
0.30588236
0.25490198
0.40392157
0.38039216
0.48627451
0.68235296
0.61960787
0.68627453
0.67058825
0.50196081
0.26666668
0.25098041
0.25490198
0.29411766
0.27058825
0.29803923
0.27843139
0.24705882
0.23137255
0.27843139
0.27058825
0.19607843
0.22352941
0.09019608
0.02745098
0.08235294
0.16862746
0.13725491
0.11764706
0.22352941
0.37647060
0.25490198
0.30980393
0.31764707
0.32941177
0.34509805
0.57647061
0.91372550
0.80000001
0.56078434
0.69019610
0.71372551
0.62352943
0.32941177
0.12156863
0.19215687
0.29019609
0.29411766
0.24705882
0.21176471
0.17254902
0.21176471
0.20392157
0.20000000
0.25098041
0.13725491
0.03137255
0.04313726
0.12941177
0.12156863
0.06666667
0.20392157
0.39215687
0.27843139
0.24705882
0.29803923
0.36078432
0.40392157
0.72941178
0.95294118
0.94117647
0.83137256
0.58039218
0.45882353
0.48235294
0.40784314
0.23137255
0.18039216
0.20392157
0.22745098
0.18039216
0.21176471
0.24313726
0.21568628
0.24705882
0.19607843
0.19607843
0.09411765
0.12156863
0.19215687
0.19607843
0.07843138
0.01568628
0.20784314
0.35294119
0.25098041
0.24313726
0.21960784
0.40784314
0.41176471
0.81176472
0.91372550
0.86274511
0.82352942
0.52941179
0.33333334
0.32156864
0.37647060
0.24313726
0.24313726
0.21568628
0.18823530
0.19215687
0.25882354
0.38431373
0.25098041
0.36862746
0.18039216
0.12941177
0.07450981
0.12156863
0.14117648
0.18823530
0.17254902
0.14509805
0.27450982
0.45098040
0.27058825
0.17254902
0.33333334
0.41568628
0.38823530
0.78039217
0.89803922
0.80000001
0.70588237
0.66274512
0.55294120
0.29019609
0.27058825
0.29411766
0.37647060
0.34901962
0.20784314
0.20784314
0.19215687
0.27450982
0.20000000
0.29411766
0.25098041
0.15294118
0.11372549
0.14117648
0.13725491
0.20000000
0.30588236
0.32549021
0.43921569
0.56470591
0.42352942
0.34117648
0.51764709
0.45882353
0.34117648
0.60392159
0.72941178
0.64705884
0.68627453
0.71764708
0.78039217
0.73333335
0.40000001
0.27450982
0.34509805
0.22352941
0.17254902
0.18823530
0.10588235
0.14117648
0.19215687
0.14509805
0.24313726
0.20392157
0.13725491
0.12156863
0.13725491
0.24313726
0.50196081
0.52941179
0.56078434
0.47058824
0.42352942
0.38039216
0.34117648
0.41960785
0.49411765
0.34117648
0.58823532
0.76862746
0.81960785
0.85882354
0.89411765
0.94117647
0.79607844
0.39215687
0.19215687
0.21568628
0.16862746
0.20000000
0.18431373
0.20392157
0.30588236
0.23137255
0.25490198
0.22352941
0.14509805
0.08235294
0.16470589
0.14509805
0.38431373
0.50588238
0.49803922
0.41568628
0.26274511
0.20784314
0.20000000
0.27450982
0.31372550
0.28627452
0.58039218
0.92156863
0.94901961
0.96078432
0.90980393
0.87450981
0.93725491
0.90588236
0.47058824
0.16078432
0.14901961
0.20392157
0.25490198
0.30588236
0.30980393
0.20392157
0.27450982
0.28235295
0.22745098
0.07058824
0.09019608
0.04705882
0.14117648
0.14901961
0.23529412
0.49803922
0.28627452
0.20784314
0.23137255
0.18431373
0.20000000
0.18039216
0.38431373
0.85882354
0.90196079
0.85882354
0.81960785
0.81568629
0.90196079
0.98039216
0.80000001
0.49803922
0.45098040
0.42352942
0.31764707
0.37254903
0.32156864
0.23137255
0.28235295
0.23529412
0.28627452
0.22745098
0.17647059
0.24705882
0.17647059
0.00000000
0.19607843
0.43529412
0.22352941
0.17254902
0.14509805
0.09411765
0.13725491
0.28627452
0.50196081
0.72549021
0.81568629
0.76862746
0.77254903
0.81568629
0.85882354
0.83529413
0.77254903
0.62745100
0.38431373
0.47058824
0.32156864
0.21960784
0.25098041
0.27058825
0.16862746
0.18823530
0.28235295
0.32549021
0.17254902
0.10196079
0.05490196
0.02352941
0.18039216
0.36862746
0.56078434
0.34901962
0.10196079
0.30196080
0.53725493
0.25882354
0.31764707
0.69411767
0.74901962
0.65098041
0.66274512
0.73725492
0.77254903
0.74509805
0.69411767
0.55686277
0.48235294
0.39215687
0.20000000
0.25098041
0.19215687
0.24705882
0.23921569
0.29019609
0.34509805
0.32156864
0.18823530
0.16078432
0.03137255
0.00784314
0.08627451
0.32549021
0.65882355
0.43921569
0.18431373
0.61568630
0.85098040
0.43137255
0.14509805
0.34509805
0.72941178
0.69411767
0.59215689
0.58823532
0.70196080
0.70588237
0.62352943
0.60392159
0.51764709
0.22745098
0.11372549
0.24705882
0.10980392
0.20784314
0.37647060
0.43921569
0.41176471
0.23529412
0.20784314
0.18431373
0.08235294
0.07058824
0.14117648
0.33333334
0.60392159
0.38039216
0.16078432
0.48627451
0.72549021
0.77254903
0.43921569
0.12156863
0.38823530
0.67058825
0.75294119
0.70196080
0.71764708
0.60392159
0.49803922
0.66666669
0.42352942
0.12156863
0.13725491
0.18431373
0.07058824
0.11372549
0.20000000
0.25098041
0.24705882
0.09019608
0.09411765
0.10980392
0.09803922
0.13725491
0.18039216
0.23137255
0.32549021
0.28627452
0.16862746
0.27058825
0.54901963
0.81960785
0.76078433
0.40784314
0.14117648
0.41568628
0.83137256
0.90980393
0.78823531
0.53725493
0.32156864
0.29019609
0.21176471
0.06274510
0.09411765
0.12941177
0.05882353
0.08235294
0.09019608
0.08235294
0.08627451
0.09411765
0.08627451
0.05490196
0.06274510
0.09019608
0.09803922
0.10196079
0.25098041
0.32156864
0.12941177
0.14509805
0.60392159
0.75686276
0.86666667
0.81568629
0.51372552
0.42745098
0.76862746
0.93333334
0.85490197
0.34901962
0.09803922
0.07450981
0.07450981
0.08627451
0.09411765
0.09803922
0.07843138
0.08235294
0.07450981
0.07843138
0.08627451
0.08235294
0.08235294
0.04705882
0.06666667
0.07450981
0.06274510
0.04705882
0.20000000
0.33725491
0.21568628
0.45882353
0.72941178
0.79607844
0.86666667
0.80392158
0.81960785
0.80784315
0.84313726
0.95294118
0.73333335
0.15294118
0.03921569
0.05490196
0.04313726
0.08235294
0.10588235
0.09019608
0.07843138
0.06666667
0.10196079
0.09803922
0.08235294
0.06274510
0.06274510
0.07450981
0.06666667
0.05882353
0.04705882
0.04313726
0.12549020
0.27058825
0.45490196
0.73333335
0.67843139
0.82352942
0.79607844
0.71764708
0.80000001
0.87058824
0.90196079
0.81960785
0.29019609
0.05490196
0.05490196
0.05490196
0.05882353
0.05098039
0.06274510
0.07450981
0.07843138
0.07450981
0.06274510
0.07058824
0.08627451
0.09411765
0.09411765
0.09019608
0.09803922
0.08627451
0.08235294
0.05882353
0.12549020
0.51372552
0.69019610
0.71372551
0.71372551
0.63529414
0.61176473
0.59215689
0.69019610
0.78823531
0.72156864
0.32156864
0.05098039
0.07058824
0.08627451
0.08627451
0.08235294
0.07058824
0.05882353
0.05098039
0.05490196
0.05882353
0.07450981
0.07058824
0.06666667
0.07450981
0.09411765
0.10588235
0.10980392
0.09019608
0.11764706
0.08627451
0.33333334
0.76862746
0.75294119
0.84705883
0.90588236
0.68627453
0.57254905
0.52941179
0.55294120
0.57647061
0.22745098
0.04313726
0.07450981
0.08235294
0.09019608
0.07843138
0.07058824
0.08235294
0.07843138
0.07843138
0.07058824
0.04705882
0.43921569
0.40784314
0.38431373
0.38823530
0.39215687
0.38039216
0.35294119
0.41176471
0.49411765
0.50980395
0.61960787
0.74901962
0.75294119
0.85098040
0.92549020
0.89411765
0.56078434
0.36078432
0.34901962
0.16470589
0.07058824
0.06666667
0.05490196
0.03137255
0.03137255
0.05098039
0.04705882
0.04705882
0.04313726
0.02745098
0.00784314
0.01568628
0.82352942
0.81568629
0.82352942
0.82745099
0.85882354
0.88627452
0.89411765
0.92156863
0.91764706
0.78039217
0.69803923
0.78823531
0.75686276
0.80392158
0.86666667
0.93725491
0.50196081
0.29019609
0.63529414
0.63921571
0.61176473
0.58039218
0.56862748
0.54509807
0.53333336
0.53333336
0.50196081
0.47843137
0.45098040
0.41960785
0.40784314
0.38823530
0.59607846
0.58823532
0.59607846
0.61176473
0.73333335
0.86666667
0.92941177
0.93333334
0.82352942
0.63137257
0.75686276
0.74509805
0.66666669
0.65882355
0.70980394
0.78039217
0.58039218
0.49019608
0.65882355
0.65098041
0.65098041
0.66274512
0.67843139
0.69411767
0.69803923
0.70588237
0.71372551
0.72549021
0.73333335
0.74509805
0.74901962
0.74117649
0.70196080
0.70980394
0.71372551
0.72549021
0.79607844
0.89019608
0.87843138
0.80392158
0.61176473
0.60000002
0.73725492
0.72156864
0.64705884
0.55294120
0.62352943
0.61176473
0.52156866
0.64313728
0.62745100
0.58039218
0.56862748
0.56470591
0.56862748
0.56470591
0.56078434
0.57647061
0.55686277
0.55294120
0.55294120
0.56470591
0.57647061
0.58431375
0.72941178
0.71372551
0.72549021
0.74509805
0.76470590
0.79215688
0.75294119
0.66666669
0.60000002
0.68235296
0.70980394
0.75294119
0.71372551
0.56862748
0.60784316
0.61960787
0.63529414
0.72156864
0.72156864
0.72941178
0.72941178
0.73333335
0.73725492
0.74117649
0.73333335
0.73725492
0.72156864
0.71372551
0.71764708
0.71372551
0.70980394
0.72156864
0.69019610
0.68235296
0.68627453
0.68627453
0.68235296
0.67450982
0.65882355
0.59607846
0.63529414
0.67843139
0.69019610
0.69411767
0.54117650
0.48627451
0.62352943
0.68235296
0.73725492
0.71372551
0.69803923
0.69411767
0.69803923
0.71764708
0.72941178
0.74117649
0.72549021
0.70588237
0.70980394
0.70980394
0.70588237
0.71764708
0.70980394
0.74509805
0.67058825
0.64705884
0.64705884
0.65882355
0.64705884
0.63529414
0.62352943
0.63137257
0.64705884
0.66666669
0.68627453
0.62352943
0.30980393
0.40392157
0.53725493
0.72549021
0.70588237
0.67843139
0.64705884
0.61960787
0.64705884
0.68627453
0.69411767
0.69803923
0.68627453
0.66274512
0.67058825
0.68627453
0.67843139
0.67450982
0.67450982
0.67843139
0.62745100
0.62745100
0.62745100
0.62745100
0.64705884
0.65098041
0.64313728
0.64313728
0.63137257
0.64705884
0.68627453
0.70588237
0.52156866
0.56078434
0.60000002
0.69411767
0.70980394
0.65098041
0.63921571
0.63921571
0.64313728
0.63529414
0.66666669
0.65490198
0.68235296
0.67843139
0.67843139
0.68627453
0.70980394
0.69803923
0.68235296
0.66666669
0.64313728
0.63137257
0.61960787
0.62745100
0.63921571
0.66666669
0.66666669
0.62745100
0.61176473
0.60392159
0.65882355
0.65490198
0.64313728
0.70980394
0.76078433
0.63137257
0.62745100
0.70196080
0.70980394
0.66274512
0.67450982
0.67450982
0.70196080
0.71372551
0.71372551
0.70980394
0.72156864
0.75294119
0.76470590
0.74509805
0.76470590
0.75686276
0.65882355
0.64313728
0.63921571
0.64705884
0.63529414
0.65490198
0.69411767
0.67843139
0.69411767
0.66274512
0.63529414
0.64313728
0.67843139
0.67058825
0.72549021
0.78431374
0.69019610
0.69019610
0.73725492
0.76470590
0.76862746
0.78431374
0.77647060
0.78431374
0.79607844
0.77254903
0.76862746
0.74901962
0.74509805
0.80000001
0.80784315
0.79607844
0.70980394
0.69019610
0.66274512
0.67058825
0.66274512
0.65490198
0.65098041
0.65490198
0.66666669
0.63529414
0.60392159
0.58823532
0.65490198
0.61568630
0.61960787
0.69019610
0.72549021
0.74117649
0.75686276
0.77647060
0.76470590
0.73725492
0.73725492
0.74509805
0.77647060
0.76862746
0.79607844
0.78823531
0.78431374
0.81568629
0.80784315
0.80000001
0.04705882
0.08627451
0.06274510
0.08235294
0.12549020
0.07843138
0.12156863
0.09411765
0.16862746
0.38039216
0.29019609
0.18039216
0.19607843
0.28627452
0.25490198
0.29803923
0.25098041
0.21960784
0.18823530
0.23921569
0.18039216
0.18039216
0.20392157
0.15294118
0.18039216
0.13333334
0.12156863
0.13725491
0.24313726
0.25882354
0.25882354
0.27843139
0.10196079
0.12156863
0.08627451
0.04705882
0.04313726
0.00392157
0.09019608
0.04705882
0.12941177
0.28235295
0.20392157
0.22745098
0.18431373
0.31372550
0.30196080
0.35294119
0.47843137
0.49803922
0.36078432
0.23529412
0.14901961
0.13725491
0.19215687
0.16078432
0.20000000
0.18823530
0.20000000
0.20784314
0.24313726
0.24705882
0.25490198
0.25098041
0.16470589
0.10980392
0.07058824
0.03921569
0.09803922
0.09411765
0.06274510
0.07058824
0.18431373
0.30588236
0.17647059
0.31372550
0.28235295
0.39215687
0.32941177
0.43137255
0.65490198
0.60784316
0.66666669
0.64313728
0.46666667
0.22745098
0.21568628
0.21568628
0.26666668
0.25882354
0.27058825
0.23529412
0.20392157
0.18823530
0.23137255
0.23137255
0.16470589
0.19607843
0.09019608
0.03921569
0.08235294
0.18039216
0.14901961
0.13333334
0.22745098
0.34117648
0.20392157
0.31764707
0.37254903
0.32156864
0.28235295
0.54117650
0.89803922
0.78431374
0.53725493
0.65098041
0.68235296
0.60000002
0.31372550
0.10980392
0.16862746
0.27058825
0.27843139
0.19607843
0.14901961
0.13725491
0.18039216
0.16470589
0.14901961
0.20392157
0.12156863
0.03529412
0.04313726
0.12941177
0.12156863
0.06666667
0.20000000
0.34901962
0.21960784
0.23529412
0.32549021
0.32549021
0.32941177
0.70980394
0.95294118
0.90588236
0.76862746
0.50980395
0.40392157
0.44313726
0.37647060
0.20000000
0.13333334
0.17647059
0.21568628
0.12549020
0.14117648
0.20392157
0.18039216
0.20784314
0.14901961
0.14117648
0.06666667
0.09803922
0.16078432
0.17647059
0.07058824
0.01568628
0.18431373
0.30588236
0.19607843
0.19607843
0.18039216
0.34901962
0.34901962
0.81568629
0.92941177
0.81568629
0.74117649
0.43921569
0.25882354
0.26274511
0.31764707
0.18039216
0.16862746
0.17254902
0.17647059
0.14901961
0.20392157
0.34509805
0.19607843
0.32941177
0.16078432
0.09803922
0.05882353
0.10980392
0.12549020
0.16470589
0.14117648
0.10588235
0.21568628
0.40392157
0.23921569
0.12156863
0.27058825
0.36862746
0.35294119
0.82352942
0.93333334
0.76862746
0.64313728
0.59215689
0.50196081
0.25882354
0.23137255
0.23529412
0.29411766
0.30196080
0.18823530
0.16470589
0.16078432
0.25490198
0.15294118
0.25490198
0.22745098
0.11764706
0.10196079
0.13725491
0.12156863
0.18431373
0.27058825
0.26274511
0.36078432
0.52156866
0.40392157
0.28627452
0.43529412
0.40000001
0.30196080
0.62352943
0.75686276
0.63529414
0.65098041
0.67058825
0.74117649
0.70588237
0.37254903
0.23529412
0.29411766
0.19607843
0.15294118
0.13725491
0.08235294
0.13333334
0.16078432
0.12549020
0.16862746
0.13725491
0.12549020
0.12549020
0.11372549
0.22352941
0.45098040
0.43921569
0.48235294
0.43529412
0.40000001
0.30980393
0.23921569
0.32549021
0.41568628
0.29803923
0.59215689
0.77254903
0.81176472
0.84313726
0.86666667
0.90588236
0.76078433
0.36078432
0.17254902
0.20392157
0.16862746
0.14509805
0.14117648
0.19607843
0.27450982
0.23137255
0.16470589
0.15294118
0.12941177
0.09803922
0.17254902
0.13725491
0.35294119
0.45490196
0.44705883
0.38039216
0.23137255
0.14509805
0.11764706
0.20000000
0.24313726
0.24313726
0.58039218
0.94509804
0.97254902
0.97647059
0.92156863
0.87058824
0.89803922
0.86666667
0.43921569
0.13725491
0.14509805
0.18431373
0.23529412
0.29803923
0.27058825
0.18039216
0.19215687
0.20784314
0.18823530
0.06274510
0.09019608
0.03921569
0.13333334
0.16078432
0.21568628
0.45882353
0.25098041
0.16862746
0.18039216
0.12549020
0.13725491
0.14117648
0.37647060
0.87450981
0.91764706
0.86274511
0.81960785
0.79215688
0.83921570
0.91764706
0.73725492
0.44313726
0.40000001
0.40392157
0.30588236
0.34509805
0.27058825
0.18039216
0.22745098
0.16862746
0.21568628
0.17647059
0.14117648
0.18431373
0.11764706
0.00000000
0.16470589
0.38823530
0.18039216
0.14901961
0.13333334
0.06274510
0.08627451
0.24705882
0.47843137
0.69411767
0.77647060
0.73333335
0.72941178
0.75294119
0.78039217
0.75294119
0.68627453
0.53725493
0.27843139
0.41176471
0.29019609
0.16470589
0.18823530
0.21176471
0.11764706
0.12156863
0.18823530
0.23137255
0.12156863
0.06666667
0.03529412
0.02745098
0.16470589
0.32156864
0.50196081
0.31372550
0.09803922
0.29019609
0.49411765
0.21176471
0.28627452
0.60784316
0.66274512
0.61176473
0.61568630
0.66274512
0.67450982
0.63921571
0.58431375
0.43529412
0.34901962
0.31764707
0.16078432
0.18431373
0.12941177
0.17254902
0.17647059
0.22352941
0.25490198
0.23921569
0.14509805
0.14117648
0.03137255
0.01176471
0.06274510
0.26274511
0.58431375
0.38823530
0.16078432
0.56862748
0.78039217
0.37647060
0.12549020
0.29411766
0.66274512
0.63921571
0.52941179
0.49411765
0.56470591
0.55686277
0.46666667
0.43137255
0.38039216
0.18823530
0.09803922
0.20784314
0.07450981
0.12156863
0.36862746
0.43529412
0.40392157
0.20000000
0.15686275
0.16078432
0.07058824
0.05098039
0.11372549
0.27450982
0.52941179
0.31764707
0.11372549
0.41568628
0.63137257
0.69019610
0.39215687
0.09411765
0.33333334
0.57254905
0.64705884
0.58431375
0.57254905
0.45098040
0.33333334
0.49411765
0.30196080
0.09411765
0.12156863
0.15294118
0.06666667
0.09803922
0.18823530
0.25490198
0.25098041
0.08235294
0.08627451
0.12549020
0.11764706
0.13725491
0.17647059
0.20000000
0.25490198
0.21568628
0.11764706
0.21960784
0.44705883
0.70588237
0.68627453
0.38039216
0.07843138
0.28627452
0.68235296
0.76862746
0.65490198
0.41960785
0.21176471
0.18823530
0.15686275
0.07843138
0.11372549
0.13725491
0.09411765
0.10588235
0.10196079
0.10588235
0.11372549
0.12156863
0.11764706
0.09019608
0.09019608
0.10980392
0.10196079
0.09411765
0.20000000
0.23921569
0.09411765
0.10980392
0.44313726
0.63921571
0.82745099
0.78039217
0.43529412
0.30196080
0.61176473
0.77254903
0.71764708
0.29411766
0.09411765
0.08627451
0.10588235
0.13725491
0.13333334
0.11764706
0.09803922
0.09803922
0.11372549
0.11764706
0.12156863
0.10196079
0.08235294
0.04705882
0.07058824
0.07843138
0.06274510
0.04705882
0.14901961
0.23529412
0.11372549
0.30980393
0.56078434
0.73333335
0.82745099
0.72941178
0.71764708
0.66666669
0.69019610
0.81176472
0.63529414
0.12549020
0.06274510
0.07843138
0.06666667
0.10588235
0.12549020
0.10588235
0.09411765
0.09411765
0.11372549
0.10196079
0.08235294
0.06274510
0.07058824
0.08627451
0.08627451
0.07843138
0.04705882
0.04705882
0.09019608
0.19215687
0.32156864
0.50196081
0.51372552
0.77647060
0.71764708
0.58823532
0.65490198
0.71372551
0.76862746
0.72941178
0.25882354
0.04705882
0.05882353
0.05490196
0.05490196
0.05490196
0.07450981
0.09803922
0.10588235
0.11764706
0.06666667
0.07843138
0.09411765
0.10196079
0.09411765
0.09019608
0.09411765
0.07843138
0.06274510
0.06666667
0.13333334
0.49803922
0.65882355
0.58431375
0.52156866
0.51372552
0.48627451
0.42745098
0.50588238
0.62352943
0.63137257
0.30196080
0.05490196
0.07058824
0.08627451
0.09019608
0.08627451
0.07843138
0.07450981
0.07450981
0.08235294
0.08627451
0.09411765
0.09411765
0.09803922
0.09411765
0.08627451
0.08235294
0.09019608
0.07450981
0.09019608
0.08235294
0.34901962
0.76862746
0.75686276
0.81960785
0.78039217
0.54509807
0.43921569
0.36862746
0.38823530
0.45882353
0.19607843
0.06274510
0.07450981
0.08235294
0.09803922
0.09411765
0.07450981
0.08235294
0.08235294
0.08627451
0.08235294
0.07450981
0.40784314
0.38039216
0.36470589
0.34509805
0.32156864
0.31372550
0.29411766
0.35686275
0.44313726
0.47058824
0.60784316
0.74117649
0.75294119
0.85098040
0.86666667
0.78823531
0.45490196
0.26666668
0.26666668
0.11764706
0.07450981
0.10196079
0.07843138
0.05882353
0.06666667
0.09803922
0.09019608
0.09019608
0.08627451
0.07058824
0.05098039
0.05882353
0.60784316
0.60392159
0.61568630
0.62352943
0.68627453
0.76470590
0.78823531
0.80784315
0.82745099
0.69803923
0.61960787
0.74117649
0.74509805
0.79607844
0.80392158
0.83921570
0.41176471
0.21568628
0.54901963
0.54117650
0.54117650
0.53333336
0.50588238
0.48627451
0.47843137
0.48235294
0.46666667
0.45098040
0.42352942
0.39215687
0.38039216
0.35686275
0.29411766
0.28627452
0.28627452
0.32941177
0.53333336
0.75686276
0.85098040
0.82352942
0.72549021
0.50588238
0.59215689
0.60784316
0.59215689
0.61568630
0.61960787
0.67058825
0.47843137
0.36078432
0.47058824
0.42352942
0.43921569
0.46666667
0.46274510
0.47450981
0.47843137
0.48627451
0.51372552
0.53333336
0.54117650
0.55294120
0.56470591
0.57647061
0.43921569
0.44705883
0.45098040
0.45882353
0.58039218
0.78823531
0.81176472
0.69803923
0.47843137
0.40784314
0.48627451
0.47058824
0.46666667
0.45098040
0.50196081
0.47843137
0.39607844
0.46666667
0.38823530
0.31764707
0.30980393
0.32156864
0.31372550
0.30588236
0.30196080
0.31372550
0.30196080
0.30196080
0.30196080
0.31372550
0.33333334
0.36078432
0.44705883
0.43529412
0.44705883
0.45490196
0.50196081
0.63137257
0.63137257
0.50588238
0.39607844
0.43137255
0.42745098
0.47058824
0.50196081
0.45882353
0.47843137
0.46666667
0.47058824
0.50980395
0.49019608
0.50196081
0.50196081
0.50196081
0.49803922
0.50196081
0.49411765
0.49803922
0.47450981
0.46274510
0.47058824
0.46274510
0.46274510
0.49019608
0.38431373
0.38039216
0.38431373
0.38039216
0.40000001
0.45490196
0.46666667
0.38823530
0.40392157
0.42745098
0.44705883
0.49411765
0.41568628
0.41960785
0.50588238
0.50196081
0.50980395
0.47450981
0.45882353
0.45098040
0.45882353
0.47450981
0.48627451
0.49803922
0.47843137
0.45882353
0.45882353
0.45882353
0.45490196
0.46666667
0.46274510
0.50980395
0.37647060
0.36078432
0.36078432
0.36862746
0.36862746
0.37254903
0.37647060
0.38823530
0.40392157
0.41568628
0.45098040
0.43529412
0.19607843
0.33333334
0.41176471
0.53333336
0.46274510
0.41960785
0.39215687
0.36078432
0.39215687
0.43137255
0.43921569
0.44313726
0.43137255
0.40784314
0.41568628
0.43529412
0.42745098
0.42352942
0.42352942
0.43529412
0.37254903
0.37647060
0.37647060
0.37647060
0.38823530
0.38823530
0.38039216
0.39607844
0.39607844
0.39607844
0.43137255
0.47058824
0.34509805
0.44705883
0.46274510
0.52156866
0.50588238
0.41568628
0.38823530
0.38039216
0.38039216
0.37254903
0.40784314
0.39607844
0.42352942
0.41960785
0.42352942
0.43529412
0.45882353
0.44705883
0.43137255
0.41960785
0.40392157
0.39607844
0.38431373
0.38823530
0.39607844
0.42352942
0.42352942
0.38431373
0.36862746
0.36078432
0.41568628
0.41176471
0.41960785
0.53333336
0.61568630
0.49803922
0.48235294
0.52156866
0.50196081
0.43137255
0.40784314
0.40392157
0.45882353
0.47058824
0.46666667
0.46666667
0.47450981
0.50196081
0.51372552
0.49411765
0.51372552
0.50588238
0.40784314
0.39607844
0.39215687
0.39607844
0.38431373
0.40392157
0.44705883
0.42745098
0.44705883
0.41176471
0.38823530
0.39215687
0.42745098
0.43137255
0.53725493
0.63137257
0.54117650
0.50196081
0.51764709
0.52549022
0.50980395
0.51764709
0.52549022
0.53725493
0.54509807
0.52156866
0.51764709
0.49803922
0.49411765
0.54901963
0.55686277
0.54509807
0.44313726
0.42745098
0.40000001
0.40784314
0.40000001
0.39215687
0.38823530
0.39215687
0.40784314
0.37254903
0.34117648
0.32549021
0.38823530
0.35294119
0.39215687
0.47843137
0.50588238
0.50588238
0.51372552
0.52549022
0.50980395
0.47843137
0.47450981
0.48235294
0.51372552
0.50588238
0.54117650
0.53725493
0.53333336
0.56470591
0.55686277
0.54901963
1 0 0 0 0 0 0 -1 0 0 0
0 1 0 0 0 0 0 -1 0 0 0
0 0 1 0 0 0 0 -1 0 0 0
0 0 0 1 0 0 0 -1 0 0 0
0 0 0 0 1 0 0 -1 0 0 0
0 0 0 0 0 1 0 -1 0 0 0
0 0 0 0 0 0 1 -1 0 0 0
0 0 0 0 0 0 0 -1 1 0 0
0 0 0 0 0 0 0 -1 0 1 0
