0.92941177
0.91764706
0.91372550
0.92156863
0.92941177
0.92941177
0.92549020
0.92549020
0.92549020
0.92549020
0.92549020
0.90980393
0.87058824
0.90196079
0.90588236
0.90588236
0.91764706
0.92549020
0.92941177
0.92549020
0.92156863
0.92941177
0.91764706
0.91372550
0.91372550
0.91764706
0.92156863
0.91764706
0.92156863
0.91764706
0.90588236
0.89411765
0.93333334
0.92941177
0.92941177
0.93333334
0.93333334
0.93725491
0.93725491
0.93333334
0.93333334
0.93333334
0.93725491
0.90980393
0.89019608
0.90588236
0.88235295
0.89411765
0.92549020
0.93333334
0.93333334
0.92549020
0.92549020
0.92941177
0.91764706
0.91764706
0.92941177
0.92941177
0.92941177
0.92549020
0.93333334
0.92941177
0.91372550
0.89803922
0.94117647
0.93333334
0.93333334
0.93725491
0.93725491
0.93725491
0.93333334
0.93333334
0.92941177
0.92941177
0.93725491
0.90196079
0.89019608
0.92941177
0.90196079
0.88627452
0.91764706
0.93333334
0.93725491
0.90588236
0.91372550
0.92549020
0.92156863
0.92156863
0.93333334
0.93333334
0.93333334
0.92941177
0.92941177
0.92156863
0.90980393
0.89803922
0.94117647
0.92156863
0.93333334
0.93725491
0.93725491
0.93333334
0.93333334
0.93333334
0.92549020
0.92549020
0.93333334
0.90196079
0.88627452
0.93333334
0.93333334
0.92156863
0.90588236
0.90980393
0.93333334
0.89411765
0.89411765
0.92941177
0.92549020
0.92549020
0.93725491
0.93725491
0.93333334
0.93333334
0.92941177
0.91764706
0.90980393
0.89411765
0.94117647
0.92156863
0.92941177
0.93725491
0.94117647
0.94117647
0.93725491
0.93333334
0.92549020
0.92549020
0.92941177
0.89803922
0.88627452
0.92156863
0.93333334
0.93333334
0.92549020
0.91764706
0.91764706
0.87843138
0.90196079
0.91372550
0.92941177
0.93333334
0.94117647
0.94117647
0.93725491
0.93333334
0.92941177
0.91764706
0.90980393
0.89019608
0.93725491
0.92941177
0.93333334
0.93725491
0.93725491
0.93333334
0.92156863
0.92941177
0.92941177
0.92941177
0.92941177
0.89019608
0.86666667
0.91764706
0.90980393
0.92156863
0.92941177
0.92941177
0.92941177
0.85490197
0.89803922
0.90588236
0.91764706
0.93725491
0.94117647
0.94117647
0.93333334
0.92941177
0.92549020
0.91764706
0.90588236
0.89019608
0.93333334
0.93333334
0.93333334
0.93333334
0.93725491
0.93725491
0.89411765
0.89803922
0.90980393
0.92941177
0.93333334
0.87058824
0.86274511
0.93725491
0.89803922
0.89803922
0.93725491
0.93333334
0.92941177
0.84705883
0.86666667
0.92156863
0.88235295
0.93725491
0.94117647
0.93725491
0.93333334
0.92549020
0.92549020
0.91372550
0.90588236
0.89019608
0.93333334
0.93333334
0.93333334
0.93725491
0.94509804
0.94117647
0.88627452
0.90588236
0.89019608
0.91372550
0.92941177
0.84313726
0.83529413
0.93333334
0.92941177
0.92156863
0.91372550
0.92941177
0.93333334
0.83529413
0.87843138
0.90980393
0.91764706
0.92549020
0.94117647
0.93725491
0.93333334
0.92549020
0.92549020
0.91372550
0.89803922
0.88627452
0.93725491
0.93333334
0.93333334
0.94117647
0.94509804
0.93725491
0.87058824
0.91764706
0.92549020
0.91764706
0.91764706
0.79215688
0.77254903
0.93333334
0.93333334
0.93333334
0.92156863
0.91372550
0.92156863
0.82352942
0.91372550
0.90980393
0.91372550
0.92156863
0.93333334
0.94117647
0.93333334
0.92549020
0.92156863
0.90980393
0.89411765
0.88235295
0.93725491
0.93333334
0.93333334
0.93725491
0.93725491
0.93333334
0.83921570
0.89803922
0.92941177
0.92941177
0.92549020
0.76470590
0.74117649
0.93333334
0.93725491
0.94117647
0.94509804
0.93333334
0.90196079
0.75686276
0.90196079
0.93333334
0.90588236
0.92156863
0.92156863
0.93725491
0.93333334
0.92549020
0.91764706
0.90588236
0.89019608
0.88235295
0.93725491
0.93333334
0.93333334
0.93725491
0.94117647
0.92941177
0.83921570
0.89411765
0.92156863
0.92941177
0.92941177
0.77647060
0.71372551
0.91372550
0.93725491
0.94117647
0.94509804
0.94509804
0.91764706
0.69803923
0.85882354
0.94509804
0.92156863
0.91372550
0.91764706
0.92156863
0.93333334
0.92549020
0.91764706
0.90588236
0.89019608
0.88235295
0.93725491
0.93333334
0.93333334
0.93725491
0.93725491
0.92549020
0.81960785
0.90588236
0.89411765
0.91764706
0.92941177
0.78431374
0.78431374
0.89411765
0.92549020
0.93725491
0.94117647
0.93725491
0.91764706
0.70980394
0.81176472
0.93333334
0.94117647
0.91372550
0.91764706
0.91764706
0.92549020
0.92549020
0.91764706
0.90588236
0.89019608
0.87843138
0.93725491
0.93333334
0.93333334
0.93333334
0.93333334
0.92156863
0.76078433
0.90588236
0.90980393
0.90980393
0.91764706
0.77254903
0.81960785
0.89803922
0.90588236
0.92941177
0.93725491
0.93333334
0.90196079
0.73725492
0.82352942
0.90588236
0.93333334
0.92549020
0.91372550
0.90980393
0.90588236
0.91764706
0.91764706
0.90196079
0.88627452
0.87450981
0.93725491
0.93333334
0.93333334
0.93333334
0.93725491
0.91764706
0.74901962
0.89019608
0.94117647
0.91764706
0.89803922
0.76862746
0.81176472
0.90588236
0.89411765
0.89803922
0.94509804
0.93333334
0.88627452
0.75686276
0.85882354
0.89411765
0.91764706
0.93725491
0.89411765
0.90196079
0.87450981
0.90588236
0.91372550
0.89803922
0.88627452
0.87058824
0.93725491
0.93333334
0.92941177
0.93333334
0.94117647
0.92156863
0.79215688
0.87843138
0.90588236
0.92156863
0.88235295
0.76470590
0.81960785
0.91372550
0.90980393
0.90196079
0.92549020
0.93333334
0.87843138
0.76078433
0.89411765
0.86666667
0.91372550
0.92156863
0.92156863
0.91372550
0.89803922
0.89411765
0.90588236
0.89411765
0.88627452
0.87058824
0.93725491
0.93333334
0.93333334
0.93725491
0.94117647
0.91372550
0.78823531
0.89803922
0.88627452
0.90588236
0.87843138
0.73333335
0.81960785
0.92549020
0.89411765
0.92156863
0.90196079
0.93333334
0.87058824
0.74117649
0.90196079
0.87843138
0.90196079
0.92156863
0.92156863
0.90980393
0.91372550
0.89411765
0.89019608
0.89411765
0.88235295
0.86666667
0.93725491
0.93333334
0.93333334
0.93333334
0.93725491
0.90588236
0.79607844
0.91764706
0.92156863
0.89803922
0.85490197
0.69019610
0.78431374
0.94117647
0.87843138
0.91372550
0.91764706
0.90588236
0.83921570
0.70588237
0.90980393
0.91372550
0.87843138
0.92941177
0.90196079
0.89019608
0.90196079
0.90588236
0.88235295
0.88235295
0.87450981
0.86274511
0.93725491
0.93333334
0.93333334
0.92941177
0.93333334
0.90196079
0.76470590
0.90980393
0.92549020
0.91764706
0.85098040
0.67843139
0.79215688
0.93725491
0.90588236
0.90588236
0.93333334
0.89803922
0.81568629
0.63921571
0.89803922
0.93725491
0.87450981
0.90980393
0.91372550
0.88235295
0.89411765
0.90196079
0.89803922
0.87450981
0.87058824
0.85882354
0.93725491
0.93333334
0.92941177
0.92549020
0.93333334
0.88627452
0.68235296
0.88627452
0.93333334
0.92549020
0.86274511
0.63529414
0.73333335
0.93725491
0.91764706
0.90196079
0.93333334
0.92156863
0.76078433
0.60000002
0.89411765
0.94117647
0.89803922
0.86274511
0.92941177
0.90980393
0.89411765
0.89019608
0.90588236
0.87843138
0.85882354
0.86274511
0.93333334
0.92941177
0.92941177
0.92549020
0.93333334
0.86274511
0.61568630
0.87058824
0.93333334
0.92156863
0.85490197
0.63529414
0.68235296
0.89803922
0.92549020
0.90196079
0.91372550
0.90980393
0.73725492
0.56862748
0.86666667
0.93725491
0.91372550
0.83529413
0.90980393
0.92156863
0.90196079
0.88235295
0.89019608
0.88235295
0.85490197
0.85490197
0.92941177
0.92156863
0.92549020
0.92549020
0.93333334
0.85490197
0.58039218
0.85098040
0.93333334
0.91372550
0.83921570
0.70588237
0.73725492
0.83529413
0.89019608
0.92156863
0.89411765
0.87058824
0.76078433
0.61176473
0.82745099
0.92941177
0.92156863
0.86274511
0.88235295
0.92156863
0.91372550
0.88235295
0.87843138
0.88235295
0.86666667
0.84705883
0.92549020
0.92156863
0.92549020
0.92549020
0.93333334
0.84705883
0.60000002
0.82745099
0.93725491
0.90588236
0.81960785
0.74901962
0.79215688
0.82352942
0.81960785
0.86666667
0.86666667
0.88235295
0.77647060
0.70196080
0.84313726
0.87450981
0.92549020
0.90196079
0.85882354
0.91372550
0.90980393
0.89803922
0.86666667
0.87450981
0.87843138
0.83137256
0.92156863
0.87843138
0.90980393
0.92549020
0.92549020
0.86274511
0.68627453
0.83921570
0.91372550
0.90588236
0.83529413
0.75294119
0.81960785
0.85882354
0.87058824
0.80392158
0.84313726
0.89019608
0.77254903
0.74117649
0.88627452
0.83529413
0.89803922
0.92156863
0.86274511
0.89019608
0.90980393
0.90588236
0.88235295
0.84313726
0.82745099
0.79215688
0.89019608
0.79607844
0.88627452
0.92156863
0.92156863
0.86666667
0.70196080
0.85490197
0.87843138
0.89019608
0.83921570
0.72156864
0.80000001
0.87450981
0.90588236
0.87843138
0.84705883
0.85098040
0.76470590
0.73725492
0.87058824
0.87058824
0.85882354
0.90588236
0.88627452
0.86666667
0.90588236
0.88627452
0.83921570
0.79215688
0.80784315
0.82745099
0.83921570
0.80392158
0.87058824
0.91764706
0.92549020
0.85490197
0.70196080
0.85098040
0.90196079
0.86274511
0.83529413
0.73333335
0.79607844
0.86274511
0.88627452
0.90196079
0.87843138
0.84705883
0.76862746
0.75686276
0.87450981
0.91372550
0.87058824
0.86666667
0.90588236
0.85882354
0.83529413
0.81176472
0.80000001
0.81568629
0.83529413
0.84705883
0.86274511
0.88235295
0.85882354
0.90588236
0.91764706
0.84313726
0.71372551
0.84705883
0.92156863
0.85490197
0.84313726
0.76470590
0.80392158
0.86274511
0.90588236
0.90196079
0.89411765
0.87843138
0.75686276
0.78039217
0.88627452
0.90588236
0.90196079
0.84705883
0.83921570
0.75686276
0.68627453
0.82745099
0.84313726
0.83529413
0.84705883
0.85490197
0.87843138
0.90980393
0.88627452
0.90588236
0.92156863
0.85882354
0.75686276
0.86666667
0.92156863
0.87450981
0.83529413
0.77254903
0.81176472
0.87058824
0.90980393
0.87843138
0.89019608
0.87058824
0.77254903
0.74509805
0.85882354
0.89411765
0.90196079
0.82352942
0.64705884
0.62352943
0.75686276
0.84705883
0.82745099
0.84705883
0.86274511
0.85490197
0.88235295
0.92549020
0.87058824
0.76078433
0.76862746
0.72156864
0.68235296
0.77254903
0.81960785
0.81568629
0.81568629
0.74509805
0.81176472
0.89411765
0.91764706
0.87843138
0.88627452
0.83529413
0.75294119
0.73725492
0.80392158
0.84313726
0.77254903
0.68627453
0.66274512
0.75686276
0.81568629
0.82352942
0.83529413
0.85882354
0.85882354
0.85098040
0.90196079
0.91764706
0.87843138
0.67058825
0.63137257
0.55686277
0.56470591
0.59607846
0.60000002
0.62745100
0.66666669
0.62745100
0.72549021
0.78039217
0.77254903
0.76078433
0.75686276
0.67450982
0.63529414
0.64313728
0.66666669
0.64313728
0.58823532
0.60000002
0.74901962
0.81960785
0.78823531
0.81568629
0.85882354
0.86274511
0.85882354
0.85098040
0.90980393
0.91372550
0.91764706
0.76078433
0.65490198
0.60392159
0.59215689
0.60000002
0.60000002
0.60392159
0.63529414
0.64705884
0.65490198
0.65098041
0.63921571
0.63921571
0.63137257
0.62352943
0.63137257
0.63529414
0.60392159
0.57254905
0.60392159
0.66274512
0.79607844
0.82352942
0.80784315
0.84313726
0.85882354
0.86274511
0.85882354
0.85098040
0.87058824
0.86274511
0.86274511
0.80784315
0.62745100
0.58431375
0.58039218
0.59607846
0.61568630
0.61960787
0.63921571
0.65098041
0.65882355
0.65490198
0.65490198
0.65490198
0.63137257
0.64705884
0.65490198
0.64313728
0.61960787
0.60000002
0.69411767
0.77647060
0.80784315
0.80784315
0.80784315
0.81568629
0.83137256
0.83529413
0.82745099
0.81960785
0.76470590
0.76470590
0.76862746
0.75294119
0.63137257
0.60000002
0.58823532
0.58823532
0.58823532
0.59215689
0.59607846
0.59607846
0.60392159
0.60392159
0.60784316
0.59607846
0.56862748
0.57254905
0.58431375
0.57254905
0.57254905
0.57647061
0.70588237
0.74509805
0.72941178
0.71372551
0.71372551
0.72549021
0.74509805
0.75686276
0.74901962
0.74117649
0.89803922
0.88627452
0.88235295
0.89411765
0.89803922
0.89803922
0.89411765
0.89411765
0.89411765
0.89411765
0.89803922
0.87843138
0.84313726
0.86666667
0.86666667
0.86666667
0.87843138
0.88627452
0.88627452
0.88235295
0.87450981
0.87843138
0.86666667
0.85882354
0.87058824
0.88627452
0.89019608
0.88627452
0.88235295
0.87450981
0.86274511
0.84705883
0.90196079
0.89803922
0.89803922
0.90196079
0.90196079
0.90588236
0.90588236
0.90196079
0.90196079
0.90196079
0.90588236
0.87843138
0.85882354
0.87058824
0.84313726
0.85490197
0.88627452
0.89019608
0.89019608
0.88235295
0.88235295
0.88627452
0.87450981
0.87450981
0.89019608
0.89803922
0.89803922
0.89411765
0.89019608
0.88235295
0.87450981
0.85490197
0.90980393
0.90196079
0.90196079
0.90588236
0.90588236
0.90588236
0.90196079
0.90196079
0.89803922
0.89803922
0.90588236
0.87058824
0.86274511
0.89411765
0.86274511
0.84705883
0.87843138
0.89019608
0.89411765
0.86274511
0.87058824
0.89019608
0.88627452
0.88627452
0.89803922
0.90196079
0.90196079
0.89803922
0.89019608
0.87843138
0.86666667
0.85490197
0.90980393
0.89019608
0.90196079
0.90588236
0.90588236
0.90196079
0.90196079
0.90196079
0.89411765
0.89411765
0.90196079
0.87058824
0.85490197
0.89803922
0.89411765
0.88235295
0.86666667
0.87058824
0.89019608
0.85098040
0.85490197
0.89803922
0.89411765
0.89803922
0.90588236
0.90588236
0.90196079
0.90196079
0.89019608
0.87450981
0.86274511
0.85490197
0.90980393
0.89019608
0.89803922
0.90588236
0.90980393
0.90980393
0.90588236
0.90196079
0.89411765
0.89411765
0.89803922
0.86666667
0.85490197
0.88627452
0.89411765
0.89411765
0.88627452
0.87450981
0.87450981
0.83529413
0.86274511
0.88627452
0.90196079
0.90980393
0.91372550
0.90980393
0.90588236
0.89803922
0.89019608
0.87450981
0.86666667
0.85098040
0.90588236
0.89803922
0.90196079
0.90588236
0.90588236
0.90196079
0.89019608
0.89411765
0.89803922
0.89803922
0.89803922
0.85490197
0.83529413
0.88235295
0.87058824
0.88627452
0.89411765
0.89019608
0.89019608
0.81960785
0.86274511
0.87843138
0.89019608
0.90980393
0.90980393
0.90980393
0.90196079
0.89803922
0.88627452
0.87450981
0.86274511
0.85098040
0.90196079
0.90196079
0.90196079
0.90196079
0.90588236
0.90588236
0.85882354
0.85882354
0.87843138
0.90196079
0.90196079
0.83137256
0.82745099
0.90588236
0.86274511
0.86274511
0.90588236
0.90196079
0.89803922
0.81176472
0.83137256
0.88627452
0.84705883
0.90196079
0.90588236
0.90588236
0.90196079
0.89411765
0.88235295
0.87058824
0.86274511
0.84705883
0.90196079
0.90196079
0.90196079
0.90588236
0.91372550
0.90980393
0.85098040
0.86666667
0.85490197
0.88235295
0.89803922
0.80392158
0.79607844
0.89803922
0.89411765
0.88235295
0.87843138
0.89803922
0.90196079
0.80000001
0.84313726
0.87450981
0.88235295
0.89019608
0.90588236
0.90588236
0.90196079
0.89411765
0.88235295
0.87058824
0.85882354
0.84313726
0.90588236
0.90196079
0.90196079
0.90980393
0.91372550
0.90588236
0.83529413
0.88235295
0.89019608
0.88627452
0.88235295
0.75294119
0.73333335
0.89803922
0.89803922
0.89803922
0.88627452
0.88235295
0.89019608
0.78823531
0.87843138
0.87450981
0.87843138
0.88627452
0.89803922
0.90980393
0.90196079
0.89411765
0.88235295
0.86666667
0.85098040
0.83921570
0.90588236
0.90196079
0.90196079
0.90588236
0.90588236
0.90196079
0.80392158
0.85882354
0.89411765
0.89803922
0.89019608
0.72156864
0.69803923
0.89803922
0.90196079
0.90588236
0.90980393
0.90196079
0.86666667
0.72156864
0.86274511
0.89803922
0.87058824
0.88627452
0.89019608
0.90588236
0.90196079
0.89411765
0.87843138
0.86274511
0.84705883
0.83529413
0.90588236
0.90196079
0.90196079
0.90588236
0.90980393
0.89803922
0.80392158
0.85490197
0.88627452
0.89803922
0.89019608
0.73333335
0.67450982
0.87843138
0.90196079
0.90588236
0.90980393
0.91372550
0.87843138
0.65882355
0.81960785
0.90980393
0.88627452
0.87843138
0.88627452
0.89019608
0.90196079
0.89411765
0.87843138
0.86274511
0.84705883
0.83529413
0.90588236
0.90196079
0.90196079
0.90588236
0.90588236
0.89019608
0.78039217
0.87058824
0.85882354
0.88627452
0.89019608
0.74117649
0.74509805
0.85490197
0.89019608
0.90196079
0.90588236
0.90588236
0.88235295
0.67450982
0.77647060
0.89803922
0.90588236
0.87843138
0.88235295
0.88627452
0.89411765
0.89019608
0.87843138
0.86274511
0.84705883
0.83529413
0.90588236
0.90196079
0.90196079
0.90196079
0.89803922
0.88235295
0.72156864
0.86666667
0.87058824
0.87450981
0.88235295
0.73333335
0.78431374
0.86274511
0.87058824
0.89411765
0.90196079
0.90588236
0.87450981
0.70980394
0.80000001
0.87450981
0.89803922
0.89019608
0.87843138
0.87450981
0.87450981
0.88235295
0.87843138
0.85882354
0.84313726
0.83137256
0.90588236
0.90196079
0.90196079
0.90196079
0.90588236
0.88235295
0.70980394
0.85098040
0.90588236
0.88235295
0.86274511
0.72941178
0.77647060
0.87058824
0.85882354
0.86274511
0.91372550
0.90588236
0.86274511
0.73333335
0.83529413
0.85882354
0.88235295
0.90196079
0.85882354
0.86666667
0.83921570
0.87058824
0.87450981
0.85490197
0.84313726
0.82745099
0.90588236
0.90196079
0.89803922
0.90196079
0.90588236
0.88235295
0.75294119
0.83921570
0.87058824
0.89019608
0.84705883
0.72549021
0.78039217
0.87843138
0.87843138
0.86666667
0.89019608
0.90980393
0.85098040
0.73725492
0.87058824
0.83529413
0.87843138
0.88627452
0.88627452
0.87843138
0.86274511
0.85490197
0.86666667
0.85098040
0.84313726
0.82745099
0.90588236
0.90196079
0.90196079
0.90196079
0.90588236
0.87843138
0.74901962
0.85882354
0.84705883
0.87058824
0.84313726
0.69411767
0.78039217
0.89019608
0.85882354
0.88627452
0.86666667
0.90588236
0.84313726
0.71372551
0.88235295
0.84705883
0.86666667
0.88627452
0.88627452
0.87450981
0.87843138
0.85882354
0.84705883
0.85098040
0.83921570
0.82352942
0.90588236
0.90196079
0.90196079
0.90196079
0.90196079
0.86666667
0.75686276
0.87843138
0.88627452
0.86274511
0.81960785
0.65098041
0.74509805
0.90588236
0.84313726
0.87843138
0.88627452
0.88235295
0.81176472
0.68235296
0.88627452
0.87843138
0.84313726
0.89411765
0.86666667
0.85490197
0.86666667
0.87058824
0.84313726
0.83921570
0.83137256
0.81960785
0.90588236
0.90196079
0.90196079
0.89803922
0.89803922
0.86274511
0.72941178
0.87450981
0.89019608
0.88235295
0.81568629
0.63921571
0.75294119
0.90196079
0.87058824
0.87058824
0.90196079
0.87450981
0.79215688
0.61568630
0.87450981
0.90588236
0.83921570
0.87450981
0.87843138
0.84705883
0.85882354
0.86666667
0.85490197
0.83137256
0.82745099
0.81568629
0.90588236
0.90196079
0.89803922
0.89411765
0.90196079
0.84705883
0.65098041
0.85490197
0.89411765
0.88235295
0.82352942
0.59215689
0.69411767
0.90196079
0.88235295
0.86666667
0.89803922
0.89803922
0.73333335
0.57647061
0.87058824
0.90588236
0.86274511
0.82745099
0.89019608
0.87058824
0.85098040
0.85098040
0.86274511
0.83529413
0.81568629
0.81960785
0.90196079
0.89803922
0.89411765
0.89019608
0.90196079
0.82352942
0.58431375
0.84313726
0.89803922
0.87450981
0.81176472
0.59215689
0.64313728
0.86274511
0.89019608
0.86666667
0.87843138
0.88235295
0.71372551
0.54509807
0.83921570
0.90196079
0.87843138
0.80000001
0.87058824
0.87843138
0.85882354
0.83921570
0.84705883
0.83921570
0.81176472
0.81176472
0.89803922
0.89019608
0.89019608
0.89411765
0.90196079
0.81568629
0.54901963
0.82745099
0.89803922
0.86666667
0.80000001
0.66666669
0.69803923
0.79607844
0.85490197
0.88627452
0.85882354
0.84313726
0.73333335
0.58431375
0.80392158
0.89411765
0.88627452
0.82745099
0.84313726
0.87843138
0.87058824
0.83921570
0.83529413
0.83921570
0.82352942
0.80392158
0.89411765
0.89019608
0.89019608
0.89411765
0.90196079
0.80784315
0.57254905
0.80000001
0.90196079
0.85882354
0.78039217
0.70980394
0.75294119
0.78823531
0.78431374
0.83137256
0.83137256
0.85882354
0.74901962
0.67450982
0.81568629
0.83921570
0.89019608
0.86666667
0.81960785
0.87058824
0.86666667
0.85490197
0.82352942
0.83137256
0.83529413
0.78823531
0.89019608
0.84705883
0.87843138
0.89019608
0.89019608
0.82352942
0.65490198
0.81568629
0.87843138
0.85882354
0.79607844
0.71372551
0.78039217
0.82352942
0.83529413
0.76862746
0.80784315
0.86274511
0.74509805
0.71764708
0.85882354
0.80000001
0.86274511
0.88627452
0.82352942
0.84705883
0.86666667
0.86274511
0.83921570
0.80000001
0.78431374
0.74901962
0.85882354
0.76470590
0.85098040
0.89019608
0.89019608
0.83137256
0.67058825
0.82745099
0.84313726
0.84313726
0.80000001
0.67843139
0.76078433
0.83921570
0.87058824
0.84313726
0.81176472
0.82352942
0.73725492
0.71372551
0.84313726
0.83529413
0.82352942
0.87058824
0.84705883
0.82352942
0.86274511
0.84313726
0.79607844
0.74901962
0.76470590
0.78431374
0.80000001
0.76862746
0.83529413
0.88627452
0.89411765
0.81960785
0.66666669
0.81960785
0.86666667
0.82352942
0.79607844
0.69411767
0.75294119
0.82352942
0.84313726
0.85490197
0.83137256
0.81176472
0.73725492
0.72549021
0.84313726
0.87058824
0.82745099
0.82352942
0.86274511
0.81960785
0.79607844
0.76862746
0.76078433
0.77254903
0.79215688
0.80392158
0.81960785
0.83921570
0.81960785
0.87450981
0.88235295
0.80392158
0.67843139
0.81176472
0.89019608
0.82352942
0.80392158
0.72549021
0.76470590
0.81960785
0.85490197
0.85098040
0.84313726
0.83921570
0.72156864
0.74509805
0.85098040
0.85882354
0.85882354
0.80000001
0.79607844
0.71764708
0.64705884
0.78823531
0.80392158
0.79215688
0.80392158
0.81176472
0.83529413
0.86666667
0.84705883
0.87450981
0.88627452
0.81960785
0.72156864
0.83529413
0.89411765
0.84705883
0.79607844
0.72941178
0.77254903
0.83137256
0.86666667
0.83529413
0.84705883
0.83137256
0.73333335
0.70980394
0.81960785
0.85490197
0.85882354
0.78431374
0.60784316
0.58823532
0.71764708
0.80784315
0.78431374
0.80392158
0.81960785
0.81176472
0.83921570
0.88235295
0.83137256
0.72549021
0.72941178
0.68235296
0.64705884
0.74509805
0.79215688
0.78823531
0.78039217
0.70588237
0.77254903
0.85490197
0.88235295
0.84705883
0.85098040
0.80000001
0.71372551
0.69803923
0.76470590
0.81176472
0.74117649
0.65098041
0.62745100
0.72156864
0.78039217
0.78823531
0.79607844
0.81568629
0.81568629
0.80784315
0.85882354
0.87450981
0.83921570
0.63529414
0.59215689
0.51764709
0.53725493
0.57647061
0.58431375
0.60784316
0.63137257
0.58823532
0.68627453
0.74509805
0.74509805
0.73725492
0.72941178
0.63921571
0.59607846
0.60392159
0.62745100
0.61568630
0.56470591
0.57254905
0.71764708
0.78823531
0.75294119
0.78431374
0.81568629
0.81960785
0.81568629
0.80784315
0.86666667
0.87058824
0.87843138
0.72549021
0.61568630
0.56470591
0.56470591
0.58823532
0.59215689
0.59215689
0.60000002
0.60784316
0.61568630
0.61568630
0.61568630
0.61568630
0.60784316
0.58431375
0.58823532
0.59215689
0.56862748
0.54901963
0.58039218
0.63921571
0.76862746
0.79215688
0.77647060
0.81176472
0.81960785
0.81960785
0.81568629
0.80784315
0.83137256
0.81960785
0.82352942
0.76862746
0.58823532
0.54509807
0.55294120
0.58039218
0.60000002
0.60000002
0.60784316
0.61960787
0.62745100
0.62745100
0.63529414
0.63529414
0.61176473
0.61176473
0.61176473
0.60392159
0.58431375
0.57647061
0.67058825
0.75294119
0.78039217
0.77647060
0.77647060
0.78431374
0.78823531
0.78823531
0.78431374
0.77647060
0.72549021
0.72549021
0.72941178
0.72156864
0.60000002
0.56862748
0.55294120
0.55294120
0.55294120
0.55686277
0.57254905
0.57254905
0.58431375
0.58431375
0.58823532
0.58039218
0.55294120
0.54117650
0.54901963
0.53725493
0.53725493
0.54117650
0.67058825
0.71764708
0.69411767
0.67843139
0.67843139
0.69019610
0.70196080
0.71372551
0.70588237
0.69411767
0.82352942
0.81568629
0.80784315
0.81960785
0.82745099
0.82352942
0.81960785
0.81960785
0.81960785
0.81960785
0.82352942
0.80392158
0.76862746
0.78431374
0.76862746
0.77254903
0.78039217
0.80392158
0.80784315
0.80784315
0.79215688
0.77647060
0.76470590
0.75686276
0.78431374
0.81568629
0.81568629
0.81176472
0.81176472
0.80784315
0.79607844
0.77647060
0.82745099
0.82352942
0.82352942
0.82745099
0.82745099
0.83137256
0.83137256
0.82745099
0.82745099
0.82745099
0.83137256
0.80392158
0.78431374
0.78431374
0.74509805
0.75686276
0.78823531
0.80784315
0.81176472
0.80392158
0.80000001
0.78823531
0.77647060
0.77254903
0.80392158
0.82745099
0.82352942
0.81960785
0.81960785
0.81176472
0.80000001
0.78431374
0.83137256
0.82745099
0.82745099
0.83137256
0.83137256
0.83137256
0.82745099
0.82745099
0.82352942
0.82352942
0.83137256
0.79607844
0.78823531
0.81176472
0.76470590
0.74901962
0.78039217
0.80392158
0.81568629
0.78431374
0.78823531
0.80000001
0.79215688
0.79215688
0.81568629
0.82745099
0.82745099
0.82352942
0.81960785
0.80784315
0.79607844
0.78431374
0.83137256
0.81568629
0.82745099
0.83137256
0.83137256
0.82745099
0.82745099
0.82745099
0.81960785
0.81960785
0.82745099
0.79607844
0.78039217
0.81568629
0.79607844
0.78431374
0.76862746
0.78431374
0.81176472
0.77254903
0.77254903
0.80784315
0.80784315
0.80784315
0.82352942
0.83137256
0.82745099
0.82745099
0.81568629
0.80392158
0.79607844
0.78039217
0.83137256
0.81568629
0.82352942
0.83137256
0.83529413
0.83529413
0.83137256
0.82745099
0.81960785
0.81960785
0.82352942
0.79215688
0.78039217
0.80392158
0.79607844
0.79607844
0.78823531
0.79215688
0.79607844
0.75686276
0.78431374
0.80000001
0.81568629
0.82352942
0.83529413
0.83529413
0.83137256
0.82352942
0.81568629
0.80392158
0.79607844
0.78039217
0.83137256
0.82745099
0.82745099
0.83137256
0.83137256
0.82745099
0.82352942
0.83137256
0.82745099
0.81960785
0.82352942
0.79215688
0.76862746
0.80392158
0.78823531
0.80392158
0.81176472
0.80784315
0.80784315
0.74117649
0.78823531
0.80392158
0.81176472
0.83137256
0.83529413
0.83529413
0.82745099
0.82352942
0.81568629
0.80392158
0.79215688
0.78039217
0.82745099
0.82745099
0.82745099
0.82745099
0.83137256
0.83137256
0.80000001
0.80784315
0.81176472
0.81960785
0.82352942
0.78431374
0.76862746
0.82745099
0.79607844
0.79607844
0.83529413
0.81568629
0.81176472
0.74117649
0.76862746
0.81960785
0.78039217
0.83529413
0.83529413
0.83137256
0.82745099
0.81960785
0.81176472
0.80000001
0.79215688
0.77647060
0.82745099
0.82745099
0.82745099
0.83137256
0.83921570
0.83529413
0.79215688
0.81568629
0.78823531
0.80392158
0.82352942
0.76078433
0.74509805
0.82352942
0.82745099
0.81960785
0.81176472
0.81568629
0.81960785
0.73725492
0.78431374
0.80784315
0.81568629
0.82352942
0.83529413
0.83137256
0.82745099
0.81960785
0.81176472
0.80000001
0.78823531
0.77254903
0.83137256
0.82745099
0.82745099
0.83529413
0.83921570
0.83137256
0.77647060
0.83137256
0.82352942
0.80784315
0.81568629
0.71764708
0.68627453
0.83137256
0.83137256
0.83137256
0.81960785
0.80392158
0.81568629
0.73333335
0.82745099
0.80784315
0.81176472
0.81960785
0.82745099
0.83529413
0.82745099
0.81960785
0.80784315
0.79607844
0.78039217
0.76862746
0.83137256
0.82745099
0.82745099
0.83137256
0.83137256
0.82745099
0.74509805
0.80784315
0.82745099
0.81960785
0.83137256
0.69803923
0.66274512
0.83529413
0.83529413
0.83921570
0.84313726
0.82745099
0.80392158
0.67058825
0.81960785
0.83529413
0.80392158
0.81960785
0.81960785
0.83137256
0.82745099
0.81960785
0.80784315
0.79215688
0.77647060
0.76470590
0.83137256
0.82745099
0.82745099
0.83137256
0.83529413
0.82352942
0.74509805
0.80392158
0.81960785
0.81960785
0.83921570
0.71372551
0.64313728
0.81568629
0.83529413
0.83921570
0.84313726
0.84313726
0.82352942
0.61960787
0.78039217
0.84313726
0.81960785
0.81176472
0.81568629
0.81568629
0.82745099
0.81960785
0.80784315
0.79215688
0.77647060
0.76470590
0.83137256
0.82745099
0.82745099
0.82745099
0.83137256
0.82352942
0.72941178
0.81960785
0.79215688
0.81176472
0.83921570
0.71764708
0.70980394
0.79607844
0.82352942
0.83529413
0.83921570
0.83921570
0.83137256
0.63137257
0.72941178
0.83137256
0.83529413
0.81176472
0.81176472
0.81176472
0.81960785
0.81960785
0.80784315
0.79215688
0.77647060
0.76470590
0.83137256
0.82745099
0.82745099
0.82745099
0.83137256
0.83137256
0.67843139
0.82352942
0.81568629
0.80392158
0.82352942
0.69803923
0.74117649
0.79607844
0.80392158
0.83137256
0.83529413
0.83921570
0.82745099
0.66666669
0.73333335
0.80784315
0.83137256
0.82352942
0.81176472
0.80784315
0.80392158
0.81568629
0.80784315
0.78823531
0.77254903
0.76078433
0.83137256
0.82745099
0.82352942
0.82352942
0.84313726
0.83137256
0.67058825
0.81176472
0.84705883
0.81568629
0.80000001
0.69411767
0.72941178
0.80392158
0.79215688
0.79607844
0.84313726
0.83921570
0.81568629
0.68627453
0.76470590
0.79215688
0.81568629
0.83529413
0.79215688
0.80000001
0.77254903
0.80392158
0.80392158
0.78431374
0.77254903
0.75686276
0.83137256
0.82745099
0.82352942
0.82352942
0.84313726
0.83529413
0.71372551
0.79607844
0.81176472
0.81960785
0.78431374
0.68627453
0.73725492
0.81176472
0.80784315
0.80000001
0.82352942
0.83921570
0.80392158
0.69019610
0.80392158
0.76470590
0.81176472
0.81960785
0.81960785
0.81176472
0.79607844
0.78823531
0.79607844
0.78039217
0.77254903
0.75686276
0.83137256
0.82745099
0.82745099
0.82745099
0.84313726
0.82745099
0.70980394
0.81960785
0.79215688
0.80392158
0.78431374
0.65882355
0.73333335
0.82352942
0.79215688
0.81960785
0.80000001
0.83529413
0.79607844
0.67058825
0.81176472
0.78039217
0.80000001
0.81960785
0.81960785
0.80784315
0.81176472
0.78823531
0.78039217
0.78039217
0.76862746
0.75294119
0.83137256
0.82745099
0.82352942
0.82352942
0.83921570
0.81960785
0.71764708
0.83921570
0.83137256
0.79607844
0.75686276
0.61176473
0.70196080
0.83921570
0.77647060
0.81176472
0.81568629
0.81176472
0.76470590
0.63529414
0.81568629
0.81176472
0.77647060
0.82745099
0.80000001
0.78823531
0.80000001
0.80000001
0.77254903
0.76862746
0.76078433
0.74901962
0.83137256
0.82745099
0.82352942
0.81960785
0.83137256
0.81568629
0.69019610
0.83137256
0.83137256
0.81568629
0.75686276
0.60392159
0.70980394
0.83529413
0.80392158
0.80392158
0.83137256
0.80784315
0.74509805
0.56862748
0.80784315
0.83529413
0.77254903
0.80784315
0.81176472
0.78039217
0.79215688
0.80000001
0.78431374
0.76078433
0.75686276
0.74509805
0.82745099
0.82745099
0.82745099
0.81960785
0.82352942
0.79607844
0.61960787
0.80784315
0.82745099
0.82352942
0.77254903
0.56470591
0.65882355
0.83921570
0.81568629
0.80000001
0.83137256
0.83137256
0.69411767
0.53725493
0.80784315
0.83921570
0.79607844
0.76078433
0.82352942
0.80000001
0.78431374
0.78039217
0.79215688
0.76470590
0.74509805
0.74901962
0.82352942
0.81960785
0.82352942
0.81960785
0.81960785
0.77254903
0.55686277
0.79215688
0.82745099
0.81960785
0.76470590
0.56862748
0.61176473
0.80392158
0.82352942
0.80000001
0.81176472
0.81960785
0.67450982
0.50980395
0.78039217
0.83529413
0.81176472
0.73333335
0.80392158
0.80784315
0.78823531
0.76862746
0.77647060
0.76862746
0.74117649
0.74117649
0.81960785
0.81568629
0.82352942
0.81960785
0.81960785
0.76470590
0.52156866
0.77254903
0.82745099
0.81176472
0.75294119
0.64313728
0.66666669
0.73725492
0.78823531
0.81960785
0.79215688
0.78039217
0.69803923
0.55294120
0.74509805
0.82745099
0.81960785
0.76078433
0.77647060
0.80784315
0.80000001
0.76862746
0.76470590
0.76862746
0.75294119
0.73333335
0.81960785
0.81568629
0.82352942
0.81960785
0.81568629
0.75686276
0.54509807
0.74901962
0.83137256
0.80392158
0.72941178
0.68627453
0.72156864
0.72941178
0.71764708
0.76470590
0.76470590
0.79607844
0.71372551
0.63921571
0.75686276
0.77254903
0.82352942
0.80000001
0.74901962
0.80000001
0.79607844
0.78431374
0.75294119
0.76078433
0.76470590
0.71764708
0.81568629
0.77254903
0.80784315
0.81960785
0.80784315
0.77254903
0.63137257
0.76078433
0.80784315
0.80392158
0.74901962
0.69019610
0.74901962
0.76470590
0.76862746
0.70196080
0.74117649
0.80000001
0.70980394
0.68235296
0.80000001
0.73333335
0.79607844
0.81960785
0.75686276
0.77647060
0.79607844
0.79215688
0.76862746
0.72941178
0.71372551
0.67843139
0.78431374
0.69019610
0.78431374
0.81568629
0.80784315
0.77647060
0.64313728
0.77647060
0.77254903
0.78823531
0.74901962
0.65490198
0.72941178
0.78039217
0.80392158
0.77647060
0.74509805
0.76078433
0.70196080
0.67843139
0.78431374
0.76862746
0.75686276
0.80392158
0.77647060
0.75294119
0.79215688
0.77647060
0.72549021
0.67843139
0.69411767
0.71372551
0.72941178
0.69411767
0.76470590
0.80784315
0.81568629
0.76470590
0.62745100
0.76470590
0.79607844
0.75294119
0.74509805
0.65882355
0.71372551
0.76862746
0.78823531
0.80000001
0.77647060
0.75686276
0.69019610
0.68235296
0.78431374
0.80000001
0.75686276
0.75294119
0.80000001
0.76078433
0.73333335
0.70980394
0.69019610
0.70196080
0.72156864
0.73333335
0.74901962
0.76862746
0.74509805
0.79607844
0.81568629
0.75294119
0.62745100
0.75294119
0.81960785
0.74509805
0.75294119
0.67843139
0.71764708
0.76862746
0.80392158
0.80000001
0.79215688
0.78431374
0.66274512
0.68627453
0.78823531
0.78823531
0.78431374
0.72549021
0.73725492
0.67058825
0.60392159
0.74117649
0.73725492
0.72156864
0.73333335
0.74117649
0.76470590
0.79607844
0.77254903
0.80000001
0.82352942
0.77254903
0.67843139
0.78039217
0.82745099
0.77254903
0.74509805
0.68627453
0.72941178
0.77647060
0.80392158
0.77254903
0.78039217
0.77647060
0.68627453
0.65882355
0.76470590
0.78431374
0.79215688
0.71372551
0.54901963
0.53725493
0.67058825
0.75686276
0.72156864
0.73333335
0.74901962
0.74117649
0.76862746
0.81176472
0.76078433
0.65882355
0.67843139
0.64313728
0.60784316
0.69803923
0.72941178
0.71764708
0.72941178
0.65882355
0.72549021
0.80000001
0.81176472
0.77647060
0.78431374
0.75294119
0.67450982
0.66274512
0.72156864
0.74901962
0.67450982
0.58823532
0.56470591
0.66274512
0.71764708
0.72549021
0.72549021
0.74509805
0.74509805
0.73725492
0.78431374
0.80392158
0.76862746
0.57647061
0.54901963
0.48627451
0.50196081
0.53333336
0.52941179
0.54509807
0.58039218
0.54117650
0.63921571
0.69411767
0.68627453
0.67450982
0.67058825
0.59607846
0.56078434
0.56862748
0.58823532
0.56078434
0.50588238
0.51764709
0.65098041
0.71764708
0.68627453
0.71372551
0.74509805
0.74901962
0.74509805
0.73725492
0.79607844
0.79607844
0.81176472
0.67450982
0.57647061
0.54117650
0.54117650
0.54901963
0.53725493
0.53333336
0.55294120
0.56078434
0.56862748
0.57254905
0.57647061
0.57647061
0.56862748
0.55686277
0.56470591
0.56862748
0.53333336
0.49411765
0.52549022
0.58823532
0.70588237
0.71372551
0.69803923
0.73333335
0.74509805
0.74509805
0.74509805
0.73725492
0.76470590
0.75686276
0.76078433
0.71372551
0.54117650
0.50588238
0.52156866
0.54117650
0.55294120
0.54901963
0.55686277
0.56862748
0.57647061
0.58039218
0.60000002
0.60000002
0.57647061
0.57647061
0.57647061
0.56470591
0.54117650
0.52549022
0.61176473
0.69019610
0.70980394
0.69803923
0.70196080
0.70588237
0.71764708
0.72156864
0.71764708
0.70980394
0.67450982
0.67450982
0.67450982
0.65098041
0.52941179
0.50196081
0.50588238
0.51764709
0.51764709
0.51764709
0.51764709
0.51764709
0.52941179
0.52941179
0.53725493
0.52549022
0.50196081
0.48235294
0.48627451
0.47450981
0.47843137
0.49411765
0.61568630
0.64313728
0.62352943
0.61176473
0.61176473
0.61960787
0.63529414
0.65098041
0.63921571
0.63529414
1 0 0 0 0 0 0 0 -1 0 0
0 1 0 0 0 0 0 0 -1 0 0
0 0 1 0 0 0 0 0 -1 0 0
0 0 0 1 0 0 0 0 -1 0 0
0 0 0 0 1 0 0 0 -1 0 0
0 0 0 0 0 1 0 0 -1 0 0
0 0 0 0 0 0 1 0 -1 0 0
0 0 0 0 0 0 0 1 -1 0 0
0 0 0 0 0 0 0 0 -1 1 0
