0.32549021
0.33333334
0.34117648
0.35294119
0.36078432
0.36862746
0.37254903
0.38431373
0.40000001
0.41568628
0.43137255
0.43921569
0.49019608
0.45882353
0.46274510
0.48627451
0.52549022
0.58431375
0.67450982
0.56078434
0.54117650
0.47843137
0.45490196
0.49019608
0.47450981
0.44313726
0.41176471
0.41176471
0.42745098
0.42352942
0.41568628
0.41176471
0.35294119
0.35686275
0.36078432
0.37647060
0.38431373
0.39215687
0.39607844
0.41568628
0.43921569
0.47058824
0.49019608
0.49803922
0.63529414
0.65882355
0.61176473
0.60784316
0.61568630
0.62745100
0.71372551
0.60784316
0.64705884
0.60392159
0.60392159
0.63137257
0.59215689
0.49803922
0.46666667
0.45882353
0.46666667
0.46666667
0.45882353
0.45490196
0.41176471
0.41176471
0.39607844
0.40784314
0.41960785
0.42352942
0.43529412
0.44313726
0.46274510
0.49019608
0.52941179
0.54509807
0.65882355
0.72549021
0.70980394
0.68235296
0.61960787
0.63137257
0.74509805
0.61176473
0.60784316
0.63529414
0.70588237
0.76470590
0.72156864
0.63137257
0.57254905
0.55686277
0.56862748
0.50980395
0.50196081
0.49411765
0.49411765
0.49411765
0.46274510
0.47450981
0.48235294
0.48235294
0.49019608
0.49411765
0.49411765
0.53725493
0.60392159
0.67843139
0.75294119
0.77254903
0.77647060
0.61960787
0.50588238
0.61176473
0.81568629
0.73725492
0.72156864
0.66666669
0.67843139
0.76078433
0.73333335
0.70196080
0.70588237
0.73333335
0.70980394
0.55686277
0.54901963
0.53725493
0.62352943
0.62352943
0.56862748
0.58823532
0.57647061
0.56078434
0.57647061
0.61568630
0.70196080
0.74509805
0.73725492
0.76862746
0.81176472
0.76078433
0.87843138
0.83529413
0.71372551
0.63921571
0.81176472
0.81960785
0.80784315
0.70588237
0.70980394
0.81960785
0.80392158
0.72156864
0.70980394
0.69411767
0.70196080
0.61960787
0.60392159
0.59215689
0.62352943
0.66274512
0.67058825
0.69019610
0.64313728
0.61176473
0.72156864
0.70980394
0.63137257
0.54901963
0.49411765
0.42745098
0.34901962
0.34901962
0.75686276
0.66666669
0.61176473
0.75686276
0.82745099
0.82745099
0.81960785
0.70588237
0.74901962
0.82745099
0.81176472
0.69803923
0.65882355
0.66274512
0.71372551
0.68627453
0.66274512
0.64705884
0.56470591
0.58823532
0.58039218
0.62352943
0.65098041
0.65490198
0.73333335
0.53333336
0.29019609
0.24313726
0.23137255
0.24705882
0.19607843
0.30196080
0.72549021
0.37254903
0.31764707
0.74901962
0.96078432
0.95294118
0.85882354
0.70980394
0.74117649
0.77254903
0.79215688
0.73725492
0.71764708
0.72941178
0.77254903
0.74901962
0.71764708
0.70588237
0.75686276
0.69803923
0.55686277
0.69411767
0.76470590
0.81176472
0.79215688
0.43921569
0.34117648
0.40784314
0.34901962
0.25098041
0.21176471
0.36078432
0.73333335
0.30588236
0.30196080
0.76078433
1.00000000
0.97647059
0.89803922
0.77254903
0.78431374
0.71764708
0.78431374
0.82352942
0.81176472
0.81960785
0.82745099
0.78823531
0.78431374
0.77647060
0.60392159
0.72156864
0.83529413
0.87450981
0.87058824
0.94509804
0.83921570
0.46666667
0.49019608
0.63529414
0.45882353
0.21960784
0.20000000
0.40392157
0.70980394
0.27450982
0.29803923
0.79215688
1.00000000
0.98823529
0.89411765
0.72549021
0.71372551
0.76078433
0.86666667
0.92549020
0.92156863
0.92549020
0.81176472
0.61960787
0.77254903
0.87058824
0.36078432
0.60392159
0.92941177
0.87450981
0.83137256
0.90980393
0.75686276
0.56078434
0.74117649
0.86274511
0.60784316
0.28235295
0.29411766
0.56862748
0.70588237
0.26666668
0.28627452
0.61960787
0.92156863
1.00000000
0.85098040
0.76470590
0.85490197
0.92156863
0.96470588
0.96862745
0.96470588
0.96862745
0.87843138
0.75294119
0.73333335
0.87058824
0.34901962
0.54117650
0.84705883
0.90588236
0.93725491
0.94901961
0.85490197
0.82745099
0.94901961
0.96862745
0.85882354
0.74117649
0.75686276
0.87843138
0.85490197
0.58431375
0.54509807
0.48627451
0.85098040
1.00000000
0.89803922
0.83137256
0.90980393
0.93725491
0.96470588
0.98039216
0.97647059
0.98431373
0.98039216
0.97647059
0.79607844
0.81568629
0.60000002
0.67450982
0.85098040
0.93333334
0.96078432
0.95686275
0.95294118
0.96470588
0.97647059
0.98039216
0.98431373
0.97647059
0.98039216
0.97254902
0.95294118
0.92549020
0.84705883
0.56862748
0.82352942
1.00000000
0.90980393
0.80784315
0.84705883
0.64313728
0.77647060
0.98823529
0.94117647
0.98039216
0.98823529
0.96862745
0.89803922
0.88235295
0.78431374
0.62745100
0.58431375
0.59215689
0.59607846
0.63137257
0.88235295
0.95294118
0.88627452
0.95686275
0.96862745
0.95686275
0.92549020
0.88235295
0.90588236
0.93333334
0.90980393
0.70588237
0.80784315
0.99607843
0.93333334
0.87843138
0.91372550
0.74117649
0.82352942
0.98431373
0.92941177
0.97647059
0.98039216
0.94901961
0.94901961
0.95686275
0.64705884
0.32549021
0.23921569
0.24313726
0.25098041
0.31764707
0.80392158
0.93333334
0.70588237
0.92941177
0.98823529
0.98039216
0.89411765
0.77254903
0.92941177
0.92941177
0.90980393
0.87058824
0.80784315
0.99607843
0.99607843
0.96862745
0.95294118
0.98823529
0.99607843
0.98431373
0.97647059
0.97647059
0.99607843
0.98431373
0.86666667
0.66666669
0.84313726
0.36862746
0.25098041
0.25882354
0.26274511
0.32156864
0.81176472
1.00000000
0.91372550
0.96862745
1.00000000
0.99607843
0.98039216
0.83137256
0.82745099
0.96470588
0.96470588
0.94117647
0.85882354
0.99215686
0.89411765
0.76862746
0.81960785
0.94901961
0.98039216
0.98431373
0.97647059
0.95686275
0.90588236
0.86274511
0.56862748
0.25882354
0.73333335
0.37254903
0.23529412
0.25490198
0.25098041
0.32549021
0.70588237
0.81568629
0.96470588
0.97647059
0.81176472
0.70980394
0.70980394
0.69803923
0.86666667
0.96862745
0.97647059
0.97647059
0.96862745
0.94901961
0.89019608
0.82352942
0.89803922
0.92941177
0.89019608
0.94117647
0.85098040
0.65098041
0.54509807
0.63137257
0.54117650
0.46666667
0.63921571
0.37647060
0.23137255
0.25098041
0.25882354
0.33725491
0.61568630
0.64313728
0.92941177
0.88235295
0.40784314
0.28235295
0.27843139
0.29019609
0.71372551
0.96862745
0.96862745
0.98823529
0.96078432
0.68627453
0.70196080
0.75294119
0.90980393
0.88235295
0.88235295
0.90196079
0.82745099
0.46666667
0.40000001
0.71372551
0.77647060
0.72941178
0.60392159
0.38431373
0.22745098
0.25098041
0.29019609
0.34901962
0.69411767
0.71764708
0.91372550
0.72941178
0.32156864
0.44705883
0.35686275
0.22352941
0.49019608
0.95294118
0.94901961
0.90980393
0.81176472
0.39607844
0.34117648
0.72941178
0.94117647
0.91372550
0.97647059
0.96470588
0.88627452
0.56862748
0.56470591
0.70980394
0.74901962
0.73333335
0.65098041
0.36470589
0.23137255
0.26274511
0.26666668
0.35294119
0.67843139
0.64313728
0.91764706
0.69411767
0.62745100
0.50588238
0.29803923
0.29803923
0.35686275
0.72156864
0.56470591
0.39607844
0.32549021
0.27450982
0.40784314
0.93333334
0.97647059
0.97254902
0.97647059
1.00000000
0.84313726
0.67843139
0.77647060
0.74509805
0.74117649
0.70588237
0.37254903
0.27058825
0.24313726
0.25490198
0.24705882
0.29803923
0.67843139
0.85098040
0.87450981
0.67450982
0.57254905
0.31764707
0.34509805
0.27843139
0.37647060
0.45882353
0.24313726
0.22745098
0.25098041
0.30196080
0.72941178
0.95686275
0.95686275
0.97254902
0.96078432
0.92549020
0.75294119
0.72549021
0.81568629
0.73333335
0.89019608
0.81568629
0.25882354
0.24313726
0.23529412
0.23529412
0.22745098
0.27450982
0.48627451
0.54117650
0.49411765
0.56470591
0.41568628
0.53725493
0.73333335
0.37254903
0.40392157
0.52941179
0.25882354
0.25490198
0.26666668
0.31372550
0.82352942
0.95294118
0.94117647
0.89019608
0.77254903
0.53333336
0.47843137
0.61176473
0.66666669
0.60000002
0.76078433
0.73333335
0.32156864
0.26274511
0.23921569
0.23137255
0.21568628
0.37647060
0.75294119
0.45098040
0.27058825
0.48627451
0.40784314
0.83529413
0.90588236
0.61176473
0.41960785
0.56078434
0.28235295
0.24313726
0.24313726
0.23921569
0.44313726
0.58431375
0.58431375
0.52156866
0.49411765
0.38039216
0.31764707
0.42352942
0.52549022
0.55294120
0.57254905
0.57254905
0.50588238
0.31372550
0.23921569
0.23529412
0.21960784
0.33333334
0.73725492
0.47843137
0.27843139
0.42352942
0.49019608
0.92549020
0.90196079
0.76470590
0.42745098
0.45490196
0.25882354
0.23529412
0.23921569
0.22745098
0.21568628
0.23921569
0.26274511
0.27450982
0.36470589
0.45882353
0.40784314
0.47450981
0.61176473
0.67450982
0.74117649
0.75294119
0.82352942
0.50196081
0.23529412
0.23921569
0.22745098
0.22745098
0.24313726
0.23529412
0.29803923
0.40784314
0.53725493
0.98823529
0.97647059
0.73725492
0.40000001
0.40392157
0.24705882
0.24313726
0.27058825
0.34509805
0.34901962
0.32941177
0.39607844
0.47058824
0.51764709
0.55294120
0.59607846
0.62745100
0.65098041
0.70196080
0.73333335
0.69803923
0.75294119
0.55294120
0.25098041
0.23921569
0.23529412
0.23137255
0.22352941
0.21568628
0.36862746
0.47450981
0.45490196
0.90980393
0.91372550
0.58823532
0.32941177
0.33725491
0.22745098
0.26274511
0.31764707
0.46666667
0.56078434
0.54901963
0.54901963
0.58823532
0.61176473
0.63137257
0.65882355
0.67843139
0.70196080
0.68627453
0.65490198
0.64705884
0.59607846
0.52156866
0.35294119
0.29411766
0.25490198
0.23529412
0.22352941
0.21176471
0.37647060
0.52941179
0.32941177
0.63137257
0.69411767
0.38823530
0.26274511
0.29019609
0.30980393
0.40392157
0.48235294
0.57647061
0.61568630
0.60000002
0.59607846
0.61568630
0.63921571
0.65882355
0.66666669
0.68627453
0.68627453
0.66666669
0.64705884
0.65490198
0.61176473
0.57647061
0.55686277
0.56078434
0.55686277
0.41176471
0.29803923
0.26274511
0.30196080
0.52156866
0.34117648
0.36862746
0.40000001
0.27058825
0.28235295
0.36470589
0.41960785
0.46274510
0.51764709
0.59607846
0.62352943
0.61568630
0.63137257
0.65490198
0.69019610
0.69019610
0.67843139
0.67058825
0.66274512
0.68235296
0.68627453
0.67843139
0.59607846
0.54509807
0.58431375
0.68235296
0.72941178
0.71764708
0.72941178
0.62352943
0.41568628
0.40000001
0.38039216
0.27058825
0.31372550
0.38039216
0.43921569
0.44313726
0.40392157
0.39215687
0.42352942
0.54117650
0.60392159
0.61568630
0.63137257
0.64705884
0.67450982
0.68627453
0.68627453
0.71764708
0.76862746
0.76470590
0.86274511
0.71372551
0.57254905
0.45490196
0.44313726
0.52549022
0.63137257
0.73725492
0.88627452
0.81568629
0.69019610
0.59215689
0.43529412
0.48627451
0.65882355
0.76862746
0.75294119
0.66666669
0.47450981
0.36078432
0.38039216
0.52549022
0.60784316
0.65098041
0.63921571
0.63137257
0.61568630
0.62352943
0.65882355
0.70588237
0.86666667
0.90980393
0.86274511
0.59215689
0.53725493
0.45490196
0.44705883
0.47058824
0.54509807
0.58039218
0.69411767
0.83921570
0.89803922
0.87843138
0.79215688
0.88235295
0.95294118
0.98039216
0.97647059
0.85098040
0.54117650
0.45098040
0.54117650
0.60392159
0.65490198
0.67450982
0.63529414
0.65882355
0.64313728
0.60392159
0.63529414
0.71372551
0.72941178
0.63921571
0.59607846
0.54509807
0.60784316
0.50196081
0.47843137
0.47450981
0.49411765
0.51764709
0.60392159
0.77254903
0.84705883
0.89411765
0.96470588
0.99607843
0.98431373
0.93333334
0.78431374
0.58823532
0.60784316
0.80784315
0.89411765
0.89411765
0.85098040
0.76862746
0.67843139
0.63921571
0.63921571
0.62352943
0.61568630
0.65098041
0.61176473
0.57254905
0.55686277
0.54509807
0.54509807
0.45490196
0.46666667
0.49803922
0.58039218
0.61960787
0.57647061
0.65490198
0.79215688
0.92156863
0.96862745
0.96078432
0.90980393
0.66666669
0.43921569
0.47450981
0.83137256
0.97647059
0.97647059
0.98431373
0.98039216
0.95294118
0.90196079
0.81568629
0.75686276
0.70980394
0.63921571
0.60784316
0.60392159
0.60392159
0.59215689
0.55294120
0.45882353
0.46274510
0.46274510
0.48235294
0.49803922
0.52156866
0.54117650
0.55294120
0.56470591
0.57647061
0.58039218
0.59215689
0.65098041
0.61568630
0.61960787
0.64705884
0.69019610
0.72941178
0.77647060
0.62745100
0.60392159
0.63137257
0.61176473
0.61960787
0.63137257
0.61568630
0.62352943
0.62352943
0.61960787
0.61176473
0.60392159
0.60000002
0.50196081
0.49803922
0.50196081
0.51764709
0.54117650
0.56078434
0.58039218
0.59215689
0.60000002
0.61568630
0.61960787
0.61960787
0.76470590
0.78039217
0.73725492
0.73725492
0.74509805
0.74117649
0.79607844
0.66274512
0.69411767
0.73725492
0.73333335
0.72549021
0.72549021
0.66274512
0.67058825
0.66666669
0.65490198
0.65098041
0.64705884
0.64313728
0.56078434
0.55686277
0.54117650
0.55686277
0.58039218
0.60000002
0.62352943
0.63529414
0.64313728
0.65098041
0.67058825
0.66274512
0.74509805
0.80392158
0.78823531
0.76470590
0.70980394
0.70980394
0.80392158
0.64705884
0.64313728
0.75294119
0.81176472
0.83137256
0.81176472
0.74509805
0.72549021
0.71372551
0.70980394
0.68235296
0.67843139
0.67058825
0.62745100
0.62745100
0.59607846
0.61176473
0.62745100
0.64313728
0.66274512
0.67843139
0.67843139
0.69411767
0.72941178
0.77254903
0.79607844
0.80784315
0.80784315
0.66274512
0.55294120
0.65490198
0.84705883
0.75294119
0.74901962
0.78431374
0.77647060
0.81176472
0.80000001
0.78039217
0.81960785
0.85098040
0.81960785
0.72156864
0.72156864
0.70980394
0.73333335
0.72941178
0.68235296
0.70588237
0.70196080
0.69803923
0.72941178
0.75686276
0.80000001
0.80784315
0.76470590
0.77254903
0.81960785
0.76470590
0.87843138
0.84313726
0.73333335
0.65490198
0.81960785
0.81176472
0.83529413
0.83921570
0.81960785
0.87058824
0.88235295
0.83137256
0.85882354
0.84705883
0.83921570
0.78823531
0.77647060
0.76470590
0.73725492
0.77647060
0.78431374
0.80784315
0.76470590
0.73725492
0.84705883
0.79607844
0.66274512
0.56470591
0.46274510
0.36862746
0.34117648
0.34509805
0.74901962
0.66274512
0.61568630
0.76078433
0.82352942
0.81960785
0.84313726
0.80392158
0.83529413
0.88235295
0.91764706
0.85098040
0.83529413
0.84313726
0.87843138
0.84705883
0.82352942
0.80784315
0.69411767
0.71764708
0.70980394
0.76078433
0.77647060
0.75686276
0.81568629
0.58039218
0.32941177
0.30588236
0.24313726
0.19607843
0.18431373
0.29803923
0.72156864
0.36862746
0.30980393
0.74117649
0.96078432
0.96470588
0.87058824
0.72549021
0.76078433
0.82352942
0.89411765
0.87450981
0.86274511
0.87450981
0.91372550
0.88235295
0.85098040
0.83921570
0.84313726
0.78431374
0.64313728
0.78823531
0.85098040
0.87058824
0.82745099
0.46274510
0.38823530
0.48627451
0.37647060
0.21176471
0.18823530
0.34117648
0.71372551
0.28627452
0.28627452
0.75294119
1.00000000
0.99215686
0.89803922
0.74509805
0.76862746
0.74509805
0.85882354
0.92549020
0.91372550
0.92156863
0.92941177
0.89411765
0.89803922
0.89019608
0.62745100
0.74509805
0.85882354
0.90196079
0.89411765
0.94901961
0.83137256
0.47058824
0.55294120
0.71764708
0.50196081
0.20784314
0.18039216
0.38431373
0.69411767
0.25098041
0.27450982
0.77647060
1.00000000
0.99607843
0.88235295
0.67843139
0.67058825
0.75294119
0.89803922
0.98039216
0.97647059
0.98039216
0.87058824
0.69411767
0.85098040
0.94901961
0.35294119
0.59215689
0.91764706
0.86274511
0.81960785
0.89411765
0.72941178
0.55294120
0.78431374
0.91764706
0.64313728
0.28235295
0.26666668
0.54509807
0.68235296
0.23529412
0.24705882
0.58431375
0.90196079
0.99607843
0.83529413
0.72941178
0.80784315
0.89803922
0.96862745
0.98823529
0.98431373
0.98823529
0.90196079
0.78823531
0.77254903
0.91372550
0.34509805
0.52941179
0.83529413
0.89411765
0.92156863
0.93725491
0.83921570
0.81568629
0.94901961
0.97647059
0.86666667
0.73333335
0.72549021
0.84313726
0.81960785
0.54901963
0.50980395
0.45098040
0.83137256
1.00000000
0.89411765
0.81176472
0.87058824
0.91372550
0.96078432
0.98431373
0.98039216
0.98823529
0.98431373
0.97647059
0.80000001
0.81568629
0.61176473
0.67843139
0.85098040
0.93333334
0.95686275
0.95686275
0.95686275
0.96078432
0.96078432
0.97254902
0.98823529
0.98431373
0.97647059
0.96078432
0.94117647
0.91764706
0.82745099
0.54901963
0.81176472
1.00000000
0.91764706
0.80784315
0.82352942
0.62352943
0.77254903
0.98823529
0.94117647
0.98039216
0.98431373
0.94901961
0.87843138
0.85882354
0.76470590
0.59607846
0.56470591
0.58039218
0.58039218
0.61960787
0.87450981
0.92549020
0.83529413
0.93725491
0.98039216
0.98039216
0.93333334
0.88235295
0.90980393
0.93333334
0.88235295
0.67058825
0.78431374
0.98039216
0.93725491
0.87843138
0.90196079
0.72941178
0.81568629
0.97647059
0.92941177
0.97647059
0.98039216
0.93725491
0.93333334
0.92941177
0.58431375
0.25490198
0.20000000
0.21568628
0.21568628
0.28235295
0.77254903
0.87058824
0.62745100
0.90980393
0.99607843
0.98823529
0.89019608
0.76862746
0.92549020
0.92156863
0.87843138
0.82745099
0.78039217
0.98039216
0.98039216
0.95686275
0.94117647
0.97647059
0.98039216
0.97254902
0.96862745
0.97254902
0.99607843
1.00000000
0.87058824
0.65490198
0.78823531
0.30196080
0.21960784
0.23529412
0.22745098
0.29019609
0.78039217
0.96470588
0.87058824
0.95294118
0.99607843
0.99607843
0.98039216
0.83137256
0.82352942
0.96078432
0.95294118
0.92549020
0.85098040
0.98823529
0.88627452
0.75294119
0.80392158
0.93725491
0.96862745
0.97254902
0.96470588
0.94509804
0.89803922
0.86274511
0.56470591
0.24313726
0.67450982
0.30980393
0.21568628
0.23529412
0.21568628
0.29019609
0.67450982
0.79215688
0.95294118
0.96862745
0.80784315
0.70196080
0.70980394
0.70196080
0.87058824
0.97254902
0.98039216
0.98039216
0.97254902
0.95686275
0.88627452
0.81176472
0.88235295
0.91764706
0.87843138
0.92941177
0.83137256
0.62352943
0.50196081
0.56470591
0.47058824
0.39215687
0.58431375
0.32156864
0.21960784
0.23137255
0.22352941
0.30196080
0.58039218
0.63137257
0.94117647
0.88235295
0.39215687
0.26274511
0.28235295
0.29411766
0.71764708
0.97254902
0.98039216
1.00000000
0.96862745
0.69019610
0.69411767
0.74117649
0.89803922
0.86666667
0.87450981
0.89411765
0.80784315
0.42352942
0.32549021
0.57647061
0.63137257
0.59607846
0.55686277
0.33725491
0.21960784
0.23529412
0.25490198
0.31372550
0.65882355
0.70980394
0.93333334
0.72549021
0.28627452
0.40000001
0.34509805
0.21176471
0.47843137
0.94509804
0.95686275
0.91764706
0.80784315
0.38039216
0.32549021
0.71764708
0.92941177
0.90196079
0.96862745
0.96078432
0.85882354
0.51372552
0.47843137
0.55686277
0.60000002
0.60000002
0.61960787
0.32941177
0.22745098
0.25098041
0.23137255
0.31764707
0.64705884
0.63137257
0.92941177
0.67058825
0.56862748
0.43921569
0.25490198
0.26274511
0.32156864
0.69411767
0.56470591
0.40000001
0.30588236
0.23529412
0.38431373
0.92549020
0.96862745
0.96078432
0.96862745
1.00000000
0.81568629
0.62745100
0.70588237
0.63529414
0.64313728
0.62352943
0.33333334
0.23921569
0.22745098
0.23921569
0.22352941
0.27843139
0.65882355
0.84705883
0.86666667
0.63137257
0.51372552
0.26274511
0.29411766
0.23529412
0.33725491
0.42745098
0.23921569
0.21960784
0.22352941
0.25882354
0.71372551
0.96470588
0.95686275
0.96470588
0.95686275
0.92156863
0.73725492
0.69803923
0.77254903
0.66274512
0.81960785
0.74509805
0.20784314
0.20784314
0.20784314
0.21960784
0.21176471
0.25882354
0.47058824
0.53333336
0.47843137
0.50980395
0.35686275
0.49803922
0.70196080
0.33333334
0.35686275
0.48235294
0.23921569
0.24313726
0.25098041
0.29803923
0.82352942
0.96470588
0.94117647
0.88235295
0.75686276
0.51372552
0.44705883
0.57254905
0.61568630
0.52549022
0.68235296
0.65098041
0.26274511
0.21176471
0.20392157
0.21176471
0.20000000
0.36078432
0.73725492
0.43921569
0.24705882
0.42745098
0.35294119
0.81176472
0.90196079
0.59215689
0.36862746
0.49411765
0.24313726
0.22745098
0.23529412
0.24313726
0.44705883
0.58039218
0.56862748
0.49411765
0.45490196
0.32941177
0.25490198
0.35294119
0.43921569
0.45490196
0.47058824
0.46666667
0.42352942
0.25098041
0.19607843
0.21176471
0.20392157
0.32156864
0.72156864
0.46274510
0.24313726
0.36470589
0.44313726
0.91764706
0.91372550
0.75294119
0.37254903
0.38039216
0.21176471
0.20784314
0.22352941
0.22352941
0.19607843
0.20000000
0.21176471
0.21960784
0.29411766
0.37254903
0.30980393
0.36078432
0.49019608
0.55294120
0.61568630
0.62352943
0.71764708
0.43137255
0.19215687
0.21568628
0.20784314
0.20784314
0.22745098
0.21176471
0.25490198
0.34901962
0.50196081
0.98431373
0.97647059
0.71764708
0.34901962
0.33725491
0.20392157
0.20784314
0.22745098
0.29411766
0.28235295
0.24313726
0.29803923
0.36470589
0.40392157
0.42352942
0.45882353
0.47843137
0.49803922
0.55294120
0.58431375
0.54901963
0.63137257
0.47450981
0.20784314
0.21568628
0.21176471
0.21176471
0.20392157
0.18823530
0.31764707
0.41176471
0.41568628
0.90196079
0.88627452
0.55294120
0.28627452
0.29019609
0.20000000
0.21960784
0.23529412
0.35686275
0.43529412
0.41960785
0.40784314
0.43529412
0.45882353
0.47450981
0.49019608
0.49803922
0.51764709
0.52156866
0.48627451
0.47843137
0.46274510
0.42745098
0.29019609
0.24313726
0.21176471
0.20392157
0.20784314
0.18823530
0.32549021
0.47450981
0.29411766
0.61176473
0.65490198
0.35686275
0.23137255
0.25490198
0.27450982
0.34117648
0.37647060
0.43137255
0.45882353
0.44313726
0.43529412
0.45490196
0.47450981
0.49019608
0.49411765
0.51372552
0.51372552
0.48627451
0.47450981
0.49803922
0.47843137
0.46274510
0.46274510
0.45490196
0.45490196
0.34117648
0.25490198
0.21960784
0.24705882
0.46666667
0.29411766
0.32156864
0.34509805
0.23921569
0.24313726
0.29411766
0.34901962
0.37647060
0.39607844
0.44705883
0.45882353
0.45098040
0.47843137
0.50588238
0.53725493
0.53333336
0.52941179
0.52941179
0.51764709
0.51372552
0.53333336
0.55686277
0.45882353
0.42745098
0.47843137
0.54509807
0.57254905
0.57647061
0.60000002
0.50980395
0.32549021
0.31764707
0.30980393
0.19215687
0.20392157
0.29019609
0.33725491
0.31372550
0.30980393
0.30196080
0.30980393
0.40392157
0.44313726
0.44705883
0.47058824
0.49019608
0.51372552
0.52941179
0.54117650
0.58431375
0.64313728
0.63921571
0.75294119
0.60392159
0.43529412
0.33333334
0.34117648
0.39215687
0.46666667
0.56470591
0.70588237
0.64313728
0.55294120
0.47450981
0.33725491
0.38823530
0.54509807
0.67450982
0.65098041
0.52941179
0.37647060
0.27058825
0.27058825
0.40392157
0.46274510
0.49411765
0.47450981
0.46274510
0.44705883
0.46666667
0.50980395
0.56862748
0.74901962
0.83921570
0.78431374
0.48627451
0.40000001
0.33725491
0.34117648
0.36078432
0.42352942
0.43529412
0.52549022
0.66666669
0.73725492
0.74117649
0.67843139
0.79215688
0.89411765
0.94509804
0.93725491
0.77647060
0.45098040
0.36470589
0.44705883
0.50196081
0.53725493
0.54117650
0.49019608
0.49803922
0.47450981
0.44705883
0.48627451
0.57254905
0.60784316
0.55294120
0.50588238
0.43921569
0.46666667
0.38039216
0.37254903
0.36470589
0.37254903
0.38039216
0.45098040
0.60392159
0.66666669
0.74509805
0.85490197
0.92156863
0.95294118
0.92156863
0.76470590
0.52941179
0.52941179
0.72941178
0.82352942
0.81568629
0.78431374
0.68235296
0.56862748
0.50196081
0.48235294
0.46274510
0.46666667
0.51372552
0.47843137
0.44313726
0.43529412
0.43137255
0.40392157
0.33725491
0.35686275
0.35686275
0.41960785
0.45490196
0.40784314
0.47058824
0.60000002
0.77254903
0.86274511
0.88627452
0.85490197
0.62352943
0.38039216
0.38431373
0.75294119
0.90980393
0.90980393
0.92156863
0.94117647
0.90980393
0.83921570
0.71764708
0.61960787
0.54901963
0.49019608
0.46666667
0.46274510
0.43529412
0.43529412
0.42745098
0.60784316
0.63921571
0.67058825
0.68235296
0.69411767
0.71372551
0.72549021
0.74117649
0.75686276
0.76078433
0.76470590
0.76078433
0.80000001
0.79215688
0.79607844
0.78823531
0.78823531
0.82352942
0.84705883
0.70196080
0.69411767
0.73725492
0.76862746
0.80000001
0.80784315
0.80000001
0.79607844
0.79607844
0.80000001
0.78823531
0.78431374
0.78039217
0.65882355
0.67843139
0.70196080
0.72156864
0.73333335
0.75294119
0.76470590
0.78823531
0.80392158
0.81176472
0.80784315
0.78431374
0.87058824
0.90588236
0.87450981
0.85098040
0.84313726
0.83137256
0.85098040
0.70196080
0.76078433
0.82352942
0.85882354
0.85882354
0.87450981
0.85098040
0.84705883
0.84313726
0.83921570
0.83921570
0.83529413
0.83137256
0.71764708
0.72549021
0.72156864
0.74117649
0.75686276
0.76862746
0.78823531
0.80784315
0.82352942
0.81568629
0.81176472
0.77254903
0.80392158
0.87843138
0.88235295
0.83921570
0.78823531
0.77647060
0.83921570
0.65882355
0.69019610
0.83529413
0.90588236
0.90980393
0.90196079
0.88235295
0.85098040
0.83529413
0.85098040
0.85882354
0.86274511
0.85098040
0.76862746
0.77254903
0.74509805
0.75686276
0.77254903
0.78039217
0.79607844
0.80784315
0.80000001
0.79215688
0.80000001
0.81960785
0.81960785
0.85882354
0.86274511
0.68627453
0.58431375
0.69019610
0.86666667
0.76078433
0.80392158
0.86274511
0.85882354
0.87450981
0.85098040
0.85490197
0.88627452
0.90980393
0.90588236
0.87843138
0.88235295
0.87058824
0.85882354
0.84705883
0.79215688
0.81568629
0.81176472
0.80392158
0.83137256
0.85098040
0.87450981
0.85490197
0.78431374
0.77254903
0.80784315
0.78039217
0.89803922
0.83137256
0.71764708
0.65098041
0.82745099
0.83529413
0.90980393
0.92941177
0.90588236
0.91764706
0.91372550
0.89803922
0.91372550
0.89803922
0.91372550
0.90980393
0.90588236
0.89019608
0.83137256
0.86666667
0.86666667
0.90196079
0.86666667
0.82352942
0.92549020
0.86274511
0.70588237
0.58431375
0.45490196
0.32941177
0.29803923
0.32156864
0.72549021
0.61960787
0.58039218
0.74509805
0.83529413
0.84705883
0.90588236
0.87058824
0.88627452
0.90588236
0.94509804
0.92941177
0.90980393
0.91372550
0.94901961
0.94509804
0.92156863
0.90980393
0.76078433
0.77647060
0.76078433
0.84705883
0.87843138
0.83529413
0.87450981
0.63137257
0.38431373
0.35686275
0.26274511
0.18431373
0.16470589
0.28235295
0.70588237
0.34901962
0.29803923
0.74117649
0.96862745
0.97647059
0.88235295
0.71764708
0.74509805
0.81176472
0.92156863
0.94509804
0.93333334
0.94509804
0.97254902
0.96470588
0.93725491
0.92549020
0.87843138
0.81960785
0.67450982
0.84313726
0.91372550
0.90980393
0.85098040
0.50196081
0.46274510
0.56862748
0.45098040
0.26666668
0.23529412
0.38431373
0.75294119
0.32941177
0.29019609
0.74117649
0.99215686
0.97254902
0.88627452
0.72549021
0.73725492
0.72941178
0.87843138
0.96862745
0.95686275
0.96470588
0.96470588
0.94509804
0.94901961
0.94509804
0.63137257
0.75294119
0.87450981
0.91764706
0.90588236
0.94901961
0.81960785
0.44705883
0.52156866
0.69803923
0.49803922
0.21176471
0.17647059
0.37647060
0.68627453
0.24705882
0.29019609
0.78823531
1.00000000
0.97647059
0.86666667
0.65882355
0.63921571
0.74117649
0.90980393
1.00000000
0.99215686
0.99215686
0.88235295
0.70980394
0.86274511
0.96470588
0.32156864
0.58039218
0.91764706
0.85882354
0.80784315
0.87450981
0.70588237
0.51372552
0.72941178
0.86274511
0.60392159
0.26666668
0.24313726
0.52156866
0.65882355
0.21960784
0.27843139
0.62745100
0.92941177
1.00000000
0.82745099
0.69411767
0.77254903
0.88627452
0.97254902
0.99215686
0.98823529
0.99215686
0.90588236
0.78431374
0.76470590
0.90588236
0.29019609
0.50588238
0.83137256
0.88627452
0.90980393
0.92549020
0.82745099
0.80784315
0.93333334
0.93725491
0.83137256
0.71764708
0.71372551
0.82745099
0.80392158
0.53333336
0.48627451
0.43529412
0.83137256
1.00000000
0.87450981
0.76862746
0.82745099
0.89411765
0.96470588
0.98431373
0.98039216
0.98823529
0.98039216
0.96470588
0.78431374
0.80392158
0.54117650
0.64705884
0.85098040
0.93333334
0.95686275
0.96078432
0.96470588
0.92549020
0.82352942
0.77254903
0.77254903
0.78431374
0.77647060
0.76862746
0.74901962
0.72156864
0.65490198
0.41176471
0.72549021
0.96078432
0.87843138
0.75294119
0.76862746
0.60000002
0.77254903
0.98823529
0.94117647
0.98431373
0.98431373
0.94509804
0.87058824
0.85098040
0.67450982
0.56862748
0.58039218
0.59607846
0.58823532
0.63137257
0.89411765
0.87058824
0.63137257
0.63529414
0.65098041
0.69019610
0.66666669
0.62352943
0.64705884
0.67450982
0.66666669
0.50588238
0.68627453
0.94509804
0.90980393
0.83921570
0.86274511
0.70588237
0.80784315
0.97254902
0.92549020
0.98039216
0.98039216
0.92941177
0.91372550
0.90588236
0.50196081
0.23921569
0.22352941
0.23529412
0.22745098
0.29411766
0.78823531
0.86274511
0.53725493
0.71764708
0.78823531
0.83921570
0.77254903
0.65098041
0.80784315
0.80000001
0.74117649
0.72156864
0.73725492
0.98823529
0.98431373
0.94509804
0.92941177
0.96470588
0.96862745
0.96078432
0.96078432
0.96470588
0.99607843
0.99607843
0.85882354
0.62745100
0.75294119
0.29803923
0.23529412
0.25098041
0.23921569
0.29803923
0.79215688
0.98431373
0.86666667
0.89019608
0.94117647
0.97647059
0.96078432
0.81176472
0.80784315
0.93333334
0.89411765
0.86666667
0.81960785
0.98039216
0.87843138
0.74117649
0.79215688
0.92549020
0.95686275
0.96078432
0.95294118
0.92941177
0.89019608
0.87058824
0.56862748
0.23921569
0.68235296
0.32549021
0.21960784
0.23921569
0.22745098
0.30196080
0.68627453
0.80784315
0.96470588
0.95686275
0.81960785
0.73333335
0.71764708
0.70588237
0.87450981
0.97647059
0.97254902
0.96862745
0.95686275
0.93725491
0.87058824
0.80000001
0.87058824
0.90588236
0.86666667
0.92156863
0.81568629
0.60392159
0.47450981
0.53333336
0.43921569
0.36078432
0.59607846
0.33333334
0.21960784
0.23529412
0.23529412
0.31372550
0.59215689
0.63137257
0.92549020
0.86274511
0.38823530
0.27058825
0.26666668
0.27450982
0.69803923
0.95686275
0.98431373
1.00000000
0.96078432
0.66666669
0.67843139
0.72941178
0.88627452
0.85490197
0.86666667
0.88627452
0.78823531
0.38823530
0.27450982
0.47843137
0.54117650
0.50980395
0.54901963
0.34117648
0.22352941
0.24313726
0.26666668
0.32549021
0.67058825
0.70980394
0.91372550
0.70196080
0.25882354
0.37254903
0.32156864
0.18823530
0.45490196
0.92549020
0.96078432
0.92549020
0.80392158
0.36470589
0.30980393
0.70588237
0.91764706
0.89019608
0.96078432
0.95294118
0.83529413
0.47058824
0.40392157
0.43137255
0.47843137
0.49411765
0.59215689
0.32156864
0.22745098
0.25490198
0.24313726
0.32941177
0.65882355
0.64313728
0.93725491
0.67450982
0.55294120
0.41176471
0.26274511
0.27058825
0.32941177
0.70196080
0.56078434
0.39215687
0.29803923
0.22745098
0.37647060
0.91372550
0.95686275
0.94509804
0.96470588
1.00000000
0.79215688
0.58039218
0.63529414
0.52941179
0.54117650
0.53725493
0.34117648
0.23921569
0.21568628
0.23137255
0.21960784
0.27450982
0.65098041
0.85098040
0.87450981
0.61960787
0.49019608
0.24313726
0.30588236
0.24705882
0.34901962
0.43529412
0.21960784
0.19607843
0.21176471
0.25490198
0.71764708
0.96470588
0.95294118
0.95294118
0.94901961
0.91764706
0.71764708
0.66666669
0.72549021
0.58823532
0.75686276
0.69803923
0.21568628
0.20784314
0.21176471
0.21568628
0.20000000
0.25098041
0.45882353
0.53725493
0.48235294
0.48627451
0.32941177
0.48235294
0.69019610
0.32549021
0.35294119
0.47843137
0.22352941
0.22745098
0.23921569
0.29019609
0.82745099
0.96862745
0.93725491
0.87058824
0.74509805
0.49803922
0.42352942
0.54117650
0.57254905
0.45882353
0.62352943
0.60784316
0.22745098
0.20784314
0.21960784
0.22352941
0.20000000
0.36078432
0.73725492
0.44313726
0.24705882
0.40392157
0.32941177
0.79215688
0.86274511
0.55686277
0.34117648
0.47843137
0.24313726
0.22352941
0.22745098
0.22352941
0.44313726
0.58431375
0.56078434
0.48235294
0.43137255
0.29411766
0.21568628
0.30196080
0.38039216
0.36862746
0.40000001
0.40784314
0.35686275
0.22745098
0.21176471
0.22745098
0.20784314
0.32156864
0.72549021
0.46274510
0.23137255
0.33725491
0.42352942
0.90196079
0.86274511
0.70588237
0.34117648
0.35686275
0.21176471
0.20784314
0.20392157
0.18823530
0.17647059
0.19215687
0.19607843
0.19215687
0.25490198
0.31764707
0.24705882
0.29019609
0.40784314
0.45098040
0.52549022
0.54901963
0.63137257
0.38823530
0.18039216
0.22352941
0.21960784
0.21960784
0.23921569
0.21568628
0.23529412
0.31764707
0.48627451
0.98431373
0.94117647
0.68235296
0.32549021
0.32156864
0.19607843
0.19215687
0.18823530
0.23921569
0.23529412
0.20784314
0.25098041
0.30980393
0.33725491
0.34901962
0.37647060
0.38431373
0.39607844
0.43921569
0.47843137
0.45882353
0.54509807
0.40784314
0.16078432
0.21176471
0.23529412
0.23137255
0.22352941
0.19215687
0.29411766
0.38039216
0.40784314
0.91372550
0.88627452
0.54509807
0.28235295
0.28627452
0.17254902
0.17647059
0.17647059
0.27843139
0.36470589
0.35294119
0.32941177
0.34901962
0.36862746
0.38431373
0.39607844
0.39215687
0.40000001
0.39215687
0.36862746
0.37254903
0.37254903
0.34117648
0.20784314
0.20784314
0.20784314
0.21176471
0.22745098
0.19215687
0.30196080
0.44705883
0.28627452
0.62745100
0.67843139
0.36862746
0.23137255
0.24313726
0.23137255
0.27843139
0.29411766
0.32941177
0.37254903
0.36470589
0.34117648
0.34509805
0.36470589
0.38431373
0.38431373
0.39215687
0.38431373
0.36078432
0.35686275
0.38823530
0.38039216
0.36470589
0.36078432
0.36862746
0.39215687
0.29803923
0.23137255
0.19607843
0.21176471
0.44313726
0.28235295
0.32549021
0.37254903
0.23921569
0.21568628
0.25490198
0.29803923
0.30980393
0.30980393
0.34117648
0.36862746
0.36862746
0.37647060
0.39215687
0.41568628
0.40784314
0.40000001
0.39607844
0.38823530
0.39607844
0.42352942
0.44705883
0.36862746
0.33333334
0.38039216
0.43921569
0.46666667
0.47843137
0.50980395
0.43529412
0.26666668
0.26666668
0.27058825
0.16862746
0.20000000
0.26274511
0.28235295
0.25098041
0.25882354
0.24705882
0.23137255
0.30980393
0.36078432
0.36470589
0.37254903
0.38039216
0.39607844
0.40784314
0.41568628
0.45490196
0.51372552
0.51764709
0.63921571
0.50196081
0.35686275
0.25098041
0.25098041
0.30196080
0.36862746
0.45882353
0.58431375
0.53333336
0.46274510
0.38823530
0.25490198
0.31764707
0.47843137
0.58823532
0.54901963
0.43529412
0.31764707
0.21960784
0.20392157
0.32156864
0.38431373
0.40784314
0.37647060
0.35686275
0.33725491
0.35294119
0.39607844
0.44705883
0.62352943
0.70980394
0.67058825
0.38823530
0.32549021
0.25882354
0.25882354
0.29803923
0.36470589
0.35686275
0.43137255
0.55686277
0.61960787
0.63137257
0.56862748
0.68627453
0.78039217
0.81960785
0.80392158
0.65490198
0.36862746
0.29411766
0.37254903
0.41960785
0.45098040
0.44705883
0.38823530
0.38823530
0.36470589
0.33725491
0.37647060
0.45882353
0.49019608
0.43529412
0.39607844
0.34901962
0.40000001
0.30980393
0.29803923
0.30588236
0.32549021
0.31764707
0.37647060
0.50588238
0.53725493
0.61960787
0.72941178
0.79607844
0.83529413
0.80000001
0.64313728
0.42352942
0.42352942
0.62352943
0.71764708
0.71372551
0.68235296
0.57254905
0.45098040
0.38431373
0.37254903
0.36470589
0.36470589
0.40784314
0.36862746
0.34509805
0.34117648
0.35294119
0.34901962
0.27450982
0.28627452
0.28235295
0.34117648
0.37254903
0.32549021
0.36862746
0.47450981
0.64313728
0.72941178
0.76470590
0.76862746
0.53725493
0.30196080
0.30980393
0.63529414
0.77254903
0.78039217
0.79607844
0.82352942
0.78823531
0.71372551
0.59215689
0.50588238
0.45490196
0.38823530
0.36470589
0.36078432
0.35294119
0.36078432
0.35686275
1 0 0 0 0 0 0 0 0 -1 0
0 1 0 0 0 0 0 0 0 -1 0
0 0 1 0 0 0 0 0 0 -1 0
0 0 0 1 0 0 0 0 0 -1 0
0 0 0 0 1 0 0 0 0 -1 0
0 0 0 0 0 1 0 0 0 -1 0
0 0 0 0 0 0 1 0 0 -1 0
0 0 0 0 0 0 0 1 0 -1 0
0 0 0 0 0 0 0 0 1 -1 0
