0.06666667
0.06666667
0.07058824
0.07058824
0.06666667
0.06666667
0.07058824
0.07058824
0.07843138
0.08235294
0.08235294
0.08235294
0.08235294
0.08627451
0.09411765
0.10588235
0.09019608
0.06666667
0.08627451
0.10196079
0.08627451
0.08235294
0.09019608
0.09411765
0.09411765
0.09019608
0.08627451
0.08627451
0.07843138
0.07450981
0.07843138
0.07843138
0.06666667
0.07058824
0.07843138
0.08235294
0.07843138
0.07450981
0.07058824
0.06666667
0.07843138
0.08627451
0.08627451
0.08235294
0.07843138
0.08235294
0.09411765
0.10588235
0.10196079
0.06666667
0.09019608
0.11372549
0.09019608
0.08235294
0.09411765
0.10196079
0.10588235
0.10196079
0.09411765
0.09019608
0.08235294
0.08627451
0.09019608
0.09019608
0.07058824
0.07843138
0.08627451
0.09019608
0.08627451
0.08627451
0.08627451
0.08235294
0.07843138
0.07843138
0.08627451
0.10588235
0.11764706
0.11372549
0.15686275
0.19607843
0.18823530
0.12941177
0.10980392
0.12941177
0.10588235
0.08235294
0.07843138
0.09019608
0.10196079
0.11764706
0.11372549
0.10196079
0.09411765
0.09411765
0.09411765
0.09411765
0.08235294
0.08627451
0.09019608
0.09019608
0.09019608
0.09019608
0.09803922
0.09803922
0.11764706
0.15294118
0.23137255
0.32549021
0.38431373
0.36470589
0.39215687
0.43137255
0.41176471
0.35686275
0.28235295
0.25882354
0.26274511
0.23529412
0.17647059
0.13333334
0.10980392
0.11764706
0.12941177
0.12156863
0.10980392
0.10196079
0.09803922
0.09411765
0.09411765
0.09411765
0.09411765
0.09803922
0.10196079
0.09803922
0.09411765
0.12941177
0.26274511
0.41568628
0.53333336
0.61568630
0.64705884
0.65882355
0.66274512
0.60392159
0.56078434
0.54117650
0.53333336
0.59215689
0.62352943
0.58431375
0.47843137
0.34509805
0.22745098
0.13333334
0.09019608
0.09019608
0.09803922
0.10588235
0.10588235
0.10588235
0.12156863
0.12549020
0.12549020
0.12941177
0.13725491
0.14901961
0.16862746
0.27843139
0.43529412
0.56862748
0.70196080
0.78431374
0.81176472
0.84313726
0.82352942
0.74509805
0.69803923
0.66666669
0.63529414
0.71764708
0.79215688
0.77647060
0.66274512
0.49411765
0.34117648
0.32941177
0.24705882
0.11764706
0.07058824
0.08627451
0.10980392
0.10980392
0.10980392
0.11372549
0.11764706
0.12941177
0.14117648
0.17254902
0.25882354
0.40784314
0.57254905
0.67450982
0.77647060
0.87450981
0.90980393
0.88235295
0.80392158
0.70196080
0.62352943
0.62745100
0.61568630
0.62745100
0.66666669
0.71372551
0.67450982
0.56862748
0.37254903
0.30980393
0.44705883
0.43137255
0.28235295
0.12156863
0.07450981
0.08627451
0.10980392
0.11764706
0.12156863
0.13333334
0.13333334
0.17647059
0.38039216
0.54509807
0.61568630
0.73333335
0.83921570
0.89019608
0.86666667
0.83137256
0.80784315
0.70588237
0.57647061
0.53333336
0.57647061
0.61176473
0.62745100
0.61960787
0.57254905
0.52156866
0.43529412
0.39215687
0.48627451
0.60392159
0.60784316
0.41960785
0.13333334
0.04705882
0.09803922
0.11764706
0.12549020
0.12941177
0.19607843
0.34117648
0.45098040
0.47843137
0.46274510
0.57647061
0.74117649
0.82745099
0.83529413
0.77254903
0.59607846
0.48235294
0.48235294
0.43529412
0.43137255
0.52156866
0.61176473
0.58823532
0.50980395
0.40392157
0.29803923
0.44705883
0.59215689
0.61568630
0.67450982
0.62352943
0.32941177
0.09803922
0.10588235
0.10980392
0.10980392
0.18039216
0.39607844
0.45098040
0.46666667
0.45882353
0.42352942
0.47058824
0.52549022
0.60000002
0.67450982
0.63921571
0.45098040
0.38039216
0.48627451
0.47058824
0.36078432
0.27450982
0.40000001
0.52941179
0.55686277
0.46274510
0.24313726
0.32549021
0.59607846
0.64313728
0.65882355
0.57647061
0.34117648
0.14117648
0.12156863
0.13333334
0.15686275
0.39215687
0.58431375
0.47450981
0.43921569
0.48235294
0.46274510
0.41568628
0.42352942
0.55294120
0.63529414
0.58039218
0.53333336
0.54117650
0.49411765
0.44705883
0.40392157
0.25490198
0.39215687
0.53333336
0.57647061
0.48235294
0.28235295
0.49019608
0.60784316
0.63137257
0.61960787
0.43137255
0.16470589
0.05098039
0.09803922
0.14509805
0.31764707
0.61960787
0.65882355
0.52549022
0.44313726
0.47843137
0.41960785
0.40784314
0.50588238
0.58039218
0.57254905
0.49803922
0.41176471
0.39607844
0.27843139
0.35686275
0.51764709
0.43529412
0.43921569
0.55686277
0.63529414
0.59215689
0.32941177
0.40392157
0.52941179
0.54117650
0.42352942
0.18431373
0.10588235
0.08235294
0.07843138
0.12156863
0.30196080
0.55686277
0.68235296
0.63137257
0.45882353
0.40000001
0.46666667
0.51372552
0.58039218
0.58039218
0.44313726
0.30196080
0.24313726
0.23529412
0.36078432
0.40784314
0.45098040
0.49019608
0.38823530
0.40784314
0.53725493
0.57254905
0.36862746
0.27058825
0.48627451
0.34509805
0.15686275
0.12156863
0.14509805
0.13725491
0.09411765
0.09411765
0.15686275
0.32549021
0.55294120
0.60000002
0.47058824
0.42352942
0.45882353
0.51764709
0.52941179
0.51372552
0.42352942
0.30196080
0.27843139
0.32941177
0.43529412
0.46274510
0.46274510
0.50196081
0.46274510
0.36862746
0.32156864
0.40784314
0.37647060
0.28627452
0.41176471
0.23921569
0.11764706
0.18431373
0.21176471
0.14117648
0.09019608
0.07058824
0.09411765
0.15294118
0.25882354
0.40392157
0.50980395
0.46274510
0.51764709
0.53725493
0.47843137
0.50980395
0.49411765
0.39215687
0.35686275
0.43529412
0.48235294
0.51764709
0.55294120
0.59215689
0.55686277
0.43529412
0.30196080
0.36862746
0.40392157
0.25882354
0.22745098
0.17647059
0.20392157
0.26274511
0.23921569
0.20392157
0.07450981
0.07058824
0.08235294
0.09411765
0.09411765
0.20392157
0.45098040
0.55686277
0.64705884
0.60784316
0.54901963
0.57647061
0.53725493
0.49411765
0.48235294
0.51764709
0.56470591
0.51372552
0.52941179
0.61568630
0.57254905
0.45098040
0.39607844
0.53333336
0.59215689
0.37647060
0.21960784
0.23137255
0.32549021
0.34901962
0.31764707
0.29803923
0.10588235
0.10980392
0.10588235
0.10588235
0.10980392
0.13333334
0.23137255
0.41568628
0.50196081
0.53725493
0.55294120
0.56078434
0.58431375
0.56862748
0.53333336
0.57647061
0.65882355
0.55686277
0.49019608
0.56078434
0.58039218
0.47843137
0.39607844
0.52941179
0.65490198
0.57254905
0.45490196
0.44313726
0.47843137
0.41960785
0.35294119
0.32156864
0.12549020
0.12549020
0.12156863
0.12941177
0.13333334
0.14117648
0.14901961
0.17254902
0.31372550
0.42745098
0.46274510
0.52549022
0.51764709
0.51764709
0.51372552
0.51372552
0.50588238
0.53333336
0.52156866
0.51372552
0.49019608
0.39215687
0.35686275
0.43921569
0.57647061
0.58823532
0.54117650
0.52941179
0.52156866
0.44313726
0.37254903
0.36862746
0.14509805
0.14117648
0.14117648
0.14509805
0.15294118
0.15686275
0.14509805
0.15294118
0.23529412
0.25882354
0.34901962
0.43921569
0.39215687
0.42745098
0.45098040
0.44705883
0.50980395
0.45490196
0.48627451
0.54509807
0.54901963
0.43921569
0.47450981
0.57647061
0.61960787
0.66666669
0.62352943
0.58823532
0.57254905
0.50196081
0.45882353
0.40784314
0.12549020
0.12549020
0.12156863
0.12549020
0.12941177
0.14117648
0.14117648
0.14901961
0.18431373
0.26666668
0.34509805
0.41568628
0.47058824
0.54117650
0.60784316
0.65490198
0.72549021
0.63921571
0.66666669
0.73333335
0.78823531
0.74117649
0.71372551
0.72156864
0.72941178
0.71372551
0.71372551
0.69411767
0.66274512
0.60784316
0.52941179
0.42745098
0.12549020
0.13725491
0.13725491
0.13333334
0.13333334
0.12941177
0.12549020
0.10980392
0.13725491
0.25882354
0.38431373
0.48235294
0.58039218
0.67450982
0.72549021
0.72549021
0.76078433
0.74901962
0.72549021
0.77254903
0.83529413
0.82352942
0.78039217
0.70196080
0.69411767
0.72549021
0.72941178
0.72156864
0.67843139
0.60000002
0.50980395
0.40392157
0.17254902
0.17254902
0.16470589
0.16078432
0.16078432
0.15686275
0.14509805
0.14901961
0.18823530
0.21960784
0.28235295
0.40000001
0.55686277
0.65098041
0.70588237
0.72156864
0.67843139
0.67843139
0.65490198
0.66666669
0.72549021
0.75294119
0.73725492
0.70588237
0.67843139
0.67450982
0.69019610
0.69411767
0.68235296
0.61960787
0.47843137
0.39215687
0.19215687
0.19215687
0.18431373
0.18823530
0.19607843
0.18431373
0.18039216
0.21176471
0.23921569
0.24705882
0.27450982
0.41176471
0.55294120
0.65882355
0.76078433
0.77647060
0.72156864
0.69803923
0.65490198
0.64705884
0.76078433
0.79607844
0.77647060
0.74117649
0.72156864
0.69411767
0.65490198
0.63529414
0.61960787
0.50980395
0.41960785
0.40000001
0.18431373
0.19215687
0.19607843
0.21568628
0.22352941
0.22745098
0.23529412
0.23529412
0.23137255
0.23529412
0.25098041
0.31372550
0.43137255
0.56470591
0.69019610
0.76078433
0.71372551
0.69411767
0.69019610
0.72941178
0.83921570
0.86274511
0.82352942
0.78823531
0.76470590
0.69411767
0.61568630
0.58039218
0.50196081
0.42352942
0.43137255
0.41176471
0.21568628
0.22352941
0.23137255
0.25882354
0.27450982
0.27843139
0.27843139
0.26666668
0.25098041
0.24705882
0.25098041
0.27058825
0.37254903
0.52156866
0.63529414
0.73333335
0.70196080
0.67843139
0.69411767
0.73725492
0.80392158
0.83529413
0.83529413
0.80784315
0.71764708
0.69019610
0.69019610
0.57254905
0.43137255
0.42352942
0.44705883
0.40784314
0.25882354
0.26666668
0.27450982
0.28235295
0.29019609
0.29019609
0.28235295
0.28235295
0.25882354
0.23921569
0.25098041
0.27058825
0.34509805
0.51372552
0.69019610
0.77254903
0.70196080
0.66274512
0.68627453
0.67450982
0.68235296
0.68235296
0.65490198
0.69019610
0.73333335
0.72156864
0.64705884
0.49803922
0.43921569
0.43529412
0.44313726
0.40000001
0.28235295
0.29019609
0.29019609
0.28235295
0.28627452
0.28627452
0.28235295
0.27450982
0.26274511
0.25098041
0.25882354
0.27058825
0.32156864
0.45490196
0.61568630
0.69803923
0.73333335
0.65098041
0.65490198
0.61960787
0.52156866
0.43137255
0.32156864
0.42352942
0.56078434
0.55686277
0.46666667
0.41176471
0.43921569
0.43529412
0.43921569
0.40000001
0.29411766
0.30196080
0.29019609
0.29411766
0.29803923
0.30196080
0.30196080
0.29411766
0.28627452
0.27450982
0.26666668
0.26666668
0.27450982
0.30980393
0.43137255
0.58431375
0.60392159
0.50588238
0.48235294
0.45098040
0.34509805
0.24705882
0.21176471
0.26666668
0.31372550
0.38039216
0.41176471
0.41176471
0.43529412
0.45490196
0.44705883
0.38039216
0.28627452
0.30196080
0.29803923
0.29411766
0.29019609
0.29411766
0.30196080
0.29803923
0.29019609
0.27843139
0.27843139
0.27450982
0.27450982
0.27058825
0.28627452
0.36470589
0.38039216
0.32156864
0.29411766
0.27843139
0.24705882
0.24313726
0.25882354
0.26666668
0.32156864
0.41568628
0.43529412
0.45490196
0.45490196
0.44705883
0.42352942
0.37254903
0.28627452
0.29803923
0.29411766
0.28627452
0.28627452
0.29019609
0.29411766
0.30196080
0.29803923
0.29019609
0.29019609
0.30196080
0.30588236
0.29411766
0.28235295
0.27843139
0.26666668
0.26274511
0.27450982
0.28627452
0.29019609
0.28627452
0.23137255
0.27058825
0.40392157
0.41960785
0.42745098
0.45098040
0.43529412
0.38823530
0.34901962
0.32156864
0.27843139
0.27843139
0.27450982
0.28627452
0.29411766
0.30980393
0.30196080
0.30588236
0.30980393
0.30588236
0.31764707
0.32156864
0.30196080
0.28627452
0.28235295
0.27450982
0.28235295
0.30588236
0.30588236
0.29803923
0.29411766
0.22352941
0.24313726
0.41568628
0.46274510
0.42745098
0.40000001
0.41176471
0.40000001
0.32549021
0.26666668
0.26666668
0.25098041
0.25490198
0.26666668
0.28627452
0.29803923
0.30588236
0.30980393
0.30980393
0.31372550
0.30980393
0.31764707
0.30980393
0.30196080
0.29803923
0.29019609
0.29411766
0.30196080
0.30196080
0.29411766
0.29019609
0.24705882
0.18823530
0.40000001
0.49803922
0.43529412
0.39215687
0.35294119
0.36078432
0.35686275
0.30980393
0.23921569
0.18431373
0.06274510
0.06274510
0.06666667
0.07058824
0.06666667
0.06666667
0.07058824
0.07058824
0.07843138
0.08235294
0.08235294
0.08235294
0.08235294
0.08235294
0.08627451
0.09019608
0.08235294
0.07058824
0.07843138
0.08627451
0.07843138
0.08235294
0.09019608
0.09411765
0.09411765
0.09019608
0.08627451
0.08627451
0.08627451
0.08235294
0.08627451
0.08627451
0.07058824
0.07058824
0.07843138
0.08235294
0.07843138
0.07450981
0.07058824
0.06666667
0.07843138
0.08235294
0.08235294
0.08235294
0.08235294
0.08627451
0.08627451
0.09019608
0.09411765
0.07450981
0.08235294
0.09411765
0.08235294
0.08627451
0.09803922
0.10588235
0.10588235
0.10196079
0.09411765
0.09019608
0.09019608
0.09411765
0.09803922
0.09803922
0.07843138
0.08235294
0.09411765
0.09019608
0.08627451
0.09019608
0.08627451
0.08627451
0.08627451
0.08627451
0.08627451
0.09803922
0.10196079
0.09411765
0.11372549
0.13725491
0.13725491
0.10196079
0.09411765
0.10196079
0.09019608
0.07450981
0.07843138
0.09019608
0.10588235
0.11764706
0.11764706
0.10980392
0.10196079
0.09803922
0.09803922
0.09803922
0.09019608
0.09411765
0.10196079
0.10196079
0.09803922
0.10196079
0.10588235
0.10588235
0.11764706
0.12941177
0.16862746
0.23529412
0.27058825
0.24313726
0.25490198
0.30196080
0.29411766
0.25490198
0.20392157
0.18039216
0.19215687
0.18431373
0.13333334
0.10980392
0.09803922
0.12156863
0.14117648
0.13725491
0.12156863
0.11372549
0.10980392
0.10196079
0.10196079
0.10196079
0.10588235
0.10588235
0.10980392
0.10980392
0.10196079
0.11372549
0.19607843
0.30980393
0.42745098
0.50588238
0.52941179
0.54509807
0.54901963
0.49803922
0.45882353
0.43921569
0.43529412
0.52156866
0.55294120
0.51372552
0.41176471
0.27450982
0.17254902
0.10980392
0.08627451
0.09411765
0.10588235
0.12156863
0.12549020
0.11372549
0.14901961
0.14901961
0.14509805
0.14901961
0.15686275
0.16470589
0.16470589
0.22352941
0.33333334
0.45882353
0.60000002
0.68235296
0.70980394
0.75294119
0.72941178
0.64705884
0.59607846
0.58431375
0.54117650
0.64705884
0.72941178
0.70980394
0.60000002
0.42745098
0.27450982
0.25882354
0.19215687
0.09019608
0.06274510
0.09019608
0.12156863
0.12549020
0.12549020
0.13333334
0.14117648
0.15686275
0.17647059
0.18823530
0.23529412
0.34509805
0.49019608
0.57647061
0.67058825
0.76862746
0.81176472
0.77647060
0.67843139
0.57647061
0.50980395
0.55294120
0.53725493
0.54117650
0.58823532
0.63921571
0.60392159
0.50980395
0.32156864
0.21960784
0.34901962
0.35686275
0.23137255
0.09019608
0.06274510
0.09019608
0.12941177
0.13725491
0.14509805
0.16078432
0.15686275
0.16470589
0.31764707
0.47058824
0.54117650
0.64705884
0.74509805
0.78823531
0.74509805
0.69411767
0.67450982
0.58431375
0.46666667
0.43921569
0.50196081
0.54117650
0.56862748
0.56862748
0.50980395
0.45098040
0.35686275
0.29411766
0.37254903
0.49411765
0.51372552
0.35294119
0.10588235
0.03529412
0.12549020
0.14117648
0.14901961
0.14901961
0.19215687
0.29803923
0.38823530
0.41568628
0.39607844
0.50196081
0.66274512
0.74117649
0.72941178
0.63921571
0.46666667
0.35686275
0.35686275
0.32156864
0.34117648
0.45490196
0.54509807
0.53333336
0.46666667
0.34509805
0.21176471
0.34117648
0.48235294
0.50980395
0.56862748
0.53333336
0.28627452
0.08235294
0.13725491
0.14117648
0.14901961
0.18431373
0.33725491
0.38039216
0.41176471
0.40000001
0.34509805
0.38431373
0.43529412
0.50980395
0.59215689
0.54901963
0.34901962
0.26666668
0.36470589
0.38823530
0.34509805
0.28627452
0.34509805
0.44705883
0.49803922
0.41568628
0.18039216
0.23529412
0.49019608
0.54509807
0.55686277
0.49803922
0.30196080
0.12156863
0.15294118
0.16862746
0.17647059
0.34901962
0.48235294
0.38823530
0.38823530
0.43137255
0.37254903
0.36078432
0.38823530
0.47843137
0.55686277
0.50196081
0.45490196
0.45098040
0.39607844
0.37647060
0.37254903
0.25098041
0.32156864
0.42352942
0.48627451
0.41960785
0.21176471
0.40784314
0.51764709
0.54117650
0.53725493
0.38039216
0.13725491
0.03921569
0.12156863
0.17254902
0.29019609
0.51764709
0.54509807
0.43921569
0.38431373
0.41568628
0.32549021
0.32549021
0.43921569
0.51372552
0.50980395
0.43921569
0.36078432
0.35294119
0.21960784
0.27843139
0.42745098
0.34901962
0.33725491
0.45098040
0.56078434
0.55294120
0.27843139
0.32941177
0.43921569
0.45490196
0.36470589
0.15294118
0.07843138
0.05490196
0.10196079
0.13725491
0.27843139
0.48235294
0.58039218
0.53725493
0.40000001
0.34117648
0.38431373
0.40784314
0.47450981
0.50980395
0.40000001
0.28235295
0.23137255
0.21176471
0.29803923
0.32941177
0.38431373
0.41176471
0.29411766
0.32156864
0.48627451
0.54117650
0.34117648
0.21176471
0.40000001
0.28235295
0.12156863
0.09411765
0.11372549
0.10588235
0.12549020
0.11372549
0.15686275
0.29411766
0.48235294
0.51372552
0.40000001
0.36862746
0.40000001
0.44313726
0.45490196
0.43921569
0.34901962
0.25882354
0.24705882
0.27058825
0.33725491
0.36470589
0.40000001
0.44313726
0.38823530
0.28627452
0.24705882
0.34509805
0.32941177
0.22745098
0.34901962
0.19215687
0.08627451
0.15294118
0.17254902
0.10588235
0.12549020
0.10196079
0.11764706
0.16470589
0.25098041
0.36078432
0.44313726
0.40392157
0.46274510
0.47843137
0.41176471
0.43137255
0.41176471
0.32941177
0.30196080
0.36470589
0.39607844
0.43921569
0.50196081
0.55294120
0.51372552
0.37254903
0.21960784
0.29019609
0.33725491
0.21568628
0.18431373
0.14509805
0.16862746
0.22745098
0.20784314
0.17647059
0.10196079
0.09411765
0.10196079
0.12549020
0.12156863
0.19607843
0.40392157
0.49019608
0.58823532
0.55294120
0.49019608
0.51372552
0.47843137
0.43137255
0.40784314
0.44705883
0.50196081
0.45490196
0.47843137
0.57254905
0.52549022
0.38431373
0.32156864
0.47058824
0.52549022
0.32156864
0.16470589
0.18823530
0.28627452
0.30196080
0.28235295
0.27450982
0.11372549
0.11372549
0.10588235
0.10980392
0.11372549
0.12941177
0.20784314
0.36078432
0.45098040
0.48235294
0.49411765
0.50588238
0.52941179
0.50588238
0.46666667
0.52156866
0.61568630
0.49803922
0.42745098
0.50588238
0.53725493
0.42352942
0.31372550
0.44313726
0.60000002
0.51764709
0.38823530
0.38823530
0.43921569
0.38823530
0.32941177
0.29803923
0.12549020
0.12941177
0.12549020
0.12941177
0.13333334
0.14509805
0.14901961
0.14509805
0.27450982
0.38039216
0.40000001
0.46274510
0.45490196
0.45098040
0.45098040
0.44705883
0.43529412
0.45882353
0.44313726
0.44313726
0.43921569
0.35294119
0.27450982
0.33725491
0.50588238
0.52941179
0.47843137
0.46274510
0.46666667
0.40784314
0.34117648
0.33725491
0.15294118
0.14901961
0.14509805
0.15294118
0.15686275
0.16078432
0.15294118
0.14901961
0.21568628
0.23137255
0.30980393
0.38823530
0.33725491
0.36470589
0.38039216
0.36078432
0.41960785
0.37254903
0.38823530
0.43921569
0.46274510
0.37647060
0.38039216
0.46666667
0.53333336
0.58431375
0.54901963
0.51372552
0.50588238
0.44313726
0.40000001
0.39215687
0.12941177
0.12549020
0.12156863
0.12549020
0.13333334
0.14117648
0.14901961
0.15686275
0.18039216
0.24705882
0.30196080
0.36470589
0.41960785
0.49019608
0.54901963
0.58039218
0.65490198
0.56470591
0.57647061
0.62745100
0.69411767
0.64313728
0.61960787
0.62745100
0.63137257
0.61568630
0.62352943
0.60784316
0.59215689
0.54117650
0.47058824
0.46666667
0.13333334
0.14509805
0.14509805
0.14117648
0.14117648
0.13725491
0.12941177
0.11372549
0.13333334
0.23529412
0.34117648
0.42745098
0.52549022
0.62352943
0.65490198
0.60392159
0.64313728
0.63921571
0.61176473
0.66666669
0.73725492
0.72156864
0.66274512
0.58039218
0.56862748
0.58823532
0.58431375
0.57647061
0.56078434
0.51372552
0.49803922
0.50196081
0.18823530
0.19215687
0.18039216
0.17647059
0.18039216
0.17254902
0.15686275
0.15686275
0.20000000
0.22352941
0.27450982
0.35686275
0.49411765
0.58039218
0.62352943
0.56862748
0.50196081
0.52549022
0.50980395
0.55294120
0.60784316
0.61176473
0.57647061
0.54117650
0.50980395
0.50196081
0.52156866
0.53725493
0.54901963
0.53333336
0.50980395
0.49803922
0.20784314
0.20784314
0.20392157
0.20784314
0.21568628
0.20784314
0.20000000
0.23137255
0.26274511
0.26666668
0.27450982
0.36470589
0.46274510
0.54901963
0.67058825
0.66666669
0.54117650
0.50980395
0.47843137
0.52156866
0.63921571
0.63529414
0.60784316
0.58431375
0.56862748
0.52156866
0.49411765
0.49803922
0.52156866
0.51764709
0.50980395
0.50588238
0.20784314
0.21960784
0.22745098
0.24705882
0.25882354
0.25882354
0.25882354
0.25490198
0.25490198
0.25490198
0.26274511
0.29803923
0.36862746
0.45882353
0.57254905
0.64313728
0.56078434
0.50588238
0.50980395
0.59607846
0.72549021
0.73333335
0.67843139
0.63921571
0.60784316
0.53725493
0.46666667
0.47058824
0.49019608
0.50980395
0.53725493
0.52156866
0.24705882
0.25882354
0.27058825
0.29803923
0.31372550
0.31764707
0.31764707
0.30196080
0.29019609
0.28235295
0.28235295
0.28627452
0.34117648
0.41176471
0.49803922
0.61960787
0.55294120
0.50196081
0.52156866
0.60000002
0.68627453
0.71764708
0.72941178
0.70196080
0.59215689
0.56470591
0.58039218
0.51372552
0.49411765
0.53333336
0.55686277
0.52156866
0.29803923
0.31372550
0.32156864
0.32549021
0.32941177
0.32941177
0.32549021
0.32549021
0.30196080
0.27843139
0.27843139
0.29803923
0.34509805
0.42352942
0.57647061
0.64705884
0.53725493
0.49019608
0.52549022
0.52156866
0.53725493
0.53333336
0.52941179
0.58431375
0.64313728
0.64313728
0.58823532
0.54509807
0.55294120
0.55294120
0.56862748
0.51764709
0.33725491
0.34509805
0.34117648
0.33333334
0.33333334
0.32549021
0.32156864
0.31764707
0.30196080
0.29019609
0.29411766
0.30588236
0.33725491
0.38039216
0.47058824
0.55294120
0.59215689
0.47450981
0.49019608
0.45098040
0.34901962
0.29411766
0.23921569
0.37254903
0.50588238
0.50980395
0.50196081
0.52549022
0.56078434
0.55686277
0.56862748
0.51764709
0.36862746
0.36862746
0.35294119
0.35294119
0.35294119
0.34901962
0.35294119
0.34117648
0.32941177
0.31372550
0.30588236
0.30588236
0.30588236
0.29803923
0.32941177
0.42352942
0.45882353
0.35686275
0.33333334
0.33333334
0.27058825
0.22745098
0.23137255
0.29019609
0.35294119
0.45098040
0.52156866
0.52941179
0.56078434
0.58431375
0.57647061
0.49411765
0.35686275
0.36862746
0.36078432
0.34901962
0.34901962
0.34901962
0.34901962
0.34117648
0.34117648
0.33333334
0.32549021
0.32549021
0.32156864
0.30980393
0.30980393
0.32941177
0.32941177
0.28235295
0.26666668
0.28627452
0.28627452
0.29019609
0.30588236
0.32549021
0.41176471
0.53725493
0.55686277
0.57647061
0.58823532
0.58039218
0.54901963
0.48235294
0.34509805
0.35686275
0.34901962
0.33725491
0.33333334
0.34117648
0.34117648
0.35294119
0.36078432
0.35294119
0.35294119
0.36470589
0.36078432
0.34901962
0.33725491
0.32156864
0.30588236
0.30588236
0.31764707
0.32941177
0.33725491
0.33725491
0.29803923
0.36470589
0.52156866
0.54901963
0.55686277
0.58823532
0.57647061
0.52156866
0.47058824
0.43921569
0.33333334
0.33333334
0.32549021
0.32941177
0.34117648
0.36078432
0.36470589
0.37647060
0.37647060
0.37254903
0.38431373
0.38431373
0.36078432
0.34117648
0.32941177
0.31372550
0.32549021
0.34901962
0.34901962
0.34509805
0.36078432
0.29411766
0.32549021
0.52156866
0.58039218
0.55686277
0.53333336
0.54117650
0.53333336
0.45490196
0.38431373
0.38039216
0.30588236
0.30980393
0.31764707
0.33725491
0.35686275
0.37254903
0.37647060
0.37647060
0.37647060
0.37254903
0.37647060
0.36862746
0.35686275
0.34509805
0.33333334
0.34117648
0.34901962
0.35686275
0.34901962
0.35294119
0.32941177
0.28235295
0.50588238
0.61176473
0.56078434
0.52156866
0.48235294
0.49019608
0.48235294
0.42745098
0.35294119
0.29411766
0.06274510
0.06666667
0.07058824
0.07058824
0.06666667
0.06666667
0.07058824
0.07058824
0.07843138
0.08235294
0.08235294
0.08235294
0.08235294
0.08235294
0.07843138
0.07843138
0.07843138
0.07058824
0.07058824
0.07843138
0.07450981
0.07843138
0.09019608
0.09411765
0.09411765
0.09019608
0.08627451
0.08627451
0.08235294
0.07843138
0.08235294
0.08235294
0.06666667
0.07058824
0.07843138
0.08235294
0.07843138
0.07450981
0.07058824
0.06666667
0.07450981
0.08235294
0.08235294
0.08235294
0.08235294
0.07843138
0.07450981
0.08235294
0.09019608
0.07450981
0.07843138
0.08627451
0.08235294
0.09019608
0.10196079
0.10588235
0.10980392
0.10196079
0.09411765
0.09019608
0.09019608
0.09019608
0.09411765
0.09411765
0.07450981
0.08235294
0.09411765
0.09803922
0.09411765
0.09803922
0.09019608
0.08627451
0.08627451
0.09019608
0.09019608
0.09411765
0.09411765
0.08235294
0.09411765
0.11372549
0.10980392
0.08627451
0.08627451
0.09019608
0.08235294
0.07843138
0.08235294
0.09019608
0.10196079
0.11764706
0.11764706
0.10980392
0.10588235
0.10588235
0.10588235
0.10196079
0.08235294
0.09019608
0.09803922
0.10588235
0.10588235
0.10588235
0.11372549
0.10980392
0.10588235
0.10588235
0.12941177
0.18039216
0.20392157
0.17254902
0.17647059
0.21960784
0.21568628
0.18431373
0.16078432
0.14509805
0.16078432
0.15686275
0.11372549
0.09019608
0.09019608
0.11372549
0.13333334
0.13725491
0.12941177
0.11764706
0.11372549
0.10588235
0.10588235
0.10588235
0.10980392
0.11372549
0.11372549
0.11372549
0.10980392
0.10588235
0.14901961
0.23921569
0.35294119
0.43137255
0.45098040
0.47058824
0.47843137
0.41960785
0.38431373
0.36862746
0.36862746
0.45882353
0.50588238
0.46274510
0.35686275
0.22745098
0.14117648
0.09803922
0.08235294
0.09019608
0.10588235
0.12156863
0.12941177
0.12156863
0.15686275
0.16078432
0.15686275
0.15686275
0.16470589
0.17254902
0.16470589
0.19215687
0.26666668
0.38039216
0.52549022
0.60392159
0.62352943
0.67058825
0.66274512
0.56862748
0.53333336
0.52156866
0.46274510
0.56862748
0.66666669
0.64313728
0.53333336
0.36862746
0.22352941
0.22745098
0.16078432
0.07058824
0.05490196
0.08627451
0.12156863
0.12549020
0.13725491
0.14509805
0.14901961
0.16470589
0.18431373
0.18823530
0.20784314
0.29411766
0.42352942
0.50588238
0.59215689
0.68235296
0.71764708
0.68235296
0.58823532
0.46666667
0.42352942
0.48235294
0.45882353
0.46274510
0.51372552
0.56078434
0.52156866
0.44705883
0.27843139
0.17254902
0.27843139
0.29411766
0.19607843
0.07843138
0.06274510
0.09019608
0.14117648
0.14901961
0.15294118
0.16470589
0.16078432
0.16078432
0.28235295
0.41960785
0.48235294
0.57647061
0.66666669
0.69411767
0.63921571
0.59607846
0.58039218
0.48235294
0.38431373
0.36470589
0.43529412
0.49019608
0.52156866
0.50980395
0.43529412
0.38039216
0.29019609
0.22352941
0.28627452
0.40000001
0.43137255
0.30588236
0.09019608
0.03529412
0.13725491
0.14901961
0.15294118
0.15686275
0.19215687
0.27058825
0.34509805
0.36470589
0.33725491
0.43921569
0.58823532
0.65490198
0.63137257
0.54117650
0.38039216
0.28627452
0.27058825
0.24705882
0.28235295
0.40000001
0.48627451
0.47843137
0.42352942
0.30196080
0.16470589
0.25882354
0.38431373
0.42352942
0.47450981
0.46274510
0.25098041
0.07058824
0.14509805
0.15686275
0.16078432
0.18823530
0.29803923
0.32156864
0.38039216
0.35686275
0.28627452
0.31372550
0.36470589
0.43529412
0.51764709
0.46666667
0.27058825
0.20000000
0.29803923
0.35686275
0.36470589
0.30588236
0.30980393
0.38823530
0.44313726
0.37254903
0.15294118
0.17647059
0.40392157
0.45882353
0.47843137
0.42745098
0.27450982
0.11372549
0.16470589
0.18039216
0.18431373
0.31372550
0.40000001
0.32549021
0.35294119
0.38431373
0.31764707
0.32549021
0.36078432
0.42745098
0.49411765
0.42745098
0.37647060
0.38039216
0.34509805
0.35686275
0.38823530
0.26666668
0.28627452
0.35294119
0.41176471
0.36862746
0.17254902
0.33725491
0.43921569
0.45490196
0.46274510
0.32941177
0.11764706
0.03529412
0.12941177
0.18431373
0.26666668
0.43921569
0.45490196
0.36862746
0.33333334
0.36862746
0.26274511
0.28235295
0.40784314
0.47058824
0.46274510
0.38431373
0.31372550
0.30980393
0.18823530
0.23137255
0.38039216
0.30980393
0.27058825
0.36078432
0.48627451
0.50588238
0.25098041
0.25490198
0.35686275
0.38039216
0.30980393
0.12941177
0.06666667
0.04705882
0.10588235
0.14901961
0.25882354
0.42352942
0.49803922
0.45882353
0.34901962
0.29803923
0.31764707
0.34117648
0.41568628
0.45882353
0.36470589
0.27843139
0.23529412
0.19215687
0.25490198
0.28235295
0.33333334
0.36862746
0.24705882
0.26274511
0.42745098
0.49019608
0.31372550
0.16078432
0.32941177
0.23529412
0.10196079
0.07843138
0.09411765
0.09019608
0.13725491
0.12549020
0.15686275
0.25882354
0.40784314
0.43137255
0.34509805
0.32156864
0.34509805
0.38039216
0.39215687
0.37647060
0.30588236
0.25098041
0.24705882
0.24705882
0.27843139
0.29803923
0.34509805
0.39607844
0.33725491
0.23529412
0.20392157
0.29411766
0.29019609
0.19215687
0.29019609
0.16862746
0.07450981
0.12941177
0.14901961
0.09019608
0.13333334
0.11372549
0.13333334
0.16862746
0.23137255
0.31372550
0.38431373
0.34901962
0.41176471
0.41960785
0.35294119
0.36862746
0.36078432
0.30980393
0.29411766
0.34901962
0.34901962
0.38431373
0.45098040
0.50980395
0.46274510
0.31764707
0.16862746
0.22745098
0.29019609
0.18039216
0.16078432
0.12549020
0.14509805
0.19607843
0.18823530
0.16078432
0.10980392
0.10588235
0.12156863
0.14117648
0.13725491
0.18823530
0.36078432
0.43529412
0.52941179
0.49411765
0.43137255
0.45882353
0.43529412
0.39607844
0.37254903
0.40392157
0.45098040
0.40000001
0.42352942
0.52156866
0.47450981
0.33333334
0.25882354
0.40392157
0.47058824
0.28627452
0.14901961
0.15686275
0.24705882
0.26274511
0.25098041
0.25098041
0.11764706
0.11764706
0.10980392
0.10980392
0.12156863
0.12941177
0.18823530
0.32941177
0.40000001
0.42352942
0.43921569
0.44705883
0.47058824
0.44313726
0.40392157
0.45882353
0.55686277
0.44705883
0.37647060
0.44705883
0.48627451
0.37647060
0.25098041
0.38039216
0.54901963
0.46666667
0.33333334
0.32941177
0.39607844
0.35294119
0.29803923
0.27450982
0.12941177
0.13333334
0.12549020
0.12941177
0.13333334
0.14117648
0.14117648
0.13725491
0.25098041
0.33725491
0.34509805
0.40392157
0.39607844
0.39215687
0.39215687
0.39215687
0.37254903
0.38823530
0.36862746
0.37254903
0.38823530
0.31764707
0.22745098
0.25490198
0.44313726
0.47450981
0.41568628
0.39607844
0.41568628
0.37254903
0.30980393
0.30980393
0.16078432
0.15686275
0.15294118
0.16078432
0.16470589
0.16470589
0.15294118
0.14509805
0.20784314
0.21176471
0.27843139
0.34901962
0.29803923
0.31764707
0.32941177
0.30196080
0.34901962
0.30588236
0.31372550
0.36862746
0.40392157
0.34117648
0.32549021
0.38039216
0.45098040
0.50588238
0.48235294
0.44705883
0.45098040
0.39607844
0.34509805
0.36862746
0.13725491
0.13333334
0.12941177
0.13333334
0.14117648
0.14901961
0.14901961
0.15686275
0.17254902
0.22352941
0.27450982
0.32156864
0.36470589
0.43137255
0.49411765
0.51764709
0.60000002
0.51372552
0.50588238
0.56078434
0.62745100
0.57647061
0.54901963
0.54509807
0.54509807
0.53333336
0.53725493
0.52156866
0.51764709
0.47450981
0.40784314
0.49803922
0.13725491
0.15294118
0.15294118
0.14901961
0.14901961
0.14509805
0.13333334
0.12156863
0.12941177
0.21176471
0.29411766
0.36862746
0.46274510
0.56078434
0.58039218
0.51372552
0.54509807
0.55294120
0.52156866
0.59215689
0.67450982
0.65882355
0.58431375
0.48627451
0.46666667
0.47843137
0.46666667
0.47058824
0.46666667
0.43529412
0.48627451
0.59215689
0.19215687
0.19607843
0.18823530
0.18823530
0.18823530
0.18431373
0.16862746
0.16862746
0.20392157
0.21960784
0.25490198
0.31372550
0.42352942
0.50196081
0.54117650
0.46274510
0.37647060
0.40784314
0.40000001
0.46666667
0.52941179
0.51372552
0.45882353
0.41960785
0.38431373
0.37254903
0.39215687
0.41960785
0.44313726
0.46274510
0.55294120
0.60392159
0.21176471
0.21176471
0.20784314
0.21960784
0.22745098
0.21568628
0.21176471
0.23921569
0.26274511
0.26274511
0.26274511
0.32549021
0.37647060
0.45490196
0.59215689
0.56470591
0.41960785
0.37254903
0.34901962
0.42352942
0.53333336
0.51764709
0.49803922
0.47450981
0.45490196
0.40392157
0.38039216
0.38431373
0.44705883
0.54117650
0.60784316
0.61568630
0.21176471
0.21960784
0.23137255
0.25098041
0.26274511
0.26666668
0.27058825
0.26274511
0.25882354
0.25882354
0.26274511
0.27843139
0.30588236
0.36078432
0.48627451
0.54901963
0.43921569
0.36862746
0.38039216
0.49411765
0.62745100
0.63529414
0.58823532
0.54117650
0.49411765
0.41960785
0.35294119
0.38039216
0.49411765
0.61176473
0.65490198
0.63921571
0.25490198
0.26666668
0.27450982
0.30196080
0.31764707
0.32156864
0.32156864
0.30980393
0.29411766
0.28627452
0.29019609
0.28235295
0.30588236
0.32156864
0.40000001
0.51764709
0.43921569
0.37647060
0.39607844
0.50196081
0.59607846
0.62745100
0.64705884
0.62745100
0.49411765
0.45098040
0.48235294
0.46274510
0.56862748
0.65098041
0.67450982
0.64313728
0.30588236
0.31764707
0.32549021
0.32941177
0.33725491
0.33725491
0.32941177
0.32549021
0.30196080
0.28235295
0.28235295
0.30196080
0.32549021
0.34509805
0.47450981
0.55294120
0.42352942
0.36470589
0.40784314
0.41176471
0.42745098
0.41568628
0.42352942
0.49803922
0.56078434
0.55686277
0.53333336
0.58823532
0.67058825
0.67843139
0.68627453
0.63137257
0.33725491
0.34901962
0.34509805
0.33725491
0.33725491
0.33333334
0.32549021
0.31764707
0.30588236
0.29019609
0.29019609
0.30196080
0.32549021
0.30980393
0.35686275
0.45490196
0.47843137
0.34509805
0.37254903
0.32549021
0.21960784
0.18823530
0.16862746
0.31764707
0.43529412
0.45490196
0.53333336
0.64313728
0.67843139
0.67843139
0.69019610
0.63921571
0.36862746
0.36862746
0.35294119
0.35294119
0.35294119
0.35294119
0.35686275
0.34509805
0.33333334
0.31764707
0.30588236
0.30196080
0.30588236
0.27843139
0.24705882
0.30196080
0.33725491
0.23921569
0.22352941
0.24705882
0.21176471
0.20392157
0.22745098
0.28627452
0.36078432
0.50980395
0.63921571
0.65098041
0.67843139
0.70980394
0.69803923
0.61176473
0.36862746
0.37647060
0.36078432
0.35294119
0.35294119
0.35294119
0.35294119
0.34901962
0.34509805
0.33725491
0.32941177
0.32549021
0.32156864
0.31764707
0.30980393
0.27843139
0.26666668
0.23529412
0.22745098
0.27058825
0.29019609
0.29411766
0.30588236
0.36078432
0.49411765
0.65490198
0.67843139
0.70196080
0.71764708
0.71372551
0.67450982
0.60000002
0.35294119
0.36470589
0.35686275
0.34509805
0.34117648
0.34509805
0.34901962
0.36078432
0.36078432
0.35294119
0.35294119
0.36470589
0.36470589
0.34901962
0.34117648
0.33333334
0.31372550
0.30980393
0.32549021
0.33725491
0.34509805
0.35686275
0.36078432
0.46274510
0.62745100
0.67058825
0.69019610
0.71764708
0.70196080
0.65098041
0.60392159
0.56862748
0.33725491
0.33725491
0.33333334
0.33725491
0.34901962
0.36470589
0.36862746
0.37647060
0.37647060
0.37254903
0.38431373
0.38431373
0.36078432
0.34509805
0.33725491
0.32156864
0.33333334
0.36078432
0.35294119
0.34901962
0.38039216
0.37254903
0.43137255
0.62745100
0.69803923
0.68627453
0.67058825
0.68235296
0.67058825
0.58431375
0.51372552
0.50588238
0.30588236
0.31372550
0.32156864
0.34509805
0.36078432
0.37254903
0.37647060
0.37647060
0.37647060
0.37254903
0.38039216
0.37254903
0.36078432
0.35294119
0.34117648
0.34901962
0.35686275
0.36470589
0.34901962
0.36862746
0.39215687
0.38039216
0.61568630
0.73725492
0.68627453
0.65490198
0.61960787
0.62352943
0.61960787
0.56078434
0.48235294
0.41176471
1 0 0 0 0 -1 0 0 0 0 0
0 1 0 0 0 -1 0 0 0 0 0
0 0 1 0 0 -1 0 0 0 0 0
0 0 0 1 0 -1 0 0 0 0 0
0 0 0 0 1 -1 0 0 0 0 0
0 0 0 0 0 -1 1 0 0 0 0
0 0 0 0 0 -1 0 1 0 0 0
0 0 0 0 0 -1 0 0 1 0 0
0 0 0 0 0 -1 0 0 0 1 0
