0.41176471
0.40392157
0.41176471
0.44705883
0.49803922
0.47450981
0.41568628
0.45098040
0.56078434
0.51764709
0.44313726
0.45098040
0.49411765
0.47058824
0.44705883
0.49411765
0.47058824
0.43529412
0.42745098
0.43921569
0.45098040
0.49411765
0.47450981
0.46666667
0.46666667
0.42745098
0.45882353
0.48235294
0.47058824
0.43529412
0.43921569
0.49803922
0.43921569
0.46666667
0.45882353
0.44705883
0.43137255
0.39607844
0.44705883
0.49803922
0.54509807
0.50196081
0.46666667
0.47450981
0.49803922
0.49411765
0.46666667
0.49019608
0.44705883
0.40000001
0.39215687
0.45098040
0.46274510
0.44313726
0.47843137
0.47450981
0.45098040
0.46666667
0.45098040
0.45098040
0.42352942
0.43137255
0.42745098
0.45098040
0.48235294
0.49019608
0.43137255
0.40784314
0.40784314
0.41960785
0.48235294
0.49411765
0.49411765
0.47843137
0.46666667
0.49411765
0.52549022
0.49803922
0.48627451
0.49019608
0.43137255
0.45098040
0.45882353
0.47450981
0.43137255
0.41176471
0.46274510
0.47450981
0.45490196
0.48235294
0.36470589
0.36078432
0.41568628
0.43529412
0.45490196
0.44313726
0.45490196
0.43921569
0.40784314
0.40784314
0.41568628
0.45490196
0.49803922
0.48235294
0.45490196
0.42745098
0.44705883
0.49019608
0.50588238
0.49019608
0.47843137
0.53333336
0.51372552
0.48235294
0.50196081
0.49411765
0.44705883
0.40000001
0.42352942
0.47843137
0.47058824
0.39607844
0.40392157
0.42745098
0.47058824
0.46666667
0.48235294
0.47450981
0.45098040
0.45882353
0.44313726
0.45882353
0.44313726
0.42745098
0.42352942
0.42745098
0.43529412
0.44313726
0.43921569
0.45098040
0.45098040
0.43921569
0.44705883
0.45882353
0.41960785
0.42745098
0.45882353
0.43921569
0.41960785
0.34117648
0.37254903
0.45882353
0.47843137
0.43529412
0.42352942
0.43529412
0.45490196
0.47058824
0.46666667
0.42352942
0.43529412
0.47843137
0.48235294
0.49411765
0.46666667
0.43137255
0.40392157
0.42352942
0.41960785
0.44705883
0.46666667
0.46274510
0.43137255
0.33333334
0.36078432
0.39607844
0.43137255
0.50196081
0.48235294
0.40784314
0.39607844
0.34509805
0.33725491
0.37647060
0.45098040
0.41176471
0.36862746
0.39215687
0.40784314
0.40000001
0.40392157
0.41960785
0.39607844
0.45490196
0.50588238
0.51372552
0.47843137
0.49803922
0.46666667
0.43529412
0.44313726
0.46274510
0.46274510
0.46666667
0.40000001
0.30196080
0.33333334
0.40392157
0.53333336
0.58823532
0.51764709
0.43921569
0.37254903
0.29411766
0.28627452
0.34117648
0.41568628
0.36470589
0.32549021
0.39607844
0.41960785
0.38823530
0.41568628
0.44705883
0.38039216
0.44705883
0.52941179
0.52549022
0.50196081
0.53333336
0.47058824
0.40784314
0.37647060
0.38039216
0.37647060
0.38431373
0.34901962
0.31372550
0.32941177
0.38823530
0.50196081
0.56470591
0.50196081
0.43529412
0.40000001
0.34509805
0.32941177
0.38823530
0.41960785
0.40784314
0.39215687
0.43529412
0.41176471
0.37254903
0.40392157
0.40000001
0.40000001
0.43529412
0.50588238
0.52156866
0.49411765
0.43137255
0.37254903
0.32941177
0.30588236
0.32549021
0.33333334
0.33725491
0.32156864
0.29411766
0.30196080
0.36078432
0.40784314
0.46274510
0.49019608
0.45882353
0.44313726
0.42745098
0.40784314
0.44705883
0.47450981
0.41568628
0.35686275
0.38431373
0.37254903
0.27058825
0.29803923
0.30588236
0.45490196
0.44705883
0.46666667
0.48627451
0.47450981
0.32156864
0.27843139
0.30588236
0.26666668
0.30980393
0.32941177
0.28235295
0.23921569
0.25882354
0.27450982
0.32156864
0.42745098
0.46274510
0.46666667
0.46274510
0.45098040
0.45098040
0.45490196
0.45098040
0.41960785
0.38823530
0.31764707
0.30980393
0.27843139
0.18823530
0.18823530
0.27450982
0.46666667
0.42745098
0.40784314
0.39215687
0.37647060
0.27450982
0.27450982
0.35294119
0.34901962
0.36078432
0.32156864
0.21960784
0.16862746
0.24313726
0.32549021
0.35686275
0.48627451
0.52549022
0.44705883
0.42352942
0.42352942
0.41960785
0.45882353
0.47450981
0.45882353
0.45098040
0.40392157
0.36470589
0.33725491
0.30588236
0.27058825
0.32549021
0.35686275
0.31764707
0.29803923
0.29019609
0.28627452
0.24313726
0.27058825
0.34901962
0.40784314
0.43137255
0.33725491
0.22352941
0.17254902
0.20000000
0.26274511
0.26666668
0.49411765
0.57647061
0.49803922
0.44705883
0.45882353
0.47843137
0.46666667
0.46274510
0.47058824
0.47843137
0.47843137
0.45098040
0.41176471
0.40000001
0.39215687
0.36862746
0.36470589
0.27450982
0.26274511
0.25098041
0.24313726
0.23921569
0.27058825
0.31764707
0.35294119
0.40784314
0.37647060
0.25098041
0.16470589
0.20392157
0.23137255
0.19215687
0.49411765
0.50980395
0.45490196
0.45098040
0.51764709
0.57254905
0.52156866
0.47058824
0.43921569
0.44313726
0.45882353
0.40784314
0.38823530
0.43137255
0.40784314
0.36078432
0.42352942
0.34901962
0.27843139
0.24313726
0.23529412
0.23529412
0.25490198
0.28627452
0.30588236
0.36078432
0.41176471
0.36470589
0.21176471
0.16078432
0.19607843
0.27058825
0.44313726
0.45098040
0.39607844
0.41176471
0.46666667
0.50980395
0.51372552
0.49411765
0.48627451
0.49803922
0.47450981
0.41176471
0.38431373
0.42352942
0.42745098
0.39607844
0.36078432
0.37254903
0.29803923
0.26274511
0.25490198
0.23529412
0.26274511
0.27843139
0.27843139
0.33333334
0.40392157
0.47058824
0.45490196
0.32941177
0.33333334
0.43529412
0.48235294
0.45490196
0.47058824
0.50980395
0.48627451
0.40392157
0.40784314
0.48627451
0.47058824
0.50980395
0.50588238
0.47450981
0.41960785
0.40000001
0.42352942
0.41568628
0.36862746
0.41176471
0.42352942
0.39215687
0.32549021
0.28235295
0.27450982
0.27843139
0.29411766
0.32549021
0.36470589
0.43137255
0.51764709
0.52156866
0.45098040
0.49411765
0.51764709
0.49019608
0.51372552
0.57254905
0.56078434
0.50980395
0.39215687
0.45882353
0.56078434
0.47450981
0.49803922
0.49411765
0.41568628
0.40784314
0.43137255
0.38823530
0.41568628
0.44313726
0.43921569
0.42745098
0.38039216
0.38823530
0.34901962
0.23137255
0.29019609
0.29803923
0.32156864
0.37647060
0.45098040
0.54901963
0.52941179
0.48235294
0.51372552
0.52549022
0.57254905
0.65098041
0.65882355
0.56862748
0.45098040
0.38823530
0.58039218
0.50196081
0.48627451
0.50196081
0.45098040
0.42745098
0.41176471
0.37254903
0.37254903
0.48627451
0.50196081
0.43529412
0.35686275
0.26274511
0.16078432
0.16862746
0.17647059
0.21176471
0.33725491
0.34901962
0.36862746
0.46666667
0.53333336
0.46666667
0.51372552
0.54509807
0.59607846
0.65490198
0.69019610
0.61960787
0.45882353
0.38823530
0.61176473
0.56078434
0.45490196
0.41960785
0.43137255
0.39607844
0.38431373
0.38039216
0.38431373
0.41176471
0.41960785
0.42352942
0.44313726
0.28235295
0.18431373
0.21568628
0.10980392
0.13725491
0.25098041
0.33725491
0.39607844
0.45098040
0.48235294
0.48627451
0.54117650
0.50588238
0.53725493
0.59607846
0.63921571
0.54901963
0.40392157
0.39215687
0.58039218
0.57254905
0.48627451
0.44705883
0.45098040
0.41176471
0.39215687
0.38039216
0.45882353
0.47843137
0.37647060
0.35686275
0.43137255
0.30196080
0.18431373
0.21176471
0.13333334
0.09019608
0.10588235
0.19215687
0.38431373
0.44313726
0.38823530
0.48627451
0.53333336
0.44705883
0.46274510
0.49019608
0.45490196
0.41176471
0.41568628
0.42352942
0.51764709
0.50196081
0.39215687
0.37254903
0.42352942
0.43529412
0.40784314
0.40392157
0.44313726
0.47058824
0.43529412
0.43921569
0.45490196
0.37254903
0.30980393
0.29411766
0.15686275
0.09803922
0.09803922
0.14117648
0.25882354
0.30196080
0.28627452
0.36862746
0.43137255
0.43921569
0.46274510
0.46274510
0.43529412
0.44705883
0.45098040
0.46666667
0.48627451
0.44705883
0.38039216
0.36862746
0.41176471
0.43921569
0.41960785
0.42352942
0.43921569
0.42352942
0.44705883
0.46274510
0.44313726
0.43529412
0.43921569
0.33333334
0.20784314
0.18823530
0.14901961
0.10980392
0.12156863
0.21960784
0.28627452
0.30588236
0.29019609
0.34509805
0.42352942
0.51372552
0.57254905
0.55686277
0.47450981
0.49803922
0.49803922
0.42745098
0.40392157
0.39215687
0.37647060
0.39215687
0.39215687
0.40392157
0.49411765
0.47450981
0.45882353
0.44313726
0.45882353
0.47058824
0.43137255
0.34509805
0.32156864
0.32549021
0.23921569
0.20784314
0.20784314
0.15294118
0.23529412
0.29411766
0.19607843
0.24705882
0.27058825
0.37254903
0.49019608
0.50196081
0.49019608
0.50980395
0.45490196
0.36078432
0.30588236
0.31764707
0.34509805
0.37254903
0.35294119
0.33725491
0.48627451
0.50196081
0.45882353
0.43137255
0.48235294
0.45882353
0.45882353
0.43529412
0.38431373
0.37647060
0.34117648
0.36470589
0.41176471
0.31764707
0.24313726
0.26666668
0.27450982
0.25882354
0.26666668
0.37254903
0.45490196
0.47450981
0.47450981
0.47058824
0.44313726
0.33333334
0.26274511
0.27450982
0.29803923
0.33725491
0.31372550
0.30588236
0.49019608
0.50196081
0.45882353
0.41568628
0.47058824
0.44705883
0.40392157
0.43529412
0.38823530
0.43137255
0.42745098
0.41176471
0.41176471
0.41176471
0.34509805
0.27450982
0.35294119
0.37647060
0.37647060
0.47058824
0.47843137
0.49019608
0.48235294
0.45490196
0.51764709
0.43137255
0.37254903
0.38039216
0.29411766
0.23529412
0.22352941
0.27450982
0.44705883
0.43529412
0.46274510
0.45490196
0.47843137
0.45882353
0.39215687
0.36470589
0.40392157
0.41176471
0.41960785
0.41176471
0.35294119
0.37647060
0.38823530
0.29803923
0.27058825
0.36078432
0.40784314
0.43921569
0.43921569
0.47450981
0.45098040
0.41568628
0.49019608
0.45098040
0.43137255
0.41568628
0.35686275
0.30588236
0.24705882
0.22745098
0.43137255
0.42352942
0.41960785
0.45882353
0.46666667
0.44705883
0.43921569
0.33725491
0.33725491
0.32941177
0.36470589
0.39215687
0.35294119
0.32941177
0.30980393
0.38039216
0.29019609
0.27450982
0.41176471
0.43137255
0.43529412
0.45882353
0.40784314
0.31764707
0.33725491
0.38823530
0.40784314
0.32549021
0.27058825
0.28627452
0.28627452
0.23921569
0.44313726
0.45490196
0.41568628
0.43529412
0.47058824
0.48627451
0.46274510
0.42745098
0.41568628
0.38823530
0.33725491
0.33333334
0.35294119
0.25882354
0.16078432
0.25098041
0.31372550
0.34901962
0.44313726
0.46274510
0.48235294
0.49411765
0.41568628
0.32156864
0.29803923
0.30196080
0.35294119
0.29411766
0.21568628
0.23137255
0.25490198
0.23921569
0.45098040
0.43921569
0.45098040
0.46666667
0.49411765
0.52941179
0.52156866
0.48627451
0.46274510
0.45098040
0.36078432
0.34117648
0.38823530
0.30980393
0.20000000
0.21176471
0.35294119
0.45490196
0.44705883
0.45882353
0.49803922
0.48627451
0.36862746
0.31764707
0.36078432
0.34509805
0.31764707
0.28235295
0.23529412
0.26666668
0.25098041
0.21960784
0.46274510
0.46666667
0.47843137
0.46666667
0.42352942
0.45882353
0.52941179
0.49803922
0.44705883
0.44705883
0.43137255
0.42745098
0.44313726
0.43921569
0.40392157
0.39215687
0.39215687
0.39607844
0.39607844
0.42352942
0.46274510
0.44313726
0.38431373
0.38039216
0.38431373
0.45098040
0.39607844
0.31764707
0.26666668
0.28235295
0.29411766
0.28235295
0.50980395
0.52156866
0.47058824
0.43137255
0.42352942
0.48627451
0.52156866
0.49803922
0.45882353
0.46274510
0.46666667
0.47843137
0.48235294
0.43921569
0.43921569
0.43137255
0.35686275
0.35294119
0.38823530
0.34117648
0.34509805
0.40392157
0.41960785
0.41960785
0.40392157
0.43921569
0.46274510
0.40784314
0.36078432
0.36470589
0.41568628
0.46666667
0.49411765
0.51372552
0.48627451
0.43137255
0.43529412
0.48627451
0.51764709
0.47450981
0.43921569
0.44313726
0.44705883
0.46666667
0.49019608
0.49411765
0.46666667
0.47450981
0.45098040
0.42352942
0.41568628
0.37647060
0.32941177
0.32941177
0.34509805
0.41960785
0.44313726
0.43137255
0.46666667
0.41176471
0.38431373
0.40000001
0.44705883
0.38431373
0.46666667
0.46666667
0.47450981
0.50980395
0.56078434
0.53725493
0.48235294
0.51764709
0.62745100
0.58431375
0.50980395
0.51764709
0.56078434
0.54901963
0.52941179
0.57647061
0.55294120
0.51764709
0.50980395
0.52156866
0.52941179
0.56078434
0.53725493
0.52941179
0.52941179
0.48627451
0.52156866
0.54509807
0.53333336
0.49803922
0.50196081
0.56078434
0.49803922
0.52941179
0.52156866
0.50980395
0.49803922
0.46274510
0.50980395
0.56470591
0.60784316
0.56470591
0.52941179
0.53725493
0.56078434
0.56078434
0.54117650
0.56470591
0.51764709
0.47058824
0.46666667
0.52156866
0.52941179
0.50588238
0.54117650
0.54117650
0.51764709
0.52941179
0.51764709
0.51372552
0.48235294
0.49019608
0.49019608
0.51372552
0.54117650
0.55294120
0.49411765
0.47058824
0.47058824
0.48627451
0.54509807
0.55294120
0.55686277
0.54117650
0.52941179
0.55686277
0.58431375
0.56078434
0.54509807
0.54509807
0.49019608
0.50980395
0.51764709
0.53333336
0.48627451
0.47058824
0.52549022
0.54117650
0.51764709
0.54509807
0.43137255
0.42352942
0.47450981
0.49411765
0.51764709
0.50196081
0.51372552
0.50196081
0.47058824
0.47058824
0.48235294
0.51764709
0.56078434
0.54509807
0.51764709
0.49019608
0.50980395
0.55294120
0.56862748
0.54509807
0.52156866
0.57647061
0.55686277
0.52549022
0.54509807
0.53725493
0.49803922
0.45490196
0.48235294
0.54117650
0.53725493
0.46274510
0.46666667
0.49019608
0.52941179
0.52549022
0.54117650
0.53333336
0.50980395
0.52156866
0.50588238
0.52156866
0.50980395
0.49411765
0.48627451
0.49019608
0.49803922
0.50588238
0.49803922
0.50980395
0.50980395
0.48627451
0.47843137
0.49019608
0.45098040
0.45882353
0.49019608
0.47058824
0.45882353
0.38431373
0.42745098
0.51764709
0.54117650
0.49803922
0.48235294
0.49019608
0.51372552
0.52941179
0.52549022
0.48235294
0.49411765
0.53725493
0.54509807
0.55686277
0.52941179
0.49411765
0.46666667
0.48235294
0.47843137
0.50588238
0.52549022
0.52156866
0.49019608
0.37647060
0.38431373
0.41568628
0.45098040
0.52156866
0.50196081
0.42745098
0.42352942
0.38431373
0.38431373
0.43529412
0.50980395
0.47450981
0.42352942
0.44705883
0.46274510
0.45490196
0.46274510
0.47843137
0.44705883
0.50980395
0.56078434
0.56862748
0.53725493
0.55686277
0.51764709
0.48627451
0.49411765
0.51372552
0.51372552
0.51764709
0.44313726
0.33333334
0.34901962
0.41568628
0.54509807
0.60000002
0.52549022
0.44313726
0.38823530
0.32156864
0.32156864
0.38431373
0.46666667
0.41568628
0.37254903
0.44705883
0.47450981
0.44705883
0.47450981
0.50980395
0.42745098
0.49411765
0.57647061
0.57647061
0.55294120
0.58431375
0.50980395
0.43921569
0.41176471
0.41176471
0.41176471
0.41176471
0.36862746
0.32941177
0.34117648
0.40000001
0.50980395
0.56862748
0.50196081
0.42745098
0.39607844
0.35294119
0.34901962
0.41568628
0.45882353
0.44705883
0.43529412
0.48235294
0.46666667
0.43137255
0.46274510
0.46274510
0.45098040
0.49019608
0.56078434
0.57647061
0.54901963
0.48235294
0.40784314
0.34901962
0.32549021
0.34901962
0.35686275
0.35686275
0.33725491
0.30196080
0.30588236
0.37254903
0.41568628
0.46666667
0.49019608
0.45098040
0.43921569
0.43529412
0.42352942
0.47058824
0.50980395
0.45490196
0.39607844
0.42745098
0.41960785
0.32156864
0.34901962
0.35686275
0.51372552
0.50196081
0.52549022
0.54117650
0.52941179
0.37647060
0.30588236
0.31372550
0.27843139
0.32549021
0.34509805
0.29803923
0.25098041
0.26274511
0.27450982
0.32941177
0.43137255
0.46666667
0.46666667
0.45882353
0.45098040
0.45882353
0.47058824
0.47058824
0.45098040
0.42352942
0.35294119
0.34117648
0.30980393
0.22352941
0.22352941
0.30980393
0.52156866
0.48235294
0.45490196
0.43921569
0.42745098
0.32549021
0.29019609
0.34901962
0.35294119
0.36862746
0.32941177
0.22745098
0.17647059
0.24313726
0.32156864
0.36078432
0.49019608
0.52941179
0.45098040
0.41960785
0.42352942
0.42745098
0.47058824
0.49411765
0.48235294
0.47843137
0.43529412
0.39607844
0.36470589
0.33333334
0.30196080
0.35294119
0.41568628
0.37254903
0.34509805
0.33725491
0.33333334
0.29019609
0.27450982
0.33333334
0.40000001
0.43529412
0.34509805
0.23137255
0.18039216
0.20000000
0.25882354
0.26666668
0.49411765
0.57647061
0.49803922
0.44313726
0.45490196
0.47843137
0.47843137
0.47843137
0.49019608
0.49803922
0.50196081
0.47450981
0.43529412
0.42745098
0.41176471
0.39215687
0.42745098
0.32941177
0.31372550
0.29803923
0.29411766
0.28627452
0.27058825
0.28627452
0.33725491
0.41176471
0.38823530
0.26666668
0.18039216
0.21176471
0.22745098
0.19215687
0.49411765
0.50980395
0.45098040
0.44313726
0.50588238
0.56470591
0.52156866
0.47843137
0.45098040
0.46274510
0.48235294
0.43137255
0.40784314
0.44313726
0.41960785
0.37254903
0.49411765
0.41176471
0.33333334
0.29411766
0.29019609
0.29019609
0.25490198
0.25098041
0.28627452
0.36078432
0.42745098
0.38431373
0.23529412
0.17254902
0.19607843
0.27450982
0.43921569
0.44313726
0.38823530
0.40000001
0.44705883
0.49411765
0.50588238
0.49411765
0.49411765
0.50980395
0.49019608
0.42745098
0.39215687
0.42745098
0.43137255
0.40000001
0.41568628
0.42352942
0.34509805
0.30588236
0.30196080
0.27450982
0.27450982
0.26274511
0.25882354
0.30980393
0.38431373
0.47058824
0.46666667
0.34117648
0.33725491
0.43137255
0.46666667
0.43529412
0.44313726
0.47843137
0.45882353
0.38431373
0.39607844
0.47843137
0.47058824
0.50980395
0.50196081
0.47058824
0.43137255
0.41568628
0.43921569
0.42745098
0.40784314
0.45098040
0.45882353
0.42745098
0.36078432
0.31372550
0.29803923
0.28235295
0.27843139
0.29019609
0.32941177
0.41176471
0.52156866
0.52941179
0.45490196
0.48627451
0.49803922
0.45490196
0.47450981
0.52941179
0.52549022
0.49019608
0.37254903
0.43921569
0.54509807
0.46666667
0.48235294
0.48627451
0.43137255
0.43137255
0.45098040
0.40784314
0.45882353
0.48235294
0.47450981
0.46274510
0.41568628
0.41960785
0.36862746
0.23529412
0.27450982
0.27058825
0.29803923
0.36470589
0.45490196
0.55686277
0.53333336
0.47843137
0.49803922
0.49411765
0.54117650
0.61568630
0.62352943
0.54117650
0.42352942
0.36078432
0.56470591
0.49411765
0.47450981
0.49411765
0.46274510
0.44313726
0.42352942
0.38431373
0.41568628
0.52941179
0.54117650
0.47450981
0.38823530
0.29411766
0.17647059
0.17647059
0.17254902
0.20000000
0.32549021
0.34117648
0.37254903
0.47450981
0.54117650
0.46274510
0.49411765
0.51764709
0.56862748
0.62352943
0.65882355
0.58039218
0.42352942
0.36078432
0.59607846
0.55686277
0.45098040
0.41568628
0.43137255
0.39607844
0.38823530
0.38039216
0.42745098
0.45490196
0.45882353
0.45882353
0.47843137
0.31764707
0.20392157
0.23137255
0.11764706
0.14117648
0.25098041
0.33725491
0.39607844
0.45098040
0.48235294
0.47843137
0.52156866
0.47843137
0.50980395
0.56862748
0.60392159
0.50980395
0.36470589
0.36470589
0.57254905
0.57647061
0.49019608
0.44705883
0.44705883
0.40784314
0.38431373
0.37254903
0.50196081
0.52156866
0.41568628
0.39607844
0.46666667
0.33725491
0.21176471
0.23137255
0.16078432
0.10980392
0.12156863
0.20000000
0.38039216
0.43529412
0.38039216
0.47450981
0.50980395
0.41960785
0.43137255
0.45882353
0.41960785
0.36862746
0.37254903
0.39607844
0.50980395
0.50588238
0.40000001
0.37254903
0.41568628
0.42745098
0.40000001
0.39607844
0.48627451
0.51372552
0.47450981
0.47843137
0.49019608
0.40784314
0.34117648
0.32941177
0.19607843
0.14117648
0.12941177
0.15294118
0.25098041
0.29019609
0.27058825
0.34901962
0.40000001
0.40392157
0.42745098
0.43137255
0.40000001
0.40392157
0.41176471
0.43921569
0.48235294
0.45490196
0.39607844
0.37254903
0.40000001
0.42352942
0.40392157
0.40784314
0.49019608
0.47058824
0.49019608
0.50196081
0.48235294
0.47450981
0.47450981
0.36862746
0.25098041
0.23529412
0.18431373
0.12549020
0.12156863
0.21176471
0.27450982
0.29019609
0.26666668
0.31764707
0.39607844
0.49019608
0.54901963
0.52156866
0.44313726
0.47843137
0.49411765
0.43137255
0.41568628
0.39607844
0.36862746
0.38039216
0.38039216
0.39215687
0.54509807
0.52156866
0.50196081
0.48235294
0.50196081
0.51372552
0.47058824
0.38039216
0.35294119
0.36078432
0.26666668
0.22745098
0.22745098
0.17254902
0.24705882
0.29803923
0.19607843
0.24313726
0.27058825
0.37647060
0.49019608
0.48627451
0.47450981
0.50196081
0.45098040
0.36078432
0.30588236
0.31764707
0.34509805
0.37647060
0.35294119
0.33725491
0.53725493
0.54509807
0.49803922
0.47058824
0.52549022
0.50588238
0.50196081
0.47450981
0.41960785
0.40784314
0.37254903
0.40000001
0.44705883
0.35294119
0.27058825
0.28627452
0.28627452
0.25882354
0.26666668
0.37647060
0.45490196
0.46666667
0.46666667
0.46274510
0.43921569
0.33333334
0.26666668
0.27843139
0.30980393
0.34509805
0.31764707
0.30980393
0.53725493
0.54509807
0.50196081
0.45882353
0.51372552
0.49411765
0.45490196
0.48235294
0.43137255
0.47450981
0.46666667
0.45098040
0.45490196
0.45098040
0.38039216
0.30196080
0.36470589
0.37647060
0.37254903
0.46274510
0.47058824
0.47843137
0.47450981
0.45098040
0.51764709
0.43529412
0.38431373
0.39607844
0.30980393
0.25098041
0.23921569
0.28627452
0.49411765
0.47843137
0.50588238
0.49803922
0.52156866
0.50588238
0.44313726
0.41176471
0.44705883
0.45098040
0.45490196
0.45098040
0.39607844
0.41568628
0.41568628
0.31764707
0.28627452
0.36078432
0.40392157
0.43921569
0.43921569
0.46666667
0.44705883
0.41568628
0.49411765
0.46274510
0.44705883
0.43529412
0.37254903
0.32156864
0.26274511
0.24313726
0.47450981
0.46666667
0.46274510
0.50588238
0.51372552
0.49411765
0.48235294
0.38039216
0.37647060
0.36470589
0.40000001
0.42745098
0.38823530
0.36078432
0.32941177
0.40000001
0.30196080
0.28235295
0.41960785
0.43921569
0.44313726
0.45882353
0.41176471
0.32549021
0.34901962
0.40784314
0.43137255
0.34901962
0.29411766
0.30588236
0.30588236
0.25882354
0.48627451
0.49803922
0.46274510
0.48235294
0.51764709
0.53333336
0.50588238
0.47058824
0.45490196
0.42352942
0.37254903
0.36862746
0.38823530
0.29019609
0.18039216
0.27058825
0.33333334
0.36470589
0.45490196
0.47450981
0.49019608
0.50196081
0.42745098
0.33333334
0.31372550
0.32549021
0.37647060
0.32156864
0.23921569
0.25882354
0.28235295
0.26274511
0.49019608
0.48235294
0.49803922
0.51372552
0.54117650
0.57647061
0.57254905
0.53333336
0.50588238
0.49019608
0.40000001
0.38431373
0.43137255
0.34901962
0.23137255
0.23921569
0.37647060
0.47058824
0.45882353
0.47058824
0.50980395
0.50196081
0.38823530
0.33725491
0.38431373
0.36862746
0.34117648
0.30588236
0.26274511
0.29411766
0.27843139
0.24313726
0.50588238
0.51372552
0.52156866
0.51372552
0.47058824
0.50196081
0.57647061
0.54509807
0.49019608
0.49019608
0.47843137
0.47058824
0.49019608
0.48627451
0.44705883
0.42352942
0.41176471
0.40784314
0.40000001
0.43137255
0.48235294
0.47058824
0.41568628
0.41568628
0.41960785
0.48627451
0.43137255
0.34901962
0.29411766
0.30588236
0.31372550
0.30196080
0.55686277
0.56470591
0.51372552
0.47450981
0.46666667
0.52941179
0.56470591
0.54117650
0.50196081
0.50588238
0.51372552
0.52549022
0.53333336
0.49411765
0.48627451
0.46274510
0.37254903
0.35686275
0.39215687
0.35294119
0.36862746
0.43529412
0.45490196
0.45882353
0.44705883
0.48627451
0.50588238
0.44313726
0.38823530
0.38823530
0.43921569
0.48627451
0.54901963
0.56862748
0.53725493
0.48235294
0.48627451
0.53725493
0.56470591
0.51764709
0.48235294
0.48627451
0.49411765
0.51372552
0.54117650
0.54901963
0.51764709
0.50980395
0.46666667
0.42745098
0.41960785
0.38823530
0.35294119
0.36078432
0.38431373
0.45882353
0.48627451
0.47843137
0.50980395
0.45098040
0.41568628
0.43137255
0.47450981
0.41176471
0.23921569
0.22745098
0.23137255
0.26274511
0.30196080
0.27450982
0.21568628
0.25490198
0.36078432
0.32156864
0.24705882
0.25490198
0.29411766
0.28235295
0.25882354
0.30588236
0.28627452
0.25098041
0.24313726
0.25098041
0.26666668
0.30980393
0.29019609
0.28627452
0.29019609
0.25098041
0.28235295
0.30588236
0.29803923
0.25882354
0.25882354
0.30980393
0.26666668
0.28627452
0.27843139
0.25882354
0.23529412
0.19607843
0.25098041
0.30588236
0.35294119
0.30980393
0.27058825
0.28235295
0.30196080
0.30196080
0.27843139
0.30196080
0.25882354
0.21176471
0.20392157
0.26274511
0.27450982
0.25882354
0.29019609
0.28627452
0.26274511
0.27843139
0.26666668
0.27058825
0.25098041
0.25490198
0.25098041
0.26666668
0.30980393
0.30980393
0.25098041
0.21960784
0.21176471
0.22352941
0.29019609
0.30980393
0.30980393
0.29411766
0.28235295
0.30980393
0.33725491
0.31372550
0.29803923
0.30196080
0.24313726
0.26274511
0.27058825
0.29019609
0.25098041
0.23921569
0.28235295
0.28235295
0.25490198
0.28235295
0.17647059
0.18823530
0.24705882
0.26666668
0.28235295
0.26274511
0.28235295
0.25882354
0.22745098
0.21960784
0.21960784
0.25490198
0.30980393
0.30196080
0.27450982
0.24705882
0.26666668
0.30980393
0.32549021
0.30588236
0.28627452
0.34117648
0.32156864
0.29019609
0.30980393
0.30196080
0.27843139
0.25098041
0.25882354
0.29019609
0.27058825
0.20000000
0.21960784
0.25882354
0.30980393
0.30588236
0.31372550
0.29803923
0.27843139
0.27843139
0.26274511
0.27058825
0.25098041
0.23137255
0.23529412
0.25098041
0.25882354
0.26666668
0.25882354
0.27058825
0.27058825
0.25098041
0.24705882
0.25882354
0.22352941
0.22745098
0.26274511
0.24313726
0.26274511
0.22352941
0.23529412
0.28627452
0.29019609
0.25490198
0.25490198
0.28235295
0.30196080
0.31372550
0.30196080
0.25882354
0.26274511
0.29803923
0.29803923
0.30588236
0.27058825
0.23529412
0.22352941
0.25098041
0.24705882
0.27058825
0.29019609
0.28627452
0.25882354
0.14901961
0.16078432
0.19607843
0.23137255
0.29803923
0.27843139
0.21176471
0.24705882
0.25490198
0.22352941
0.22352941
0.27450982
0.24313726
0.21960784
0.25490198
0.26274511
0.24313726
0.24705882
0.25490198
0.21960784
0.27450982
0.32156864
0.32549021
0.28627452
0.30588236
0.29411766
0.27450982
0.27450982
0.29019609
0.28627452
0.29019609
0.22352941
0.12156863
0.14117648
0.20000000
0.31764707
0.37254903
0.30196080
0.23529412
0.21960784
0.19215687
0.16470589
0.18039216
0.24313726
0.20000000
0.18039216
0.26274511
0.27843139
0.24313726
0.26274511
0.29019609
0.19215687
0.25098041
0.32941177
0.32549021
0.29803923
0.33725491
0.30588236
0.25882354
0.21176471
0.20392157
0.20000000
0.20784314
0.17254902
0.15294118
0.16470589
0.19215687
0.27450982
0.32549021
0.27058825
0.21960784
0.21568628
0.18823530
0.16078432
0.20392157
0.23529412
0.23137255
0.23137255
0.29411766
0.29019609
0.25490198
0.27843139
0.26274511
0.19215687
0.22352941
0.29411766
0.30980393
0.28235295
0.21960784
0.20000000
0.17254902
0.13333334
0.14509805
0.16078432
0.18039216
0.17647059
0.16078432
0.16078432
0.18431373
0.18431373
0.21568628
0.24705882
0.23137255
0.23137255
0.22352941
0.20000000
0.23529412
0.27058825
0.22745098
0.19215687
0.25098041
0.27450982
0.18431373
0.20392157
0.20392157
0.25098041
0.24313726
0.27450982
0.29019609
0.27450982
0.12156863
0.09411765
0.12549020
0.08235294
0.12549020
0.16078432
0.14509805
0.13333334
0.16470589
0.16078432
0.16470589
0.21568628
0.21568628
0.21176471
0.21568628
0.21176471
0.20784314
0.20784314
0.20392157
0.19215687
0.18431373
0.14901961
0.17647059
0.17647059
0.10196079
0.09803922
0.17647059
0.29803923
0.27450982
0.26666668
0.25490198
0.23529412
0.12156863
0.09803922
0.15686275
0.14117648
0.15686275
0.14509805
0.09019608
0.08627451
0.17647059
0.23921569
0.21960784
0.28627452
0.28235295
0.19215687
0.16862746
0.16470589
0.14901961
0.18039216
0.20392157
0.20392157
0.22745098
0.21176471
0.20392157
0.19607843
0.17254902
0.14117648
0.19607843
0.23137255
0.21960784
0.21960784
0.21960784
0.20784314
0.14117648
0.10588235
0.13725491
0.17647059
0.20392157
0.14117648
0.08235294
0.08627451
0.13725491
0.18431373
0.14901961
0.30588236
0.33725491
0.24705882
0.19607843
0.20000000
0.20000000
0.18431373
0.18431373
0.20392157
0.23921569
0.26666668
0.25490198
0.21960784
0.20784314
0.20392157
0.18823530
0.24313726
0.18823530
0.21568628
0.20784314
0.18823530
0.15686275
0.10980392
0.09019608
0.10196079
0.15294118
0.14901961
0.08627451
0.06274510
0.13333334
0.14901961
0.09019608
0.30588236
0.27843139
0.21176471
0.21176471
0.27450982
0.31372550
0.25098041
0.20000000
0.16862746
0.19215687
0.23529412
0.19215687
0.16862746
0.21176471
0.19215687
0.15294118
0.27843139
0.24313726
0.21176471
0.18431373
0.16078432
0.13333334
0.08627451
0.05882353
0.04313726
0.08627451
0.16078432
0.16470589
0.07843138
0.06666667
0.09411765
0.12941177
0.24705882
0.22352941
0.16470589
0.18431373
0.23921569
0.27450982
0.26274511
0.23137255
0.21960784
0.23921569
0.23529412
0.18431373
0.16078432
0.20392157
0.21568628
0.19607843
0.20000000
0.23137255
0.18039216
0.15686275
0.14901961
0.11764706
0.11372549
0.08627451
0.03921569
0.05882353
0.10980392
0.18823530
0.19607843
0.10196079
0.11372549
0.20784314
0.25098041
0.22352941
0.24313726
0.28235295
0.25882354
0.18039216
0.19215687
0.25098041
0.19607843
0.21960784
0.23921569
0.23137255
0.19215687
0.18039216
0.21568628
0.21960784
0.20000000
0.25098041
0.27450982
0.25490198
0.20000000
0.16078432
0.14901961
0.12941177
0.09803922
0.07450981
0.07058824
0.10980392
0.19607843
0.20392157
0.14901961
0.21176471
0.25882354
0.24313726
0.27058825
0.32156864
0.32156864
0.30196080
0.20000000
0.23529412
0.28235295
0.16862746
0.21568628
0.24705882
0.18431373
0.18431373
0.22352941
0.19215687
0.24313726
0.27450982
0.28627452
0.29019609
0.25098041
0.26666668
0.24313726
0.11372549
0.13333334
0.09411765
0.07450981
0.09803922
0.15294118
0.23529412
0.21176471
0.18431373
0.23529412
0.25098041
0.29803923
0.37254903
0.40784314
0.37254903
0.27058825
0.17647059
0.31372550
0.20392157
0.21176471
0.26274511
0.22745098
0.20784314
0.20392157
0.17647059
0.20000000
0.31764707
0.34509805
0.29019609
0.21960784
0.14509805
0.07450981
0.08627451
0.07058824
0.07058824
0.15294118
0.12549020
0.11372549
0.17254902
0.21960784
0.16470589
0.21960784
0.25098041
0.29411766
0.34117648
0.41568628
0.41568628
0.27843139
0.18039216
0.35294119
0.27450982
0.19607843
0.19215687
0.21568628
0.18431373
0.18039216
0.18431373
0.20392157
0.23529412
0.25490198
0.27058825
0.30196080
0.16078432
0.08235294
0.13725491
0.04313726
0.05098039
0.12941177
0.17254902
0.19215687
0.19215687
0.18823530
0.19607843
0.25490198
0.21176471
0.22745098
0.27058825
0.34509805
0.32156864
0.20392157
0.17647059
0.31764707
0.29411766
0.23921569
0.23529412
0.24705882
0.20784314
0.18823530
0.18039216
0.27058825
0.29803923
0.20784314
0.20000000
0.28627452
0.17647059
0.08235294
0.10980392
0.06274510
0.03921569
0.03529412
0.08627451
0.23137255
0.23137255
0.13725491
0.23137255
0.27843139
0.17647059
0.16862746
0.17254902
0.14901961
0.14117648
0.17254902
0.17647059
0.24313726
0.22352941
0.16078432
0.17647059
0.23137255
0.23921569
0.21176471
0.21176471
0.25098041
0.28235295
0.26274511
0.27450982
0.30196080
0.23529412
0.17254902
0.16470589
0.07450981
0.05882353
0.05882353
0.07058824
0.14509805
0.14117648
0.08235294
0.15686275
0.21176471
0.19607843
0.19215687
0.16862746
0.11764706
0.13333334
0.16470589
0.19215687
0.20000000
0.17254902
0.16470589
0.19215687
0.23137255
0.25098041
0.22745098
0.23137255
0.23529412
0.23529412
0.27843139
0.30196080
0.28235295
0.27058825
0.27843139
0.19607843
0.12156863
0.14509805
0.11372549
0.05882353
0.04313726
0.10980392
0.14509805
0.15686275
0.12549020
0.14901961
0.18431373
0.23529412
0.25882354
0.23137255
0.18039216
0.22352941
0.23137255
0.18431373
0.21568628
0.23529412
0.21176471
0.21960784
0.21960784
0.23137255
0.27058825
0.28235295
0.29411766
0.28235295
0.28627452
0.27843139
0.26274511
0.21568628
0.21960784
0.25098041
0.16862746
0.13333334
0.12941177
0.07450981
0.14509805
0.20392157
0.10196079
0.10980392
0.08235294
0.13725491
0.21568628
0.22352941
0.23137255
0.27843139
0.25098041
0.18039216
0.15686275
0.18431373
0.20000000
0.22745098
0.21176471
0.20000000
0.26274511
0.30980393
0.29411766
0.26666668
0.29803923
0.25882354
0.26666668
0.27058825
0.23529412
0.24705882
0.21568628
0.23529412
0.27450982
0.18039216
0.11372549
0.15686275
0.18431373
0.15294118
0.13725491
0.20784314
0.24313726
0.23921569
0.24705882
0.26274511
0.26274511
0.18039216
0.12549020
0.14509805
0.16862746
0.20784314
0.18823530
0.18823530
0.27450982
0.30980393
0.29019609
0.24313726
0.28235295
0.23921569
0.19215687
0.23137255
0.20392157
0.26666668
0.26666668
0.24313726
0.23529412
0.23137255
0.17647059
0.13725491
0.24313726
0.27843139
0.27058825
0.34901962
0.30980393
0.28235295
0.27450982
0.26274511
0.34117648
0.27058825
0.23137255
0.24705882
0.17254902
0.12549020
0.11372549
0.17254902
0.24313726
0.24313726
0.28235295
0.27450982
0.28627452
0.25098041
0.18431373
0.16470589
0.21960784
0.24705882
0.25882354
0.24313726
0.18039216
0.21960784
0.25490198
0.18039216
0.16470589
0.25098041
0.28235295
0.29803923
0.27450982
0.27843139
0.25882354
0.23137255
0.32156864
0.29803923
0.28627452
0.28627452
0.24705882
0.20392157
0.15294118
0.13725491
0.23921569
0.23137255
0.23137255
0.26666668
0.27058825
0.23921569
0.23921569
0.15686275
0.17647059
0.18431373
0.22745098
0.24313726
0.20000000
0.21176471
0.22352941
0.29019609
0.18039216
0.13725491
0.23921569
0.23921569
0.23921569
0.26666668
0.22352941
0.14901961
0.18039216
0.25098041
0.27843139
0.21176471
0.17647059
0.20000000
0.20784314
0.16470589
0.26274511
0.26274511
0.22352941
0.23529412
0.26274511
0.27843139
0.26666668
0.24705882
0.25098041
0.23921569
0.19607843
0.18823530
0.20000000
0.14117648
0.07843138
0.15294118
0.18823530
0.18431373
0.24705882
0.25098041
0.26666668
0.29019609
0.22745098
0.15294118
0.16078432
0.18823530
0.24313726
0.20392157
0.13725491
0.16078432
0.19215687
0.18039216
0.27058825
0.24705882
0.25490198
0.26274511
0.28235295
0.31764707
0.31372550
0.28627452
0.27450982
0.27843139
0.19607843
0.17254902
0.20784314
0.15294118
0.07843138
0.08627451
0.19215687
0.27450982
0.25490198
0.26666668
0.29803923
0.28235295
0.17647059
0.14901961
0.22352941
0.23529412
0.22352941
0.20392157
0.16470589
0.20392157
0.19215687
0.16470589
0.26666668
0.27450982
0.29019609
0.27450982
0.22745098
0.25490198
0.32941177
0.29803923
0.25490198
0.25490198
0.24313726
0.23137255
0.24313726
0.25490198
0.23529412
0.21176471
0.19607843
0.20000000
0.20784314
0.25490198
0.30196080
0.27450982
0.21568628
0.20784314
0.21960784
0.29803923
0.25490198
0.19607843
0.16470589
0.18823530
0.20392157
0.19607843
0.29411766
0.32156864
0.28627452
0.25098041
0.23529412
0.29019609
0.33333334
0.31372550
0.27058825
0.27058825
0.27058825
0.27450982
0.27450982
0.24705882
0.25098041
0.23137255
0.14117648
0.14117648
0.20000000
0.18039216
0.20784314
0.26666668
0.26274511
0.24313726
0.21176471
0.25098041
0.27450982
0.24313726
0.21960784
0.23529412
0.29411766
0.34901962
0.28235295
0.31764707
0.30588236
0.25490198
0.25098041
0.29803923
0.33333334
0.29019609
0.25098041
0.25098041
0.25098041
0.26274511
0.28235295
0.29803923
0.27450982
0.27058825
0.23137255
0.20784314
0.22745098
0.21568628
0.19607843
0.20000000
0.19607843
0.24705882
0.25490198
0.23921569
0.27843139
0.23921569
0.23137255
0.25490198
0.30588236
0.25098041
1 0 0 0 0 0 -1 0 0 0 0
0 1 0 0 0 0 -1 0 0 0 0
0 0 1 0 0 0 -1 0 0 0 0
0 0 0 1 0 0 -1 0 0 0 0
0 0 0 0 1 0 -1 0 0 0 0
0 0 0 0 0 1 -1 0 0 0 0
0 0 0 0 0 0 -1 1 0 0 0
0 0 0 0 0 0 -1 0 1 0 0
0 0 0 0 0 0 -1 0 0 1 0
