0.04313726
0.04705882
0.03921569
0.04313726
0.03921569
0.03921569
0.03921569
0.04313726
0.04705882
0.04705882
0.05098039
0.05098039
0.05098039
0.05098039
0.04313726
0.03921569
0.02745098
0.02745098
0.03137255
0.09411765
0.18431373
0.05882353
0.08627451
0.03921569
0.03529412
0.03529412
0.03137255
0.03137255
0.03529412
0.03529412
0.03137255
0.03137255
0.04313726
0.03921569
0.04313726
0.04705882
0.04313726
0.03921569
0.04313726
0.04705882
0.05098039
0.05098039
0.05098039
0.05098039
0.05098039
0.04705882
0.04313726
0.03921569
0.02745098
0.03137255
0.03137255
0.36078432
0.16862746
0.18431373
0.21960784
0.02352941
0.03529412
0.03529412
0.02745098
0.03137255
0.03529412
0.03137255
0.02745098
0.03137255
0.04705882
0.04313726
0.04313726
0.05098039
0.05098039
0.04313726
0.03921569
0.04313726
0.04705882
0.04705882
0.05098039
0.05098039
0.05098039
0.04313726
0.03921569
0.03921569
0.03921569
0.03529412
0.34509805
0.65098041
0.14901961
0.40392157
0.20000000
0.01960784
0.03921569
0.03137255
0.03137255
0.03137255
0.03137255
0.03137255
0.03137255
0.03137255
0.04705882
0.04705882
0.04313726
0.04705882
0.04313726
0.03921569
0.03921569
0.04313726
0.04705882
0.04705882
0.04705882
0.04705882
0.05098039
0.05098039
0.03137255
0.02745098
0.01960784
0.27058825
0.80000001
0.56862748
0.56470591
0.45882353
0.11372549
0.03137255
0.03921569
0.03137255
0.03137255
0.03137255
0.03137255
0.03137255
0.03137255
0.03529412
0.04705882
0.04705882
0.04313726
0.04313726
0.04313726
0.03921569
0.03921569
0.04313726
0.04313726
0.03921569
0.03921569
0.05098039
0.02352941
0.00784314
0.04313726
0.05490196
0.21176471
0.76470590
0.85098040
0.66666669
0.89803922
0.33333334
0.05490196
0.03529412
0.03529412
0.03137255
0.03137255
0.03137255
0.03137255
0.03137255
0.03137255
0.03529412
0.05098039
0.04705882
0.05098039
0.04313726
0.04313726
0.04313726
0.05098039
0.04313726
0.03137255
0.03529412
0.02745098
0.03921569
0.16078432
0.36862746
0.54117650
0.60000002
0.78823531
0.95294118
0.70196080
0.57647061
0.67450982
0.24705882
0.02745098
0.02352941
0.02745098
0.03137255
0.03137255
0.03137255
0.03137255
0.03137255
0.03137255
0.03529412
0.05098039
0.05098039
0.05098039
0.04313726
0.03921569
0.04705882
0.05490196
0.05098039
0.04313726
0.03921569
0.09411765
0.43529412
0.74117649
0.85098040
0.83529413
0.88235295
0.90196079
0.80784315
0.69411767
0.61960787
0.59607846
0.27058825
0.02352941
0.01960784
0.02745098
0.03137255
0.03137255
0.03137255
0.03137255
0.03137255
0.03137255
0.03529412
0.05098039
0.05098039
0.05098039
0.04313726
0.04313726
0.04705882
0.04705882
0.10588235
0.34117648
0.38823530
0.60392159
0.94509804
0.91372550
0.79215688
0.80392158
0.88627452
0.87450981
0.80392158
0.86666667
0.86274511
0.77647060
0.45882353
0.05098039
0.02352941
0.03137255
0.03137255
0.03137255
0.03137255
0.03137255
0.03137255
0.03137255
0.03529412
0.05490196
0.05490196
0.05490196
0.04705882
0.04705882
0.04313726
0.11372549
0.54901963
0.78823531
0.86274511
0.94901961
0.92156863
0.86666667
0.80000001
0.87450981
0.94117647
0.91764706
0.93333334
0.93725491
0.83137256
0.80784315
0.59607846
0.12549020
0.02352941
0.03921569
0.03529412
0.03529412
0.03921569
0.03529412
0.03137255
0.03137255
0.03529412
0.05490196
0.05490196
0.05490196
0.05098039
0.04705882
0.07058824
0.49803922
0.90588236
0.82352942
0.89803922
0.93725491
0.95686275
0.88235295
0.80392158
0.85882354
0.92549020
0.93333334
0.96078432
0.92156863
0.80000001
0.77647060
0.67058825
0.20000000
0.02352941
0.03921569
0.03137255
0.03529412
0.03921569
0.03921569
0.03137255
0.03137255
0.03529412
0.05490196
0.05490196
0.05490196
0.05490196
0.02745098
0.36862746
0.92549020
0.94117647
0.89803922
0.94901961
0.95686275
0.95686275
0.89411765
0.78823531
0.83137256
0.89019608
0.93333334
0.93725491
0.87058824
0.76078433
0.83137256
0.81568629
0.42352942
0.05098039
0.03529412
0.02745098
0.03137255
0.03921569
0.03921569
0.03137255
0.03137255
0.03529412
0.05490196
0.05490196
0.05490196
0.04705882
0.15294118
0.76078433
1.00000000
0.94117647
0.96078432
0.97254902
0.94901961
0.92156863
0.90196079
0.80784315
0.82745099
0.90588236
0.94117647
0.91372550
0.84705883
0.80392158
0.74509805
0.67843139
0.63921571
0.21960784
0.02745098
0.03529412
0.03529412
0.03921569
0.03921569
0.03921569
0.03921569
0.03529412
0.05882353
0.05490196
0.05490196
0.04705882
0.41960785
0.96078432
0.97647059
0.91372550
0.96470588
0.93725491
0.92941177
0.90980393
0.87843138
0.80784315
0.83137256
0.93725491
0.93333334
0.88627452
0.81960785
0.69411767
0.36862746
0.30980393
0.61176473
0.43529412
0.04705882
0.03137255
0.03529412
0.03921569
0.03921569
0.03921569
0.03921569
0.03529412
0.06274510
0.05882353
0.04705882
0.12941177
0.75294119
1.00000000
0.92549020
0.89019608
0.96862745
0.92156863
0.93333334
0.90588236
0.86274511
0.76862746
0.84313726
0.94509804
0.92156863
0.87843138
0.76862746
0.42352942
0.10588235
0.20392157
0.58039218
0.58431375
0.13725491
0.01568628
0.03529412
0.03921569
0.03921569
0.03921569
0.03921569
0.03529412
0.06274510
0.05490196
0.05882353
0.49019608
0.97647059
0.98823529
0.89803922
0.92941177
0.95294118
0.92549020
0.89803922
0.86666667
0.87058824
0.85098040
0.83921570
0.90588236
0.92549020
0.89411765
0.76862746
0.66666669
0.47058824
0.44705883
0.67843139
0.69019610
0.25882354
0.01176471
0.03921569
0.03137255
0.03529412
0.03921569
0.03921569
0.03529412
0.06274510
0.03921569
0.31372550
0.90980393
1.00000000
0.97254902
0.94509804
0.94901961
0.91764706
0.90196079
0.86274511
0.88235295
0.95686275
0.89019608
0.80784315
0.90196079
0.93725491
0.94901961
0.86274511
0.82745099
0.78823531
0.70196080
0.79607844
0.79607844
0.38823530
0.02745098
0.03137255
0.03137255
0.03137255
0.03921569
0.03921569
0.03529412
0.05098039
0.13725491
0.74509805
1.00000000
0.98431373
0.97254902
0.95686275
0.93725491
0.89411765
0.86274511
0.83529413
0.94509804
0.99215686
0.87450981
0.80392158
0.89803922
0.93725491
0.95294118
0.91372550
0.87058824
0.81960785
0.79607844
0.86666667
0.88235295
0.60392159
0.09803922
0.02745098
0.03529412
0.03529412
0.03529412
0.03921569
0.03529412
0.05882353
0.45098040
0.96470588
0.98431373
0.98431373
0.95686275
0.94117647
0.90980393
0.86666667
0.83921570
0.90980393
0.98431373
0.96078432
0.84705883
0.80784315
0.89019608
0.93725491
0.92549020
0.89019608
0.84705883
0.82352942
0.83921570
0.90588236
0.90588236
0.82745099
0.37254903
0.02745098
0.03921569
0.03921569
0.03529412
0.03529412
0.03921569
0.20392157
0.81176472
0.99607843
0.99215686
0.97647059
0.94117647
0.92941177
0.89019608
0.81960785
0.87450981
0.98823529
0.94509804
0.89803922
0.81568629
0.77254903
0.85882354
0.92941177
0.90196079
0.90196079
0.86666667
0.84705883
0.81568629
0.90588236
0.90588236
0.89803922
0.75294119
0.20000000
0.02745098
0.04313726
0.03529412
0.03921569
0.03921569
0.49019608
0.99215686
0.98431373
0.99607843
0.96862745
0.95294118
0.91764706
0.82745099
0.78823531
0.94901961
0.96078432
0.73725492
0.72941178
0.74509805
0.73725492
0.83137256
0.90196079
0.92156863
0.92941177
0.91764706
0.84705883
0.73333335
0.86274511
0.90980393
0.90980393
0.93725491
0.63137257
0.08627451
0.04705882
0.04313726
0.04313726
0.04313726
0.76470590
1.00000000
0.98823529
0.99607843
0.94117647
0.92941177
0.87058824
0.75686276
0.87843138
0.97254902
0.79607844
0.46666667
0.60784316
0.72941178
0.71764708
0.81960785
0.92156863
0.95294118
0.92549020
0.89803922
0.86666667
0.82745099
0.87450981
0.90588236
0.90588236
0.96078432
0.89803922
0.36862746
0.02352941
0.04705882
0.03921569
0.04313726
0.95294118
1.00000000
0.99607843
0.98823529
0.89803922
0.90196079
0.80000001
0.81176472
0.96470588
0.90980393
0.56078434
0.37254903
0.48235294
0.63137257
0.70588237
0.78431374
0.91764706
0.94117647
0.92549020
0.86274511
0.87843138
0.91764706
0.91764706
0.92941177
0.92941177
0.96078432
0.98039216
0.78039217
0.13725491
0.02352941
0.04313726
0.03921569
1.00000000
0.98823529
1.00000000
0.97647059
0.84313726
0.81960785
0.71372551
0.90588236
0.94901961
0.70196080
0.40784314
0.41568628
0.38431373
0.44313726
0.65882355
0.72156864
0.85490197
0.92549020
0.86274511
0.71764708
0.83529413
0.86274511
0.89019608
0.89803922
0.92549020
0.94509804
0.94901961
0.94509804
0.57647061
0.10196079
0.03137255
0.03921569
1.00000000
0.98431373
0.99607843
0.95294118
0.71764708
0.66274512
0.78039217
0.95686275
0.83137256
0.49803922
0.38039216
0.39607844
0.38431373
0.38823530
0.49019608
0.61960787
0.70588237
0.73725492
0.63529414
0.60392159
0.85882354
0.87450981
0.86274511
0.88627452
0.93725491
0.93333334
0.92941177
0.85098040
0.62352943
0.39607844
0.03921569
0.03137255
1.00000000
0.97647059
0.98431373
0.90980393
0.61568630
0.59607846
0.90980393
0.90980393
0.65098041
0.42745098
0.41568628
0.38823530
0.40392157
0.43529412
0.42352942
0.47058824
0.61568630
0.65490198
0.60000002
0.66666669
0.85490197
0.83529413
0.84313726
0.91372550
0.93725491
0.91372550
0.90980393
0.69411767
0.32549021
0.54117650
0.11764706
0.02352941
1.00000000
0.96470588
0.96862745
0.85882354
0.54901963
0.62352943
0.91372550
0.79215688
0.49803922
0.46666667
0.49803922
0.42745098
0.39607844
0.44313726
0.44705883
0.44313726
0.49803922
0.63137257
0.70196080
0.70588237
0.64705884
0.63529414
0.65882355
0.74901962
0.87058824
0.89411765
0.90196079
0.66666669
0.25882354
0.50196081
0.12549020
0.03137255
1.00000000
0.96862745
0.94509804
0.81568629
0.52941179
0.65098041
0.89019608
0.69803923
0.47450981
0.51764709
0.51764709
0.47058824
0.40784314
0.43921569
0.45490196
0.45098040
0.43921569
0.51372552
0.64313728
0.67450982
0.44313726
0.41176471
0.59215689
0.74509805
0.72941178
0.68235296
0.84705883
0.74901962
0.33333334
0.42745098
0.06666667
0.03921569
1.00000000
0.97254902
0.92549020
0.76862746
0.57647061
0.67843139
0.85490197
0.64705884
0.50196081
0.54901963
0.50196081
0.47058824
0.43137255
0.43137255
0.44313726
0.45098040
0.42352942
0.43921569
0.56470591
0.61568630
0.43137255
0.27843139
0.34117648
0.50588238
0.55294120
0.36862746
0.57254905
0.62745100
0.36078432
0.29803923
0.02352941
0.03529412
0.98823529
0.95294118
0.90588236
0.74509805
0.68627453
0.71372551
0.77647060
0.56862748
0.50980395
0.55686277
0.50980395
0.47058824
0.43921569
0.43137255
0.44705883
0.44313726
0.41960785
0.41568628
0.43529412
0.50196081
0.40784314
0.31372550
0.22745098
0.21568628
0.45490196
0.38431373
0.34509805
0.32941177
0.40392157
0.20784314
0.01960784
0.03921569
0.97254902
0.92941177
0.87450981
0.74509805
0.80392158
0.75294119
0.65882355
0.49803922
0.50980395
0.53333336
0.52156866
0.48235294
0.43921569
0.41568628
0.45882353
0.45882353
0.43137255
0.41960785
0.41176471
0.41568628
0.37254903
0.31372550
0.22352941
0.19607843
0.41960785
0.57254905
0.32941177
0.33333334
0.31764707
0.07058824
0.03529412
0.04313726
0.98039216
0.91764706
0.85490197
0.80392158
0.89019608
0.74509805
0.53333336
0.49803922
0.51372552
0.52549022
0.50588238
0.48235294
0.43921569
0.41960785
0.46666667
0.45490196
0.43137255
0.42352942
0.40000001
0.38823530
0.36078432
0.32941177
0.25490198
0.22745098
0.33333334
0.48627451
0.36470589
0.28627452
0.16078432
0.03137255
0.03921569
0.04313726
0.98039216
0.92156863
0.86274511
0.86274511
0.92156863
0.76078433
0.59215689
0.63921571
0.56470591
0.52156866
0.52156866
0.50196081
0.44705883
0.43529412
0.44705883
0.43137255
0.43529412
0.41960785
0.39215687
0.36470589
0.35294119
0.35294119
0.29019609
0.25098041
0.29411766
0.28627452
0.29411766
0.23529412
0.16470589
0.03921569
0.03529412
0.03921569
0.05490196
0.05882353
0.05098039
0.05490196
0.05098039
0.04705882
0.05098039
0.05098039
0.04705882
0.04705882
0.05098039
0.05098039
0.05098039
0.05098039
0.04313726
0.04313726
0.04313726
0.04313726
0.03529412
0.09411765
0.18039216
0.05490196
0.08627451
0.03529412
0.03137255
0.03921569
0.03529412
0.03529412
0.03921569
0.03921569
0.03529412
0.03529412
0.05490196
0.05098039
0.05490196
0.05882353
0.05490196
0.05098039
0.05490196
0.05490196
0.05098039
0.05098039
0.05098039
0.05098039
0.05098039
0.04705882
0.04313726
0.03921569
0.03921569
0.03921569
0.03137255
0.35294119
0.16470589
0.18431373
0.21568628
0.01960784
0.03529412
0.03921569
0.03137255
0.03529412
0.03921569
0.03529412
0.03137255
0.03529412
0.05882353
0.05490196
0.05490196
0.06274510
0.06274510
0.05490196
0.05098039
0.05098039
0.04705882
0.05098039
0.05098039
0.05098039
0.05098039
0.04313726
0.03921569
0.04313726
0.04705882
0.03529412
0.34117648
0.63529414
0.14117648
0.40392157
0.19607843
0.01568628
0.03529412
0.03529412
0.03529412
0.03529412
0.03529412
0.03529412
0.03529412
0.03529412
0.05882353
0.05882353
0.05490196
0.05882353
0.05490196
0.05098039
0.05098039
0.05098039
0.04705882
0.04705882
0.04705882
0.04705882
0.05098039
0.04705882
0.03137255
0.02745098
0.02352941
0.27058825
0.78823531
0.54901963
0.55686277
0.46274510
0.10980392
0.02352941
0.03137255
0.03137255
0.03137255
0.03137255
0.03137255
0.03529412
0.03529412
0.03921569
0.05882353
0.05882353
0.05490196
0.05882353
0.05490196
0.04705882
0.05098039
0.04705882
0.04705882
0.04313726
0.04313726
0.05490196
0.02745098
0.00784314
0.04313726
0.05490196
0.20784314
0.75294119
0.83137256
0.64313728
0.88627452
0.33333334
0.05490196
0.03137255
0.03137255
0.03137255
0.03137255
0.03137255
0.03137255
0.03529412
0.03529412
0.03921569
0.06274510
0.05882353
0.06274510
0.05882353
0.05490196
0.05098039
0.04705882
0.04313726
0.05098039
0.05490196
0.04705882
0.05490196
0.16862746
0.37254903
0.54117650
0.58823532
0.74509805
0.90980393
0.67058825
0.54901963
0.65098041
0.23529412
0.03921569
0.03529412
0.03137255
0.03137255
0.03137255
0.03137255
0.03137255
0.03137255
0.03137255
0.03529412
0.06274510
0.05882353
0.06274510
0.05882353
0.05490196
0.05098039
0.04705882
0.04313726
0.05098039
0.04705882
0.10588235
0.44705883
0.73725492
0.83921570
0.81176472
0.84705883
0.84313726
0.75294119
0.65490198
0.58823532
0.56470591
0.25490198
0.03529412
0.03529412
0.03529412
0.03137255
0.03137255
0.03137255
0.03137255
0.03137255
0.03137255
0.03529412
0.06274510
0.06274510
0.06274510
0.05882353
0.05490196
0.05490196
0.04313726
0.09411765
0.32549021
0.37254903
0.58823532
0.92941177
0.88627452
0.75686276
0.76078433
0.83529413
0.81960785
0.75686276
0.83137256
0.82352942
0.73333335
0.43921569
0.05882353
0.03137255
0.03137255
0.03137255
0.03137255
0.03137255
0.03137255
0.03137255
0.03137255
0.03529412
0.06666667
0.06666667
0.06666667
0.05882353
0.06274510
0.05098039
0.11372549
0.53725493
0.76078433
0.83921570
0.91764706
0.89019608
0.82745099
0.75686276
0.81960785
0.88235295
0.87058824
0.89803922
0.89411765
0.78431374
0.75686276
0.56470591
0.12549020
0.02745098
0.03529412
0.03529412
0.03529412
0.03921569
0.03529412
0.03137255
0.03137255
0.03529412
0.06666667
0.06666667
0.06666667
0.06274510
0.06274510
0.07843138
0.50196081
0.89803922
0.80000001
0.87058824
0.90588236
0.92156863
0.85490197
0.76862746
0.81568629
0.87843138
0.89803922
0.93333334
0.87843138
0.74509805
0.71764708
0.63529414
0.19215687
0.01960784
0.03529412
0.03137255
0.03529412
0.03921569
0.03921569
0.03137255
0.03137255
0.03529412
0.06666667
0.06274510
0.06666667
0.06666667
0.03921569
0.37254903
0.92941177
0.93333334
0.87843138
0.92549020
0.93333334
0.92941177
0.87450981
0.76078433
0.79607844
0.85098040
0.90588236
0.90588236
0.82352942
0.70588237
0.77647060
0.78431374
0.41568628
0.04313726
0.02745098
0.02745098
0.03137255
0.03921569
0.03921569
0.03137255
0.03137255
0.03529412
0.06666667
0.05882353
0.06274510
0.05098039
0.15294118
0.76078433
1.00000000
0.92941177
0.94117647
0.94901961
0.92549020
0.89803922
0.87450981
0.77647060
0.79215688
0.87450981
0.91372550
0.86666667
0.78823531
0.75294119
0.71764708
0.66666669
0.63137257
0.21176471
0.02352941
0.03529412
0.03529412
0.03921569
0.03921569
0.03921569
0.03921569
0.03921569
0.07058824
0.06274510
0.06274510
0.05098039
0.41568628
0.95686275
0.97254902
0.89803922
0.94509804
0.91372550
0.90588236
0.88627452
0.84705883
0.77254903
0.79215688
0.90588236
0.90196079
0.83529413
0.76078433
0.65098041
0.35294119
0.30588236
0.60392159
0.42745098
0.04313726
0.03137255
0.03529412
0.03921569
0.03921569
0.04313726
0.04313726
0.03921569
0.07450981
0.06666667
0.05882353
0.13725491
0.75294119
1.00000000
0.91764706
0.87450981
0.94509804
0.89803922
0.90980393
0.88235295
0.83921570
0.73725492
0.81568629
0.92156863
0.89803922
0.83529413
0.71372551
0.38823530
0.09019608
0.20000000
0.57254905
0.57647061
0.13333334
0.01568628
0.03529412
0.03921569
0.03921569
0.04313726
0.04313726
0.03921569
0.07058824
0.06274510
0.07450981
0.49803922
0.97647059
0.98431373
0.89019608
0.91372550
0.92941177
0.90196079
0.87450981
0.84313726
0.85490197
0.83529413
0.82352942
0.89411765
0.90980393
0.85490197
0.72156864
0.63529414
0.45882353
0.43921569
0.67058825
0.68235296
0.25490198
0.01176471
0.03921569
0.03137255
0.03529412
0.04313726
0.04313726
0.03921569
0.07058824
0.05098039
0.32941177
0.92156863
1.00000000
0.96470588
0.93333334
0.92941177
0.89411765
0.87843138
0.83921570
0.85882354
0.94901961
0.88235295
0.80000001
0.89803922
0.92941177
0.91764706
0.82352942
0.80000001
0.78039217
0.69411767
0.78823531
0.78823531
0.38431373
0.02745098
0.03137255
0.03137255
0.03137255
0.04313726
0.04313726
0.03921569
0.06274510
0.14901961
0.76078433
1.00000000
0.98431373
0.96862745
0.94509804
0.91764706
0.87058824
0.83921570
0.81568629
0.92941177
0.98823529
0.86666667
0.79607844
0.89411765
0.92941177
0.92941177
0.87843138
0.84705883
0.80784315
0.78431374
0.85490197
0.87058824
0.59607846
0.09803922
0.03137255
0.03529412
0.03529412
0.03921569
0.03921569
0.03921569
0.07058824
0.46274510
0.98039216
0.98823529
0.98039216
0.95294118
0.93725491
0.89803922
0.84705883
0.82352942
0.90196079
0.98431373
0.95686275
0.84313726
0.80784315
0.88627452
0.91764706
0.89803922
0.85882354
0.81960785
0.80000001
0.81960785
0.88235295
0.88627452
0.81568629
0.37254903
0.02745098
0.03921569
0.03529412
0.03529412
0.03529412
0.03921569
0.20784314
0.81960785
1.00000000
0.99215686
0.97647059
0.93725491
0.92549020
0.87843138
0.79607844
0.86274511
0.98431373
0.94901961
0.89803922
0.81176472
0.77254903
0.85882354
0.90588236
0.87058824
0.87450981
0.83529413
0.82352942
0.79607844
0.88627452
0.88235295
0.88627452
0.75294119
0.19607843
0.02352941
0.03921569
0.03529412
0.03921569
0.03921569
0.49019608
0.99215686
0.98823529
0.99215686
0.96078432
0.94509804
0.90196079
0.80784315
0.76862746
0.93725491
0.95686275
0.74117649
0.72941178
0.74509805
0.73725492
0.82745099
0.88627452
0.89803922
0.90588236
0.89411765
0.82745099
0.71372551
0.84705883
0.89411765
0.90196079
0.93725491
0.63137257
0.08235294
0.04313726
0.04313726
0.04313726
0.04313726
0.76470590
1.00000000
0.99215686
0.98823529
0.92156863
0.90588236
0.84313726
0.72941178
0.85882354
0.96078432
0.79607844
0.47058824
0.60784316
0.72941178
0.71764708
0.81960785
0.91372550
0.94117647
0.91372550
0.88627452
0.85882354
0.81960785
0.87058824
0.89803922
0.90196079
0.96078432
0.89803922
0.36470589
0.02352941
0.04705882
0.03921569
0.04313726
0.94901961
0.99215686
0.99215686
0.98039216
0.87450981
0.87058824
0.76078433
0.77647060
0.94509804
0.89411765
0.55686277
0.37647060
0.48235294
0.63137257
0.70588237
0.78039217
0.90980393
0.93333334
0.91764706
0.85490197
0.87450981
0.91764706
0.91764706
0.92941177
0.92941177
0.96078432
0.97647059
0.77647060
0.13333334
0.02352941
0.04313726
0.03921569
0.99607843
0.98039216
0.98823529
0.95294118
0.81568629
0.79607844
0.69019610
0.88235295
0.93333334
0.69411767
0.40784314
0.41960785
0.38431373
0.44313726
0.65882355
0.72156864
0.85098040
0.91764706
0.85490197
0.70980394
0.83137256
0.86274511
0.89411765
0.90196079
0.92549020
0.94509804
0.95686275
0.94509804
0.57647061
0.10980392
0.03921569
0.04313726
1.00000000
0.98039216
0.98039216
0.90980393
0.68627453
0.65882355
0.78431374
0.95686275
0.82745099
0.49803922
0.38039216
0.39607844
0.38039216
0.38823530
0.49019608
0.61568630
0.70196080
0.72941178
0.62745100
0.59607846
0.85882354
0.87843138
0.86666667
0.89019608
0.93725491
0.93333334
0.94901961
0.86274511
0.61568630
0.39607844
0.05490196
0.04705882
1.00000000
0.96470588
0.96078432
0.86666667
0.58431375
0.59607846
0.91372550
0.90980393
0.64705884
0.42745098
0.41568628
0.38431373
0.40000001
0.43137255
0.41568628
0.46666667
0.60784316
0.64705884
0.59215689
0.65882355
0.85098040
0.83921570
0.84705883
0.91764706
0.93333334
0.91372550
0.93333334
0.70980394
0.30588236
0.51372552
0.11372549
0.03529412
1.00000000
0.94901961
0.94117647
0.81960785
0.52156866
0.61960787
0.90980393
0.78039217
0.49019608
0.45490196
0.49019608
0.41960785
0.38431373
0.43137255
0.43529412
0.43137255
0.49019608
0.62352943
0.69411767
0.69803923
0.64313728
0.63921571
0.65882355
0.75294119
0.86666667
0.89019608
0.92156863
0.68235296
0.23921569
0.44313726
0.10588235
0.03529412
0.99607843
0.94509804
0.90980393
0.78039217
0.50980395
0.64705884
0.87843138
0.67843139
0.45882353
0.50196081
0.50196081
0.45490196
0.39215687
0.41960785
0.43529412
0.43529412
0.42745098
0.50588238
0.63529414
0.66666669
0.43921569
0.41176471
0.59215689
0.74509805
0.72549021
0.68235296
0.87058824
0.76470590
0.30980393
0.37647060
0.05098039
0.04313726
0.98039216
0.94117647
0.88235295
0.72941178
0.56078434
0.67450982
0.83529413
0.61176473
0.48235294
0.52941179
0.48235294
0.45098040
0.40784314
0.40784314
0.42352942
0.43137255
0.41176471
0.42745098
0.55294120
0.60392159
0.42745098
0.27843139
0.33725491
0.50588238
0.54901963
0.36862746
0.59607846
0.64313728
0.34901962
0.28627452
0.03529412
0.04705882
0.96078432
0.92156863
0.86274511
0.70980394
0.67450982
0.70980394
0.76078433
0.54509807
0.49803922
0.53725493
0.48627451
0.44705883
0.41176471
0.40392157
0.41960785
0.41568628
0.40392157
0.40392157
0.42352942
0.49019608
0.40784314
0.31764707
0.23137255
0.21960784
0.45490196
0.38431373
0.35686275
0.33333334
0.39215687
0.21960784
0.03921569
0.05098039
0.95294118
0.89803922
0.83137256
0.71372551
0.78431374
0.74509805
0.65490198
0.49803922
0.50980395
0.52549022
0.50196081
0.45882353
0.40392157
0.38039216
0.42352942
0.42745098
0.41568628
0.40784314
0.40000001
0.40392157
0.37254903
0.32549021
0.23529412
0.20784314
0.42352942
0.56470591
0.31764707
0.30980393
0.29411766
0.07450981
0.04313726
0.04705882
0.96470588
0.89411765
0.81568629
0.77254903
0.87450981
0.73333335
0.53333336
0.50196081
0.51372552
0.51372552
0.48627451
0.45882353
0.40392157
0.38431373
0.43137255
0.42352942
0.41176471
0.41176471
0.38823530
0.37647060
0.35686275
0.32941177
0.25490198
0.22745098
0.33725491
0.48235294
0.35686275
0.27058825
0.14117648
0.03137255
0.04313726
0.04705882
0.97254902
0.90588236
0.83137256
0.83529413
0.90588236
0.74901962
0.59215689
0.64313728
0.56862748
0.51372552
0.50196081
0.47450981
0.41176471
0.40000001
0.41176471
0.40000001
0.41176471
0.40000001
0.37254903
0.34117648
0.34117648
0.34901962
0.28235295
0.24313726
0.29411766
0.29019609
0.29019609
0.22352941
0.15294118
0.04313726
0.04313726
0.04313726
0.09411765
0.09411765
0.08627451
0.09019608
0.08627451
0.08235294
0.08627451
0.08627451
0.08627451
0.08627451
0.09019608
0.09019608
0.08235294
0.08235294
0.07450981
0.07450981
0.07058824
0.06666667
0.05098039
0.10588235
0.20000000
0.07843138
0.10588235
0.05490196
0.04705882
0.04705882
0.04313726
0.04313726
0.04705882
0.05882353
0.05490196
0.05490196
0.09019608
0.08627451
0.09019608
0.09411765
0.09019608
0.08627451
0.09019608
0.09019608
0.09019608
0.09019608
0.09019608
0.08627451
0.08235294
0.07843138
0.07450981
0.07058824
0.06666667
0.05882353
0.04313726
0.36078432
0.17254902
0.20000000
0.23529412
0.04705882
0.05882353
0.05098039
0.04705882
0.04705882
0.05098039
0.05490196
0.05098039
0.05490196
0.09411765
0.09019608
0.09019608
0.09803922
0.09803922
0.09019608
0.08627451
0.08627451
0.08627451
0.09019608
0.09019608
0.08627451
0.08235294
0.07450981
0.07058824
0.07058824
0.06666667
0.05098039
0.34901962
0.63529414
0.14117648
0.41176471
0.21960784
0.05098039
0.07058824
0.05882353
0.05490196
0.05490196
0.05490196
0.05490196
0.05490196
0.05490196
0.09411765
0.09411765
0.09019608
0.09411765
0.09019608
0.08627451
0.08627451
0.08627451
0.08627451
0.08627451
0.08627451
0.08235294
0.08235294
0.08235294
0.06666667
0.05882353
0.03921569
0.27843139
0.79215688
0.54509807
0.54901963
0.45882353
0.12941177
0.06666667
0.07843138
0.06274510
0.06274510
0.06274510
0.05882353
0.05490196
0.05490196
0.05882353
0.09411765
0.09411765
0.09019608
0.09019608
0.09019608
0.08627451
0.08627451
0.08627451
0.08627451
0.08235294
0.08235294
0.09019608
0.05490196
0.03529412
0.07058824
0.08235294
0.22352941
0.75686276
0.82352942
0.63529414
0.87058824
0.32549021
0.07450981
0.07843138
0.07843138
0.06274510
0.06274510
0.06274510
0.06274510
0.05490196
0.05490196
0.05882353
0.09803922
0.09411765
0.09803922
0.09019608
0.09019608
0.09019608
0.09411765
0.09803922
0.10196079
0.09411765
0.07058824
0.07058824
0.17647059
0.37254903
0.53725493
0.58431375
0.75294119
0.90196079
0.63921571
0.52156866
0.62352943
0.22745098
0.06274510
0.07843138
0.07058824
0.06274510
0.06274510
0.06274510
0.06274510
0.06274510
0.06274510
0.06274510
0.09803922
0.09411765
0.09803922
0.09411765
0.09019608
0.09411765
0.09411765
0.09019608
0.08627451
0.07058824
0.11764706
0.44705883
0.74117649
0.83921570
0.80000001
0.83921570
0.84705883
0.73333335
0.61568630
0.55294120
0.52941179
0.24313726
0.05882353
0.07450981
0.06666667
0.06274510
0.06274510
0.06274510
0.06274510
0.06274510
0.06274510
0.06666667
0.09803922
0.09803922
0.09803922
0.09411765
0.09019608
0.08627451
0.07450981
0.11372549
0.32941177
0.37254903
0.58431375
0.92549020
0.89803922
0.76078433
0.76078433
0.83137256
0.81568629
0.72941178
0.78039217
0.78431374
0.69803923
0.42352942
0.07843138
0.06274510
0.06666667
0.06274510
0.06274510
0.06274510
0.06274510
0.06274510
0.06274510
0.06666667
0.10196079
0.10196079
0.10196079
0.09803922
0.09803922
0.07450981
0.12941177
0.53333336
0.74509805
0.82745099
0.90588236
0.89019608
0.84313726
0.76470590
0.81960785
0.88235295
0.86274511
0.85882354
0.83921570
0.74117649
0.71764708
0.54509807
0.13725491
0.05098039
0.06274510
0.06666667
0.06666667
0.07058824
0.06666667
0.06274510
0.06274510
0.06666667
0.10196079
0.10196079
0.10196079
0.10588235
0.09803922
0.09803922
0.50196081
0.87843138
0.77254903
0.85490197
0.90196079
0.93333334
0.86666667
0.77254903
0.81176472
0.87450981
0.87843138
0.88627452
0.81568629
0.69411767
0.67058825
0.60392159
0.20000000
0.03921569
0.05882353
0.06274510
0.06666667
0.07058824
0.07058824
0.06274510
0.06274510
0.06666667
0.10196079
0.10588235
0.10588235
0.10980392
0.07058824
0.38431373
0.91372550
0.90980393
0.85490197
0.91372550
0.93725491
0.94509804
0.88235295
0.76470590
0.79607844
0.84313726
0.87843138
0.85490197
0.76078433
0.65882355
0.73725492
0.76078433
0.42352942
0.06274510
0.05098039
0.05882353
0.06274510
0.07058824
0.07058824
0.06274510
0.06274510
0.06666667
0.10980392
0.12549020
0.12549020
0.09411765
0.17254902
0.74901962
0.95686275
0.89411765
0.93333334
0.94901961
0.92549020
0.89803922
0.87843138
0.79607844
0.80784315
0.87058824
0.88627452
0.82352942
0.74509805
0.73333335
0.71372551
0.67058825
0.63921571
0.22352941
0.04313726
0.06274510
0.06666667
0.07058824
0.07058824
0.06274510
0.06274510
0.05882353
0.11372549
0.12941177
0.12156863
0.08235294
0.42745098
0.94117647
0.92549020
0.86274511
0.94117647
0.91372550
0.90980393
0.88235295
0.84705883
0.79607844
0.81960785
0.90588236
0.87843138
0.79607844
0.72941178
0.64313728
0.36078432
0.31764707
0.61568630
0.43921569
0.06274510
0.06274510
0.06666667
0.07058824
0.07058824
0.06274510
0.06274510
0.05882353
0.11764706
0.12156863
0.09803922
0.15686275
0.75686276
0.98823529
0.87843138
0.84313726
0.94117647
0.89803922
0.90980393
0.87843138
0.83529413
0.76078433
0.83529413
0.92156863
0.87450981
0.80000001
0.68627453
0.38039216
0.10196079
0.21176471
0.58431375
0.58823532
0.15294118
0.04705882
0.06666667
0.07058824
0.06666667
0.06274510
0.06274510
0.05882353
0.11372549
0.10980392
0.09411765
0.50588238
0.97254902
0.96470588
0.85882354
0.89019608
0.92941177
0.90196079
0.87450981
0.83921570
0.85098040
0.85490197
0.84313726
0.89019608
0.89019608
0.83137256
0.69803923
0.63529414
0.47450981
0.45098040
0.68235296
0.69411767
0.27450982
0.04313726
0.07058824
0.06274510
0.06274510
0.06274510
0.06274510
0.05882353
0.11764706
0.09019608
0.33333334
0.90980393
0.99215686
0.94901961
0.90980393
0.91372550
0.89411765
0.87843138
0.83921570
0.85490197
0.94117647
0.89411765
0.81176472
0.89019608
0.91372550
0.89411765
0.80392158
0.80784315
0.79607844
0.70588237
0.80000001
0.80000001
0.40392157
0.05882353
0.06666667
0.06274510
0.06274510
0.06274510
0.06274510
0.05882353
0.10196079
0.17647059
0.76078433
1.00000000
0.96862745
0.94901961
0.92941177
0.90980393
0.87058824
0.84313726
0.81568629
0.92549020
0.98431373
0.88235295
0.81176472
0.89019608
0.91372550
0.90980393
0.86274511
0.84705883
0.82352942
0.79607844
0.86666667
0.88627452
0.61176473
0.12156863
0.05490196
0.06274510
0.06274510
0.06274510
0.06274510
0.05882353
0.09803922
0.47843137
0.98039216
0.97254902
0.96078432
0.93333334
0.92156863
0.89411765
0.85098040
0.82745099
0.90588236
0.98431373
0.96470588
0.85490197
0.81960785
0.89019608
0.90980393
0.88627452
0.84705883
0.80784315
0.80784315
0.83529413
0.89803922
0.90196079
0.82352942
0.37647060
0.03921569
0.05882353
0.06274510
0.06274510
0.06666667
0.07058824
0.22745098
0.82352942
1.00000000
0.96862745
0.94901961
0.92156863
0.91372550
0.87843138
0.80392158
0.86666667
0.98431373
0.94901961
0.90588236
0.81960785
0.78039217
0.86274511
0.90196079
0.85882354
0.86274511
0.82745099
0.82745099
0.81176472
0.90196079
0.89803922
0.89411765
0.74901962
0.20784314
0.04313726
0.06666667
0.06666667
0.07058824
0.07058824
0.49411765
0.98431373
0.97254902
0.96078432
0.92941177
0.92941177
0.90196079
0.81960785
0.77647060
0.94117647
0.95686275
0.74117649
0.73725492
0.75294119
0.74509805
0.83529413
0.88235295
0.89019608
0.89803922
0.88627452
0.83529413
0.72941178
0.86274511
0.90980393
0.90588236
0.93725491
0.63921571
0.10196079
0.06666667
0.07450981
0.07450981
0.07450981
0.75294119
0.99215686
0.96078432
0.94509804
0.88235295
0.89411765
0.85490197
0.74901962
0.86274511
0.96470588
0.79607844
0.47058824
0.61568630
0.73725492
0.72549021
0.82745099
0.91372550
0.93725491
0.90980393
0.88627452
0.86274511
0.83137256
0.87843138
0.90980393
0.90588236
0.95686275
0.90588236
0.38431373
0.04705882
0.07843138
0.07058824
0.07450981
0.92549020
0.96078432
0.94901961
0.92549020
0.83137256
0.86274511
0.78823531
0.80392158
0.94901961
0.89803922
0.55686277
0.37254903
0.49019608
0.63921571
0.71372551
0.78823531
0.91764706
0.94117647
0.92156863
0.85882354
0.88235295
0.92549020
0.92549020
0.93725491
0.92941177
0.95686275
0.98431373
0.79607844
0.15686275
0.05490196
0.07450981
0.07058824
0.96078432
0.93333334
0.93725491
0.89411765
0.76470590
0.78431374
0.70980394
0.90588236
0.94509804
0.70196080
0.41176471
0.42745098
0.39607844
0.45882353
0.67058825
0.73725492
0.85490197
0.92549020
0.85882354
0.71372551
0.83921570
0.87450981
0.90588236
0.90980393
0.93333334
0.95294118
0.96862745
0.96078432
0.60000002
0.12941177
0.06274510
0.07450981
0.95294118
0.90980393
0.92156863
0.84705883
0.63137257
0.64313728
0.78431374
0.96470588
0.84313726
0.51372552
0.39607844
0.41568628
0.40784314
0.41568628
0.51764709
0.64313728
0.70980394
0.72941178
0.63137257
0.59607846
0.86666667
0.89411765
0.88235295
0.90588236
0.95686275
0.96078432
0.96862745
0.88627452
0.64313728
0.40000001
0.07450981
0.07843138
0.94901961
0.89411765
0.90196079
0.80784315
0.53333336
0.58431375
0.91372550
0.91372550
0.65882355
0.43921569
0.42745098
0.40000001
0.43137255
0.46274510
0.45098040
0.49411765
0.61960787
0.64705884
0.59607846
0.66274512
0.86666667
0.85882354
0.86666667
0.93725491
0.96078432
0.94509804
0.95686275
0.73725492
0.33333334
0.52156866
0.14117648
0.07058824
0.94509804
0.87450981
0.88235295
0.76862746
0.48627451
0.61568630
0.91372550
0.78039217
0.49411765
0.46274510
0.49411765
0.42745098
0.41176471
0.45882353
0.46274510
0.45882353
0.50588238
0.63529414
0.70588237
0.70980394
0.66274512
0.66274512
0.68235296
0.77647060
0.89803922
0.92156863
0.94901961
0.70980394
0.26666668
0.45882353
0.13725491
0.07058824
0.94509804
0.87450981
0.85490197
0.74117649
0.48627451
0.65098041
0.88235295
0.67843139
0.45882353
0.50196081
0.50196081
0.45490196
0.40784314
0.43921569
0.45490196
0.45490196
0.44705883
0.52549022
0.65490198
0.68235296
0.46666667
0.44705883
0.62745100
0.77647060
0.75686276
0.70980394
0.89411765
0.78823531
0.34117648
0.39215687
0.08235294
0.07843138
0.93333334
0.87450981
0.83137256
0.70196080
0.55294120
0.68627453
0.84313726
0.60784316
0.47450981
0.52156866
0.47450981
0.44313726
0.42352942
0.42352942
0.43921569
0.44705883
0.43529412
0.45490196
0.57647061
0.62745100
0.45882353
0.31764707
0.38039216
0.54509807
0.58039218
0.40000001
0.61960787
0.67058825
0.37647060
0.28627452
0.05490196
0.08235294
0.91764706
0.86274511
0.82352942
0.69019610
0.66666669
0.72156864
0.77254903
0.54901963
0.49019608
0.53333336
0.48627451
0.44705883
0.42745098
0.41568628
0.43529412
0.43137255
0.43137255
0.43137255
0.45098040
0.51764709
0.44313726
0.36078432
0.27058825
0.25882354
0.49019608
0.41176471
0.38039216
0.35686275
0.41176471
0.22352941
0.05882353
0.07843138
0.91764706
0.85882354
0.81568629
0.70588237
0.78039217
0.74901962
0.67058825
0.50980395
0.51764709
0.53333336
0.51764709
0.47058824
0.41568628
0.39215687
0.43529412
0.43921569
0.43921569
0.43921569
0.42745098
0.43137255
0.40392157
0.36078432
0.27058825
0.24313726
0.45882353
0.59215689
0.34117648
0.32941177
0.30980393
0.09019608
0.06274510
0.06666667
0.93333334
0.85882354
0.80392158
0.76470590
0.86666667
0.73725492
0.54509807
0.51372552
0.52156866
0.52549022
0.50196081
0.47450981
0.41568628
0.39607844
0.44313726
0.43529412
0.43529412
0.43921569
0.41568628
0.40392157
0.39215687
0.36862746
0.29411766
0.26666668
0.37254903
0.51372552
0.38039216
0.29019609
0.15686275
0.05098039
0.06274510
0.06666667
0.94509804
0.87450981
0.82352942
0.82745099
0.89803922
0.75294119
0.60392159
0.65490198
0.57647061
0.52549022
0.51764709
0.49019608
0.42352942
0.41176471
0.42352942
0.41176471
0.43529412
0.42745098
0.40000001
0.36862746
0.37647060
0.39215687
0.32549021
0.28627452
0.33333334
0.32941177
0.32156864
0.25098041
0.17254902
0.06274510
0.06274510
0.06274510
1 0 0 0 0 0 0 -1 0 0 0
0 1 0 0 0 0 0 -1 0 0 0
0 0 1 0 0 0 0 -1 0 0 0
0 0 0 1 0 0 0 -1 0 0 0
0 0 0 0 1 0 0 -1 0 0 0
0 0 0 0 0 1 0 -1 0 0 0
0 0 0 0 0 0 1 -1 0 0 0
0 0 0 0 0 0 0 -1 1 0 0
0 0 0 0 0 0 0 -1 0 1 0
