0.08627451
0.11764706
0.11764706
0.11764706
0.13333334
0.11764706
0.18039216
0.10588235
0.06666667
0.07058824
0.08627451
0.12156863
0.10196079
0.07058824
0.14509805
0.21960784
0.18431373
0.49803922
0.92549020
0.94509804
0.92156863
0.92156863
0.92156863
0.92549020
0.92156863
0.73333335
0.51764709
0.61176473
0.82745099
0.91764706
0.85490197
0.75686276
0.08627451
0.16078432
0.15294118
0.14901961
0.14509805
0.14117648
0.16470589
0.07843138
0.08235294
0.08627451
0.09019608
0.06274510
0.05882353
0.11372549
0.22745098
0.15294118
0.14901961
0.50980395
0.94117647
0.96470588
0.94509804
0.93725491
0.95686275
0.96078432
0.96470588
0.77647060
0.58823532
0.58431375
0.72549021
0.86274511
0.88627452
0.79215688
0.08235294
0.18039216
0.15686275
0.14509805
0.14509805
0.15294118
0.17647059
0.10196079
0.11764706
0.11764706
0.09411765
0.06666667
0.06666667
0.18823530
0.21960784
0.11372549
0.15686275
0.50588238
0.92941177
0.94901961
0.93333334
0.92549020
0.94509804
0.94901961
0.94117647
0.72156864
0.56078434
0.56078434
0.60000002
0.76862746
0.86666667
0.81176472
0.07843138
0.17254902
0.15294118
0.15294118
0.14901961
0.15294118
0.17647059
0.16470589
0.19215687
0.20000000
0.18039216
0.13725491
0.16470589
0.25490198
0.22352941
0.16862746
0.16862746
0.49411765
0.90196079
0.94509804
0.94509804
0.93333334
0.94901961
0.94509804
0.91372550
0.67450982
0.54901963
0.56470591
0.52941179
0.66666669
0.81960785
0.83529413
0.13725491
0.16470589
0.15686275
0.19607843
0.16862746
0.15686275
0.18039216
0.23137255
0.29411766
0.43921569
0.42352942
0.25490198
0.32549021
0.39215687
0.30588236
0.22352941
0.19607843
0.48627451
0.84705883
0.93725491
0.96470588
0.96078432
0.96078432
0.94901961
0.90196079
0.64705884
0.56078434
0.58823532
0.53725493
0.57254905
0.75294119
0.83529413
0.18431373
0.18431373
0.17254902
0.20392157
0.17647059
0.15294118
0.17254902
0.20784314
0.23529412
0.49019608
0.59215689
0.43529412
0.52941179
0.60784316
0.51372552
0.29019609
0.22745098
0.52941179
0.83137256
0.86274511
0.97647059
0.98039216
0.97647059
0.96862745
0.92156863
0.67450982
0.57254905
0.60784316
0.57647061
0.52549022
0.65490198
0.80392158
0.12941177
0.17254902
0.17647059
0.19607843
0.17254902
0.16078432
0.14509805
0.16078432
0.15294118
0.30980393
0.58823532
0.60000002
0.63137257
0.70196080
0.65882355
0.43529412
0.34117648
0.57254905
0.83137256
0.76470590
0.93333334
0.97647059
0.98823529
0.98039216
0.91372550
0.65490198
0.57254905
0.60784316
0.57254905
0.55294120
0.54901963
0.70980394
0.08235294
0.14509805
0.16470589
0.19215687
0.18039216
0.17647059
0.13725491
0.14117648
0.14901961
0.23137255
0.51372552
0.58823532
0.61568630
0.69411767
0.64705884
0.58431375
0.49411765
0.51764709
0.74117649
0.84705883
0.94117647
0.96862745
0.98039216
0.97254902
0.86666667
0.59215689
0.60000002
0.62745100
0.58823532
0.60784316
0.53725493
0.59215689
0.12156863
0.14901961
0.16078432
0.19607843
0.18823530
0.16862746
0.13333334
0.15294118
0.19215687
0.24313726
0.49019608
0.63137257
0.62745100
0.68627453
0.66666669
0.61176473
0.51764709
0.49411765
0.61568630
0.81960785
0.90588236
0.94901961
0.96470588
0.96862745
0.87450981
0.68627453
0.64313728
0.65490198
0.60784316
0.59215689
0.58039218
0.54901963
0.12549020
0.13333334
0.14117648
0.18431373
0.19607843
0.17647059
0.13333334
0.16470589
0.20784314
0.25098041
0.52549022
0.67450982
0.63921571
0.63529414
0.60784316
0.60000002
0.54509807
0.54901963
0.54509807
0.56862748
0.69803923
0.88627452
0.96078432
0.92549020
0.81960785
0.69411767
0.66666669
0.64705884
0.58431375
0.55686277
0.58431375
0.60784316
0.14901961
0.14117648
0.13333334
0.16470589
0.17254902
0.18823530
0.14509805
0.17254902
0.20784314
0.28627452
0.61176473
0.66666669
0.63529414
0.61960787
0.63921571
0.65882355
0.60000002
0.58823532
0.51764709
0.52941179
0.59607846
0.78431374
0.96078432
0.86274511
0.77647060
0.67058825
0.66666669
0.68627453
0.62352943
0.61960787
0.62745100
0.63921571
0.16078432
0.12941177
0.14117648
0.16470589
0.15686275
0.17254902
0.15294118
0.16470589
0.23529412
0.40392157
0.69803923
0.64313728
0.65098041
0.67843139
0.69803923
0.68627453
0.65098041
0.62352943
0.49411765
0.54117650
0.55294120
0.70980394
0.92549020
0.82352942
0.77254903
0.71764708
0.67843139
0.72549021
0.72549021
0.70196080
0.66666669
0.65098041
0.14901961
0.14117648
0.15686275
0.16862746
0.15294118
0.16470589
0.13333334
0.12549020
0.30196080
0.56862748
0.68627453
0.56862748
0.69019610
0.75294119
0.75294119
0.70588237
0.65098041
0.58431375
0.47058824
0.46666667
0.50980395
0.64705884
0.83137256
0.77254903
0.74901962
0.76078433
0.74509805
0.74901962
0.76862746
0.73725492
0.67843139
0.66274512
0.14117648
0.15294118
0.15686275
0.14901961
0.12549020
0.11764706
0.10980392
0.15686275
0.32156864
0.48627451
0.54117650
0.58431375
0.74901962
0.80784315
0.76078433
0.71764708
0.65882355
0.59215689
0.50588238
0.51372552
0.56470591
0.61568630
0.73333335
0.74509805
0.73725492
0.74117649
0.74901962
0.74901962
0.76862746
0.74901962
0.69803923
0.67450982
0.14117648
0.12549020
0.12549020
0.12156863
0.10196079
0.13333334
0.15294118
0.18431373
0.30588236
0.33333334
0.50196081
0.76078433
0.78431374
0.80000001
0.74901962
0.73333335
0.62745100
0.61176473
0.58431375
0.56078434
0.60000002
0.60392159
0.69019610
0.74509805
0.72156864
0.73725492
0.75686276
0.76078433
0.76862746
0.76470590
0.72941178
0.68235296
0.12941177
0.11764706
0.14901961
0.20392157
0.14509805
0.14117648
0.15294118
0.15294118
0.35294119
0.48627451
0.67058825
0.81568629
0.68235296
0.70196080
0.70980394
0.71764708
0.70588237
0.68235296
0.65098041
0.60784316
0.65098041
0.59215689
0.58823532
0.68235296
0.74117649
0.71372551
0.76078433
0.77647060
0.76862746
0.74509805
0.70196080
0.66274512
0.15294118
0.16078432
0.16470589
0.18431373
0.15686275
0.16862746
0.12941177
0.11372549
0.37254903
0.62352943
0.67843139
0.62745100
0.60784316
0.65882355
0.67450982
0.74509805
0.82352942
0.76078433
0.70588237
0.68235296
0.72156864
0.62745100
0.48235294
0.52156866
0.75294119
0.75686276
0.72549021
0.74509805
0.70980394
0.68235296
0.67058825
0.64705884
0.17647059
0.18431373
0.18431373
0.18823530
0.16470589
0.16862746
0.11372549
0.11372549
0.34117648
0.60784316
0.66666669
0.62352943
0.64705884
0.65490198
0.72549021
0.79215688
0.77254903
0.74509805
0.76078433
0.74117649
0.70980394
0.63529414
0.49411765
0.33725491
0.52156866
0.71372551
0.74901962
0.71764708
0.69411767
0.70588237
0.68235296
0.66666669
0.17647059
0.19215687
0.20392157
0.20784314
0.17254902
0.14509805
0.09803922
0.10588235
0.30196080
0.61568630
0.66666669
0.66274512
0.69019610
0.65490198
0.66666669
0.75294119
0.72549021
0.75294119
0.78823531
0.75686276
0.66666669
0.63137257
0.43921569
0.27058825
0.27843139
0.43529412
0.60392159
0.69411767
0.70588237
0.70588237
0.69803923
0.66274512
0.18039216
0.20392157
0.18823530
0.19215687
0.17647059
0.12941177
0.09803922
0.10980392
0.24313726
0.59215689
0.65098041
0.65098041
0.70588237
0.69019610
0.66274512
0.70588237
0.70980394
0.75294119
0.76470590
0.72941178
0.70196080
0.64313728
0.37647060
0.25882354
0.24313726
0.27450982
0.33333334
0.47058824
0.61176473
0.69019610
0.71372551
0.67058825
0.17647059
0.20000000
0.17254902
0.18039216
0.18823530
0.12941177
0.10980392
0.12549020
0.17647059
0.48627451
0.67058825
0.63529414
0.68235296
0.69411767
0.68235296
0.70588237
0.71764708
0.74509805
0.73333335
0.70196080
0.76078433
0.65882355
0.35686275
0.27058825
0.26666668
0.28627452
0.27058825
0.27058825
0.34901962
0.47058824
0.57254905
0.63529414
0.16078432
0.16470589
0.16078432
0.17647059
0.18823530
0.12549020
0.10588235
0.13725491
0.14509805
0.34509805
0.62745100
0.63137257
0.62745100
0.64313728
0.64313728
0.67843139
0.68235296
0.69411767
0.68235296
0.71764708
0.77647060
0.58823532
0.32156864
0.29803923
0.29019609
0.29803923
0.28235295
0.25490198
0.25098041
0.26274511
0.29803923
0.36862746
0.16078432
0.14509805
0.14117648
0.14117648
0.14509805
0.09803922
0.10980392
0.15686275
0.13333334
0.20000000
0.51372552
0.63137257
0.59215689
0.62745100
0.64313728
0.66274512
0.66666669
0.65490198
0.65882355
0.73725492
0.72941178
0.54117650
0.30196080
0.30980393
0.30980393
0.31764707
0.30980393
0.29803923
0.29411766
0.27843139
0.24313726
0.22352941
0.16862746
0.14117648
0.13725491
0.12941177
0.10588235
0.09019608
0.13333334
0.15686275
0.12156863
0.12156863
0.34509805
0.57254905
0.58431375
0.58039218
0.60784316
0.63137257
0.63921571
0.65882355
0.66666669
0.66666669
0.72549021
0.60000002
0.29803923
0.30196080
0.30196080
0.31372550
0.30980393
0.29411766
0.29411766
0.28235295
0.28235295
0.27058825
0.18431373
0.16470589
0.17254902
0.17647059
0.17647059
0.17254902
0.18431373
0.20392157
0.20000000
0.20784314
0.29019609
0.49019608
0.54117650
0.50196081
0.49019608
0.57254905
0.58823532
0.62352943
0.61960787
0.58039218
0.67843139
0.58431375
0.31372550
0.30196080
0.30588236
0.32156864
0.32549021
0.29411766
0.27450982
0.27058825
0.28235295
0.27450982
0.29411766
0.30196080
0.30588236
0.33333334
0.34901962
0.34509805
0.33725491
0.34117648
0.34901962
0.35294119
0.41176471
0.52549022
0.50588238
0.44313726
0.40000001
0.42745098
0.43921569
0.51764709
0.61176473
0.60000002
0.51764709
0.47058824
0.41568628
0.36862746
0.34901962
0.36078432
0.32156864
0.29019609
0.27450982
0.27058825
0.26274511
0.24705882
0.33333334
0.34117648
0.36862746
0.41568628
0.42352942
0.41568628
0.41176471
0.41568628
0.41568628
0.41568628
0.45098040
0.50980395
0.48627451
0.44313726
0.42352942
0.40784314
0.40000001
0.47450981
0.55686277
0.52549022
0.46666667
0.46666667
0.48627451
0.47058824
0.47450981
0.43137255
0.36470589
0.32549021
0.29019609
0.27450982
0.25098041
0.23137255
0.45882353
0.47450981
0.52156866
0.52549022
0.52156866
0.49411765
0.51372552
0.52156866
0.53333336
0.54117650
0.52156866
0.52156866
0.50980395
0.51764709
0.53725493
0.52549022
0.49803922
0.52549022
0.57647061
0.54117650
0.53333336
0.56862748
0.63137257
0.63137257
0.60392159
0.49019608
0.37254903
0.32549021
0.28627452
0.25882354
0.24313726
0.23529412
0.59215689
0.58431375
0.60392159
0.59607846
0.57254905
0.58039218
0.62352943
0.61960787
0.65098041
0.67843139
0.60784316
0.57647061
0.57647061
0.60392159
0.64313728
0.65098041
0.60000002
0.58823532
0.67450982
0.67450982
0.66274512
0.67450982
0.72941178
0.72941178
0.63921571
0.50980395
0.39215687
0.34901962
0.30588236
0.26274511
0.23529412
0.22352941
0.60392159
0.56078434
0.55686277
0.57254905
0.55686277
0.58823532
0.65098041
0.64705884
0.67450982
0.73725492
0.65098041
0.59607846
0.61176473
0.63529414
0.63137257
0.64705884
0.62352943
0.58823532
0.65098041
0.65098041
0.64313728
0.67450982
0.69411767
0.70588237
0.64705884
0.52549022
0.38823530
0.34117648
0.29411766
0.25098041
0.22352941
0.21176471
0.63529414
0.59215689
0.56862748
0.60000002
0.58823532
0.60000002
0.68235296
0.67058825
0.68627453
0.75294119
0.70980394
0.65490198
0.64313728
0.62745100
0.62745100
0.65098041
0.63921571
0.60392159
0.61960787
0.64705884
0.65490198
0.65882355
0.65882355
0.68235296
0.66274512
0.56862748
0.39607844
0.33725491
0.29803923
0.25490198
0.21568628
0.21568628
0.66274512
0.61960787
0.61176473
0.64705884
0.61960787
0.60784316
0.67843139
0.67450982
0.67058825
0.68235296
0.68627453
0.67058825
0.63137257
0.61176473
0.62745100
0.64313728
0.62745100
0.61568630
0.61960787
0.65490198
0.67450982
0.65490198
0.63529414
0.66274512
0.65098041
0.59607846
0.40784314
0.34117648
0.30980393
0.26274511
0.22352941
0.22745098
0.10588235
0.14117648
0.14117648
0.14117648
0.14901961
0.12549020
0.18823530
0.11372549
0.07843138
0.08235294
0.09019608
0.12156863
0.10196079
0.07450981
0.15686275
0.21960784
0.13333334
0.37254903
0.74901962
0.77254903
0.78431374
0.79607844
0.77647060
0.77647060
0.79607844
0.61568630
0.40000001
0.42745098
0.54509807
0.60784316
0.59215689
0.58823532
0.10196079
0.17254902
0.16862746
0.16470589
0.16078432
0.15294118
0.17254902
0.08235294
0.08235294
0.08627451
0.08627451
0.06274510
0.05882353
0.12156863
0.23921569
0.15294118
0.09803922
0.38039216
0.76470590
0.79215688
0.80000001
0.80392158
0.80392158
0.81176472
0.83529413
0.66666669
0.49803922
0.45098040
0.49019608
0.58039218
0.60784316
0.58431375
0.09019608
0.18823530
0.16862746
0.15686275
0.15686275
0.16470589
0.18431373
0.10196079
0.10588235
0.09803922
0.07843138
0.05490196
0.05490196
0.18431373
0.22352941
0.10980392
0.10588235
0.38039216
0.75294119
0.78039217
0.78823531
0.78431374
0.78823531
0.80000001
0.81960785
0.62352943
0.50588238
0.48235294
0.43137255
0.52941179
0.58823532
0.56862748
0.08235294
0.18039216
0.16078432
0.16470589
0.16078432
0.16862746
0.18039216
0.15294118
0.16470589
0.16470589
0.14901961
0.10196079
0.12941177
0.22745098
0.20392157
0.15294118
0.11764706
0.36862746
0.72549021
0.77254903
0.80000001
0.78431374
0.78039217
0.79215688
0.80000001
0.58823532
0.51372552
0.52549022
0.41960785
0.47843137
0.55686277
0.56862748
0.13333334
0.16470589
0.16078432
0.19607843
0.18039216
0.17647059
0.18039216
0.21176471
0.25490198
0.38431373
0.36470589
0.18823530
0.25882354
0.32549021
0.24313726
0.19215687
0.14509805
0.36078432
0.66666669
0.76862746
0.81568629
0.80392158
0.78823531
0.79607844
0.79215688
0.56862748
0.52941179
0.56470591
0.47450981
0.43137255
0.51372552
0.56078434
0.18039216
0.18431373
0.16862746
0.20000000
0.18431373
0.16862746
0.17647059
0.18823530
0.19215687
0.42745098
0.50980395
0.34509805
0.43137255
0.50588238
0.41568628
0.23529412
0.17254902
0.40392157
0.65490198
0.69411767
0.82745099
0.81568629
0.80000001
0.81176472
0.81176472
0.60000002
0.53725493
0.59215689
0.54509807
0.41960785
0.44313726
0.52549022
0.13725491
0.18039216
0.18039216
0.20000000
0.17647059
0.16078432
0.15686275
0.17254902
0.15294118
0.28235295
0.50196081
0.48627451
0.51764709
0.58039218
0.53725493
0.32941177
0.23529412
0.43921569
0.67843139
0.61568630
0.79607844
0.81568629
0.80392158
0.80784315
0.78823531
0.59215689
0.54117650
0.59607846
0.56078434
0.48235294
0.37647060
0.46274510
0.09411765
0.15686275
0.17647059
0.20392157
0.18039216
0.17254902
0.15686275
0.17647059
0.17647059
0.22745098
0.42352942
0.47058824
0.49411765
0.56862748
0.51764709
0.44313726
0.34509805
0.36862746
0.59607846
0.70588237
0.80392158
0.81176472
0.79215688
0.78431374
0.73333335
0.53725493
0.56862748
0.60784316
0.58431375
0.56470591
0.41568628
0.39607844
0.13333334
0.16078432
0.17254902
0.20784314
0.19215687
0.16862746
0.15294118
0.18431373
0.20784314
0.21960784
0.39607844
0.51372552
0.50980395
0.56470591
0.54117650
0.46666667
0.35294119
0.32941177
0.45098040
0.65882355
0.74901962
0.78823531
0.78431374
0.79215688
0.74901962
0.63137257
0.60000002
0.61960787
0.60392159
0.57647061
0.52156866
0.41176471
0.13725491
0.14509805
0.15294118
0.19607843
0.20000000
0.18039216
0.15294118
0.18823530
0.20392157
0.21176471
0.42745098
0.55686277
0.52549022
0.51764709
0.48627451
0.45098040
0.37647060
0.38039216
0.37647060
0.40000001
0.52941179
0.71764708
0.78823531
0.76862746
0.70980394
0.63921571
0.61176473
0.60000002
0.57254905
0.56078434
0.58039218
0.53725493
0.16078432
0.15294118
0.14509805
0.17647059
0.18039216
0.19215687
0.16470589
0.18431373
0.18823530
0.22745098
0.50980395
0.54901963
0.51764709
0.50196081
0.52156866
0.51764709
0.44313726
0.43137255
0.35686275
0.36862746
0.43529412
0.61960787
0.80392158
0.72941178
0.68235296
0.61568630
0.60784316
0.62745100
0.60392159
0.62352943
0.64705884
0.61960787
0.17254902
0.14117648
0.15294118
0.18039216
0.16470589
0.17647059
0.16470589
0.16862746
0.20392157
0.33333334
0.58823532
0.52156866
0.53333336
0.56078434
0.57647061
0.55686277
0.51372552
0.48235294
0.35294119
0.40000001
0.40392157
0.54509807
0.77647060
0.70588237
0.69019610
0.65882355
0.61568630
0.66666669
0.69019610
0.69019610
0.67843139
0.64705884
0.16078432
0.15294118
0.16862746
0.18431373
0.16078432
0.16862746
0.14117648
0.12156863
0.26274511
0.49019608
0.57254905
0.44705883
0.57254905
0.63529414
0.63137257
0.59215689
0.53725493
0.46666667
0.35294119
0.34901962
0.37647060
0.49019608
0.68627453
0.66666669
0.67450982
0.70196080
0.69019610
0.69019610
0.71764708
0.70196080
0.66666669
0.65490198
0.14901961
0.16078432
0.16862746
0.16078432
0.13333334
0.12941177
0.12549020
0.16078432
0.28235295
0.40392157
0.43921569
0.47843137
0.64705884
0.70588237
0.65882355
0.61568630
0.55686277
0.49019608
0.40000001
0.40784314
0.45098040
0.47450981
0.59607846
0.63529414
0.65882355
0.69019610
0.69019610
0.68235296
0.70980394
0.70588237
0.67058825
0.65490198
0.14901961
0.13333334
0.13333334
0.12941177
0.11372549
0.14901961
0.17254902
0.19215687
0.26274511
0.25098041
0.41176471
0.67843139
0.70196080
0.72156864
0.66666669
0.63529414
0.50980395
0.50196081
0.47058824
0.44705883
0.47843137
0.47450981
0.56078434
0.63529414
0.64313728
0.69019610
0.69803923
0.69019610
0.70980394
0.71764708
0.69803923
0.65098041
0.13725491
0.12549020
0.15686275
0.21176471
0.15686275
0.15686275
0.17647059
0.15686275
0.31372550
0.40000001
0.58039218
0.72941178
0.60000002
0.62352943
0.62745100
0.60784316
0.57254905
0.55686277
0.52549022
0.47843137
0.51764709
0.46666667
0.47058824
0.58431375
0.67450982
0.67450982
0.70588237
0.71372551
0.70980394
0.70196080
0.66666669
0.63137257
0.16078432
0.16862746
0.17254902
0.19215687
0.16470589
0.18431373
0.14901961
0.11372549
0.32941177
0.53725493
0.58431375
0.53333336
0.51764709
0.56470591
0.58431375
0.62745100
0.67843139
0.61960787
0.56862748
0.53725493
0.57647061
0.50196081
0.38431373
0.45098040
0.70980394
0.71764708
0.67843139
0.69411767
0.66666669
0.63921571
0.63137257
0.61176473
0.18431373
0.19607843
0.19215687
0.19607843
0.17647059
0.18431373
0.13333334
0.10980392
0.29803923
0.52156866
0.57254905
0.52549022
0.55294120
0.56078434
0.63529414
0.67450982
0.62745100
0.60392159
0.61960787
0.59607846
0.56470591
0.51372552
0.41176471
0.29803923
0.50196081
0.68235296
0.71372551
0.68235296
0.65882355
0.66666669
0.64313728
0.63529414
0.18823530
0.20392157
0.21176471
0.21568628
0.18431373
0.16078432
0.11372549
0.09803922
0.25490198
0.52941179
0.56862748
0.56078434
0.58823532
0.55686277
0.56862748
0.63529414
0.59215689
0.61960787
0.65882355
0.62352943
0.52941179
0.50980395
0.37254903
0.25882354
0.27843139
0.41176471
0.58039218
0.67450982
0.68235296
0.67058825
0.65882355
0.62745100
0.19215687
0.21568628
0.20000000
0.20392157
0.19215687
0.14509805
0.10588235
0.10196079
0.19607843
0.50588238
0.54901963
0.54509807
0.60000002
0.58823532
0.56078434
0.59607846
0.59215689
0.63529414
0.64705884
0.61176473
0.57647061
0.52941179
0.32156864
0.26666668
0.25882354
0.25882354
0.32156864
0.46274510
0.59607846
0.65882355
0.67058825
0.63921571
0.19607843
0.21176471
0.18431373
0.18823530
0.19215687
0.13333334
0.10588235
0.10980392
0.13725491
0.42352942
0.58431375
0.53725493
0.58431375
0.59607846
0.59215689
0.61960787
0.62745100
0.64313728
0.61960787
0.58431375
0.63921571
0.54901963
0.31372550
0.28627452
0.29019609
0.27843139
0.26274511
0.27843139
0.34901962
0.45882353
0.55294120
0.61960787
0.19215687
0.18823530
0.17254902
0.18039216
0.18039216
0.10980392
0.09019608
0.12156863
0.12156863
0.31372550
0.56470591
0.54509807
0.53333336
0.54901963
0.56470591
0.61960787
0.61568630
0.58823532
0.55294120
0.59215689
0.65490198
0.48235294
0.28235295
0.31764707
0.32156864
0.29411766
0.28627452
0.27450982
0.26666668
0.27450982
0.30980393
0.38039216
0.19607843
0.17254902
0.15294118
0.14509805
0.14117648
0.09411765
0.10588235
0.15294118
0.12549020
0.18823530
0.45490196
0.54509807
0.50196081
0.53725493
0.56862748
0.60392159
0.60000002
0.55294120
0.52941179
0.60392159
0.60784316
0.44313726
0.26274511
0.32941177
0.34509805
0.32941177
0.31764707
0.31764707
0.31372550
0.29803923
0.26274511
0.24313726
0.20000000
0.16470589
0.15294118
0.13333334
0.10980392
0.09019608
0.13333334
0.15686275
0.12156863
0.11372549
0.29019609
0.48627451
0.49019608
0.49019608
0.52941179
0.57254905
0.56862748
0.55294120
0.53333336
0.53333336
0.60392159
0.51764709
0.26666668
0.31372550
0.33333334
0.33333334
0.32549021
0.31372550
0.31372550
0.30196080
0.30196080
0.29803923
0.20000000
0.17254902
0.16862746
0.16470589
0.16470589
0.16078432
0.17254902
0.19215687
0.19215687
0.18823530
0.23137255
0.40392157
0.44705883
0.40784314
0.41176471
0.51372552
0.51764709
0.51372552
0.48627451
0.44313726
0.55686277
0.49803922
0.26666668
0.29411766
0.31764707
0.33725491
0.34117648
0.31372550
0.29411766
0.29019609
0.30196080
0.30196080
0.27450982
0.27450982
0.26274511
0.28235295
0.29803923
0.30196080
0.29411766
0.29803923
0.30588236
0.30980393
0.34509805
0.43921569
0.40784314
0.34509805
0.31764707
0.36862746
0.36862746
0.41176471
0.47843137
0.46274510
0.39607844
0.37254903
0.34117648
0.32156864
0.32941177
0.35686275
0.33333334
0.30980393
0.29019609
0.29019609
0.28235295
0.27058825
0.27450982
0.27450982
0.29019609
0.32941177
0.34117648
0.34117648
0.34117648
0.34117648
0.34117648
0.34509805
0.37647060
0.42352942
0.38431373
0.34901962
0.34509805
0.34509805
0.32549021
0.36470589
0.41960785
0.38823530
0.34117648
0.35294119
0.38431373
0.39215687
0.42352942
0.40784314
0.37254903
0.34509805
0.30980393
0.29411766
0.27058825
0.24705882
0.37647060
0.38823530
0.42745098
0.42352942
0.42352942
0.40392157
0.42352942
0.43137255
0.44313726
0.45490196
0.44313726
0.43529412
0.41568628
0.42352942
0.45882353
0.45882353
0.42352942
0.42352942
0.44705883
0.40784314
0.40784314
0.43921569
0.50196081
0.51764709
0.52549022
0.44705883
0.37254903
0.34509805
0.30588236
0.27843139
0.26274511
0.25098041
0.50196081
0.49019608
0.50588238
0.49803922
0.47843137
0.48627451
0.52941179
0.52549022
0.55294120
0.58431375
0.52549022
0.49411765
0.49411765
0.52156866
0.56470591
0.56862748
0.50980395
0.49019608
0.56470591
0.55294120
0.54117650
0.53725493
0.58431375
0.59607846
0.53725493
0.44705883
0.38431373
0.36862746
0.32549021
0.27843139
0.25490198
0.23529412
0.50980395
0.46666667
0.46274510
0.47843137
0.46274510
0.49803922
0.55686277
0.55294120
0.58039218
0.64313728
0.56862748
0.51372552
0.53333336
0.55294120
0.54901963
0.56470591
0.53333336
0.49019608
0.54509807
0.53725493
0.52156866
0.54117650
0.54901963
0.56470591
0.53725493
0.45098040
0.38039216
0.36470589
0.31372550
0.27058825
0.23921569
0.22745098
0.54117650
0.49803922
0.47450981
0.50196081
0.49411765
0.50588238
0.58431375
0.57647061
0.59215689
0.65882355
0.61960787
0.56470591
0.55294120
0.53725493
0.53725493
0.56470591
0.54509807
0.50588238
0.51372552
0.52941179
0.53333336
0.52941179
0.51764709
0.54117650
0.54509807
0.48627451
0.38431373
0.36078432
0.31764707
0.27450982
0.23137255
0.23137255
0.56862748
0.52549022
0.51764709
0.55294120
0.52549022
0.51372552
0.58431375
0.58039218
0.57647061
0.58823532
0.59607846
0.57647061
0.53725493
0.51764709
0.53333336
0.55686277
0.53725493
0.52156866
0.51372552
0.53725493
0.55686277
0.53333336
0.49803922
0.52156866
0.52941179
0.50980395
0.39215687
0.36470589
0.32941177
0.28235295
0.23921569
0.24313726
0.07450981
0.10196079
0.09019608
0.08235294
0.08235294
0.06274510
0.13333334
0.07450981
0.05490196
0.06274510
0.06274510
0.09803922
0.08627451
0.03529412
0.07843138
0.15294118
0.08627451
0.29411766
0.63529414
0.64313728
0.63921571
0.66274512
0.67058825
0.62745100
0.62352943
0.54117650
0.36862746
0.34901962
0.41960785
0.45882353
0.44705883
0.47450981
0.06274510
0.12941177
0.11372549
0.10196079
0.09411765
0.09019608
0.11764706
0.03921569
0.04705882
0.05882353
0.07058824
0.05490196
0.04313726
0.07058824
0.14509805
0.07843138
0.05098039
0.29803923
0.65098041
0.65882355
0.65490198
0.66666669
0.69019610
0.65882355
0.66666669
0.60000002
0.48627451
0.39607844
0.38431373
0.43529412
0.45098040
0.45882353
0.04705882
0.14117648
0.10588235
0.08627451
0.09019608
0.10588235
0.12941177
0.05098039
0.05882353
0.05882353
0.05882353
0.04705882
0.03921569
0.12941177
0.12156863
0.03137255
0.05882353
0.30196080
0.63921571
0.64705884
0.64313728
0.63921571
0.66666669
0.64313728
0.65098041
0.56470591
0.51372552
0.45490196
0.34901962
0.40000001
0.43137255
0.43921569
0.04313726
0.12156863
0.09019608
0.08627451
0.09019608
0.11372549
0.12549020
0.09411765
0.10980392
0.10588235
0.09411765
0.06274510
0.09019608
0.15686275
0.09019608
0.07058824
0.07058824
0.28627452
0.61176473
0.64313728
0.65098041
0.63137257
0.65490198
0.63921571
0.63529414
0.53333336
0.52941179
0.50980395
0.35686275
0.36470589
0.41176471
0.43921569
0.09019608
0.10196079
0.08235294
0.11372549
0.10980392
0.12156863
0.12549020
0.14901961
0.18823530
0.30980393
0.25882354
0.09411765
0.18823530
0.24313726
0.13725491
0.11372549
0.09803922
0.27843139
0.55686277
0.63529414
0.66666669
0.64313728
0.65882355
0.63921571
0.63137257
0.52156866
0.54509807
0.55294120
0.42352942
0.34117648
0.39215687
0.43921569
0.12549020
0.11372549
0.09019608
0.11764706
0.11372549
0.11764706
0.11764706
0.12156863
0.12156863
0.33725491
0.36078432
0.20392157
0.33333334
0.41960785
0.32156864
0.16470589
0.12156863
0.32156864
0.54117650
0.56470591
0.67450982
0.65490198
0.66666669
0.65490198
0.65882355
0.56078434
0.54509807
0.56862748
0.50196081
0.34509805
0.34901962
0.41568628
0.07450981
0.10588235
0.10588235
0.12156863
0.10588235
0.10588235
0.10196079
0.10980392
0.07058824
0.17254902
0.34901962
0.34117648
0.40784314
0.49803922
0.46666667
0.25882354
0.15294118
0.33725491
0.55294120
0.47450981
0.64313728
0.65882355
0.65098041
0.65098041
0.66666669
0.55686277
0.51372552
0.55294120
0.53725493
0.45098040
0.31372550
0.36862746
0.03137255
0.08235294
0.10196079
0.12941177
0.10588235
0.10196079
0.09803922
0.11764706
0.09803922
0.11764706
0.27843139
0.32549021
0.37647060
0.47843137
0.44705883
0.36078432
0.23529412
0.24705882
0.45882353
0.55686277
0.64313728
0.66274512
0.63137257
0.63529414
0.63921571
0.50980395
0.52549022
0.56470591
0.58431375
0.56470591
0.37647060
0.31764707
0.06274510
0.08627451
0.09803922
0.13333334
0.10980392
0.07843138
0.08627451
0.12941177
0.14901961
0.13333334
0.24705882
0.35686275
0.37254903
0.45098040
0.44313726
0.36078432
0.23137255
0.19607843
0.30588236
0.50196081
0.59215689
0.63529414
0.62745100
0.65490198
0.66274512
0.60392159
0.57647061
0.60000002
0.61568630
0.58431375
0.49411765
0.34901962
0.06274510
0.07450981
0.07843138
0.12156863
0.10980392
0.08235294
0.08235294
0.13725491
0.15686275
0.13725491
0.27843139
0.39215687
0.37647060
0.38431373
0.36470589
0.32156864
0.23529412
0.23529412
0.22745098
0.25098041
0.37647060
0.56862748
0.63921571
0.64313728
0.63137257
0.61176473
0.60392159
0.60000002
0.59215689
0.57254905
0.56470591
0.49019608
0.08627451
0.07843138
0.07058824
0.10196079
0.09411765
0.10588235
0.09803922
0.13725491
0.13725491
0.15294118
0.37254903
0.39607844
0.37254903
0.36470589
0.38823530
0.37647060
0.29411766
0.28627452
0.21568628
0.23529412
0.29803923
0.47058824
0.65882355
0.61960787
0.61960787
0.58823532
0.60000002
0.63529414
0.61568630
0.63137257
0.64313728
0.59215689
0.09803922
0.06666667
0.07843138
0.10588235
0.09803922
0.12156863
0.12156863
0.11764706
0.13333334
0.23529412
0.46666667
0.39607844
0.40392157
0.43137255
0.45098040
0.42352942
0.37254903
0.35294119
0.23137255
0.29019609
0.29019609
0.39607844
0.63921571
0.60784316
0.63529414
0.63529414
0.60392159
0.66274512
0.68627453
0.68627453
0.67843139
0.63921571
0.08627451
0.07843138
0.09411765
0.10980392
0.10588235
0.14509805
0.10980392
0.07450981
0.17254902
0.36862746
0.46666667
0.34509805
0.46274510
0.52156866
0.51372552
0.46274510
0.40392157
0.34509805
0.24705882
0.26274511
0.27843139
0.34117648
0.56078434
0.58431375
0.63137257
0.67843139
0.66666669
0.66666669
0.69803923
0.68627453
0.66666669
0.66274512
0.09019608
0.10196079
0.10980392
0.09803922
0.09019608
0.09803922
0.07450981
0.08235294
0.18039216
0.29803923
0.35294119
0.39215687
0.54901963
0.60392159
0.55294120
0.50196081
0.43137255
0.35686275
0.27450982
0.30196080
0.34117648
0.32941177
0.49019608
0.58823532
0.63529414
0.66274512
0.65098041
0.64313728
0.67843139
0.68235296
0.66274512
0.65882355
0.10196079
0.09019608
0.09019608
0.08627451
0.06666667
0.09803922
0.09803922
0.09411765
0.16470589
0.16078432
0.33725491
0.59607846
0.60784316
0.61960787
0.56078434
0.52156866
0.38039216
0.34901962
0.31372550
0.30980393
0.35294119
0.33333334
0.47450981
0.61568630
0.63921571
0.66274512
0.65098041
0.64705884
0.67450982
0.69803923
0.68235296
0.65098041
0.09019608
0.07843138
0.10980392
0.16078432
0.10588235
0.10196079
0.10588235
0.07058824
0.21960784
0.31372550
0.49803922
0.64313728
0.50196081
0.51372552
0.51372552
0.48627451
0.43137255
0.38823530
0.34901962
0.32549021
0.38039216
0.32549021
0.39607844
0.57647061
0.67843139
0.65098041
0.67058825
0.67843139
0.68235296
0.68235296
0.65098041
0.62745100
0.10980392
0.11372549
0.11764706
0.13725491
0.10980392
0.12941177
0.09411765
0.05098039
0.25098041
0.45098040
0.49803922
0.44313726
0.41568628
0.45490196
0.46666667
0.49803922
0.52549022
0.43921569
0.38039216
0.37254903
0.43137255
0.37254903
0.31372550
0.44705883
0.72156864
0.70980394
0.65490198
0.67058825
0.64705884
0.62352943
0.61960787
0.60784316
0.12549020
0.13725491
0.13725491
0.14117648
0.11764706
0.12941177
0.09411765
0.07450981
0.22745098
0.42745098
0.47843137
0.43137255
0.44705883
0.44313726
0.50980395
0.54117650
0.47058824
0.41960785
0.43137255
0.42745098
0.42352942
0.39607844
0.35686275
0.29803923
0.52156866
0.68627453
0.70588237
0.67450982
0.64705884
0.65882355
0.63137257
0.62745100
0.12156863
0.13725491
0.14901961
0.14901961
0.11764706
0.10588235
0.09019608
0.07843138
0.19607843
0.43137255
0.46666667
0.46274510
0.47843137
0.43921569
0.43921569
0.50588238
0.44705883
0.45098040
0.48235294
0.46666667
0.40000001
0.40784314
0.32549021
0.26666668
0.30980393
0.42745098
0.58431375
0.67843139
0.67450982
0.66274512
0.64313728
0.61568630
0.12156863
0.14509805
0.12549020
0.12941177
0.12156863
0.09411765
0.09803922
0.09803922
0.14901961
0.40392157
0.44705883
0.43921569
0.48627451
0.46274510
0.42745098
0.47450981
0.45882353
0.47843137
0.48235294
0.46666667
0.45882353
0.43921569
0.28235295
0.27843139
0.29411766
0.28235295
0.33725491
0.47843137
0.60000002
0.65490198
0.65882355
0.62352943
0.12549020
0.14509805
0.11764706
0.12549020
0.12941177
0.08627451
0.09019608
0.10196079
0.09803922
0.34509805
0.49411765
0.43137255
0.45882353
0.47058824
0.47843137
0.51764709
0.51372552
0.50196081
0.46666667
0.44313726
0.52156866
0.46274510
0.27843139
0.30196080
0.32549021
0.29411766
0.27843139
0.29803923
0.36078432
0.46274510
0.55294120
0.61960787
0.12941177
0.12549020
0.11764706
0.12549020
0.13333334
0.07450981
0.05882353
0.09411765
0.09019608
0.27058825
0.50196081
0.43921569
0.39607844
0.41960785
0.47450981
0.54509807
0.51764709
0.46666667
0.41176471
0.45098040
0.53333336
0.39607844
0.24705882
0.33725491
0.34901962
0.29803923
0.29411766
0.29803923
0.29019609
0.29803923
0.32941177
0.40000001
0.12941177
0.10980392
0.09411765
0.09019608
0.09411765
0.05098039
0.06274510
0.10980392
0.08627451
0.14509805
0.39607844
0.44705883
0.36470589
0.41176471
0.49019608
0.54117650
0.51372552
0.43529412
0.39215687
0.46666667
0.49019608
0.36470589
0.23529412
0.34901962
0.37254903
0.33725491
0.32941177
0.34117648
0.33725491
0.32156864
0.28627452
0.27058825
0.12941177
0.09803922
0.09019608
0.07450981
0.05098039
0.03921569
0.08235294
0.10588235
0.07058824
0.06274510
0.23529412
0.39215687
0.36078432
0.37254903
0.45882353
0.51764709
0.49019608
0.44313726
0.40784314
0.40784314
0.49411765
0.44705883
0.23921569
0.32549021
0.36078432
0.34901962
0.34117648
0.33725491
0.33725491
0.32549021
0.32549021
0.32549021
0.12549020
0.10196079
0.10196079
0.09803922
0.10588235
0.11372549
0.12156863
0.14117648
0.14117648
0.14117648
0.18431373
0.32156864
0.32549021
0.29803923
0.34901962
0.46666667
0.44313726
0.41568628
0.36862746
0.32549021
0.45098040
0.42745098
0.23137255
0.28627452
0.32941177
0.34901962
0.36078432
0.33725491
0.31764707
0.31372550
0.32549021
0.32941177
0.20000000
0.20392157
0.20000000
0.22352941
0.24313726
0.25490198
0.24705882
0.25098041
0.25882354
0.26274511
0.30588236
0.36470589
0.29411766
0.24705882
0.26666668
0.32941177
0.30196080
0.31764707
0.36862746
0.35294119
0.29803923
0.29803923
0.28627452
0.29019609
0.31372550
0.35294119
0.34901962
0.33333334
0.31372550
0.31372550
0.30588236
0.30196080
0.21176471
0.21568628
0.23529412
0.27450982
0.29411766
0.29803923
0.29411766
0.29411766
0.29803923
0.30196080
0.34117648
0.35294119
0.28235295
0.25490198
0.29803923
0.30980393
0.27058825
0.27843139
0.31372550
0.28627452
0.24705882
0.26666668
0.30196080
0.32941177
0.38823530
0.38823530
0.38431373
0.36862746
0.33333334
0.31764707
0.29411766
0.27450982
0.30980393
0.32156864
0.36078432
0.36078432
0.36078432
0.34509805
0.36470589
0.37254903
0.38431373
0.39607844
0.39215687
0.36078432
0.31764707
0.33333334
0.40000001
0.40784314
0.35294119
0.32941177
0.34117648
0.30196080
0.30196080
0.32941177
0.39607844
0.42745098
0.45882353
0.40784314
0.37254903
0.36470589
0.32549021
0.30196080
0.29019609
0.27843139
0.41176471
0.40392157
0.41960785
0.41176471
0.38823530
0.39215687
0.43921569
0.43529412
0.46274510
0.49411765
0.44313726
0.40784314
0.40000001
0.43137255
0.47843137
0.48235294
0.41568628
0.38431373
0.44705883
0.43529412
0.41568628
0.40784314
0.45490196
0.47058824
0.44313726
0.38039216
0.36862746
0.37647060
0.34117648
0.30588236
0.29019609
0.27450982
0.41568628
0.37254903
0.36862746
0.38431373
0.36470589
0.39607844
0.45490196
0.45098040
0.47843137
0.54117650
0.47058824
0.41960785
0.43921569
0.45882353
0.45490196
0.46274510
0.42745098
0.38039216
0.42745098
0.41176471
0.39607844
0.41176471
0.41568628
0.43529412
0.43137255
0.38039216
0.35294119
0.36862746
0.32549021
0.29803923
0.27843139
0.26666668
0.44705883
0.40392157
0.38039216
0.40784314
0.39607844
0.40392157
0.48235294
0.47450981
0.49019608
0.55686277
0.52156866
0.46666667
0.45490196
0.43921569
0.43921569
0.46274510
0.43921569
0.39215687
0.39607844
0.40392157
0.40784314
0.40784314
0.38823530
0.41176471
0.43529412
0.40784314
0.35686275
0.36470589
0.33333334
0.29803923
0.27058825
0.27450982
0.47843137
0.43529412
0.42745098
0.45882353
0.42745098
0.41176471
0.48235294
0.47843137
0.47843137
0.48627451
0.49019608
0.47058824
0.43529412
0.41176471
0.42745098
0.45098040
0.43137255
0.40784314
0.39607844
0.41568628
0.43529412
0.42352942
0.38039216
0.39607844
0.41960785
0.41960785
0.35686275
0.36862746
0.34117648
0.30980393
0.27843139
0.28235295
1 0 0 -1 0 0 0 0 0 0 0
0 1 0 -1 0 0 0 0 0 0 0
0 0 1 -1 0 0 0 0 0 0 0
0 0 0 -1 1 0 0 0 0 0 0
0 0 0 -1 0 1 0 0 0 0 0
0 0 0 -1 0 0 1 0 0 0 0
0 0 0 -1 0 0 0 1 0 0 0
0 0 0 -1 0 0 0 0 1 0 0
0 0 0 -1 0 0 0 0 0 1 0
