0.20784314
0.24313726
0.21960784
0.27450982
0.26666668
0.23529412
0.22745098
0.24313726
0.27843139
0.28627452
0.28627452
0.38431373
0.41568628
0.31764707
0.39215687
0.40784314
0.30588236
0.34901962
0.33333334
0.34509805
0.29411766
0.26274511
0.28627452
0.31372550
0.29803923
0.27843139
0.55294120
0.82352942
0.74901962
0.86666667
0.89803922
0.86666667
0.21960784
0.38431373
0.36078432
0.30588236
0.29411766
0.25882354
0.20392157
0.23137255
0.32156864
0.30980393
0.29411766
0.33725491
0.55686277
0.52941179
0.62352943
0.57254905
0.52549022
0.59215689
0.47450981
0.51764709
0.38823530
0.35686275
0.36862746
0.33333334
0.30196080
0.29019609
0.63529414
0.92549020
0.78039217
0.87843138
0.90588236
0.90980393
0.25882354
0.56470591
0.62352943
0.56078434
0.37647060
0.22745098
0.21568628
0.25882354
0.32549021
0.36862746
0.40000001
0.40000001
0.64313728
0.69803923
0.78823531
0.69803923
0.61176473
0.53725493
0.59607846
0.46666667
0.52156866
0.56078434
0.60392159
0.53725493
0.32156864
0.30196080
0.60784316
0.97254902
0.83137256
0.91372550
0.94117647
0.95294118
0.38039216
0.63137257
0.73725492
0.81568629
0.61568630
0.33333334
0.28235295
0.26274511
0.44313726
0.54509807
0.58039218
0.67843139
0.87843138
0.76470590
0.65490198
0.65882355
0.66666669
0.71372551
0.75686276
0.67058825
0.77254903
0.70980394
0.81568629
0.84705883
0.35686275
0.30196080
0.56470591
0.92549020
0.87450981
0.92156863
0.93725491
0.94509804
0.47450981
0.73333335
0.83921570
0.87450981
0.63529414
0.39607844
0.33725491
0.28627452
0.40784314
0.49803922
0.36470589
0.47843137
0.74509805
0.70196080
0.56078434
0.56078434
0.60000002
0.64705884
0.72156864
0.61176473
0.76862746
0.57647061
0.62352943
0.53333336
0.23137255
0.33725491
0.51764709
0.88235295
0.92941177
0.91764706
0.90980393
0.90980393
0.57647061
0.85098040
0.93725491
0.88235295
0.59607846
0.38823530
0.34117648
0.35686275
0.29411766
0.30588236
0.30588236
0.34509805
0.65882355
0.76862746
0.67450982
0.71764708
0.71372551
0.63921571
0.59215689
0.41568628
0.59215689
0.30980393
0.31372550
0.35686275
0.28627452
0.30588236
0.36470589
0.73333335
0.96470588
0.89411765
0.84705883
0.83529413
0.69019610
0.85490197
0.86666667
0.72941178
0.51764709
0.38039216
0.41960785
0.49019608
0.44313726
0.33725491
0.27058825
0.34509805
0.49019608
0.71764708
0.71372551
0.75686276
0.81176472
0.77254903
0.43137255
0.29411766
0.51764709
0.49411765
0.54509807
0.45490196
0.20392157
0.21568628
0.28235295
0.47058824
0.83137256
0.81568629
0.79607844
0.85882354
0.74117649
0.82745099
0.79215688
0.59607846
0.40392157
0.35294119
0.44705883
0.49019608
0.42352942
0.45098040
0.39607844
0.29411766
0.33725491
0.49019608
0.65098041
0.73333335
0.75686276
0.72156864
0.60000002
0.50196081
0.54509807
0.37254903
0.34901962
0.31764707
0.14509805
0.43921569
0.48627451
0.25490198
0.52941179
0.67843139
0.72549021
0.80784315
0.77254903
0.84705883
0.75294119
0.50980395
0.34509805
0.32549021
0.41176471
0.43137255
0.40392157
0.39607844
0.39215687
0.36470589
0.33333334
0.37647060
0.60784316
0.73725492
0.82352942
0.88627452
0.72941178
0.40000001
0.51764709
0.46274510
0.33725491
0.37254903
0.21960784
0.57647061
0.69411767
0.20000000
0.36078432
0.73333335
0.79607844
0.81960785
0.73725492
0.77647060
0.63921571
0.41960785
0.35686275
0.37254903
0.45098040
0.38823530
0.35686275
0.38823530
0.31764707
0.40000001
0.43529412
0.41960785
0.68627453
0.74901962
0.83137256
0.90980393
0.72549021
0.37254903
0.34117648
0.55686277
0.52941179
0.34117648
0.29411766
0.63921571
0.54117650
0.34509805
0.47450981
0.78431374
0.92156863
0.94901961
0.70196080
0.65490198
0.50196081
0.40392157
0.35294119
0.41568628
0.43137255
0.32941177
0.45882353
0.66274512
0.38039216
0.30196080
0.38039216
0.70980394
0.81960785
0.77647060
0.87843138
0.77647060
0.66274512
0.60784316
0.45098040
0.51764709
0.72156864
0.37647060
0.40000001
0.77647060
0.39215687
0.32941177
0.52941179
0.61960787
0.87450981
0.92549020
0.68627453
0.57647061
0.42745098
0.37647060
0.34901962
0.39607844
0.45098040
0.55294120
0.77647060
0.89019608
0.74509805
0.28627452
0.38823530
0.76078433
0.65490198
0.70980394
0.76862746
0.65882355
0.59215689
0.56470591
0.64313728
0.46274510
0.56078434
0.39607844
0.45882353
0.51372552
0.29019609
0.24313726
0.36862746
0.37254903
0.69803923
0.88235295
0.63921571
0.56470591
0.45882353
0.33725491
0.33725491
0.42352942
0.68627453
0.83921570
0.76078433
0.76470590
0.93725491
0.62745100
0.66274512
0.75686276
0.63137257
0.83137256
0.67450982
0.51372552
0.70980394
0.66274512
0.50196081
0.69019610
0.56078434
0.50588238
0.69803923
0.48235294
0.19215687
0.26666668
0.31372550
0.28235295
0.46274510
0.88627452
0.59607846
0.56862748
0.44705883
0.33725491
0.38823530
0.63529414
0.84313726
0.80000001
0.41568628
0.43137255
0.82352942
0.84705883
0.64313728
0.60392159
0.85490197
0.88627452
0.73725492
0.59215689
0.82352942
0.54509807
0.48627451
0.76470590
0.57647061
0.62352943
0.69019610
0.47843137
0.24705882
0.31764707
0.36078432
0.32549021
0.34117648
0.74901962
0.63137257
0.52549022
0.38431373
0.40392157
0.52549022
0.85098040
0.84705883
0.41568628
0.27843139
0.36470589
0.62352943
0.83137256
0.56862748
0.59607846
0.80392158
0.63921571
0.74509805
0.80000001
0.73333335
0.43137255
0.50588238
0.72941178
0.51372552
0.57647061
0.54117650
0.40000001
0.28627452
0.50196081
0.40000001
0.32156864
0.35294119
0.50588238
0.67843139
0.53333336
0.36470589
0.50588238
0.73725492
0.94117647
0.87843138
0.38431373
0.34117648
0.49411765
0.64313728
0.65882355
0.71764708
0.80392158
0.66666669
0.44705883
0.72156864
0.78431374
0.63137257
0.65098041
0.80392158
0.73333335
0.65490198
0.65098041
0.40392157
0.20784314
0.25882354
0.55686277
0.45882353
0.32549021
0.34901962
0.37647060
0.72549021
0.54509807
0.46666667
0.60784316
0.66666669
0.86274511
0.90196079
0.50980395
0.36078432
0.78039217
0.58823532
0.52156866
0.78823531
0.70588237
0.69803923
0.63529414
0.74901962
0.65098041
0.49803922
0.74117649
0.89019608
0.70196080
0.67843139
0.73333335
0.48235294
0.20784314
0.26666668
0.45490196
0.38039216
0.34117648
0.36470589
0.31764707
0.60000002
0.48627451
0.57254905
0.41568628
0.53725493
0.56862748
0.69803923
0.63529414
0.56470591
0.77647060
0.53725493
0.83137256
0.70588237
0.41176471
0.75686276
0.85490197
0.55686277
0.58823532
0.58823532
0.69803923
0.73725492
0.80392158
0.49803922
0.61176473
0.59607846
0.24313726
0.39215687
0.55294120
0.48235294
0.45882353
0.48627451
0.42745098
0.46274510
0.41568628
0.39607844
0.45882353
0.55686277
0.51372552
0.49019608
0.58431375
0.72156864
0.68235296
0.55294120
0.81568629
0.66274512
0.59215689
0.79215688
0.74901962
0.58823532
0.60392159
0.69019610
0.52941179
0.63921571
0.84705883
0.61568630
0.51372552
0.40784314
0.22352941
0.46274510
0.67843139
0.47450981
0.52941179
0.74509805
0.60784316
0.40392157
0.36862746
0.38039216
0.57647061
0.41176471
0.52156866
0.41960785
0.42352942
0.75686276
0.77647060
0.77647060
0.79607844
0.83137256
0.61176473
0.52941179
0.52156866
0.70196080
0.72156864
0.72156864
0.52156866
0.78823531
0.90196079
0.78823531
0.55294120
0.16078432
0.25882354
0.61960787
0.68235296
0.39607844
0.49019608
0.80392158
0.55294120
0.39215687
0.35294119
0.42352942
0.49803922
0.32549021
0.38823530
0.37254903
0.50980395
0.81568629
0.80392158
0.89411765
0.84313726
0.51372552
0.26666668
0.46274510
0.56862748
0.60784316
0.81960785
0.67450982
0.65098041
0.84705883
0.88627452
0.76078433
0.52156866
0.18039216
0.39215687
0.74509805
0.64313728
0.42745098
0.60000002
0.85098040
0.47450981
0.38823530
0.32941177
0.40000001
0.38823530
0.34901962
0.35686275
0.39607844
0.60000002
0.90196079
0.90980393
0.74901962
0.47843137
0.18823530
0.29019609
0.54901963
0.76862746
0.75294119
0.89411765
0.81176472
0.57254905
0.69019610
0.90588236
0.80000001
0.41960785
0.24705882
0.53725493
0.75294119
0.58431375
0.47058824
0.78039217
0.84313726
0.40784314
0.36470589
0.36862746
0.36078432
0.38039216
0.36078432
0.35294119
0.41960785
0.61960787
0.92549020
0.74117649
0.66666669
0.76078433
0.54901963
0.66274512
0.60000002
0.49019608
0.54901963
0.78039217
0.92156863
0.75686276
0.53333336
0.81960785
0.79215688
0.32156864
0.28235295
0.60000002
0.73725492
0.55294120
0.51764709
0.81960785
0.72549021
0.34901962
0.37254903
0.42352942
0.34509805
0.35294119
0.34117648
0.35294119
0.41176471
0.58431375
0.86666667
0.79607844
0.83137256
0.77254903
0.60784316
0.49411765
0.33333334
0.43921569
0.65098041
0.75294119
0.85490197
0.89411765
0.66666669
0.67843139
0.66666669
0.31372550
0.38039216
0.65490198
0.72156864
0.51372552
0.52156866
0.85490197
0.63529414
0.31372550
0.39607844
0.42352942
0.37647060
0.37647060
0.34509805
0.41176471
0.42745098
0.40392157
0.51372552
0.58039218
0.49411765
0.32156864
0.26666668
0.34509805
0.55294120
0.80784315
0.79215688
0.89019608
0.86274511
0.90588236
0.78823531
0.67450982
0.66274512
0.36078432
0.50196081
0.72941178
0.69019610
0.48235294
0.60392159
0.89411765
0.58039218
0.31764707
0.43137255
0.36470589
0.40000001
0.42745098
0.38823530
0.43921569
0.40392157
0.34509805
0.23137255
0.17254902
0.25098041
0.29803923
0.30980393
0.61960787
0.87843138
0.87450981
0.83137256
0.90196079
0.87058824
0.86274511
0.60784316
0.54509807
0.51372552
0.35294119
0.58431375
0.73725492
0.62352943
0.49019608
0.71764708
0.83137256
0.52549022
0.34117648
0.41568628
0.33725491
0.41176471
0.43921569
0.42745098
0.39607844
0.37254903
0.40392157
0.32941177
0.29019609
0.35686275
0.39215687
0.39215687
0.56862748
0.82745099
0.82745099
0.84313726
0.92549020
0.92156863
0.61960787
0.57254905
0.71764708
0.55294120
0.38039216
0.65490198
0.75294119
0.57647061
0.50196081
0.78823531
0.74901962
0.41568628
0.33725491
0.36470589
0.34509805
0.44313726
0.41176471
0.43921569
0.35294119
0.34117648
0.39607844
0.34901962
0.34509805
0.37254903
0.35686275
0.46274510
0.65882355
0.85882354
0.83529413
0.80784315
0.88235295
0.71372551
0.54509807
0.70588237
0.70980394
0.44313726
0.45098040
0.71372551
0.72156864
0.52156866
0.55294120
0.85098040
0.66274512
0.31372550
0.32941177
0.37254903
0.39215687
0.42352942
0.34509805
0.41568628
0.36470589
0.34901962
0.34901962
0.33333334
0.36862746
0.38431373
0.38431373
0.49411765
0.66274512
0.85490197
0.89411765
0.83529413
0.70196080
0.61568630
0.67843139
0.68235296
0.58039218
0.37254903
0.54901963
0.72941178
0.65490198
0.48235294
0.67058825
0.83529413
0.59215689
0.27843139
0.33725491
0.38431373
0.39215687
0.39215687
0.37647060
0.40784314
0.39607844
0.38823530
0.28627452
0.30980393
0.37647060
0.39607844
0.50980395
0.62745100
0.71372551
0.79215688
0.68235296
0.56078434
0.65490198
0.77254903
0.72941178
0.68235296
0.47058824
0.38431373
0.60784316
0.69019610
0.62352943
0.46274510
0.72549021
0.76470590
0.51372552
0.27843139
0.35294119
0.38431373
0.37647060
0.37254903
0.43921569
0.42352942
0.40000001
0.40784314
0.29803923
0.30980393
0.34901962
0.37647060
0.50980395
0.49803922
0.65882355
0.61568630
0.52941179
0.56078434
0.75686276
0.74509805
0.74509805
0.66666669
0.36862746
0.38431373
0.57254905
0.63529414
0.54117650
0.45490196
0.75294119
0.77647060
0.44313726
0.29019609
0.36862746
0.39215687
0.35686275
0.40392157
0.43529412
0.44313726
0.41176471
0.41176471
0.33333334
0.33333334
0.35686275
0.35686275
0.37647060
0.43529412
0.52941179
0.50980395
0.60392159
0.58039218
0.71372551
0.62352943
0.67058825
0.56470591
0.30588236
0.35686275
0.52549022
0.64705884
0.49411765
0.51764709
0.78823531
0.72549021
0.38431373
0.29019609
0.37254903
0.49019608
0.60000002
0.59607846
0.65882355
0.66666669
0.63529414
0.62352943
0.63529414
0.65882355
0.65098041
0.66274512
0.64313728
0.63921571
0.63529414
0.69411767
0.68235296
0.61176473
0.66274512
0.66666669
0.69411767
0.66666669
0.64705884
0.66666669
0.68627453
0.66666669
0.63529414
0.79215688
0.94117647
0.90980393
0.98431373
0.98039216
0.96862745
0.28627452
0.50980395
0.61568630
0.65490198
0.67843139
0.65490198
0.60784316
0.62352943
0.69411767
0.69411767
0.70196080
0.65490198
0.60784316
0.53725493
0.63529414
0.55294120
0.53333336
0.60784316
0.51764709
0.62745100
0.60392159
0.65098041
0.70980394
0.69803923
0.69019610
0.65882355
0.84313726
0.97647059
0.91764706
0.97647059
0.99215686
0.98039216
0.25490198
0.48627451
0.59607846
0.61960787
0.65882355
0.62352943
0.58823532
0.64313728
0.72549021
0.75294119
0.72549021
0.63921571
0.66666669
0.58823532
0.67058825
0.53333336
0.43529412
0.36470589
0.39607844
0.36862746
0.42352942
0.46274510
0.55294120
0.61960787
0.66666669
0.69019610
0.83137256
0.99215686
0.92941177
0.96862745
0.98823529
0.98431373
0.34509805
0.54509807
0.61568630
0.65490198
0.58039218
0.56862748
0.60392159
0.63921571
0.72156864
0.70588237
0.69019610
0.66666669
0.69411767
0.58039218
0.49411765
0.53333336
0.50588238
0.56078434
0.63921571
0.46274510
0.60000002
0.50588238
0.61176473
0.68235296
0.51372552
0.68627453
0.82352942
0.97254902
0.94901961
0.97647059
0.98823529
0.98823529
0.42352942
0.59215689
0.65098041
0.67450982
0.49411765
0.39215687
0.47843137
0.59607846
0.63529414
0.67058825
0.62352943
0.63921571
0.56078434
0.47843137
0.40392157
0.44705883
0.48627451
0.58823532
0.65098041
0.51764709
0.67450982
0.45882353
0.48627451
0.45882353
0.44705883
0.70588237
0.80000001
0.94901961
0.97254902
0.98431373
0.98431373
0.98431373
0.49411765
0.65098041
0.68235296
0.65882355
0.47843137
0.32941177
0.30980393
0.46274510
0.62352943
0.67843139
0.68235296
0.71764708
0.58039218
0.49019608
0.47450981
0.53725493
0.50588238
0.49411765
0.47450981
0.32156864
0.41176471
0.25882354
0.36862746
0.50588238
0.62745100
0.67450982
0.69019610
0.87450981
0.98431373
0.97254902
0.97254902
0.96470588
0.56470591
0.65882355
0.65098041
0.57254905
0.41568628
0.31372550
0.32941177
0.38039216
0.55294120
0.68235296
0.62745100
0.65098041
0.63529414
0.51764709
0.50980395
0.60784316
0.56862748
0.51764709
0.30196080
0.19215687
0.36470589
0.34509805
0.45098040
0.54509807
0.55686277
0.59607846
0.64313728
0.76470590
0.94509804
0.94509804
0.93333334
0.96470588
0.59607846
0.64705884
0.62352943
0.48627451
0.32941177
0.29019609
0.35686275
0.38431373
0.38431373
0.52941179
0.60784316
0.61176473
0.68627453
0.60784316
0.54117650
0.55686277
0.53333336
0.44705883
0.37647060
0.34117648
0.37254903
0.25490198
0.22745098
0.34901962
0.50196081
0.67058825
0.59215689
0.60784316
0.79215688
0.87450981
0.88627452
0.92941177
0.61568630
0.65882355
0.59215689
0.41568628
0.29019609
0.28627452
0.34509805
0.34901962
0.33333334
0.34117648
0.42352942
0.63921571
0.70980394
0.69019610
0.58039218
0.50588238
0.62745100
0.67843139
0.49411765
0.24313726
0.35686275
0.34901962
0.25098041
0.39215687
0.49803922
0.60784316
0.54509807
0.50196081
0.69019610
0.88627452
0.92549020
0.93725491
0.59607846
0.61176473
0.50588238
0.35686275
0.29803923
0.30588236
0.37647060
0.32941177
0.29803923
0.32941177
0.30980393
0.43921569
0.67058825
0.65490198
0.62745100
0.47450981
0.59607846
0.70196080
0.50588238
0.21568628
0.17647059
0.44313726
0.43137255
0.30980393
0.43529412
0.55686277
0.38823530
0.64313728
0.83921570
0.92941177
0.96470588
0.98431373
0.58039218
0.52549022
0.41176471
0.33333334
0.29411766
0.33333334
0.35686275
0.29803923
0.39215687
0.52156866
0.32941177
0.27058825
0.40784314
0.65490198
0.67450982
0.49803922
0.58039218
0.50980395
0.42745098
0.37647060
0.29019609
0.42352942
0.59607846
0.31372550
0.37254903
0.59607846
0.33725491
0.67058825
0.93725491
0.89019608
0.96078432
0.98823529
0.56862748
0.47450981
0.35686275
0.30588236
0.29411766
0.34117648
0.37254903
0.43529412
0.63529414
0.76862746
0.64313728
0.25098041
0.32941177
0.62352943
0.42352942
0.39215687
0.47450981
0.41176471
0.32156864
0.38039216
0.55294120
0.32156864
0.37647060
0.30980393
0.35294119
0.33725491
0.34509805
0.61960787
0.77647060
0.73725492
0.86274511
0.98431373
0.52549022
0.47058824
0.38039216
0.28627452
0.29019609
0.34509805
0.57254905
0.71372551
0.62745100
0.67843139
0.87058824
0.53333336
0.50980395
0.56470591
0.40784314
0.55686277
0.37647060
0.23529412
0.50980395
0.58039218
0.41176471
0.58039218
0.43921569
0.41960785
0.63529414
0.36078432
0.30588236
0.65098041
0.72156864
0.69411767
0.74509805
0.96078432
0.49803922
0.47450981
0.36470589
0.29019609
0.30588236
0.49803922
0.71372551
0.72941178
0.35294119
0.35294119
0.74509805
0.70196080
0.43529412
0.35294119
0.64313728
0.62352943
0.45882353
0.33333334
0.70980394
0.44313726
0.34901962
0.57647061
0.47058824
0.56078434
0.62745100
0.36862746
0.40392157
0.70196080
0.76470590
0.74901962
0.70980394
0.88235295
0.50980395
0.42352942
0.30588236
0.31764707
0.43137255
0.78823531
0.76470590
0.34509805
0.21568628
0.30980393
0.49411765
0.67843139
0.31764707
0.27058825
0.52941179
0.34901962
0.53725493
0.68235296
0.64705884
0.27843139
0.40000001
0.42352942
0.34117648
0.52156866
0.44313726
0.30588236
0.50588238
0.84313726
0.77254903
0.70196080
0.72941178
0.79215688
0.53333336
0.41568628
0.29803923
0.38039216
0.62352943
0.90588236
0.80784315
0.30196080
0.27450982
0.36470589
0.47843137
0.45490196
0.45490196
0.49411765
0.39607844
0.19215687
0.54117650
0.70588237
0.52549022
0.47450981
0.76078433
0.62745100
0.54901963
0.58039218
0.27450982
0.17254902
0.53725493
0.89411765
0.81176472
0.69019610
0.73333335
0.76078433
0.56470591
0.41960785
0.37647060
0.49803922
0.55686277
0.80000001
0.80392158
0.40392157
0.30196080
0.53725493
0.34901962
0.23921569
0.51764709
0.45098040
0.47450981
0.43137255
0.63529414
0.58431375
0.34117648
0.61176473
0.82352942
0.60784316
0.58431375
0.65882355
0.32156864
0.19215687
0.53725493
0.79215688
0.72941178
0.72156864
0.76078433
0.73725492
0.49019608
0.38823530
0.45098040
0.34901962
0.49411765
0.52549022
0.60392159
0.53333336
0.46666667
0.58039218
0.29019609
0.50980395
0.38823530
0.15294118
0.58823532
0.72156864
0.43529412
0.45882353
0.41176471
0.62745100
0.61960787
0.48235294
0.34509805
0.52941179
0.40000001
0.20392157
0.50196081
0.70980394
0.72156864
0.72941178
0.78039217
0.75294119
0.40000001
0.35686275
0.31372550
0.36862746
0.49803922
0.44313726
0.39607844
0.45882353
0.56862748
0.48627451
0.26274511
0.50196081
0.38823530
0.33333334
0.67058825
0.63921571
0.41568628
0.38039216
0.53333336
0.47450981
0.47058824
0.59607846
0.45882353
0.36470589
0.25490198
0.18431373
0.41176471
0.58431375
0.47450981
0.54509807
0.72941178
0.64313728
0.34509805
0.31764707
0.31764707
0.47843137
0.34901962
0.42352942
0.32941177
0.32549021
0.52156866
0.49411765
0.45882353
0.58431375
0.63137257
0.41568628
0.37647060
0.39215687
0.58823532
0.53725493
0.59215689
0.43137255
0.61176473
0.82745099
0.67843139
0.40000001
0.11764706
0.25490198
0.51764709
0.56470591
0.35686275
0.43529412
0.63137257
0.47058824
0.34117648
0.31372550
0.34901962
0.40784314
0.28627452
0.31764707
0.30196080
0.38431373
0.53725493
0.48235294
0.65490198
0.73333335
0.46274510
0.18431373
0.27843139
0.37254903
0.47058824
0.66666669
0.56862748
0.52941179
0.63529414
0.72941178
0.60000002
0.35294119
0.15294118
0.35294119
0.60392159
0.53725493
0.38431373
0.51764709
0.65882355
0.41176471
0.34509805
0.29019609
0.32549021
0.29411766
0.29019609
0.31372550
0.31372550
0.41176471
0.69803923
0.71764708
0.60392159
0.35686275
0.11372549
0.20392157
0.36470589
0.58039218
0.63921571
0.82745099
0.76078433
0.46274510
0.51372552
0.76078433
0.52549022
0.26666668
0.22745098
0.46274510
0.60784316
0.49803922
0.42352942
0.61568630
0.63529414
0.35294119
0.31372550
0.31764707
0.29803923
0.29411766
0.29019609
0.29411766
0.32156864
0.48235294
0.81568629
0.60000002
0.51764709
0.60784316
0.38431373
0.56078434
0.49411765
0.40000001
0.40000001
0.66666669
0.89019608
0.67058825
0.40392157
0.66666669
0.56078434
0.24705882
0.28627452
0.51372552
0.58823532
0.44705883
0.44705883
0.64313728
0.56078434
0.30980393
0.30588236
0.34509805
0.28627452
0.29019609
0.29019609
0.29019609
0.30980393
0.47843137
0.78039217
0.67843139
0.74509805
0.69019610
0.48627451
0.38823530
0.27450982
0.34901962
0.46666667
0.58039218
0.75686276
0.81960785
0.52156866
0.46666667
0.50196081
0.27843139
0.35294119
0.54509807
0.57254905
0.42352942
0.43921569
0.65882355
0.50980395
0.29803923
0.31764707
0.34117648
0.29803923
0.29411766
0.29411766
0.32549021
0.32941177
0.30588236
0.40392157
0.44705883
0.37254903
0.22745098
0.18039216
0.26274511
0.47058824
0.65490198
0.58431375
0.65882355
0.71764708
0.82352942
0.65098041
0.49803922
0.52156866
0.32156864
0.43137255
0.59215689
0.56470591
0.41568628
0.49803922
0.66274512
0.46274510
0.29019609
0.35294119
0.29803923
0.29803923
0.32549021
0.32156864
0.34509805
0.32156864
0.27058825
0.15686275
0.10588235
0.16862746
0.21960784
0.25490198
0.49411765
0.77254903
0.68235296
0.58039218
0.68235296
0.74509805
0.72549021
0.47450981
0.45882353
0.40000001
0.30980393
0.48627451
0.58431375
0.51372552
0.42352942
0.56470591
0.62352943
0.43921569
0.30196080
0.34901962
0.27843139
0.31372550
0.34901962
0.34901962
0.33725491
0.30588236
0.33333334
0.29019609
0.26666668
0.30196080
0.30980393
0.31372550
0.41960785
0.70980394
0.62745100
0.62745100
0.78823531
0.73333335
0.44705883
0.42352942
0.54901963
0.43137255
0.34117648
0.52156866
0.60000002
0.47450981
0.43529412
0.61176473
0.59607846
0.37647060
0.31764707
0.30980393
0.28235295
0.34117648
0.34117648
0.34901962
0.29803923
0.29019609
0.33725491
0.30588236
0.29019609
0.31372550
0.29019609
0.38039216
0.54117650
0.73333335
0.69411767
0.69019610
0.75686276
0.50196081
0.41568628
0.56470591
0.54901963
0.36470589
0.39215687
0.56862748
0.57647061
0.44313726
0.47450981
0.64705884
0.54509807
0.30980393
0.32156864
0.30588236
0.31372550
0.32549021
0.28627452
0.32549021
0.30196080
0.30588236
0.30980393
0.29019609
0.29803923
0.31372550
0.30980393
0.38431373
0.53333336
0.76078433
0.80000001
0.64313728
0.49803922
0.47450981
0.55294120
0.54509807
0.48627451
0.32941177
0.45882353
0.59215689
0.53333336
0.42352942
0.55294120
0.64313728
0.49411765
0.28235295
0.33333334
0.29803923
0.31372550
0.32549021
0.29803923
0.31764707
0.34117648
0.33333334
0.27843139
0.28627452
0.31372550
0.31372550
0.41568628
0.53333336
0.56470591
0.67843139
0.57647061
0.40392157
0.49411765
0.61960787
0.57647061
0.54509807
0.40392157
0.32941177
0.50980395
0.57254905
0.51764709
0.40392157
0.58431375
0.60784316
0.44705883
0.28235295
0.33725491
0.33333334
0.32549021
0.32549021
0.35686275
0.33725491
0.33725491
0.32941177
0.27843139
0.28627452
0.30588236
0.30196080
0.42352942
0.41176471
0.52941179
0.50588238
0.39215687
0.41176471
0.58823532
0.59215689
0.59215689
0.54509807
0.33333334
0.33725491
0.47450981
0.53333336
0.45882353
0.40784314
0.61960787
0.61176473
0.39215687
0.28627452
0.33725491
0.36470589
0.33333334
0.34901962
0.35686275
0.36862746
0.33725491
0.31764707
0.29019609
0.29411766
0.29411766
0.29803923
0.30980393
0.36078432
0.43529412
0.41960785
0.47450981
0.43137255
0.55294120
0.51764709
0.55294120
0.47843137
0.28627452
0.32549021
0.43921569
0.54117650
0.42745098
0.45098040
0.64705884
0.58823532
0.34509805
0.28235295
0.34901962
0.32156864
0.38823530
0.39607844
0.47843137
0.49803922
0.47843137
0.44705883
0.44705883
0.48235294
0.48235294
0.48235294
0.49411765
0.45490196
0.45490196
0.56470591
0.58823532
0.48627451
0.52156866
0.53333336
0.56078434
0.45098040
0.42745098
0.49411765
0.51372552
0.45882353
0.40000001
0.60784316
0.85882354
0.79215688
0.92549020
0.93725491
0.87058824
0.24705882
0.38039216
0.41960785
0.45490196
0.49803922
0.46666667
0.39215687
0.43137255
0.54117650
0.53333336
0.53333336
0.46666667
0.42745098
0.44313726
0.54509807
0.50196081
0.47450981
0.52941179
0.45098040
0.54901963
0.42352942
0.48627451
0.56078434
0.53333336
0.48627451
0.43137255
0.69019610
0.93725491
0.80392158
0.92156863
0.94509804
0.92941177
0.27450982
0.45098040
0.49019608
0.45882353
0.41568628
0.36470589
0.37254903
0.45882353
0.58039218
0.60000002
0.58039218
0.49803922
0.54117650
0.54901963
0.60784316
0.45882353
0.34509805
0.30588236
0.32549021
0.27058825
0.30588236
0.36078432
0.46274510
0.47843137
0.47843137
0.49411765
0.68627453
0.96862745
0.83529413
0.93333334
0.96078432
0.95686275
0.35686275
0.55294120
0.56862748
0.58823532
0.47450981
0.37254903
0.39215687
0.43137255
0.58431375
0.61568630
0.58431375
0.58431375
0.62352943
0.50196081
0.41960785
0.49803922
0.49019608
0.55686277
0.58823532
0.41568628
0.54901963
0.45098040
0.53333336
0.60784316
0.41176471
0.53725493
0.67450982
0.93333334
0.87450981
0.93725491
0.95686275
0.96470588
0.43137255
0.59215689
0.61176473
0.64313728
0.47843137
0.35294119
0.35686275
0.36862746
0.44313726
0.55686277
0.47058824
0.47450981
0.43921569
0.34509805
0.28627452
0.38823530
0.45882353
0.56470591
0.63529414
0.50196081
0.61960787
0.44313726
0.43921569
0.41176471
0.36078432
0.56470591
0.63137257
0.89411765
0.92156863
0.92549020
0.91764706
0.92549020
0.50196081
0.62352943
0.65882355
0.64705884
0.46666667
0.35294119
0.29803923
0.31372550
0.36470589
0.47450981
0.49411765
0.51372552
0.44705883
0.38039216
0.36862746
0.45098040
0.40392157
0.37647060
0.40000001
0.26274511
0.34117648
0.20392157
0.27450982
0.43137255
0.48235294
0.43529412
0.46274510
0.76470590
0.94509804
0.89019608
0.85490197
0.84313726
0.57647061
0.63529414
0.63529414
0.54901963
0.40392157
0.32941177
0.35294119
0.36078432
0.40392157
0.45490196
0.40784314
0.46274510
0.48235294
0.44313726
0.43529412
0.52941179
0.49019608
0.40392157
0.23137255
0.16078432
0.30196080
0.29803923
0.35686275
0.42352942
0.32549021
0.26666668
0.34509805
0.56078434
0.83921570
0.82352942
0.80000001
0.86274511
0.59607846
0.62352943
0.60784316
0.47058824
0.34509805
0.32156864
0.37254903
0.38823530
0.33725491
0.42745098
0.41960785
0.37647060
0.49019608
0.48235294
0.45098040
0.47450981
0.46274510
0.35686275
0.29803923
0.25882354
0.28235295
0.20392157
0.19215687
0.28235295
0.32549021
0.47058824
0.39215687
0.34117648
0.57254905
0.70196080
0.72941178
0.81568629
0.60784316
0.63529414
0.58039218
0.41568628
0.32156864
0.32941177
0.36078432
0.34509805
0.32941177
0.34509805
0.36078432
0.41960785
0.47450981
0.50588238
0.46666667
0.44705883
0.60784316
0.61568630
0.43137255
0.20784314
0.27843139
0.27058825
0.19215687
0.33725491
0.36078432
0.48627451
0.41960785
0.25882354
0.42745098
0.72549021
0.80000001
0.82745099
0.58039218
0.58039218
0.49411765
0.36470589
0.33333334
0.34901962
0.40000001
0.34901962
0.31764707
0.32941177
0.31372550
0.35686275
0.46666667
0.46274510
0.53333336
0.40784314
0.54509807
0.62352943
0.41568628
0.16470589
0.12549020
0.36862746
0.34901962
0.24313726
0.32156864
0.46274510
0.29019609
0.51372552
0.70196080
0.84705883
0.88627452
0.93725491
0.56078434
0.50588238
0.41960785
0.37254903
0.32941177
0.35686275
0.38039216
0.30980393
0.36862746
0.47843137
0.30980393
0.28235295
0.33333334
0.54117650
0.60784316
0.38431373
0.45882353
0.40784314
0.29803923
0.26666668
0.23137255
0.37254903
0.50980395
0.24313726
0.29803923
0.51764709
0.23137255
0.53333336
0.84705883
0.80784315
0.84705883
0.90196079
0.54901963
0.46274510
0.38039216
0.36078432
0.32549021
0.37254903
0.39215687
0.39607844
0.56470591
0.69411767
0.57254905
0.25882354
0.31764707
0.56862748
0.38431373
0.31372550
0.39607844
0.31372550
0.22352941
0.32549021
0.47843137
0.26274511
0.28627452
0.24313726
0.28235295
0.27843139
0.24313726
0.44313726
0.58431375
0.52941179
0.72549021
0.85882354
0.51764709
0.46666667
0.40000001
0.32549021
0.32156864
0.34901962
0.53333336
0.65490198
0.58039218
0.63921571
0.80784315
0.49803922
0.43137255
0.48627451
0.38823530
0.50196081
0.30588236
0.16078432
0.45098040
0.51372552
0.34901962
0.54509807
0.38431373
0.31764707
0.54901963
0.32549021
0.20784314
0.47058824
0.50980395
0.44705883
0.54509807
0.86274511
0.49803922
0.47450981
0.38431373
0.31764707
0.33333334
0.50196081
0.70196080
0.72549021
0.33725491
0.33725491
0.70980394
0.61960787
0.32941177
0.29411766
0.61176473
0.54901963
0.39215687
0.30196080
0.68627453
0.39607844
0.28235295
0.49019608
0.39215687
0.43921569
0.57254905
0.30980393
0.28627452
0.52941179
0.61568630
0.54901963
0.48627451
0.78039217
0.52941179
0.43137255
0.32941177
0.35294119
0.44705883
0.80392158
0.75686276
0.34901962
0.24313726
0.32549021
0.45882353
0.56078434
0.23529412
0.18823530
0.45490196
0.29411766
0.49019608
0.65098041
0.61176473
0.23137255
0.34901962
0.32156864
0.23529412
0.47450981
0.40392157
0.20000000
0.40784314
0.71372551
0.63921571
0.51764709
0.54117650
0.65490198
0.56078434
0.44313726
0.32549021
0.40784314
0.63921571
0.89803922
0.73333335
0.29019609
0.29411766
0.36470589
0.41960785
0.37254903
0.38431373
0.39607844
0.30196080
0.16470589
0.50980395
0.65882355
0.49803922
0.43529412
0.70588237
0.55686277
0.47843137
0.50588238
0.25098041
0.12549020
0.42352942
0.73725492
0.63137257
0.49019608
0.54901963
0.59607846
0.59607846
0.44313726
0.37647060
0.47843137
0.57254905
0.78431374
0.73725492
0.40392157
0.29803923
0.47843137
0.26274511
0.16862746
0.43529412
0.38431373
0.42352942
0.40392157
0.59215689
0.52941179
0.31764707
0.59215689
0.76078433
0.52941179
0.52941179
0.59607846
0.28235295
0.13333334
0.39215687
0.58431375
0.51372552
0.50588238
0.59215689
0.56078434
0.50588238
0.40000001
0.42745098
0.32941177
0.52156866
0.54117650
0.60000002
0.50588238
0.43137255
0.50588238
0.22745098
0.37647060
0.29803923
0.12941177
0.54901963
0.64705884
0.40000001
0.42352942
0.37254903
0.62745100
0.54901963
0.36862746
0.27058825
0.50588238
0.31764707
0.15294118
0.40000001
0.52549022
0.52156866
0.53333336
0.58431375
0.55294120
0.41960785
0.38431373
0.34117648
0.39607844
0.53725493
0.47843137
0.42745098
0.43529412
0.50196081
0.40392157
0.18039216
0.36078432
0.25882354
0.25490198
0.60784316
0.59215689
0.39607844
0.35294119
0.49411765
0.46666667
0.41176471
0.51764709
0.41176471
0.34901962
0.21176471
0.18431373
0.38039216
0.49803922
0.41176471
0.45882353
0.58431375
0.50588238
0.38431373
0.37254903
0.36470589
0.48627451
0.36470589
0.44313726
0.35686275
0.33333334
0.45882353
0.36470589
0.32941177
0.48235294
0.53333336
0.32941177
0.33333334
0.34901962
0.53333336
0.48627451
0.56470591
0.40784314
0.56862748
0.79607844
0.63921571
0.36078432
0.10196079
0.23529412
0.48235294
0.50980395
0.33333334
0.40784314
0.56862748
0.42745098
0.39215687
0.38039216
0.39215687
0.40392157
0.32156864
0.34117648
0.32549021
0.38823530
0.45490196
0.36470589
0.54509807
0.65490198
0.45098040
0.16078432
0.24705882
0.32549021
0.43529412
0.63529414
0.55686277
0.48627451
0.56862748
0.69411767
0.56470591
0.30588236
0.14901961
0.34117648
0.55686277
0.48627451
0.36078432
0.47843137
0.60000002
0.39215687
0.39607844
0.34117648
0.37647060
0.33725491
0.35294119
0.34509805
0.34509805
0.41176471
0.59607846
0.63529414
0.53725493
0.31372550
0.11372549
0.18431373
0.33333334
0.54509807
0.61960787
0.80392158
0.73333335
0.41176471
0.45882353
0.67450982
0.46666667
0.22352941
0.22352941
0.43529412
0.55294120
0.44705883
0.37647060
0.55294120
0.57647061
0.34509805
0.36862746
0.36078432
0.34901962
0.35686275
0.34509805
0.34509805
0.36078432
0.45098040
0.74117649
0.58039218
0.48235294
0.56470591
0.39215687
0.54901963
0.46666667
0.38823530
0.38431373
0.65882355
0.87843138
0.63921571
0.35294119
0.57254905
0.48235294
0.22745098
0.28627452
0.46666667
0.52549022
0.41568628
0.40392157
0.56862748
0.51764709
0.30980393
0.36470589
0.40000001
0.33725491
0.34117648
0.33725491
0.33725491
0.34901962
0.45882353
0.71372551
0.63921571
0.68235296
0.62745100
0.48627451
0.38823530
0.26274511
0.33725491
0.45882353
0.55686277
0.70980394
0.78823531
0.46666667
0.37254903
0.41568628
0.25882354
0.34901962
0.48627451
0.50588238
0.40392157
0.40784314
0.60000002
0.47843137
0.29803923
0.37647060
0.39607844
0.35686275
0.34901962
0.34509805
0.36470589
0.36078432
0.31764707
0.37254903
0.39215687
0.32941177
0.21568628
0.18823530
0.25490198
0.46274510
0.62745100
0.58823532
0.63921571
0.65882355
0.76470590
0.60000002
0.43529412
0.47058824
0.29803923
0.40784314
0.54117650
0.49803922
0.39215687
0.48235294
0.61568630
0.43529412
0.29411766
0.40784314
0.34901962
0.35294119
0.37647060
0.36862746
0.38823530
0.35294119
0.29803923
0.17647059
0.11372549
0.18823530
0.23137255
0.27450982
0.49019608
0.73333335
0.67058825
0.60392159
0.67450982
0.72156864
0.66666669
0.41176471
0.41176471
0.38039216
0.29411766
0.44705883
0.54117650
0.46274510
0.39607844
0.54117650
0.57254905
0.40392157
0.31372550
0.40784314
0.32549021
0.34901962
0.37647060
0.38039216
0.36862746
0.34901962
0.37647060
0.32549021
0.31372550
0.35294119
0.35686275
0.35294119
0.43137255
0.65490198
0.58431375
0.63529414
0.78431374
0.69411767
0.41568628
0.37647060
0.49803922
0.40000001
0.32941177
0.48627451
0.54901963
0.43921569
0.40392157
0.55686277
0.53333336
0.36078432
0.32156864
0.36862746
0.32549021
0.37647060
0.36078432
0.38823530
0.33725491
0.34901962
0.38431373
0.33725491
0.33333334
0.34509805
0.34509805
0.39215687
0.51764709
0.70196080
0.64705884
0.67058825
0.73333335
0.45882353
0.40392157
0.53725493
0.49803922
0.34509805
0.37254903
0.52941179
0.53333336
0.42352942
0.43137255
0.57647061
0.49019608
0.31372550
0.32549021
0.36078432
0.36078432
0.37647060
0.32941177
0.38039216
0.34901962
0.36862746
0.36862746
0.32549021
0.34117648
0.36862746
0.36862746
0.42352942
0.52549022
0.74117649
0.79215688
0.65098041
0.47843137
0.45098040
0.54509807
0.52156866
0.45490196
0.33333334
0.43137255
0.54901963
0.50196081
0.41176471
0.50980395
0.58039218
0.46666667
0.29803923
0.33333334
0.36078432
0.36078432
0.36470589
0.36470589
0.37254903
0.38823530
0.38823530
0.32941177
0.31764707
0.36078432
0.38039216
0.45098040
0.55686277
0.55686277
0.65490198
0.57647061
0.40392157
0.48235294
0.60784316
0.54509807
0.52549022
0.39607844
0.32941177
0.47843137
0.53725493
0.47843137
0.39215687
0.55686277
0.57254905
0.43921569
0.29803923
0.32549021
0.38823530
0.37647060
0.36470589
0.40000001
0.39215687
0.40392157
0.38431373
0.33333334
0.32156864
0.34509805
0.34509805
0.42745098
0.41568628
0.50196081
0.48627451
0.40392157
0.43529412
0.58431375
0.58039218
0.55294120
0.52941179
0.34901962
0.32941177
0.44705883
0.50196081
0.42745098
0.38431373
0.59215689
0.60392159
0.40392157
0.30196080
0.32156864
0.41960785
0.39607844
0.40392157
0.39607844
0.42352942
0.40392157
0.38039216
0.35294119
0.33725491
0.34901962
0.34901962
0.34117648
0.37647060
0.41960785
0.41568628
0.49411765
0.46666667
0.54901963
0.51372552
0.52941179
0.47843137
0.32156864
0.32156864
0.41568628
0.50980395
0.40784314
0.43137255
0.60784316
0.56078434
0.35294119
0.29803923
0.33725491
1 0 0 0 0 0 -1 0 0 0 0
0 1 0 0 0 0 -1 0 0 0 0
0 0 1 0 0 0 -1 0 0 0 0
0 0 0 1 0 0 -1 0 0 0 0
0 0 0 0 1 0 -1 0 0 0 0
0 0 0 0 0 1 -1 0 0 0 0
0 0 0 0 0 0 -1 1 0 0 0
0 0 0 0 0 0 -1 0 1 0 0
0 0 0 0 0 0 -1 0 0 1 0
