0.91372550
0.78823531
0.85098040
0.93725491
0.95686275
0.92941177
0.89019608
0.87450981
0.85490197
0.79215688
0.85490197
0.91764706
0.93333334
0.95294118
0.92941177
0.93333334
0.98823529
1.00000000
1.00000000
1.00000000
1.00000000
1.00000000
1.00000000
0.99215686
0.90980393
0.77647060
0.83529413
0.59607846
0.38823530
0.37254903
0.35294119
0.34117648
0.90588236
0.78039217
0.83529413
0.92549020
0.94509804
0.92156863
0.88235295
0.85882354
0.84313726
0.78431374
0.84705883
0.90588236
0.93333334
0.95294118
0.92156863
0.92941177
0.98431373
0.99607843
0.99607843
0.99607843
0.99607843
0.99607843
0.99607843
0.98431373
0.90588236
0.78039217
0.83529413
0.59215689
0.39215687
0.37254903
0.35294119
0.34509805
0.91764706
0.79215688
0.85098040
0.94509804
0.96470588
0.93333334
0.89411765
0.87450981
0.86666667
0.80784315
0.85490197
0.90588236
0.93725491
0.96078432
0.92549020
0.93725491
0.98823529
1.00000000
1.00000000
1.00000000
1.00000000
1.00000000
1.00000000
0.98823529
0.91372550
0.79215688
0.83529413
0.59607846
0.39215687
0.37647060
0.35686275
0.34901962
0.92549020
0.80392158
0.87450981
0.96078432
0.97647059
0.94117647
0.90980393
0.88235295
0.88235295
0.82352942
0.86666667
0.92156863
0.94901961
0.96862745
0.93725491
0.94901961
0.99215686
1.00000000
1.00000000
1.00000000
1.00000000
1.00000000
1.00000000
0.98823529
0.91372550
0.79607844
0.82745099
0.59215689
0.38823530
0.37647060
0.35686275
0.34509805
0.92549020
0.80784315
0.88627452
0.96078432
0.97647059
0.94509804
0.91372550
0.89019608
0.89411765
0.83137256
0.87450981
0.92549020
0.95686275
0.97254902
0.94117647
0.94901961
0.98823529
1.00000000
1.00000000
1.00000000
1.00000000
1.00000000
1.00000000
0.98823529
0.91372550
0.80000001
0.82745099
0.59215689
0.38431373
0.37254903
0.35686275
0.34509805
0.92941177
0.81568629
0.88627452
0.96470588
0.98431373
0.94509804
0.90980393
0.89803922
0.90196079
0.83529413
0.87843138
0.91764706
0.93725491
0.96862745
0.94509804
0.94901961
0.98823529
0.99607843
1.00000000
1.00000000
1.00000000
1.00000000
1.00000000
0.98823529
0.91764706
0.80000001
0.83137256
0.59215689
0.38431373
0.37254903
0.36078432
0.34509805
0.92549020
0.81176472
0.88235295
0.96862745
0.98823529
0.94117647
0.90588236
0.89411765
0.89411765
0.83137256
0.87450981
0.90980393
0.92156863
0.95686275
0.94901961
0.94901961
0.98823529
0.99607843
1.00000000
1.00000000
1.00000000
1.00000000
1.00000000
0.98823529
0.91764706
0.80000001
0.83529413
0.58431375
0.38039216
0.36862746
0.36078432
0.34901962
0.91764706
0.79215688
0.87450981
0.95686275
0.97254902
0.92549020
0.88627452
0.86666667
0.87058824
0.80784315
0.86274511
0.89803922
0.92549020
0.95686275
0.94117647
0.94901961
0.98431373
1.00000000
1.00000000
1.00000000
1.00000000
1.00000000
1.00000000
0.99215686
0.92156863
0.80392158
0.83529413
0.58431375
0.38039216
0.37254903
0.36078432
0.34901962
0.90588236
0.74117649
0.83921570
0.94117647
0.96078432
0.90588236
0.85882354
0.83529413
0.85490197
0.78431374
0.85098040
0.89019608
0.91764706
0.95294118
0.93725491
0.93725491
0.98039216
0.99607843
0.99607843
0.99607843
1.00000000
1.00000000
1.00000000
0.98823529
0.91372550
0.79607844
0.83529413
0.58431375
0.38039216
0.37647060
0.36078432
0.34901962
0.88627452
0.66666669
0.79607844
0.93725491
0.95294118
0.87450981
0.81960785
0.79607844
0.83137256
0.75686276
0.83921570
0.89803922
0.92156863
0.93333334
0.90980393
0.93333334
1.00000000
1.00000000
1.00000000
1.00000000
1.00000000
0.98431373
1.00000000
1.00000000
0.91372550
0.79215688
0.83529413
0.57647061
0.38039216
0.37647060
0.35686275
0.34509805
0.86666667
0.64313728
0.77647060
0.92941177
0.94509804
0.85490197
0.80000001
0.77647060
0.80784315
0.72549021
0.81568629
0.89803922
0.92549020
0.92941177
0.90588236
0.86666667
0.80392158
0.73725492
0.70196080
0.67843139
0.56078434
0.41568628
0.46274510
0.66666669
0.87450981
0.78823531
0.81568629
0.55686277
0.37254903
0.37254903
0.35686275
0.34117648
0.87843138
0.69803923
0.81176472
0.94117647
0.96470588
0.86666667
0.82352942
0.80000001
0.82352942
0.73333335
0.81176472
0.89019608
0.92549020
0.84313726
0.58431375
0.32549021
0.18823530
0.13333334
0.11372549
0.10196079
0.08627451
0.05882353
0.04705882
0.18039216
0.58039218
0.78431374
0.78431374
0.53333336
0.36862746
0.36470589
0.35294119
0.34117648
0.88235295
0.72156864
0.82745099
0.95686275
0.97647059
0.88235295
0.81960785
0.80000001
0.83137256
0.70980394
0.79607844
0.88627452
0.87450981
0.50980395
0.13333334
0.02745098
0.02745098
0.04313726
0.05490196
0.05098039
0.05490196
0.05490196
0.04313726
0.09411765
0.39607844
0.79607844
0.78039217
0.51764709
0.36862746
0.36078432
0.34901962
0.33725491
0.53725493
0.46666667
0.53725493
0.72941178
0.69411767
0.57647061
0.51764709
0.50588238
0.52156866
0.45882353
0.49019608
0.65098041
0.61568630
0.25490198
0.04313726
0.03921569
0.02745098
0.02745098
0.03529412
0.02745098
0.01568628
0.00784314
0.06274510
0.33333334
0.76862746
0.85882354
0.80784315
0.49803922
0.36078432
0.35294119
0.34509805
0.32941177
0.55294120
0.56078434
0.56470591
0.67843139
0.65098041
0.59215689
0.57647061
0.58431375
0.58039218
0.56470591
0.53725493
0.59607846
0.34117648
0.07843138
0.02352941
0.04705882
0.09019608
0.09019608
0.06274510
0.08235294
0.12941177
0.16078432
0.25490198
0.57254905
0.82352942
0.79215688
0.73725492
0.51372552
0.38431373
0.33725491
0.33333334
0.32549021
0.55686277
0.56078434
0.56862748
0.57254905
0.58039218
0.58431375
0.58431375
0.58431375
0.58431375
0.58431375
0.58431375
0.55686277
0.32156864
0.08627451
0.09019608
0.25882354
0.41176471
0.43137255
0.41176471
0.46274510
0.55686277
0.61176473
0.60784316
0.60784316
0.63137257
0.61568630
0.58039218
0.49411765
0.36470589
0.32549021
0.32156864
0.32156864
0.37647060
0.38823530
0.39607844
0.40392157
0.40784314
0.40784314
0.41176471
0.40784314
0.40784314
0.41176471
0.41176471
0.41176471
0.36470589
0.18431373
0.12549020
0.32156864
0.46666667
0.47843137
0.49803922
0.52549022
0.55686277
0.58039218
0.59215689
0.57647061
0.54117650
0.51372552
0.48235294
0.38823530
0.31372550
0.32549021
0.31764707
0.30980393
0.31764707
0.32549021
0.32941177
0.33725491
0.33725491
0.34117648
0.34509805
0.34901962
0.35294119
0.35294119
0.35294119
0.34509805
0.33333334
0.27843139
0.16862746
0.26274511
0.39607844
0.34901962
0.32156864
0.34901962
0.35686275
0.36078432
0.37254903
0.37647060
0.38431373
0.44313726
0.48627451
0.38039216
0.32549021
0.32156864
0.31372550
0.30588236
0.25098041
0.25490198
0.25490198
0.25490198
0.24705882
0.23921569
0.23137255
0.22745098
0.23529412
0.24313726
0.24313726
0.23921569
0.22745098
0.22745098
0.20392157
0.22745098
0.41176471
0.44313726
0.27843139
0.24705882
0.22352941
0.19215687
0.23137255
0.34901962
0.49803922
0.62352943
0.61568630
0.41568628
0.32156864
0.31764707
0.30980393
0.30588236
0.08235294
0.08235294
0.07843138
0.08235294
0.07450981
0.06274510
0.05882353
0.05098039
0.05490196
0.05882353
0.05490196
0.06666667
0.12156863
0.17647059
0.19215687
0.18431373
0.32156864
0.41960785
0.30588236
0.22745098
0.18823530
0.17647059
0.23137255
0.36078432
0.58039218
0.65490198
0.52941179
0.36078432
0.31764707
0.30980393
0.30588236
0.30196080
0.05098039
0.04705882
0.05490196
0.05490196
0.04313726
0.05098039
0.06274510
0.05490196
0.04313726
0.03529412
0.04705882
0.16078432
0.26274511
0.26274511
0.18039216
0.14117648
0.22745098
0.32549021
0.34509805
0.31764707
0.31764707
0.38431373
0.38823530
0.37647060
0.43529412
0.43921569
0.35294119
0.32156864
0.30980393
0.30980393
0.30588236
0.29803923
0.02745098
0.02745098
0.02352941
0.01960784
0.02352941
0.02352941
0.01568628
0.01176471
0.00784314
0.01176471
0.09411765
0.20000000
0.21176471
0.19215687
0.14509805
0.12941177
0.22352941
0.36862746
0.43529412
0.42745098
0.50980395
0.59215689
0.52941179
0.47843137
0.36078432
0.30980393
0.30588236
0.31372550
0.30980393
0.30588236
0.30196080
0.29411766
0.06666667
0.07058824
0.06666667
0.08235294
0.08235294
0.09411765
0.10980392
0.13333334
0.12941177
0.12941177
0.14901961
0.16470589
0.18039216
0.18823530
0.14901961
0.12549020
0.18823530
0.29803923
0.34117648
0.37254903
0.45490196
0.44705883
0.47058824
0.44705883
0.43137255
0.40000001
0.30980393
0.30980393
0.30980393
0.30588236
0.29803923
0.29411766
0.47843137
0.49803922
0.50980395
0.51372552
0.50980395
0.52941179
0.54901963
0.55294120
0.54901963
0.48627451
0.23921569
0.14117648
0.16078432
0.18823530
0.18039216
0.15686275
0.17647059
0.24313726
0.34117648
0.41568628
0.46274510
0.53333336
0.53333336
0.51372552
0.44705883
0.33725491
0.25490198
0.29803923
0.30588236
0.30196080
0.29803923
0.29019609
0.63137257
0.64313728
0.65098041
0.65882355
0.66274512
0.67058825
0.66666669
0.63137257
0.60392159
0.53333336
0.25882354
0.15294118
0.18039216
0.20000000
0.21568628
0.23921569
0.23137255
0.20392157
0.26666668
0.43137255
0.57647061
0.58431375
0.45882353
0.41176471
0.36470589
0.32549021
0.25882354
0.29803923
0.29803923
0.29803923
0.29411766
0.28627452
0.58823532
0.60392159
0.61568630
0.62745100
0.63921571
0.64705884
0.65490198
0.65490198
0.63921571
0.58823532
0.38823530
0.24313726
0.19215687
0.18823530
0.23137255
0.28627452
0.28627452
0.23921569
0.20784314
0.27058825
0.40392157
0.40000001
0.30196080
0.31372550
0.37254903
0.34901962
0.28627452
0.29411766
0.29411766
0.29019609
0.28627452
0.27843139
0.58431375
0.60000002
0.60784316
0.61568630
0.62352943
0.63137257
0.63529414
0.63921571
0.61960787
0.55686277
0.43137255
0.25882354
0.17647059
0.18039216
0.21568628
0.23921569
0.25882354
0.26666668
0.24313726
0.23921569
0.27058825
0.28627452
0.31372550
0.35294119
0.33725491
0.30980393
0.42745098
0.28627452
0.27450982
0.27843139
0.27058825
0.26274511
0.61176473
0.61960787
0.62352943
0.62745100
0.63137257
0.63137257
0.63137257
0.61960787
0.58431375
0.54509807
0.48235294
0.38039216
0.27058825
0.19607843
0.19215687
0.21568628
0.21176471
0.20784314
0.22352941
0.22745098
0.18823530
0.15294118
0.21568628
0.25490198
0.24313726
0.29019609
0.47450981
0.41176471
0.28627452
0.25882354
0.25098041
0.25098041
0.60784316
0.61960787
0.62352943
0.62745100
0.63137257
0.62745100
0.61960787
0.60784316
0.58823532
0.55686277
0.51764709
0.47843137
0.41960785
0.30196080
0.21568628
0.20392157
0.18039216
0.13725491
0.12941177
0.16470589
0.18039216
0.17254902
0.18823530
0.16470589
0.16470589
0.20000000
0.33333334
0.47058824
0.43137255
0.27843139
0.23921569
0.24313726
0.58431375
0.59607846
0.60000002
0.61176473
0.61176473
0.61176473
0.61960787
0.61960787
0.60784316
0.58431375
0.56862748
0.55294120
0.53725493
0.48627451
0.41176471
0.36470589
0.33333334
0.31764707
0.32549021
0.33725491
0.35294119
0.34509805
0.32941177
0.29411766
0.27058825
0.24313726
0.27843139
0.40784314
0.46274510
0.43529412
0.28627452
0.22745098
0.57254905
0.58431375
0.59607846
0.60392159
0.59607846
0.61568630
0.62745100
0.62352943
0.61568630
0.62352943
0.62745100
0.62352943
0.61960787
0.61568630
0.60392159
0.58431375
0.56078434
0.54117650
0.52549022
0.51764709
0.50588238
0.48627451
0.46666667
0.45098040
0.44313726
0.43137255
0.41960785
0.42745098
0.44313726
0.45490196
0.43529412
0.28235295
0.54509807
0.56078434
0.56862748
0.57647061
0.58431375
0.60000002
0.61568630
0.61176473
0.60392159
0.61960787
0.62352943
0.61960787
0.61176473
0.60000002
0.58823532
0.57254905
0.55294120
0.54117650
0.53333336
0.53333336
0.52156866
0.51372552
0.50196081
0.48627451
0.47450981
0.46666667
0.45490196
0.46666667
0.47450981
0.47058824
0.45490196
0.42352942
0.88235295
0.66666669
0.76470590
0.89803922
0.93725491
0.88627452
0.81960785
0.78431374
0.74117649
0.67843139
0.76862746
0.87450981
0.89411765
0.91764706
0.85098040
0.86666667
0.97647059
1.00000000
1.00000000
1.00000000
1.00000000
1.00000000
1.00000000
0.99215686
0.90980393
0.76470590
0.79607844
0.54117650
0.31764707
0.30196080
0.27843139
0.25882354
0.87058824
0.65882355
0.74901962
0.88627452
0.92549020
0.87450981
0.80784315
0.77254903
0.73725492
0.66666669
0.76078433
0.85882354
0.89411765
0.92156863
0.84705883
0.86666667
0.97254902
0.99607843
0.99607843
0.99607843
0.99607843
0.99607843
0.99607843
0.98431373
0.90588236
0.76862746
0.80000001
0.53725493
0.31764707
0.30196080
0.27843139
0.26274511
0.87843138
0.66666669
0.76078433
0.90196079
0.94509804
0.89019608
0.81960785
0.78431374
0.75294119
0.68627453
0.77647060
0.86274511
0.91372550
0.93725491
0.85490197
0.87450981
0.97647059
1.00000000
1.00000000
1.00000000
1.00000000
1.00000000
1.00000000
0.98823529
0.90980393
0.77254903
0.80784315
0.53333336
0.32156864
0.30588236
0.27843139
0.26666668
0.89019608
0.69019610
0.78823531
0.92941177
0.96470588
0.90588236
0.83529413
0.79215688
0.77647060
0.70980394
0.80000001
0.88627452
0.93333334
0.94901961
0.86666667
0.87843138
0.97647059
1.00000000
1.00000000
1.00000000
1.00000000
1.00000000
1.00000000
0.98823529
0.90980393
0.77647060
0.80000001
0.52941179
0.31764707
0.30196080
0.27843139
0.26274511
0.89803922
0.69803923
0.80784315
0.93725491
0.96862745
0.90588236
0.83921570
0.80392158
0.79607844
0.72156864
0.80784315
0.89411765
0.94117647
0.95294118
0.86666667
0.88235295
0.97647059
1.00000000
1.00000000
1.00000000
1.00000000
1.00000000
1.00000000
0.98823529
0.90980393
0.77647060
0.80000001
0.52941179
0.31372550
0.30196080
0.27843139
0.26274511
0.89803922
0.70196080
0.80392158
0.94509804
0.97254902
0.90588236
0.83921570
0.80784315
0.80392158
0.72156864
0.81568629
0.89019608
0.92156863
0.94509804
0.87450981
0.88235295
0.97647059
1.00000000
1.00000000
1.00000000
1.00000000
1.00000000
1.00000000
0.98823529
0.91372550
0.78039217
0.80392158
0.52941179
0.31372550
0.30196080
0.27843139
0.26274511
0.89803922
0.69411767
0.79607844
0.94509804
0.97647059
0.90196079
0.83529413
0.80392158
0.79607844
0.71764708
0.81176472
0.87843138
0.89803922
0.92941177
0.87058824
0.88235295
0.97647059
1.00000000
1.00000000
1.00000000
1.00000000
1.00000000
1.00000000
0.98823529
0.91372550
0.78039217
0.80392158
0.52156866
0.30980393
0.29803923
0.27843139
0.26666668
0.88627452
0.67450982
0.78039217
0.93333334
0.96862745
0.88235295
0.81176472
0.77254903
0.76862746
0.69803923
0.78823531
0.86274511
0.90588236
0.93333334
0.86274511
0.87843138
0.97254902
1.00000000
1.00000000
1.00000000
1.00000000
1.00000000
1.00000000
0.99215686
0.91764706
0.78039217
0.80784315
0.52156866
0.30588236
0.29411766
0.27843139
0.26666668
0.86666667
0.61960787
0.73725492
0.91372550
0.95686275
0.85490197
0.77254903
0.73333335
0.74117649
0.67058825
0.77254903
0.85490197
0.90196079
0.92941177
0.85490197
0.86274511
0.96470588
0.99607843
0.99607843
0.99607843
1.00000000
1.00000000
1.00000000
0.98823529
0.90980393
0.77647060
0.80784315
0.52156866
0.30196080
0.29411766
0.27843139
0.26666668
0.83529413
0.53333336
0.68627453
0.90196079
0.94117647
0.81568629
0.72156864
0.68235296
0.71372551
0.63529414
0.76078433
0.85882354
0.90196079
0.90980393
0.82352942
0.85490197
0.98823529
1.00000000
1.00000000
1.00000000
1.00000000
0.98431373
1.00000000
1.00000000
0.90980393
0.77254903
0.80784315
0.51372552
0.30196080
0.29411766
0.27450982
0.26666668
0.82745099
0.50588238
0.67843139
0.89411765
0.93333334
0.79215688
0.69019610
0.65490198
0.69411767
0.61176473
0.74117649
0.86666667
0.91372550
0.89019608
0.80392158
0.78039217
0.78039217
0.73725492
0.70980394
0.68627453
0.56078434
0.41176471
0.46274510
0.66666669
0.87450981
0.77254903
0.78431374
0.49411765
0.29803923
0.29019609
0.27450982
0.25882354
0.84705883
0.55686277
0.71372551
0.91372550
0.95686275
0.80784315
0.72156864
0.68235296
0.71764708
0.62352943
0.73725492
0.85882354
0.90980393
0.80392158
0.52156866
0.27843139
0.17647059
0.13725491
0.12156863
0.10980392
0.08627451
0.05490196
0.03921569
0.17647059
0.57647061
0.77254903
0.75294119
0.47450981
0.29019609
0.28235295
0.27058825
0.25882354
0.84313726
0.58039218
0.73725492
0.93333334
0.96862745
0.82352942
0.73333335
0.69803923
0.72549021
0.60784316
0.72549021
0.84313726
0.85490197
0.49803922
0.12156863
0.02745098
0.03137255
0.05098039
0.05882353
0.05098039
0.05098039
0.05490196
0.03921569
0.09019608
0.38823530
0.78823531
0.74901962
0.45490196
0.29019609
0.27843139
0.26666668
0.25490198
0.49019608
0.37647060
0.45490196
0.64313728
0.63137257
0.50196081
0.43921569
0.42745098
0.44705883
0.38823530
0.42352942
0.59607846
0.58823532
0.24705882
0.03921569
0.03921569
0.03137255
0.03137255
0.03921569
0.03137255
0.01176471
0.00000000
0.05490196
0.32941177
0.77254903
0.85490197
0.77254903
0.42745098
0.27843139
0.27058825
0.26274511
0.25098041
0.50980395
0.51764709
0.52549022
0.61176473
0.59215689
0.54901963
0.53333336
0.54117650
0.54509807
0.53333336
0.50196081
0.55686277
0.31764707
0.07058824
0.02352941
0.04705882
0.08627451
0.08627451
0.05882353
0.07843138
0.12549020
0.15294118
0.25098041
0.56862748
0.81568629
0.76862746
0.69411767
0.45490196
0.31372550
0.26274511
0.25882354
0.24705882
0.53725493
0.55294120
0.55686277
0.55686277
0.56078434
0.56470591
0.56862748
0.56862748
0.57254905
0.57647061
0.57254905
0.54509807
0.31764707
0.09019608
0.09019608
0.25490198
0.40392157
0.41960785
0.39607844
0.44705883
0.53333336
0.58823532
0.58039218
0.58039218
0.60392159
0.58823532
0.54901963
0.45098040
0.29803923
0.25882354
0.24705882
0.23921569
0.35294119
0.36470589
0.36862746
0.37254903
0.37647060
0.38039216
0.38431373
0.38431373
0.38823530
0.38823530
0.38823530
0.38823530
0.34509805
0.16862746
0.11764706
0.30980393
0.44313726
0.45490196
0.47450981
0.49019608
0.51764709
0.54117650
0.54901963
0.53725493
0.50588238
0.47843137
0.44313726
0.33333334
0.24705882
0.25490198
0.24313726
0.23529412
0.25098041
0.25490198
0.25882354
0.26666668
0.27058825
0.27450982
0.27843139
0.28235295
0.28627452
0.29019609
0.28627452
0.28627452
0.27058825
0.21568628
0.12941177
0.22352941
0.33333334
0.28235295
0.26274511
0.28235295
0.29019609
0.29411766
0.30196080
0.30588236
0.31372550
0.36862746
0.41960785
0.31372550
0.25490198
0.24705882
0.23921569
0.23137255
0.19215687
0.19215687
0.18823530
0.19607843
0.19607843
0.19215687
0.18431373
0.18431373
0.19607843
0.20392157
0.20392157
0.20000000
0.18431373
0.18431373
0.17254902
0.19215687
0.33725491
0.35294119
0.20784314
0.18039216
0.16862746
0.14509805
0.18039216
0.27058825
0.40392157
0.54117650
0.52941179
0.33333334
0.24705882
0.24313726
0.23529412
0.23137255
0.06274510
0.06274510
0.05882353
0.06274510
0.05882353
0.05098039
0.05098039
0.04313726
0.04705882
0.04705882
0.04705882
0.05882353
0.10196079
0.14509805
0.15294118
0.14509805
0.25882354
0.34117648
0.24705882
0.17254902
0.14901961
0.14117648
0.18431373
0.29411766
0.48627451
0.54901963
0.41960785
0.27450982
0.24313726
0.23529412
0.23137255
0.22745098
0.03529412
0.03137255
0.04313726
0.03921569
0.03137255
0.03921569
0.05098039
0.03921569
0.02745098
0.02352941
0.03529412
0.13333334
0.20784314
0.20000000
0.12941177
0.10196079
0.17647059
0.26666668
0.28627452
0.26274511
0.26666668
0.31372550
0.31764707
0.30980393
0.36078432
0.36862746
0.27058825
0.24705882
0.23921569
0.23529412
0.23137255
0.22352941
0.02352941
0.01960784
0.01568628
0.01176471
0.01568628
0.02352941
0.01176471
0.00784314
0.00784314
0.00392157
0.07450981
0.16078432
0.15686275
0.13725491
0.10588235
0.09803922
0.17254902
0.29803923
0.36078432
0.35686275
0.43529412
0.49803922
0.43137255
0.40000001
0.30196080
0.25490198
0.24705882
0.24313726
0.23529412
0.23137255
0.22745098
0.21960784
0.06666667
0.07058824
0.07058824
0.07843138
0.08235294
0.09019608
0.11372549
0.13333334
0.12941177
0.12156863
0.12156863
0.12156863
0.13333334
0.14117648
0.10980392
0.09411765
0.14509805
0.23921569
0.27450982
0.28627452
0.34901962
0.35294119
0.38431373
0.37647060
0.36078432
0.33725491
0.25098041
0.23921569
0.23529412
0.23137255
0.22352941
0.21960784
0.47058824
0.49019608
0.49803922
0.50196081
0.49803922
0.51764709
0.54117650
0.54509807
0.54509807
0.48235294
0.21568628
0.10588235
0.12156863
0.14117648
0.13725491
0.12156863
0.14117648
0.19607843
0.28235295
0.34509805
0.36470589
0.43529412
0.45098040
0.43921569
0.37647060
0.27450982
0.19215687
0.23137255
0.23137255
0.22745098
0.21960784
0.21568628
0.62352943
0.63137257
0.63921571
0.64705884
0.65098041
0.65882355
0.65098041
0.62745100
0.59215689
0.52549022
0.23921569
0.11764706
0.14117648
0.15294118
0.16470589
0.19607843
0.19215687
0.16862746
0.23529412
0.39215687
0.52549022
0.52941179
0.40000001
0.35294119
0.29803923
0.26274511
0.19607843
0.23137255
0.22352941
0.22352941
0.21960784
0.21176471
0.58431375
0.60000002
0.61176473
0.62745100
0.63529414
0.64705884
0.65098041
0.65490198
0.63529414
0.59607846
0.37647060
0.20784314
0.15294118
0.14509805
0.18039216
0.23137255
0.23529412
0.19215687
0.16078432
0.23137255
0.37254903
0.37254903
0.25490198
0.24313726
0.28627452
0.28235295
0.22745098
0.23137255
0.22352941
0.21960784
0.21568628
0.20784314
0.58823532
0.60392159
0.60784316
0.61960787
0.62745100
0.63529414
0.63921571
0.63921571
0.62745100
0.56470591
0.42745098
0.23529412
0.14117648
0.14117648
0.16862746
0.18823530
0.20000000
0.20784314
0.18823530
0.19215687
0.22745098
0.23921569
0.24313726
0.27450982
0.27058825
0.27843139
0.40392157
0.23137255
0.21176471
0.21176471
0.20784314
0.20392157
0.61568630
0.62352943
0.62745100
0.63137257
0.63529414
0.63529414
0.63529414
0.61960787
0.58431375
0.54901963
0.48627451
0.37647060
0.25882354
0.17254902
0.15686275
0.16862746
0.16078432
0.16078432
0.17254902
0.17254902
0.13333334
0.10588235
0.14901961
0.18823530
0.19607843
0.27058825
0.48627451
0.40000001
0.23529412
0.18823530
0.19607843
0.19215687
0.61176473
0.62352943
0.62745100
0.63137257
0.63529414
0.63137257
0.62352943
0.60784316
0.58431375
0.55294120
0.52156866
0.48627451
0.42745098
0.29803923
0.18823530
0.15294118
0.13725491
0.10980392
0.10588235
0.12549020
0.13725491
0.14117648
0.14901961
0.12549020
0.13333334
0.16862746
0.34509805
0.50196081
0.43921569
0.24313726
0.17254902
0.18431373
0.59607846
0.60784316
0.60784316
0.61960787
0.61568630
0.61568630
0.62352943
0.61568630
0.60000002
0.57647061
0.56470591
0.55294120
0.53725493
0.48235294
0.40000001
0.34117648
0.31372550
0.30980393
0.32156864
0.32549021
0.33725491
0.33333334
0.31764707
0.28627452
0.25882354
0.22745098
0.28235295
0.43529412
0.50196081
0.45098040
0.24313726
0.15686275
0.58431375
0.59607846
0.60784316
0.60784316
0.60000002
0.61960787
0.63137257
0.62352943
0.61176473
0.62352943
0.62352943
0.61960787
0.61960787
0.61960787
0.60392159
0.57647061
0.55686277
0.54509807
0.53333336
0.51764709
0.50588238
0.49019608
0.47450981
0.46274510
0.45490196
0.43921569
0.43137255
0.44705883
0.47058824
0.49019608
0.44705883
0.24705882
0.55686277
0.57254905
0.58039218
0.58431375
0.59215689
0.60784316
0.62352943
0.61568630
0.60392159
0.62352943
0.62745100
0.61568630
0.61176473
0.60000002
0.58431375
0.56078434
0.54509807
0.53725493
0.53333336
0.52941179
0.52549022
0.52156866
0.50980395
0.49411765
0.48235294
0.47450981
0.46666667
0.48235294
0.49803922
0.49411765
0.49411765
0.44705883
0.81960785
0.48235294
0.62352943
0.83921570
0.91764706
0.82745099
0.70196080
0.63921571
0.57254905
0.49019608
0.64313728
0.79215688
0.83137256
0.87058824
0.74509805
0.77647060
0.96078432
1.00000000
1.00000000
1.00000000
1.00000000
1.00000000
1.00000000
0.98823529
0.89411765
0.72941178
0.73725492
0.40784314
0.13725491
0.12549020
0.10196079
0.08627451
0.80000001
0.46274510
0.60000002
0.82352942
0.90196079
0.81176472
0.69411767
0.62745100
0.56862748
0.47450981
0.62352943
0.77254903
0.83921570
0.87450981
0.73725492
0.76862746
0.95294118
0.99607843
0.99607843
0.99607843
0.99607843
0.99607843
0.99607843
0.98039216
0.89019608
0.73333335
0.74117649
0.40392157
0.13725491
0.12156863
0.10196079
0.08627451
0.80784315
0.47058824
0.61176473
0.85490197
0.92156863
0.82352942
0.70588237
0.63137257
0.58823532
0.49803922
0.64313728
0.78431374
0.86666667
0.89411765
0.74117649
0.77254903
0.95686275
1.00000000
1.00000000
1.00000000
1.00000000
1.00000000
1.00000000
0.98431373
0.89803922
0.74117649
0.73725492
0.39607844
0.13725491
0.12549020
0.09803922
0.09019608
0.83137256
0.49019608
0.64705884
0.88627452
0.94901961
0.84313726
0.72156864
0.64313728
0.61568630
0.53333336
0.67843139
0.82352942
0.89803922
0.91372550
0.75686276
0.78431374
0.96078432
1.00000000
1.00000000
1.00000000
1.00000000
1.00000000
1.00000000
0.98431373
0.89803922
0.74117649
0.72941178
0.39607844
0.13333334
0.12156863
0.09803922
0.08627451
0.84313726
0.50196081
0.67058825
0.90196079
0.95294118
0.85098040
0.72549021
0.65882355
0.64705884
0.54509807
0.68627453
0.83921570
0.91764706
0.92549020
0.76078433
0.78431374
0.95686275
1.00000000
1.00000000
1.00000000
1.00000000
1.00000000
1.00000000
0.98431373
0.89803922
0.74509805
0.72941178
0.39215687
0.12549020
0.11764706
0.10196079
0.08627451
0.84705883
0.50980395
0.67058825
0.90980393
0.96470588
0.85490197
0.72156864
0.66274512
0.66274512
0.55294120
0.70196080
0.83529413
0.89803922
0.91372550
0.76078433
0.78431374
0.95686275
1.00000000
1.00000000
1.00000000
1.00000000
1.00000000
1.00000000
0.98431373
0.89803922
0.74509805
0.72941178
0.38823530
0.12156863
0.11372549
0.10196079
0.08627451
0.84705883
0.50196081
0.66666669
0.91764706
0.96862745
0.84705883
0.71372551
0.65882355
0.65490198
0.54509807
0.69411767
0.81568629
0.86666667
0.89411765
0.76078433
0.78431374
0.95686275
1.00000000
1.00000000
1.00000000
1.00000000
1.00000000
1.00000000
0.98823529
0.90196079
0.74509805
0.73333335
0.38039216
0.11764706
0.10980392
0.10196079
0.09019608
0.82352942
0.46666667
0.64705884
0.89803922
0.95686275
0.80784315
0.68235296
0.62352943
0.61176473
0.51764709
0.67058825
0.79607844
0.87058824
0.89019608
0.75294119
0.78039217
0.95294118
1.00000000
1.00000000
1.00000000
1.00000000
1.00000000
1.00000000
0.98823529
0.90196079
0.74901962
0.73725492
0.38039216
0.10980392
0.10980392
0.10196079
0.09019608
0.79215688
0.40000001
0.58431375
0.86274511
0.94117647
0.76470590
0.63137257
0.56862748
0.56862748
0.48627451
0.65490198
0.78431374
0.86666667
0.89411765
0.73725492
0.75686276
0.93725491
0.99215686
0.99607843
0.99607843
1.00000000
1.00000000
1.00000000
0.98823529
0.89803922
0.74117649
0.73725492
0.38039216
0.10980392
0.11372549
0.10196079
0.08627451
0.76470590
0.31764707
0.53333336
0.84313726
0.92549020
0.72941178
0.56862748
0.50196081
0.53333336
0.45098040
0.63529414
0.79215688
0.87058824
0.86274511
0.69411767
0.74117649
0.96078432
1.00000000
1.00000000
1.00000000
1.00000000
0.98431373
1.00000000
1.00000000
0.89411765
0.73725492
0.73333335
0.37254903
0.11372549
0.11764706
0.09803922
0.07843138
0.76078433
0.29803923
0.52549022
0.83921570
0.91764706
0.69803923
0.53333336
0.47058824
0.51764709
0.42352942
0.61568630
0.80000001
0.87843138
0.81176472
0.64705884
0.65098041
0.74117649
0.73333335
0.71372551
0.68627453
0.56862748
0.43137255
0.47450981
0.66274512
0.85882354
0.73725492
0.71372551
0.35294119
0.11372549
0.11372549
0.09803922
0.08235294
0.78431374
0.34117648
0.55686277
0.87450981
0.94509804
0.71372551
0.56862748
0.50980395
0.54901963
0.43529412
0.61960787
0.80000001
0.87450981
0.73333335
0.42352942
0.22352941
0.16470589
0.14117648
0.13725491
0.12941177
0.10588235
0.07843138
0.06274510
0.18823530
0.56078434
0.73333335
0.67843139
0.32941177
0.10980392
0.10980392
0.09803922
0.08627451
0.77647060
0.36078432
0.58039218
0.89803922
0.94901961
0.72156864
0.57254905
0.51764709
0.56470591
0.43529412
0.60392159
0.78431374
0.81176472
0.47058824
0.11764706
0.03137255
0.03529412
0.05490196
0.06666667
0.06666667
0.07058824
0.07058824
0.05882353
0.10196079
0.37647060
0.74509805
0.66666669
0.30196080
0.10588235
0.10980392
0.09803922
0.08627451
0.36470589
0.24705882
0.32941177
0.51372552
0.47843137
0.37647060
0.30980393
0.29411766
0.30980393
0.26666668
0.30980393
0.49019608
0.52549022
0.23137255
0.03529412
0.03529412
0.02745098
0.03137255
0.04313726
0.04313726
0.03137255
0.01960784
0.06666667
0.32941177
0.76078433
0.82745099
0.70196080
0.25490198
0.08235294
0.08627451
0.09411765
0.08235294
0.41568628
0.43921569
0.43921569
0.49803922
0.47450981
0.45882353
0.45098040
0.45882353
0.45098040
0.45098040
0.41960785
0.46274510
0.26666668
0.06274510
0.01960784
0.03921569
0.08235294
0.08235294
0.05882353
0.08235294
0.12156863
0.14901961
0.23137255
0.53333336
0.77254903
0.71764708
0.60392159
0.26666668
0.12156863
0.07843138
0.08235294
0.08235294
0.47450981
0.47843137
0.49019608
0.49411765
0.50196081
0.50196081
0.50196081
0.50588238
0.50588238
0.50980395
0.50196081
0.47843137
0.27843139
0.07450981
0.07843138
0.22352941
0.35294119
0.36862746
0.34509805
0.39607844
0.48235294
0.53333336
0.52156866
0.51372552
0.53725493
0.51764709
0.47058824
0.32156864
0.13333334
0.08235294
0.07450981
0.07450981
0.25882354
0.27058825
0.27843139
0.27843139
0.27843139
0.27843139
0.28235295
0.28627452
0.29019609
0.29411766
0.29411766
0.30196080
0.26666668
0.13333334
0.09803922
0.25098041
0.35686275
0.35686275
0.36862746
0.39215687
0.41960785
0.44313726
0.45490196
0.44705883
0.42352942
0.38039216
0.34509805
0.20000000
0.07058824
0.07843138
0.07450981
0.07058824
0.08627451
0.09019608
0.09411765
0.09803922
0.09803922
0.10588235
0.10980392
0.11372549
0.11764706
0.11764706
0.11764706
0.11372549
0.10980392
0.09019608
0.06274510
0.15294118
0.21568628
0.15686275
0.12156863
0.12549020
0.12549020
0.12941177
0.13725491
0.14117648
0.15686275
0.23137255
0.30196080
0.15686275
0.07058824
0.07450981
0.07058824
0.06274510
0.05882353
0.06274510
0.06274510
0.06274510
0.07058824
0.07843138
0.07843138
0.08627451
0.09803922
0.10588235
0.10588235
0.09803922
0.09411765
0.09803922
0.10196079
0.13333334
0.24313726
0.23529412
0.11764706
0.09019608
0.08627451
0.07450981
0.09019608
0.14509805
0.27843139
0.45490196
0.45098040
0.18431373
0.07058824
0.07058824
0.06666667
0.06274510
0.06666667
0.06274510
0.05882353
0.07058824
0.07058824
0.06666667
0.07058824
0.05882353
0.05490196
0.05882353
0.05882353
0.07058824
0.10196079
0.12156863
0.10980392
0.10196079
0.17647059
0.22745098
0.15686275
0.10588235
0.10196079
0.09411765
0.12156863
0.19607843
0.36470589
0.44705883
0.30980393
0.11372549
0.07058824
0.06666667
0.06274510
0.06274510
0.04705882
0.03921569
0.04705882
0.05098039
0.03921569
0.04313726
0.05882353
0.04705882
0.03137255
0.02352941
0.03137255
0.10196079
0.14117648
0.12156863
0.07058824
0.06274510
0.11372549
0.16470589
0.18823530
0.18039216
0.18431373
0.20784314
0.20392157
0.19607843
0.24705882
0.24313726
0.12941177
0.07843138
0.06666667
0.06666667
0.06274510
0.05882353
0.03137255
0.03137255
0.02745098
0.01960784
0.02745098
0.03137255
0.02352941
0.01960784
0.00784314
0.00784314
0.05490196
0.10196079
0.08627451
0.07843138
0.06274510
0.05882353
0.11372549
0.19215687
0.23137255
0.23921569
0.30196080
0.33725491
0.25490198
0.23921569
0.20784314
0.16078432
0.12549020
0.07450981
0.07058824
0.06666667
0.06274510
0.05490196
0.06666667
0.07058824
0.07058824
0.07450981
0.07450981
0.08235294
0.10196079
0.12549020
0.12941177
0.10980392
0.08627451
0.07843138
0.08235294
0.08235294
0.06274510
0.06274510
0.09411765
0.14901961
0.16862746
0.17254902
0.21568628
0.21960784
0.23137255
0.23921569
0.23921569
0.23529412
0.14117648
0.07843138
0.07058824
0.06666667
0.05882353
0.05490196
0.43529412
0.45490196
0.46666667
0.46666667
0.46274510
0.47843137
0.49803922
0.50588238
0.51764709
0.43529412
0.16862746
0.06274510
0.06666667
0.07450981
0.07843138
0.07843138
0.09803922
0.12941177
0.19215687
0.23529412
0.24705882
0.30196080
0.30588236
0.30980393
0.24313726
0.17254902
0.09411765
0.07450981
0.06666667
0.06274510
0.05490196
0.05098039
0.57647061
0.58823532
0.60000002
0.60784316
0.61568630
0.62352943
0.61960787
0.59215689
0.56470591
0.47843137
0.18823530
0.07058824
0.08627451
0.08627451
0.09411765
0.12549020
0.13333334
0.11372549
0.16862746
0.32156864
0.44705883
0.43529412
0.29803923
0.25490198
0.20000000
0.16078432
0.09019608
0.07450981
0.06666667
0.05882353
0.05490196
0.05098039
0.53725493
0.55686277
0.56862748
0.59215689
0.60392159
0.61960787
0.63137257
0.63529414
0.61568630
0.57254905
0.34117648
0.14901961
0.09411765
0.08627451
0.10588235
0.14117648
0.14509805
0.11372549
0.10196079
0.16862746
0.30588236
0.30196080
0.17647059
0.14117648
0.16470589
0.16470589
0.11764706
0.07450981
0.07058824
0.05882353
0.05490196
0.04705882
0.54509807
0.56470591
0.57647061
0.58431375
0.59607846
0.61176473
0.61960787
0.61960787
0.60392159
0.54509807
0.38823530
0.17647059
0.08235294
0.08627451
0.10196079
0.10980392
0.11764706
0.12156863
0.11764706
0.12941177
0.16078432
0.16862746
0.15686275
0.15686275
0.16470589
0.20392157
0.34509805
0.09019608
0.05098039
0.05882353
0.04705882
0.04705882
0.58823532
0.60000002
0.60392159
0.60784316
0.60784316
0.60784316
0.60392159
0.58039218
0.52941179
0.48235294
0.41568628
0.31372550
0.20784314
0.12941177
0.10196079
0.10588235
0.09019608
0.08235294
0.09411765
0.09411765
0.07450981
0.07843138
0.12549020
0.12941177
0.12941177
0.22745098
0.45882353
0.34117648
0.09803922
0.03529412
0.04313726
0.03921569
0.58431375
0.60000002
0.60392159
0.61568630
0.61960787
0.61176473
0.60392159
0.57647061
0.53725493
0.49019608
0.44705883
0.41568628
0.36470589
0.25098041
0.13333334
0.08235294
0.07058824
0.06666667
0.06666667
0.08235294
0.09019608
0.10196079
0.12156863
0.07843138
0.07843138
0.13333334
0.30980393
0.48235294
0.40392157
0.12941177
0.02745098
0.03921569
0.56078434
0.57254905
0.57647061
0.58823532
0.58823532
0.58823532
0.59607846
0.58431375
0.55686277
0.52549022
0.50588238
0.49019608
0.47843137
0.43137255
0.33725491
0.27450982
0.25098041
0.25490198
0.26274511
0.26666668
0.27450982
0.27058825
0.26666668
0.23921569
0.21568628
0.18431373
0.24313726
0.40000001
0.49019608
0.41960785
0.15686275
0.02745098
0.54509807
0.55686277
0.56862748
0.57254905
0.56470591
0.58431375
0.59607846
0.58823532
0.57254905
0.58039218
0.59215689
0.58823532
0.58431375
0.57254905
0.54509807
0.50588238
0.47843137
0.46274510
0.45098040
0.43921569
0.42745098
0.41568628
0.40392157
0.39215687
0.38431373
0.36862746
0.36862746
0.39607844
0.44313726
0.47058824
0.43529412
0.17254902
0.51372552
0.52941179
0.53725493
0.54117650
0.54509807
0.56470591
0.58431375
0.57647061
0.56470591
0.58039218
0.59607846
0.58039218
0.56470591
0.55294120
0.52549022
0.49411765
0.46666667
0.45490196
0.45490196
0.45098040
0.44313726
0.43529412
0.42745098
0.41568628
0.40784314
0.40000001
0.39607844
0.42352942
0.45490196
0.45882353
0.47058824
0.41960785
1 0 0 -1 0 0 0 0 0 0 0
0 1 0 -1 0 0 0 0 0 0 0
0 0 1 -1 0 0 0 0 0 0 0
0 0 0 -1 1 0 0 0 0 0 0
0 0 0 -1 0 1 0 0 0 0 0
0 0 0 -1 0 0 1 0 0 0 0
0 0 0 -1 0 0 0 1 0 0 0
0 0 0 -1 0 0 0 0 1 0 0
0 0 0 -1 0 0 0 0 0 1 0
