0.41176471
0.45098040
0.45098040
0.41960785
0.41568628
0.38431373
0.40392157
0.43137255
0.46666667
0.47450981
0.40784314
0.40784314
0.37647060
0.34509805
0.44705883
0.45882353
0.43921569
0.42352942
0.39215687
0.41176471
0.48235294
0.42352942
0.37647060
0.43921569
0.41568628
0.35294119
0.34901962
0.41568628
0.40000001
0.36078432
0.40392157
0.49411765
0.43529412
0.45098040
0.45882353
0.45882353
0.45490196
0.40000001
0.37647060
0.41176471
0.47450981
0.50588238
0.45490196
0.45098040
0.42352942
0.39215687
0.45882353
0.47058824
0.47843137
0.48627451
0.44313726
0.45490196
0.51764709
0.42745098
0.35294119
0.40000001
0.40000001
0.34509805
0.31764707
0.40000001
0.38823530
0.35294119
0.40000001
0.49411765
0.43529412
0.45098040
0.48627451
0.50980395
0.50588238
0.41960785
0.33333334
0.38823530
0.46274510
0.51764709
0.49803922
0.47058824
0.43921569
0.43137255
0.47843137
0.47450981
0.46274510
0.48235294
0.46274510
0.47058824
0.51372552
0.43137255
0.39607844
0.40000001
0.37647060
0.34117648
0.32941177
0.41960785
0.39607844
0.35294119
0.39607844
0.47450981
0.42745098
0.48235294
0.52549022
0.51764709
0.54509807
0.50588238
0.37254903
0.38039216
0.43137255
0.52156866
0.53333336
0.45098040
0.39215687
0.42352942
0.49803922
0.49411765
0.43921569
0.44313726
0.44313726
0.46274510
0.51372552
0.45882353
0.47058824
0.44313726
0.38823530
0.36078432
0.35294119
0.45882353
0.45098040
0.38431373
0.39215687
0.43529412
0.40784314
0.49019608
0.54509807
0.47450981
0.48627451
0.53333336
0.41176471
0.36470589
0.40000001
0.49803922
0.53725493
0.45490196
0.36078432
0.37254903
0.47843137
0.50196081
0.44705883
0.43529412
0.45098040
0.48627451
0.50588238
0.45490196
0.48235294
0.45882353
0.38823530
0.37254903
0.36862746
0.46666667
0.49019608
0.41960785
0.40000001
0.43529412
0.37647060
0.45490196
0.54117650
0.46274510
0.45882353
0.52941179
0.43529412
0.35686275
0.37647060
0.44705883
0.50196081
0.44705883
0.36470589
0.35294119
0.45882353
0.49803922
0.50980395
0.52941179
0.48627451
0.54901963
0.52549022
0.43529412
0.43921569
0.45882353
0.37254903
0.37647060
0.38823530
0.45882353
0.48627451
0.42352942
0.39215687
0.42745098
0.38823530
0.44705883
0.53725493
0.47058824
0.47450981
0.49803922
0.45882353
0.41960785
0.41176471
0.42745098
0.46666667
0.41960785
0.40392157
0.43137255
0.46274510
0.49803922
0.54509807
0.50588238
0.53333336
0.63529414
0.59607846
0.46666667
0.45882353
0.48627451
0.37254903
0.39607844
0.40784314
0.45098040
0.45882353
0.39215687
0.36862746
0.43137255
0.44705883
0.51764709
0.54509807
0.50980395
0.50588238
0.44313726
0.45098040
0.50196081
0.47843137
0.43921569
0.42745098
0.40000001
0.46274510
0.52549022
0.43921569
0.43529412
0.48235294
0.44705883
0.72156864
0.58039218
0.53725493
0.52156866
0.53725493
0.52941179
0.38431373
0.41176471
0.42352942
0.43529412
0.43529412
0.41176471
0.38039216
0.40784314
0.49019608
0.57254905
0.55686277
0.52941179
0.50588238
0.38823530
0.40000001
0.45490196
0.44313726
0.43921569
0.40000001
0.40000001
0.44705883
0.52941179
0.42352942
0.36470589
0.49019608
0.67450982
0.76862746
0.45098040
0.43529412
0.52156866
0.57254905
0.52156866
0.38431373
0.42352942
0.43137255
0.43921569
0.43137255
0.44313726
0.43137255
0.44705883
0.47058824
0.56862748
0.55294120
0.50588238
0.48235294
0.36862746
0.34117648
0.40000001
0.39607844
0.43137255
0.42352942
0.43529412
0.44705883
0.47843137
0.48627451
0.65098041
0.82352942
0.88627452
0.88627452
0.70588237
0.49803922
0.50588238
0.57647061
0.49019608
0.38431373
0.43137255
0.41568628
0.45098040
0.44705883
0.47058824
0.46666667
0.43137255
0.41960785
0.53333336
0.52941179
0.49411765
0.47058824
0.37647060
0.33333334
0.42352942
0.39607844
0.43921569
0.46274510
0.44705883
0.43529412
0.41176471
0.50588238
0.58431375
0.65490198
0.75686276
0.70196080
0.75294119
0.50980395
0.48627451
0.58039218
0.49411765
0.38823530
0.41176471
0.39607844
0.45098040
0.49019608
0.51372552
0.49019608
0.46274510
0.38823530
0.46666667
0.49803922
0.48627451
0.44705883
0.38431373
0.39215687
0.49019608
0.43137255
0.43921569
0.49411765
0.45490196
0.39607844
0.37647060
0.43137255
0.44705883
0.69019610
0.78823531
0.61568630
0.80000001
0.50980395
0.47450981
0.56862748
0.48235294
0.36078432
0.35686275
0.39215687
0.49803922
0.57254905
0.56078434
0.52941179
0.49803922
0.38823530
0.41960785
0.49019608
0.48235294
0.43137255
0.40784314
0.44313726
0.47450981
0.43921569
0.43921569
0.50980395
0.47058824
0.34901962
0.36470589
0.48627451
0.62745100
0.85490197
0.63529414
0.63529414
0.84705883
0.49411765
0.47843137
0.56078434
0.47450981
0.32549021
0.31764707
0.38823530
0.55294120
0.62352943
0.57647061
0.55686277
0.52156866
0.40000001
0.42352942
0.51372552
0.49019608
0.42745098
0.42745098
0.44705883
0.39215687
0.40392157
0.44313726
0.52156866
0.49019608
0.32549021
0.36078432
0.67843139
0.78039217
0.67450982
0.57254905
0.74117649
0.84705883
0.48627451
0.48235294
0.58823532
0.49411765
0.33333334
0.32156864
0.40000001
0.57647061
0.59215689
0.52549022
0.50980395
0.49803922
0.39215687
0.44313726
0.53725493
0.50196081
0.45098040
0.44313726
0.39215687
0.31764707
0.40000001
0.47450981
0.54509807
0.51372552
0.31764707
0.44705883
0.65098041
0.58431375
0.47058824
0.68235296
0.84705883
0.77254903
0.52941179
0.50980395
0.58039218
0.50588238
0.35294119
0.34901962
0.43529412
0.58039218
0.53725493
0.48627451
0.45882353
0.47058824
0.40392157
0.47058824
0.56078434
0.49019608
0.46274510
0.44313726
0.31764707
0.27058825
0.41960785
0.50196081
0.54117650
0.47843137
0.29019609
0.39607844
0.44313726
0.57254905
0.60392159
0.84705883
0.98431373
0.76078433
0.54901963
0.55294120
0.59215689
0.50196081
0.39607844
0.39215687
0.44705883
0.57254905
0.52156866
0.48235294
0.44313726
0.43529412
0.41960785
0.49411765
0.56862748
0.45882353
0.41176471
0.38431373
0.32156864
0.31372550
0.40392157
0.49803922
0.49019608
0.35294119
0.40392157
0.48627451
0.50588238
0.65098041
0.79215688
0.93725491
0.96078432
0.70588237
0.48627451
0.50196081
0.52549022
0.50980395
0.41960785
0.36470589
0.43921569
0.55294120
0.52549022
0.46666667
0.41568628
0.40000001
0.46274510
0.50588238
0.55686277
0.44313726
0.37647060
0.34509805
0.30980393
0.35686275
0.39215687
0.48235294
0.46274510
0.31764707
0.42352942
0.50980395
0.70196080
0.74117649
0.69411767
0.88235295
0.89411765
0.60784316
0.49019608
0.44705883
0.45490196
0.51764709
0.47450981
0.35294119
0.40784314
0.49411765
0.50588238
0.47058824
0.40784314
0.42352942
0.49019608
0.50196081
0.53725493
0.43529412
0.36470589
0.34117648
0.27450982
0.35686275
0.40392157
0.46666667
0.45098040
0.34509805
0.43529412
0.62352943
0.82745099
0.90196079
0.74117649
0.79215688
0.73333335
0.51764709
0.47843137
0.40000001
0.38823530
0.43529412
0.52941179
0.45098040
0.44313726
0.44313726
0.46274510
0.47450981
0.42745098
0.42745098
0.45882353
0.47843137
0.52941179
0.44705883
0.38039216
0.37254903
0.28235295
0.35294119
0.41176471
0.45882353
0.40784314
0.32941177
0.56078434
0.83921570
0.89019608
0.87450981
0.75686276
0.66274512
0.50196081
0.47058824
0.43529412
0.36862746
0.36862746
0.40000001
0.49019608
0.49411765
0.51372552
0.49019608
0.45490196
0.47058824
0.44313726
0.42745098
0.46274510
0.49019608
0.54901963
0.45882353
0.36862746
0.37254903
0.28235295
0.34117648
0.43921569
0.45098040
0.31764707
0.31764707
0.63921571
0.79215688
0.69803923
0.75294119
0.65098041
0.52156866
0.43529412
0.42352942
0.41176471
0.41568628
0.43529412
0.42352942
0.43921569
0.43529412
0.39607844
0.46274510
0.47450981
0.47843137
0.47058824
0.47843137
0.50980395
0.54117650
0.57254905
0.47843137
0.37647060
0.34117648
0.27450982
0.34901962
0.47058824
0.47450981
0.30980393
0.28627452
0.55294120
0.58431375
0.54509807
0.61568630
0.56078434
0.54509807
0.49803922
0.38823530
0.36862746
0.40784314
0.40392157
0.38431373
0.40392157
0.45490196
0.43529412
0.43921569
0.44313726
0.43921569
0.43137255
0.45098040
0.50196081
0.57647061
0.60392159
0.51372552
0.43137255
0.39607844
0.31372550
0.34509805
0.47058824
0.53333336
0.35686275
0.34117648
0.50980395
0.47450981
0.59215689
0.49803922
0.42352942
0.45882353
0.42745098
0.43921569
0.45098040
0.38823530
0.35294119
0.37647060
0.44313726
0.45490196
0.49803922
0.52941179
0.46666667
0.42745098
0.44705883
0.42352942
0.43137255
0.54901963
0.60000002
0.49411765
0.46666667
0.52549022
0.41960785
0.34901962
0.45490196
0.50588238
0.34901962
0.43529412
0.46666667
0.44313726
0.57254905
0.51372552
0.47450981
0.44313726
0.38039216
0.43529412
0.49019608
0.40392157
0.37254903
0.40392157
0.45490196
0.45882353
0.48235294
0.54117650
0.50196081
0.45098040
0.48627451
0.36078432
0.38431373
0.47058824
0.54117650
0.49019608
0.45490196
0.56470591
0.51372552
0.37254903
0.40784314
0.39215687
0.32549021
0.43137255
0.42352942
0.34117648
0.50980395
0.45490196
0.47450981
0.48235294
0.37254903
0.41960785
0.50588238
0.47058824
0.40392157
0.41568628
0.46274510
0.47058824
0.49803922
0.52941179
0.51372552
0.41960785
0.36470589
0.32941177
0.39607844
0.44313726
0.49803922
0.50588238
0.44705883
0.44705883
0.45490196
0.36470589
0.36078432
0.30980393
0.32156864
0.32941177
0.37254903
0.37254903
0.39607844
0.44313726
0.45882353
0.42352942
0.33725491
0.40784314
0.52156866
0.50196081
0.42352942
0.42745098
0.46274510
0.45098040
0.47450981
0.50196081
0.50980395
0.42745098
0.35294119
0.34509805
0.40784314
0.47058824
0.51372552
0.54117650
0.37647060
0.23529412
0.34509805
0.42745098
0.35294119
0.27843139
0.33333334
0.30588236
0.33333334
0.43137255
0.44705883
0.43921569
0.47843137
0.41960785
0.32549021
0.40000001
0.50588238
0.49803922
0.44313726
0.41960785
0.42352942
0.43921569
0.42352942
0.36862746
0.42745098
0.43529412
0.42745098
0.32156864
0.38039216
0.46274510
0.49411765
0.44313726
0.27450982
0.27058825
0.36470589
0.41568628
0.33725491
0.36862746
0.40000001
0.32549021
0.32941177
0.41568628
0.50588238
0.53333336
0.43921569
0.41568628
0.39607844
0.42352942
0.48627451
0.50588238
0.47058824
0.44313726
0.43921569
0.44705883
0.41176471
0.30980393
0.40784314
0.45490196
0.43137255
0.32941177
0.36078432
0.36470589
0.35294119
0.38039216
0.36862746
0.34509805
0.38431373
0.42352942
0.38823530
0.44313726
0.45490196
0.37254903
0.35294119
0.40784314
0.49411765
0.54901963
0.43529412
0.41568628
0.48627451
0.47843137
0.48627451
0.51372552
0.49019608
0.48627451
0.48627451
0.45490196
0.42352942
0.41568628
0.47450981
0.44313726
0.38039216
0.37254903
0.31372550
0.27450982
0.40000001
0.54901963
0.41960785
0.34117648
0.40000001
0.44705883
0.40000001
0.38039216
0.45098040
0.42352942
0.37647060
0.39607844
0.45098040
0.52156866
0.46274510
0.41568628
0.46666667
0.52549022
0.55686277
0.55294120
0.53725493
0.51372552
0.49019608
0.42352942
0.43137255
0.45882353
0.47843137
0.41176471
0.41176471
0.37254903
0.38039216
0.44705883
0.56078434
0.59607846
0.35686275
0.30196080
0.37647060
0.42352942
0.40784314
0.38431373
0.45490196
0.46666667
0.38823530
0.39215687
0.41176471
0.48235294
0.45490196
0.42745098
0.45882353
0.52941179
0.56470591
0.56470591
0.56470591
0.54509807
0.49019608
0.41176471
0.47843137
0.47450981
0.47450981
0.36862746
0.33725491
0.32549021
0.53725493
0.51764709
0.57647061
0.54509807
0.31764707
0.26666668
0.35294119
0.40392157
0.40392157
0.34901962
0.42352942
0.46274510
0.39607844
0.40392157
0.43137255
0.46274510
0.43921569
0.42745098
0.46666667
0.49411765
0.51372552
0.52549022
0.52549022
0.56470591
0.50588238
0.44313726
0.49803922
0.46666667
0.45098040
0.41176471
0.40392157
0.32549021
0.41960785
0.43137255
0.45490196
0.42745098
0.42352942
0.40392157
0.41176471
0.44313726
0.48235294
0.50588238
0.45882353
0.44313726
0.40392157
0.36862746
0.49411765
0.50588238
0.48627451
0.45098040
0.38431373
0.39607844
0.49803922
0.44705883
0.36470589
0.43529412
0.43921569
0.38823530
0.39215687
0.45490196
0.40392157
0.35294119
0.40000001
0.47843137
0.45098040
0.45490196
0.48627451
0.46274510
0.43529412
0.40392157
0.38039216
0.42352942
0.47843137
0.52941179
0.50588238
0.49803922
0.45098040
0.40392157
0.50196081
0.52156866
0.52549022
0.50588238
0.42745098
0.43137255
0.51764709
0.44313726
0.35294119
0.40784314
0.42352942
0.37647060
0.36078432
0.44313726
0.40784314
0.36862746
0.40784314
0.47450981
0.45098040
0.47058824
0.52156866
0.50196081
0.46274510
0.40392157
0.32549021
0.38431373
0.46666667
0.54901963
0.55686277
0.52156866
0.45882353
0.43529412
0.52156866
0.53333336
0.51764709
0.50588238
0.44705883
0.45882353
0.52156866
0.45882353
0.41568628
0.41960785
0.38823530
0.36078432
0.37647060
0.46666667
0.42745098
0.38431373
0.41176471
0.45882353
0.43921569
0.49803922
0.55686277
0.52156866
0.50980395
0.48627451
0.36078432
0.37254903
0.44705883
0.56470591
0.59607846
0.51372552
0.42352942
0.43529412
0.54509807
0.54117650
0.49411765
0.47450981
0.42745098
0.46274510
0.53725493
0.48627451
0.49019608
0.46274510
0.38431373
0.36078432
0.38823530
0.50196081
0.48235294
0.41568628
0.40392157
0.42352942
0.41176471
0.50980395
0.58431375
0.49411765
0.49019608
0.53333336
0.40000001
0.36078432
0.42352942
0.54509807
0.59607846
0.51764709
0.40000001
0.40392157
0.52549022
0.54901963
0.49803922
0.46666667
0.43529412
0.48235294
0.52549022
0.47450981
0.49411765
0.47843137
0.38431373
0.36470589
0.38431373
0.50588238
0.52156866
0.44313726
0.40000001
0.41568628
0.40392157
0.49019608
0.58431375
0.48627451
0.48235294
0.54117650
0.41568628
0.33725491
0.39607844
0.49411765
0.55686277
0.49803922
0.40000001
0.39607844
0.51372552
0.52156866
0.42745098
0.41568628
0.41960785
0.52549022
0.54509807
0.45490196
0.45882353
0.48627451
0.38431373
0.36862746
0.39215687
0.49803922
0.52156866
0.43921569
0.39607844
0.40784314
0.41568628
0.49411765
0.56862748
0.49803922
0.50980395
0.51764709
0.43529412
0.35686275
0.40784314
0.48235294
0.52549022
0.47450981
0.42352942
0.45882353
0.49411765
0.36470589
0.33333334
0.36078432
0.42745098
0.58823532
0.61960787
0.49411765
0.47843137
0.51764709
0.40784314
0.40784314
0.42352942
0.49019608
0.48627451
0.41568628
0.38823530
0.41568628
0.45882353
0.54901963
0.57647061
0.53333336
0.53725493
0.46666667
0.42745098
0.39607844
0.43529412
0.49411765
0.49803922
0.45882353
0.46666667
0.53725493
0.41176471
0.26274511
0.38039216
0.37254903
0.61176473
0.52549022
0.52941179
0.53725493
0.54901963
0.54509807
0.42352942
0.44313726
0.45490196
0.47843137
0.47058824
0.43921569
0.39607844
0.38039216
0.50588238
0.59607846
0.58823532
0.54117650
0.50980395
0.39607844
0.38823530
0.41568628
0.44313726
0.49019608
0.47058824
0.45490196
0.48235294
0.53333336
0.35294119
0.28235295
0.42352942
0.59607846
0.68627453
0.41568628
0.41176471
0.52941179
0.57647061
0.53725493
0.41960785
0.45098040
0.45490196
0.48627451
0.47450981
0.47058824
0.43921569
0.42352942
0.49803922
0.60392159
0.58823532
0.51764709
0.47058824
0.35686275
0.35294119
0.42745098
0.43921569
0.49019608
0.48627451
0.49019608
0.49803922
0.48235294
0.36078432
0.55294120
0.76862746
0.82745099
0.81960785
0.67843139
0.49019608
0.51372552
0.58823532
0.50980395
0.40784314
0.43921569
0.42745098
0.49411765
0.49019608
0.49019608
0.46666667
0.41176471
0.45098040
0.57647061
0.57254905
0.50588238
0.46666667
0.38431373
0.36470589
0.44705883
0.43921569
0.49411765
0.52156866
0.50196081
0.49411765
0.37647060
0.34509805
0.44313726
0.54509807
0.65098041
0.58823532
0.69803923
0.51372552
0.49803922
0.59215689
0.50196081
0.38039216
0.40784314
0.40784314
0.49803922
0.52941179
0.52549022
0.49019608
0.44313726
0.42352942
0.51764709
0.54117650
0.50588238
0.46274510
0.42352942
0.40392157
0.47843137
0.45490196
0.49019608
0.54901963
0.50980395
0.44313726
0.33333334
0.32156864
0.32941177
0.60000002
0.71372551
0.51372552
0.72549021
0.51764709
0.48627451
0.57254905
0.48627451
0.33725491
0.34901962
0.41176471
0.53725493
0.60000002
0.56078434
0.52549022
0.48235294
0.43529412
0.47450981
0.53725493
0.50980395
0.46666667
0.44705883
0.41568628
0.44705883
0.45490196
0.48627451
0.56078434
0.52941179
0.37254903
0.30588236
0.39607844
0.52941179
0.79607844
0.55686277
0.52549022
0.78823531
0.49803922
0.47843137
0.56078434
0.47843137
0.31372550
0.31764707
0.41960785
0.58431375
0.63921571
0.56078434
0.54509807
0.50588238
0.44313726
0.47843137
0.56078434
0.52156866
0.47450981
0.46274510
0.41176471
0.38039216
0.41960785
0.47843137
0.56862748
0.54117650
0.32941177
0.28235295
0.58039218
0.70196080
0.58431375
0.45490196
0.61568630
0.80784315
0.49019608
0.48235294
0.58431375
0.50196081
0.32156864
0.32941177
0.43529412
0.60784316
0.61568630
0.51764709
0.50588238
0.47843137
0.43137255
0.49411765
0.58039218
0.53725493
0.49411765
0.47450981
0.38039216
0.32549021
0.41960785
0.49019608
0.57254905
0.55294120
0.30980393
0.36470589
0.55686277
0.48627451
0.36470589
0.55686277
0.72549021
0.70588237
0.52156866
0.52549022
0.57254905
0.50588238
0.33725491
0.34117648
0.45882353
0.61176473
0.57254905
0.49411765
0.46274510
0.43921569
0.43137255
0.50196081
0.58431375
0.52156866
0.50588238
0.48235294
0.32549021
0.27843139
0.44705883
0.51372552
0.55686277
0.49803922
0.26274511
0.32156864
0.36470589
0.48627451
0.49411765
0.74509805
0.94901961
0.72941178
0.49803922
0.53333336
0.57254905
0.48627451
0.37647060
0.36470589
0.45098040
0.60392159
0.55686277
0.49019608
0.45098040
0.40784314
0.43529412
0.50196081
0.56078434
0.47450981
0.45882353
0.43137255
0.32156864
0.30588236
0.43137255
0.52156866
0.52156866
0.36470589
0.34509805
0.41176471
0.41960785
0.57647061
0.67450982
0.85490197
0.94509804
0.69019610
0.46274510
0.48235294
0.50588238
0.49019608
0.39215687
0.33725491
0.43137255
0.57647061
0.56470591
0.48235294
0.41960785
0.40000001
0.45098040
0.49411765
0.53725493
0.45098040
0.42352942
0.39607844
0.31764707
0.33333334
0.41176471
0.51372552
0.49411765
0.30980393
0.34509805
0.41176471
0.57647061
0.65098041
0.60392159
0.81176472
0.87450981
0.58039218
0.46666667
0.46274510
0.46274510
0.47843137
0.43137255
0.33725491
0.40784314
0.50588238
0.52549022
0.49019608
0.41960785
0.42352942
0.46274510
0.48627451
0.52549022
0.44313726
0.40392157
0.38823530
0.30980393
0.34509805
0.41176471
0.49411765
0.47450981
0.31764707
0.35294119
0.51372552
0.70980394
0.82352942
0.66274512
0.72549021
0.70588237
0.50588238
0.47450981
0.41176471
0.41176471
0.41568628
0.46666667
0.41568628
0.42745098
0.46274510
0.47843137
0.49019608
0.44313726
0.41960785
0.44313726
0.48235294
0.53725493
0.45490196
0.40392157
0.40000001
0.31764707
0.35294119
0.42352942
0.49803922
0.41960785
0.27450982
0.46666667
0.75294119
0.80784315
0.81960785
0.67450982
0.59215689
0.47058824
0.47058824
0.45490196
0.38039216
0.39215687
0.40000001
0.44313726
0.43529412
0.45882353
0.47843137
0.47843137
0.48235294
0.45882353
0.41568628
0.45098040
0.50588238
0.56470591
0.46666667
0.39607844
0.40784314
0.32156864
0.34901962
0.45882353
0.49803922
0.30980393
0.23921569
0.54117650
0.73725492
0.63137257
0.69019610
0.59215689
0.46274510
0.38823530
0.42745098
0.40392157
0.38039216
0.41176471
0.38823530
0.38431373
0.38039216
0.34901962
0.41568628
0.44705883
0.45098040
0.46666667
0.44313726
0.49411765
0.55294120
0.58823532
0.47450981
0.37647060
0.36470589
0.31372550
0.35686275
0.49019608
0.48627451
0.26666668
0.20784314
0.47450981
0.58431375
0.50980395
0.55294120
0.50588238
0.46274510
0.41960785
0.34117648
0.33333334
0.35686275
0.36470589
0.35686275
0.35686275
0.39607844
0.40000001
0.41568628
0.39607844
0.38431373
0.40000001
0.40392157
0.49411765
0.58431375
0.60000002
0.47058824
0.36078432
0.34117648
0.31764707
0.36470589
0.49411765
0.53333336
0.32156864
0.25098041
0.45098040
0.47843137
0.58039218
0.43921569
0.36862746
0.41176471
0.38431373
0.38823530
0.42745098
0.38039216
0.35294119
0.37647060
0.39607844
0.40784314
0.50196081
0.49803922
0.41960785
0.36470589
0.38823530
0.36862746
0.43137255
0.55294120
0.58039218
0.46274510
0.37254903
0.36862746
0.35294119
0.36078432
0.47843137
0.50196081
0.29803923
0.34117648
0.40392157
0.41960785
0.56078434
0.48627451
0.44705883
0.40784314
0.36862746
0.42745098
0.47058824
0.41176471
0.38039216
0.39215687
0.38823530
0.40392157
0.50588238
0.52156866
0.47450981
0.39607844
0.39607844
0.28627452
0.40000001
0.49019608
0.52941179
0.47058824
0.39607844
0.40000001
0.38431373
0.35294119
0.40392157
0.36078432
0.25490198
0.38431373
0.43529412
0.35294119
0.51764709
0.46274510
0.44313726
0.43137255
0.34901962
0.41176471
0.47843137
0.46274510
0.40392157
0.39215687
0.39215687
0.42745098
0.52156866
0.54509807
0.51372552
0.42352942
0.33725491
0.28235295
0.41568628
0.46274510
0.49411765
0.46666667
0.40784314
0.35294119
0.34117648
0.32156864
0.34117648
0.25882354
0.24705882
0.31372550
0.42352942
0.39607844
0.39215687
0.43529412
0.43529412
0.38823530
0.30980393
0.38823530
0.48235294
0.48235294
0.42352942
0.39215687
0.39215687
0.41960785
0.50588238
0.52941179
0.50588238
0.45490196
0.35686275
0.30588236
0.42745098
0.48627451
0.52549022
0.51764709
0.35294119
0.21568628
0.28627452
0.40000001
0.35686275
0.22352941
0.26274511
0.29411766
0.37254903
0.44313726
0.41568628
0.39215687
0.45882353
0.39215687
0.30196080
0.37254903
0.45882353
0.48627451
0.43921569
0.37647060
0.34901962
0.41568628
0.45098040
0.40000001
0.40392157
0.43529412
0.42352942
0.29411766
0.39607844
0.48627451
0.50980395
0.43921569
0.25882354
0.23137255
0.31372550
0.42352942
0.32156864
0.28627452
0.32941177
0.31372550
0.36078432
0.43137255
0.46666667
0.49803922
0.41568628
0.37647060
0.36470589
0.38823530
0.44313726
0.49411765
0.45882353
0.40000001
0.38039216
0.42745098
0.43529412
0.32941177
0.36470589
0.41960785
0.41176471
0.30980393
0.36862746
0.39215687
0.36862746
0.36470589
0.32549021
0.30588236
0.34117648
0.40392157
0.34901962
0.36862746
0.38823530
0.36862746
0.37647060
0.42352942
0.45882353
0.52549022
0.43137255
0.37647060
0.43921569
0.43529412
0.44313726
0.50196081
0.47058824
0.44313726
0.44313726
0.43529412
0.42745098
0.42745098
0.42745098
0.41568628
0.38431373
0.35686275
0.30196080
0.27843139
0.38823530
0.53333336
0.40392157
0.32549021
0.36078432
0.40392157
0.38823530
0.34509805
0.40000001
0.42352942
0.39215687
0.40784314
0.42745098
0.50588238
0.45490196
0.39607844
0.44313726
0.47843137
0.49411765
0.52156866
0.50588238
0.46274510
0.46666667
0.41568628
0.41960785
0.47843137
0.43921569
0.37647060
0.40784314
0.39215687
0.33725491
0.42745098
0.53725493
0.57647061
0.37254903
0.29411766
0.36078432
0.40000001
0.41568628
0.34901962
0.41568628
0.46274510
0.39607844
0.40784314
0.40784314
0.46274510
0.44313726
0.41176471
0.45882353
0.48627451
0.50196081
0.52941179
0.53333336
0.50196081
0.47843137
0.40392157
0.46274510
0.47058824
0.43137255
0.33333334
0.32941177
0.33725491
0.45490196
0.50196081
0.55686277
0.52156866
0.32941177
0.26666668
0.34117648
0.38039216
0.40784314
0.32549021
0.39607844
0.45490196
0.39607844
0.41568628
0.43921569
0.43137255
0.41568628
0.40784314
0.45490196
0.46274510
0.48627451
0.50196081
0.49803922
0.51764709
0.48627451
0.41568628
0.47450981
0.46274510
0.41176471
0.36078432
0.38039216
0.32941177
0.17254902
0.16862746
0.16078432
0.15294118
0.13725491
0.13725491
0.16470589
0.17254902
0.18039216
0.19215687
0.14901961
0.12941177
0.10980392
0.08627451
0.16078432
0.18039216
0.18039216
0.17647059
0.14509805
0.16078432
0.18039216
0.14117648
0.11372549
0.18431373
0.17647059
0.11372549
0.10588235
0.18039216
0.17647059
0.12941177
0.16470589
0.29019609
0.19215687
0.17647059
0.17647059
0.17647059
0.15294118
0.13725491
0.12156863
0.13725491
0.17254902
0.19607843
0.16862746
0.14901961
0.13333334
0.11372549
0.15686275
0.18431373
0.20000000
0.21568628
0.20000000
0.18823530
0.19607843
0.14509805
0.09803922
0.14901961
0.14509805
0.10196079
0.09019608
0.16862746
0.17254902
0.12941177
0.16470589
0.29019609
0.19215687
0.19607843
0.21176471
0.20000000
0.18431373
0.15294118
0.09019608
0.11372549
0.15686275
0.20000000
0.18823530
0.15686275
0.13725491
0.14509805
0.17647059
0.19215687
0.18823530
0.21568628
0.21960784
0.18431373
0.18431373
0.15686275
0.14117648
0.15294118
0.12941177
0.10196079
0.10196079
0.16862746
0.16862746
0.13333334
0.16470589
0.27058825
0.18039216
0.21568628
0.22745098
0.20000000
0.21176471
0.19607843
0.10980392
0.09803922
0.13333334
0.19607843
0.20784314
0.15294118
0.10980392
0.14509805
0.19215687
0.20000000
0.18039216
0.18431373
0.20392157
0.18431373
0.17647059
0.16862746
0.18431373
0.16470589
0.14509805
0.12156863
0.10588235
0.17647059
0.19215687
0.14901961
0.14901961
0.22352941
0.15294118
0.20784314
0.23529412
0.17254902
0.17254902
0.20000000
0.12156863
0.08627451
0.11764706
0.17254902
0.20784314
0.16078432
0.09411765
0.10588235
0.16862746
0.19607843
0.18823530
0.17254902
0.19607843
0.20392157
0.17254902
0.17254902
0.19607843
0.17254902
0.14509805
0.12941177
0.09803922
0.16078432
0.20784314
0.17647059
0.14509805
0.21960784
0.14509805
0.18431373
0.22745098
0.16470589
0.16078432
0.19607843
0.13725491
0.08627451
0.09803922
0.14901961
0.20000000
0.16078432
0.09803922
0.09411765
0.14901961
0.17647059
0.15686275
0.17254902
0.20000000
0.22745098
0.19215687
0.16470589
0.17254902
0.18039216
0.14117648
0.13333334
0.10588235
0.14901961
0.21176471
0.18431373
0.14901961
0.22745098
0.18039216
0.18823530
0.21176471
0.16862746
0.16862746
0.17254902
0.15294118
0.10980392
0.10588235
0.13725491
0.18039216
0.14117648
0.15686275
0.19607843
0.16862746
0.12549020
0.16862746
0.23137255
0.28235295
0.29411766
0.22352941
0.18039216
0.18039216
0.20784314
0.14509805
0.15294118
0.14117648
0.15294118
0.19215687
0.16470589
0.12941177
0.23529412
0.21960784
0.24313726
0.21568628
0.18823530
0.18823530
0.13725491
0.14117648
0.13333334
0.12941177
0.14901961
0.14509805
0.13333334
0.21176471
0.28235295
0.16078432
0.12941177
0.28627452
0.26274511
0.43529412
0.32156864
0.19607843
0.20784314
0.23529412
0.23921569
0.15294118
0.16862746
0.16470589
0.16078432
0.17254902
0.17254902
0.14901961
0.21960784
0.20000000
0.25882354
0.22352941
0.20784314
0.19215687
0.10588235
0.11372549
0.11764706
0.12156863
0.14509805
0.12549020
0.13333334
0.18039216
0.25490198
0.16470589
0.18431373
0.30588236
0.45490196
0.53333336
0.29803923
0.19607843
0.21568628
0.25490198
0.22745098
0.14901961
0.18039216
0.16862746
0.16862746
0.16470589
0.18431373
0.19607843
0.25098041
0.16470589
0.23921569
0.21568628
0.20000000
0.18823530
0.10588235
0.08627451
0.12156863
0.11764706
0.13725491
0.13333334
0.15294118
0.16078432
0.19607843
0.20000000
0.43529412
0.65098041
0.69019610
0.66666669
0.46666667
0.20000000
0.21176471
0.26274511
0.21176471
0.15294118
0.18823530
0.15686275
0.16078432
0.16862746
0.21960784
0.23137255
0.23137255
0.13725491
0.21568628
0.19215687
0.19215687
0.18823530
0.11764706
0.09411765
0.15294118
0.13333334
0.13333334
0.15686275
0.16078432
0.15686275
0.16078432
0.21176471
0.29803923
0.38823530
0.47058824
0.43137255
0.49411765
0.23137255
0.19607843
0.26274511
0.21960784
0.14901961
0.16470589
0.13333334
0.16470589
0.20784314
0.25098041
0.25098041
0.26274511
0.12549020
0.17254902
0.17647059
0.18431373
0.16862746
0.12941177
0.13725491
0.18823530
0.15686275
0.12549020
0.17254902
0.15686275
0.14117648
0.18823530
0.21568628
0.21176471
0.45882353
0.54509807
0.35686275
0.55294120
0.26666668
0.17647059
0.25490198
0.20784314
0.11372549
0.10980392
0.12549020
0.19607843
0.27450982
0.27843139
0.25490198
0.28235295
0.14901961
0.14509805
0.17254902
0.18039216
0.15686275
0.15294118
0.17254902
0.16862746
0.15686275
0.13725491
0.18039216
0.16078432
0.12941177
0.20784314
0.27843139
0.40784314
0.65882355
0.41568628
0.36862746
0.60784316
0.26666668
0.18823530
0.24313726
0.19215687
0.09019608
0.08627451
0.11764706
0.22352941
0.30588236
0.27450982
0.25098041
0.29803923
0.16078432
0.14901961
0.18431373
0.17647059
0.16078432
0.17254902
0.17254902
0.11372549
0.13333334
0.15294118
0.19607843
0.18039216
0.12549020
0.20392157
0.45490196
0.56862748
0.46666667
0.32549021
0.45490196
0.61960787
0.23921569
0.20000000
0.26666668
0.20784314
0.10980392
0.10980392
0.12941177
0.23529412
0.27058825
0.23529412
0.21960784
0.28235295
0.14901961
0.15294118
0.20000000
0.18823530
0.16862746
0.17254902
0.13725491
0.08235294
0.13725491
0.18823530
0.21176471
0.20000000
0.14901961
0.26666668
0.42745098
0.37647060
0.27058825
0.40784314
0.54509807
0.53725493
0.24705882
0.19607843
0.29019609
0.23529412
0.12156863
0.14117648
0.16078432
0.23921569
0.23137255
0.21176471
0.19215687
0.25490198
0.16470589
0.16862746
0.21960784
0.19607843
0.18039216
0.16470589
0.09019608
0.07058824
0.14901961
0.20392157
0.20392157
0.19215687
0.17254902
0.24705882
0.25882354
0.38431373
0.35294119
0.57647061
0.81960785
0.58039218
0.25490198
0.23921569
0.30196080
0.24705882
0.15686275
0.18039216
0.16862746
0.23529412
0.21960784
0.21176471
0.18823530
0.20784314
0.19215687
0.18823530
0.22745098
0.18431373
0.14901961
0.12156863
0.08627451
0.09411765
0.13333334
0.17647059
0.16862746
0.15294118
0.26274511
0.30588236
0.31764707
0.45882353
0.48235294
0.65882355
0.84313726
0.50588238
0.18039216
0.23921569
0.29803923
0.27058825
0.19215687
0.15294118
0.16470589
0.23137255
0.23137255
0.20392157
0.16862746
0.17254902
0.21960784
0.19607843
0.22352941
0.17647059
0.13333334
0.10196079
0.07843138
0.10588235
0.12549020
0.16078432
0.15294118
0.15686275
0.26274511
0.29411766
0.42352942
0.50196081
0.44705883
0.63921571
0.74509805
0.34509805
0.19215687
0.16862746
0.20000000
0.28627452
0.26274511
0.13725491
0.14901961
0.19607843
0.20784314
0.20392157
0.15294118
0.17254902
0.23529412
0.20784314
0.21960784
0.17647059
0.13333334
0.11764706
0.07058824
0.11372549
0.13333334
0.14901961
0.15686275
0.19607843
0.27058825
0.37254903
0.54509807
0.68235296
0.52156866
0.56862748
0.52156866
0.23921569
0.21176471
0.14901961
0.12156863
0.20000000
0.30196080
0.21960784
0.19215687
0.18431373
0.18039216
0.19607843
0.16862746
0.16078432
0.20784314
0.19607843
0.21960784
0.18823530
0.13725491
0.12941177
0.07843138
0.11764706
0.14117648
0.13725491
0.14509805
0.16862746
0.34901962
0.59215689
0.62745100
0.69411767
0.54901963
0.43137255
0.25490198
0.20000000
0.19215687
0.13725491
0.11764706
0.16470589
0.25098041
0.25882354
0.27843139
0.23921569
0.20784314
0.21176471
0.17647059
0.16470589
0.18431373
0.19215687
0.22745098
0.18823530
0.11764706
0.11372549
0.07450981
0.10980392
0.14901961
0.13333334
0.11764706
0.15686275
0.40392157
0.55686277
0.43921569
0.52941179
0.42352942
0.29019609
0.21568628
0.19215687
0.18431373
0.18823530
0.21176471
0.22352941
0.25490198
0.23921569
0.20784314
0.25882354
0.27843139
0.27058825
0.23921569
0.24705882
0.19607843
0.20000000
0.23137255
0.19215687
0.10980392
0.09019608
0.06666667
0.10588235
0.16078432
0.15686275
0.11372549
0.13333334
0.31764707
0.32549021
0.27058825
0.35294119
0.32156864
0.30196080
0.29019609
0.20000000
0.17647059
0.18039216
0.19215687
0.18039216
0.20392157
0.23921569
0.21176471
0.20392157
0.21568628
0.21960784
0.21960784
0.25490198
0.18431373
0.20392157
0.23921569
0.20392157
0.14117648
0.12156863
0.08627451
0.09803922
0.15686275
0.18039216
0.12941177
0.17647059
0.27058825
0.18823530
0.25882354
0.22745098
0.19607843
0.22352941
0.21176471
0.20392157
0.21176471
0.14901961
0.10588235
0.12549020
0.19607843
0.20000000
0.21960784
0.24705882
0.18431373
0.15686275
0.17254902
0.18039216
0.14901961
0.19215687
0.24705882
0.20392157
0.16470589
0.20000000
0.14901961
0.09411765
0.14901961
0.17647059
0.14901961
0.24313726
0.22745098
0.14509805
0.19607843
0.20784314
0.18039216
0.16862746
0.14901961
0.17254902
0.22352941
0.14117648
0.10588235
0.13333334
0.19607843
0.18431373
0.20000000
0.25490198
0.20392157
0.16470589
0.21176471
0.13333334
0.12941177
0.16470589
0.22745098
0.22352941
0.17647059
0.22352941
0.20392157
0.13725491
0.16078432
0.19607843
0.16862746
0.20000000
0.14901961
0.10588235
0.16470589
0.16078432
0.18823530
0.18039216
0.11372549
0.15686275
0.21568628
0.18039216
0.14117648
0.14901961
0.17254902
0.18039216
0.20392157
0.23137255
0.23137255
0.16078432
0.12156863
0.11372549
0.13725491
0.14901961
0.19215687
0.23921569
0.19215687
0.17254902
0.20784314
0.19607843
0.19607843
0.16862746
0.15686275
0.10196079
0.11372549
0.14509805
0.14901961
0.16470589
0.16862746
0.15686275
0.10980392
0.13333334
0.22352941
0.22745098
0.16862746
0.15294118
0.15294118
0.16862746
0.20784314
0.21568628
0.22352941
0.16470589
0.11764706
0.16470589
0.14901961
0.16862746
0.18823530
0.24313726
0.17254902
0.10196079
0.16862746
0.18431373
0.16470589
0.14901961
0.14117648
0.08627451
0.09803922
0.16470589
0.18431373
0.18431373
0.18431373
0.14509805
0.09803922
0.12156863
0.21568628
0.22352941
0.19215687
0.17647059
0.16078432
0.16862746
0.18823530
0.14901961
0.19607843
0.17647059
0.18431373
0.15294118
0.12549020
0.15294118
0.18039216
0.19607843
0.13725491
0.10588235
0.12549020
0.17254902
0.16862746
0.20392157
0.16862746
0.10196079
0.09803922
0.14901961
0.23137255
0.22745098
0.16078432
0.15294118
0.14901961
0.14901961
0.21568628
0.24313726
0.20784314
0.20000000
0.16470589
0.16862746
0.17254902
0.10980392
0.20392157
0.21568628
0.18431373
0.13333334
0.10980392
0.12549020
0.14901961
0.18431373
0.17254902
0.12941177
0.14117648
0.17647059
0.19215687
0.21960784
0.18823530
0.13725491
0.12156863
0.15294118
0.22745098
0.23921569
0.16078432
0.16862746
0.22745098
0.21176471
0.22745098
0.26274511
0.23137255
0.21176471
0.18823530
0.19215687
0.18431373
0.15294118
0.24313726
0.20000000
0.12941177
0.14509805
0.12156863
0.12941177
0.18431373
0.25098041
0.17647059
0.13725491
0.18039216
0.20392157
0.17647059
0.14901961
0.18823530
0.18823530
0.14901961
0.15686275
0.20000000
0.23529412
0.18823530
0.16862746
0.21568628
0.26274511
0.27843139
0.29411766
0.27843139
0.24705882
0.18823530
0.18431373
0.21960784
0.18039216
0.25098041
0.16078432
0.14509805
0.13333334
0.18039216
0.19607843
0.23529412
0.27058825
0.13333334
0.11372549
0.15294118
0.19215687
0.16470589
0.13725491
0.20000000
0.22745098
0.15686275
0.15294118
0.19607843
0.23529412
0.20000000
0.18431373
0.21960784
0.25882354
0.27843139
0.30196080
0.30196080
0.27058825
0.21176471
0.18431373
0.23921569
0.23137255
0.25490198
0.15294118
0.12549020
0.10196079
0.25098041
0.20784314
0.22352941
0.23529412
0.11372549
0.07450981
0.10588235
0.16078432
0.16470589
0.11764706
0.18039216
0.21568628
0.15686275
0.15686275
0.20000000
0.22745098
0.20784314
0.20000000
0.22745098
0.23137255
0.25490198
0.27450982
0.28627452
0.29411766
0.23529412
0.20392157
0.23921569
0.23921569
0.26274511
0.18431373
0.16078432
0.11372549
1 0 -1 0 0 0 0 0 0 0 0
0 1 -1 0 0 0 0 0 0 0 0
0 0 -1 1 0 0 0 0 0 0 0
0 0 -1 0 1 0 0 0 0 0 0
0 0 -1 0 0 1 0 0 0 0 0
0 0 -1 0 0 0 1 0 0 0 0
0 0 -1 0 0 0 0 1 0 0 0
0 0 -1 0 0 0 0 0 1 0 0
0 0 -1 0 0 0 0 0 0 1 0
