0.96078432
0.94901961
0.96862745
0.97647059
0.96862745
0.96470588
0.96470588
0.96862745
0.98431373
0.98039216
0.96862745
0.96078432
0.96078432
0.97254902
0.97647059
0.97647059
0.98039216
0.97647059
0.96470588
0.94509804
0.94117647
0.93725491
0.93333334
0.93725491
0.92941177
0.93725491
0.95294118
0.94117647
0.93725491
0.94901961
0.94901961
0.94901961
0.96470588
0.95294118
0.98039216
0.97647059
0.96862745
0.96470588
0.96470588
0.96862745
0.99215686
0.99215686
0.98431373
0.97647059
0.97647059
0.98039216
0.98039216
0.98039216
0.97647059
0.96470588
0.96078432
0.95686275
0.95294118
0.94901961
0.94509804
0.95294118
0.94117647
0.93725491
0.93725491
0.92156863
0.91764706
0.92941177
0.93333334
0.93333334
0.97254902
0.95686275
0.96078432
0.95686275
0.96470588
0.96078432
0.96078432
0.96862745
0.99215686
0.98823529
0.97647059
0.97647059
0.97647059
0.98431373
0.97254902
0.96078432
0.95294118
0.94117647
0.94117647
0.94117647
0.92549020
0.92156863
0.92549020
0.92941177
0.92549020
0.92156863
0.92549020
0.92549020
0.92156863
0.92941177
0.92549020
0.93333334
0.96470588
0.94509804
0.93725491
0.94117647
0.95294118
0.97254902
0.98039216
0.98431373
0.99607843
0.98431373
0.96470588
0.96078432
0.96470588
0.96078432
0.95686275
0.95686275
0.95294118
0.94901961
0.94509804
0.94509804
0.94509804
0.93333334
0.92156863
0.91372550
0.92156863
0.91764706
0.89411765
0.85098040
0.85098040
0.82352942
0.82745099
0.78823531
0.95686275
0.93725491
0.93333334
0.93333334
0.93725491
0.96078432
0.96862745
0.97647059
0.98431373
0.98823529
0.97647059
0.95294118
0.92941177
0.92549020
0.87843138
0.81176472
0.74509805
0.70980394
0.69803923
0.62352943
0.66274512
0.68235296
0.60392159
0.54901963
0.67058825
0.63137257
0.56862748
0.44705883
0.43921569
0.39215687
0.38431373
0.32156864
0.98039216
0.96862745
0.96078432
0.95294118
0.95686275
0.96470588
0.96078432
0.95294118
0.94509804
0.89411765
0.78823531
0.58431375
0.48627451
0.48235294
0.47058824
0.39215687
0.32156864
0.32549021
0.32549021
0.25882354
0.23529412
0.25882354
0.22745098
0.18823530
0.25882354
0.24705882
0.22352941
0.19215687
0.18823530
0.15294118
0.12156863
0.13725491
0.85882354
0.84313726
0.84313726
0.83137256
0.82352942
0.78431374
0.68235296
0.59215689
0.50980395
0.33333334
0.23921569
0.15294118
0.12549020
0.16078432
0.29411766
0.23137255
0.18823530
0.21568628
0.22745098
0.22745098
0.20392157
0.21568628
0.17647059
0.13333334
0.12549020
0.14901961
0.16862746
0.19607843
0.15686275
0.13725491
0.16078432
0.16078432
0.37254903
0.38431373
0.40392157
0.38039216
0.32941177
0.27058825
0.21568628
0.20000000
0.17254902
0.13725491
0.15294118
0.19607843
0.20000000
0.26274511
0.41960785
0.27058825
0.21568628
0.20000000
0.20000000
0.18823530
0.13333334
0.26274511
0.32156864
0.19215687
0.13333334
0.13333334
0.14901961
0.21960784
0.14901961
0.11764706
0.15294118
0.15294118
0.30588236
0.32156864
0.32156864
0.30588236
0.25098041
0.21176471
0.21960784
0.23529412
0.19215687
0.18823530
0.21568628
0.25098041
0.23137255
0.29019609
0.48235294
0.29019609
0.23921569
0.26274511
0.24313726
0.20000000
0.12941177
0.38431373
0.56862748
0.25098041
0.15294118
0.16078432
0.14509805
0.14509805
0.12549020
0.11764706
0.11372549
0.13333334
0.31764707
0.31372550
0.30588236
0.30196080
0.27450982
0.25882354
0.25882354
0.29411766
0.27843139
0.27450982
0.26666668
0.24313726
0.18823530
0.24313726
0.51764709
0.41568628
0.29019609
0.25490198
0.20000000
0.14117648
0.11764706
0.37647060
0.63529414
0.16862746
0.12549020
0.14117648
0.13333334
0.11372549
0.10196079
0.09803922
0.09411765
0.10588235
0.28627452
0.29019609
0.29019609
0.31764707
0.38039216
0.37647060
0.35686275
0.38823530
0.37647060
0.24313726
0.20000000
0.21568628
0.17647059
0.20392157
0.55294120
0.46274510
0.29411766
0.16470589
0.10980392
0.10196079
0.06666667
0.30980393
0.52549022
0.12941177
0.10980392
0.10196079
0.10980392
0.23921569
0.34509805
0.34117648
0.25882354
0.13333334
0.38431373
0.29803923
0.30196080
0.31764707
0.34509805
0.40000001
0.36470589
0.34117648
0.29803923
0.21960784
0.29803923
0.34509805
0.26274511
0.29019609
0.60000002
0.33725491
0.25490198
0.32549021
0.19215687
0.10588235
0.12941177
0.27450982
0.36470589
0.15686275
0.12156863
0.07450981
0.20784314
0.54117650
0.62745100
0.62745100
0.52549022
0.29411766
0.45490196
0.38431373
0.34509805
0.32549021
0.28627452
0.35294119
0.32941177
0.28627452
0.23137255
0.23137255
0.39607844
0.52549022
0.43137255
0.43921569
0.67058825
0.49803922
0.44313726
0.56470591
0.45098040
0.31372550
0.26274511
0.49803922
0.59215689
0.23529412
0.16078432
0.16470589
0.30196080
0.44313726
0.41960785
0.41176471
0.34117648
0.34117648
0.34901962
0.34117648
0.30588236
0.31764707
0.27843139
0.36862746
0.31764707
0.25490198
0.18039216
0.20392157
0.49019608
0.66666669
0.62352943
0.61960787
0.67450982
0.66666669
0.60392159
0.60784316
0.62745100
0.65098041
0.57254905
0.72549021
0.78431374
0.42352942
0.25882354
0.28235295
0.26274511
0.27058825
0.22352941
0.23921569
0.21568628
0.20000000
0.33333334
0.32156864
0.35686275
0.39607844
0.33333334
0.33725491
0.38039216
0.30980393
0.25882354
0.48235294
0.60000002
0.59215689
0.56470591
0.55686277
0.55686277
0.60000002
0.64313728
0.62745100
0.63137257
0.67058825
0.70196080
0.70980394
0.68627453
0.66274512
0.46274510
0.40000001
0.37254903
0.35686275
0.22352941
0.29411766
0.36862746
0.29019609
0.62745100
0.58039218
0.50196081
0.45490196
0.43921569
0.41960785
0.44313726
0.38039216
0.32941177
0.53333336
0.67450982
0.70196080
0.66666669
0.66666669
0.70588237
0.69803923
0.64313728
0.61176473
0.67450982
0.63921571
0.56470591
0.53333336
0.49411765
0.59215689
0.52941179
0.49019608
0.50196081
0.52941179
0.40784314
0.34117648
0.38823530
0.29411766
0.74117649
0.63529414
0.37254903
0.29803923
0.32941177
0.30196080
0.35686275
0.31764707
0.36470589
0.57254905
0.63137257
0.66666669
0.65490198
0.65882355
0.69803923
0.69803923
0.64705884
0.64705884
0.71372551
0.69019610
0.62745100
0.51764709
0.41568628
0.41960785
0.43921569
0.47058824
0.45098040
0.53333336
0.55294120
0.47450981
0.42352942
0.36862746
0.47843137
0.47450981
0.32549021
0.36078432
0.34901962
0.30980393
0.37254903
0.33333334
0.47843137
0.58823532
0.50588238
0.49803922
0.49803922
0.50588238
0.52549022
0.55294120
0.58823532
0.72156864
0.56862748
0.59607846
0.63529414
0.53725493
0.44705883
0.38039216
0.40392157
0.52941179
0.53725493
0.57254905
0.64705884
0.52549022
0.32941177
0.40000001
0.46274510
0.49803922
0.38823530
0.45882353
0.35686275
0.32941177
0.39215687
0.45882353
0.56078434
0.69019610
0.63137257
0.63137257
0.67058825
0.68235296
0.67450982
0.65098041
0.66274512
0.73333335
0.64705884
0.66666669
0.67058825
0.61960787
0.62352943
0.61960787
0.53333336
0.55294120
0.55294120
0.58431375
0.65490198
0.45882353
0.22352941
0.27058825
0.40392157
0.43529412
0.48235294
0.48627451
0.40392157
0.45098040
0.50980395
0.57254905
0.56078434
0.61568630
0.67058825
0.69411767
0.72941178
0.71764708
0.69019610
0.67450982
0.73725492
0.73333335
0.61568630
0.64705884
0.65098041
0.65098041
0.66666669
0.68627453
0.64705884
0.67058825
0.67450982
0.68627453
0.71764708
0.36470589
0.13333334
0.16862746
0.25882354
0.25882354
0.42352942
0.46274510
0.45490196
0.41960785
0.50196081
0.61960787
0.62745100
0.54901963
0.61176473
0.69019610
0.69411767
0.67058825
0.66666669
0.67058825
0.72941178
0.75294119
0.68627453
0.70980394
0.71372551
0.71372551
0.70588237
0.68627453
0.69411767
0.69803923
0.71372551
0.72549021
0.74117649
0.41960785
0.27450982
0.31372550
0.18823530
0.27450982
0.38431373
0.35294119
0.43137255
0.39607844
0.48627451
0.64705884
0.63921571
0.61960787
0.61568630
0.67058825
0.74901962
0.73333335
0.76078433
0.72549021
0.72941178
0.71372551
0.69803923
0.66666669
0.64705884
0.67058825
0.70588237
0.73725492
0.75294119
0.75686276
0.76862746
0.77647060
0.76078433
0.74117649
0.76862746
0.78431374
0.46666667
0.52156866
0.48235294
0.38823530
0.43921569
0.49411765
0.53333336
0.58431375
0.57647061
0.59607846
0.60784316
0.61568630
0.63529414
0.63137257
0.63921571
0.61960787
0.60392159
0.60000002
0.63137257
0.69019610
0.73725492
0.77647060
0.78039217
0.77647060
0.78039217
0.77647060
0.77647060
0.72941178
0.55294120
0.66666669
0.79215688
0.81176472
0.53333336
0.52941179
0.49019608
0.40000001
0.46666667
0.53725493
0.57254905
0.58431375
0.58823532
0.58431375
0.58039218
0.56470591
0.54509807
0.55294120
0.56078434
0.57647061
0.60000002
0.63137257
0.67450982
0.70588237
0.75294119
0.77647060
0.78039217
0.77254903
0.76078433
0.70588237
0.63921571
0.52941179
0.41568628
0.60392159
0.76078433
0.78431374
0.43921569
0.33333334
0.23137255
0.17647059
0.41960785
0.52941179
0.55686277
0.49411765
0.41176471
0.53333336
0.52156866
0.50588238
0.47843137
0.47843137
0.49019608
0.52156866
0.56862748
0.61960787
0.66666669
0.70588237
0.74117649
0.75294119
0.72941178
0.65882355
0.53333336
0.45490196
0.43137255
0.42745098
0.49411765
0.64705884
0.77647060
0.83137256
0.21568628
0.11372549
0.03529412
0.00784314
0.27450982
0.54509807
0.54901963
0.39607844
0.33725491
0.50196081
0.47058824
0.45098040
0.45882353
0.48235294
0.52549022
0.57254905
0.60392159
0.61568630
0.61960787
0.61568630
0.58431375
0.50980395
0.45098040
0.42352942
0.38431373
0.37647060
0.42352942
0.47450981
0.55686277
0.69803923
0.75294119
0.75294119
0.14117648
0.07450981
0.03137255
0.01568628
0.09803922
0.54117650
0.61960787
0.54901963
0.54117650
0.52549022
0.52156866
0.50980395
0.49803922
0.47843137
0.45098040
0.43137255
0.40392157
0.36078432
0.32549021
0.29803923
0.32156864
0.36862746
0.39215687
0.40784314
0.41960785
0.43529412
0.46666667
0.52156866
0.61176473
0.72549021
0.72156864
0.70980394
0.05882353
0.02745098
0.01176471
0.02352941
0.00000000
0.43921569
0.71764708
0.61960787
0.55294120
0.47450981
0.40000001
0.32156864
0.26666668
0.22352941
0.20000000
0.19607843
0.20392157
0.23137255
0.27450982
0.32156864
0.37254903
0.40392157
0.41960785
0.43137255
0.44705883
0.46666667
0.51764709
0.58039218
0.64705884
0.70196080
0.71764708
0.72549021
0.01176471
0.00000000
0.00392157
0.02745098
0.00000000
0.25882354
0.49411765
0.32941177
0.22352941
0.17254902
0.15686275
0.14901961
0.15686275
0.17647059
0.21176471
0.24705882
0.27450982
0.30196080
0.32156864
0.35686275
0.40392157
0.42745098
0.43529412
0.43921569
0.45882353
0.49803922
0.55294120
0.60000002
0.65882355
0.71372551
0.73333335
0.72156864
0.03137255
0.05490196
0.11764706
0.21176471
0.25882354
0.28235295
0.17647059
0.16470589
0.19215687
0.21568628
0.23137255
0.24313726
0.25882354
0.26274511
0.27058825
0.28627452
0.30588236
0.33333334
0.36862746
0.40784314
0.43529412
0.43137255
0.43137255
0.44313726
0.47058824
0.52941179
0.58431375
0.62352943
0.67843139
0.71764708
0.72549021
0.72156864
0.21176471
0.29019609
0.38039216
0.43921569
0.45490196
0.38823530
0.29411766
0.27450982
0.26666668
0.27843139
0.27450982
0.27058825
0.28627452
0.30588236
0.32549021
0.34117648
0.36078432
0.38431373
0.41176471
0.43137255
0.44313726
0.44705883
0.45098040
0.47058824
0.52156866
0.56862748
0.61176473
0.65882355
0.69019610
0.72549021
0.74901962
0.75294119
0.43921569
0.47058824
0.48627451
0.50196081
0.46274510
0.35686275
0.30196080
0.26274511
0.25882354
0.28627452
0.30980393
0.33725491
0.36078432
0.38039216
0.39215687
0.38823530
0.40000001
0.41176471
0.42745098
0.43529412
0.43921569
0.44705883
0.46666667
0.50196081
0.55294120
0.59215689
0.65882355
0.70588237
0.73333335
0.75686276
0.76470590
0.74509805
0.97647059
0.96470588
0.98431373
0.98431373
0.97647059
0.97254902
0.97254902
0.97254902
0.98431373
0.98039216
0.96862745
0.96078432
0.96078432
0.97254902
0.97647059
0.97647059
0.98431373
0.98431373
0.97254902
0.95294118
0.94901961
0.94117647
0.93725491
0.94117647
0.94117647
0.95686275
0.97254902
0.96078432
0.95686275
0.96470588
0.96470588
0.96470588
0.98039216
0.96862745
0.99607843
0.98823529
0.97647059
0.97254902
0.97254902
0.97254902
0.99215686
0.99215686
0.98431373
0.97647059
0.97647059
0.98039216
0.98039216
0.98039216
0.98431373
0.97254902
0.96862745
0.96470588
0.95686275
0.95294118
0.94901961
0.95686275
0.95686275
0.96470588
0.96862745
0.95294118
0.94509804
0.94117647
0.94509804
0.94509804
0.98431373
0.96862745
0.97254902
0.96470588
0.97254902
0.96862745
0.96862745
0.97254902
0.99215686
0.98823529
0.97647059
0.97647059
0.97647059
0.98431373
0.97254902
0.96078432
0.96078432
0.94901961
0.94901961
0.94901961
0.92941177
0.92549020
0.92941177
0.93333334
0.93725491
0.94509804
0.94509804
0.94901961
0.94117647
0.94117647
0.93725491
0.94509804
0.97647059
0.95686275
0.94901961
0.94901961
0.96078432
0.98039216
0.98823529
0.98823529
0.99607843
0.98431373
0.96470588
0.96078432
0.96470588
0.96078432
0.95686275
0.95686275
0.95686275
0.95294118
0.94901961
0.94901961
0.94901961
0.93725491
0.92549020
0.91764706
0.92941177
0.92156863
0.90196079
0.85490197
0.85882354
0.83529413
0.84313726
0.80392158
0.97254902
0.94901961
0.94509804
0.94117647
0.94509804
0.96862745
0.97647059
0.98039216
0.98431373
0.98823529
0.97647059
0.95294118
0.92941177
0.92549020
0.87843138
0.81176472
0.74901962
0.71372551
0.70196080
0.63137257
0.66666669
0.68627453
0.60784316
0.55294120
0.67450982
0.62352943
0.56078434
0.43921569
0.43529412
0.40784314
0.40392157
0.33725491
1.00000000
0.98039216
0.96862745
0.96078432
0.96470588
0.97254902
0.97254902
0.95686275
0.94509804
0.89411765
0.78823531
0.58431375
0.48627451
0.48235294
0.47058824
0.39215687
0.33333334
0.34509805
0.34901962
0.28627452
0.25882354
0.27058825
0.23137255
0.20784314
0.27843139
0.25098041
0.22745098
0.19607843
0.19215687
0.16862746
0.14117648
0.15294118
0.88627452
0.85882354
0.85098040
0.84705883
0.83921570
0.80000001
0.70196080
0.60784316
0.51372552
0.33333334
0.23921569
0.15294118
0.12549020
0.16078432
0.29411766
0.23137255
0.20392157
0.24313726
0.26274511
0.26666668
0.24313726
0.23137255
0.17647059
0.15686275
0.15686275
0.16862746
0.18823530
0.21568628
0.17647059
0.15294118
0.17647059
0.17647059
0.41176471
0.41568628
0.42745098
0.41176471
0.36470589
0.30588236
0.25098041
0.22745098
0.18039216
0.14509805
0.15686275
0.20000000
0.20000000
0.26274511
0.41960785
0.27058825
0.21960784
0.20784314
0.21960784
0.21176471
0.15294118
0.26666668
0.31372550
0.19607843
0.14901961
0.15294118
0.16862746
0.23921569
0.16862746
0.13725491
0.16862746
0.16862746
0.35294119
0.35686275
0.34509805
0.34117648
0.29019609
0.24705882
0.26274511
0.26274511
0.20000000
0.19607843
0.22352941
0.25490198
0.23529412
0.29411766
0.48627451
0.29411766
0.23529412
0.26274511
0.25098041
0.20784314
0.13725491
0.38431373
0.56470591
0.24705882
0.16078432
0.18039216
0.16470589
0.16470589
0.14509805
0.13333334
0.12941177
0.14901961
0.34901962
0.33725491
0.31764707
0.32156864
0.30196080
0.27843139
0.28627452
0.31764707
0.28627452
0.28235295
0.27450982
0.24705882
0.19215687
0.24313726
0.52156866
0.41568628
0.28627452
0.25098041
0.20000000
0.14901961
0.11764706
0.37647060
0.64313728
0.16862746
0.12941177
0.15686275
0.15294118
0.13333334
0.12156863
0.11372549
0.10980392
0.12156863
0.29803923
0.29411766
0.28235295
0.32156864
0.38823530
0.38039216
0.36470589
0.39607844
0.38431373
0.25098041
0.20392157
0.21960784
0.17254902
0.20392157
0.55294120
0.46274510
0.29411766
0.16470589
0.11764706
0.11764706
0.07058824
0.32549021
0.55686277
0.14901961
0.11764706
0.11764706
0.12941177
0.25882354
0.36470589
0.35686275
0.27843139
0.14901961
0.37647060
0.28627452
0.29019609
0.30588236
0.32549021
0.38823530
0.35686275
0.34117648
0.30196080
0.21960784
0.30196080
0.34901962
0.26274511
0.29019609
0.60000002
0.33725491
0.25882354
0.33333334
0.20392157
0.12549020
0.13725491
0.29019609
0.39607844
0.18039216
0.13333334
0.09411765
0.22352941
0.56078434
0.64313728
0.63921571
0.53333336
0.30196080
0.43921569
0.36862746
0.34509805
0.30588236
0.25490198
0.32941177
0.31764707
0.27843139
0.22745098
0.22352941
0.39607844
0.53333336
0.43529412
0.43921569
0.67450982
0.50196081
0.45490196
0.57647061
0.46274510
0.32941177
0.26274511
0.49803922
0.59607846
0.23529412
0.16078432
0.16862746
0.30588236
0.44705883
0.42352942
0.41960785
0.34901962
0.34509805
0.32549021
0.31372550
0.29019609
0.29019609
0.25098041
0.34901962
0.30980393
0.24705882
0.16862746
0.20000000
0.49411765
0.67450982
0.62745100
0.62352943
0.67843139
0.67058825
0.61568630
0.61960787
0.63921571
0.66274512
0.57647061
0.72156864
0.77647060
0.41960785
0.24705882
0.26666668
0.24705882
0.25098041
0.21176471
0.25490198
0.23137255
0.21960784
0.30588236
0.29019609
0.30588236
0.34901962
0.29803923
0.31372550
0.36862746
0.29019609
0.23529412
0.48235294
0.61176473
0.59607846
0.56862748
0.56078434
0.56078434
0.60392159
0.65098041
0.63921571
0.64313728
0.68235296
0.70588237
0.70588237
0.68235296
0.65882355
0.44313726
0.36078432
0.33333334
0.31764707
0.18431373
0.27058825
0.34901962
0.27843139
0.61568630
0.55294120
0.42352942
0.38039216
0.38823530
0.37647060
0.41176471
0.33725491
0.29019609
0.54509807
0.70196080
0.70980394
0.67058825
0.67058825
0.70588237
0.70196080
0.65490198
0.62352943
0.68627453
0.65098041
0.56862748
0.52941179
0.49411765
0.59607846
0.50980395
0.45098040
0.46274510
0.49411765
0.36078432
0.25098041
0.30588236
0.22745098
0.76078433
0.62745100
0.28627452
0.18823530
0.23921569
0.22352941
0.28627452
0.24313726
0.31372550
0.58823532
0.66666669
0.67450982
0.65882355
0.66274512
0.70196080
0.70196080
0.65490198
0.65882355
0.72549021
0.70196080
0.63137257
0.51764709
0.41568628
0.41960785
0.43137255
0.45490196
0.43529412
0.52156866
0.51764709
0.37254903
0.32941177
0.29803923
0.51764709
0.48235294
0.25098041
0.24705882
0.24313726
0.21176471
0.28627452
0.24705882
0.42745098
0.61176473
0.54509807
0.50980395
0.49803922
0.50588238
0.52941179
0.55686277
0.59607846
0.73333335
0.58039218
0.60784316
0.64313728
0.54117650
0.45098040
0.38431373
0.40784314
0.53725493
0.54509807
0.58431375
0.63921571
0.46274510
0.27058825
0.36862746
0.49019608
0.51764709
0.36470589
0.41960785
0.32156864
0.29411766
0.36078432
0.43529412
0.56078434
0.71372551
0.65882355
0.65098041
0.67450982
0.68627453
0.67843139
0.65490198
0.67843139
0.75686276
0.67058825
0.69019610
0.69411767
0.64313728
0.64705884
0.64705884
0.55294120
0.56470591
0.56862748
0.60000002
0.66274512
0.43529412
0.19215687
0.24313726
0.41176471
0.45098040
0.47843137
0.49411765
0.43137255
0.47058824
0.52941179
0.60000002
0.59607846
0.64705884
0.70588237
0.72549021
0.75686276
0.74509805
0.71764708
0.70196080
0.75294119
0.74509805
0.63137257
0.65882355
0.66666669
0.66666669
0.68235296
0.70588237
0.66274512
0.68235296
0.68627453
0.69803923
0.72549021
0.35686275
0.11372549
0.13333334
0.25098041
0.25882354
0.41176471
0.46666667
0.47843137
0.43921569
0.52156866
0.63529414
0.63921571
0.56078434
0.62745100
0.70588237
0.72156864
0.70196080
0.69411767
0.69803923
0.73333335
0.74901962
0.68627453
0.70980394
0.71764708
0.71764708
0.70588237
0.68627453
0.70196080
0.71372551
0.72941178
0.74117649
0.75294119
0.41960785
0.26666668
0.29411766
0.16862746
0.25490198
0.36470589
0.33333334
0.41176471
0.37647060
0.46274510
0.61568630
0.60392159
0.58039218
0.57254905
0.63921571
0.73333335
0.71764708
0.74509805
0.71372551
0.72549021
0.70980394
0.69411767
0.66274512
0.64313728
0.66666669
0.70196080
0.72941178
0.75686276
0.78039217
0.79215688
0.80000001
0.78039217
0.75686276
0.77254903
0.77647060
0.42745098
0.47843137
0.45098040
0.36078432
0.41176471
0.46274510
0.50196081
0.54509807
0.52941179
0.55294120
0.56078434
0.57254905
0.60392159
0.60392159
0.61176473
0.59607846
0.60000002
0.60392159
0.63529414
0.69019610
0.74117649
0.77647060
0.78039217
0.77647060
0.79215688
0.80784315
0.80784315
0.76470590
0.58823532
0.69411767
0.81176472
0.81960785
0.48235294
0.47058824
0.45098040
0.40392157
0.48627451
0.55294120
0.58823532
0.59607846
0.60000002
0.59607846
0.59215689
0.58039218
0.56862748
0.57647061
0.58431375
0.60000002
0.62352943
0.65490198
0.69411767
0.72549021
0.77254903
0.79607844
0.80000001
0.79215688
0.78823531
0.74117649
0.67450982
0.56862748
0.45098040
0.64313728
0.78823531
0.80000001
0.39215687
0.28235295
0.19607843
0.18823530
0.46666667
0.58431375
0.60392159
0.53725493
0.45490196
0.57647061
0.56862748
0.55294120
0.53725493
0.53725493
0.54901963
0.57647061
0.61176473
0.65882355
0.70588237
0.74509805
0.78039217
0.79215688
0.76862746
0.70196080
0.58039218
0.51372552
0.48627451
0.47450981
0.53333336
0.68235296
0.80784315
0.85490197
0.18039216
0.08627451
0.01176471
0.00000000
0.29803923
0.60000002
0.60392159
0.43529412
0.37647060
0.54117650
0.50980395
0.49411765
0.50588238
0.53333336
0.57647061
0.62352943
0.65098041
0.66274512
0.66666669
0.66274512
0.63137257
0.56078434
0.49803922
0.47058824
0.44705883
0.45882353
0.49411765
0.52941179
0.60000002
0.73333335
0.78823531
0.78823531
0.11372549
0.05490196
0.02352941
0.00000000
0.09803922
0.58431375
0.68235296
0.60392159
0.58823532
0.57254905
0.56862748
0.56078434
0.54901963
0.52941179
0.50196081
0.47843137
0.45098040
0.41176471
0.37647060
0.34901962
0.37254903
0.41960785
0.44313726
0.45882353
0.48235294
0.50980395
0.53333336
0.57254905
0.65490198
0.76078433
0.75686276
0.74509805
0.04313726
0.02352941
0.01176471
0.01568628
0.00000000
0.48235294
0.77647060
0.67450982
0.60392159
0.52549022
0.44705883
0.36862746
0.31764707
0.27843139
0.25490198
0.25098041
0.25882354
0.29019609
0.33725491
0.38431373
0.43137255
0.46666667
0.48235294
0.49411765
0.51372552
0.53725493
0.57647061
0.62745100
0.69019610
0.74117649
0.75294119
0.76078433
0.01176471
0.00392157
0.01176471
0.04705882
0.02745098
0.31372550
0.55294120
0.37647060
0.27450982
0.22352941
0.20392157
0.20392157
0.22352941
0.24705882
0.28235295
0.31764707
0.34509805
0.37254903
0.39607844
0.43137255
0.47843137
0.49803922
0.50588238
0.50980395
0.52941179
0.56862748
0.61568630
0.64705884
0.70588237
0.74901962
0.76862746
0.75686276
0.03529412
0.06666667
0.13333334
0.26274511
0.34509805
0.37254903
0.24313726
0.21960784
0.25490198
0.27843139
0.29411766
0.30980393
0.33725491
0.34117648
0.34901962
0.36470589
0.38431373
0.41176471
0.44705883
0.48627451
0.50980395
0.50588238
0.50196081
0.51372552
0.54509807
0.60000002
0.64705884
0.67450982
0.72549021
0.75294119
0.76078433
0.75686276
0.25490198
0.34117648
0.43921569
0.51764709
0.55686277
0.48627451
0.36862746
0.34117648
0.34509805
0.36078432
0.35294119
0.34901962
0.36862746
0.38823530
0.40784314
0.42352942
0.43921569
0.46274510
0.49411765
0.51372552
0.52549022
0.52156866
0.52549022
0.54509807
0.59215689
0.63137257
0.66666669
0.70588237
0.72941178
0.76078433
0.78431374
0.78823531
0.53725493
0.58039218
0.60784316
0.60392159
0.53725493
0.41960785
0.37647060
0.34901962
0.34509805
0.37254903
0.40000001
0.42352942
0.44705883
0.46274510
0.47450981
0.47450981
0.47843137
0.49411765
0.51764709
0.52941179
0.53333336
0.54117650
0.55294120
0.58039218
0.61960787
0.64705884
0.70196080
0.74117649
0.76470590
0.79215688
0.80000001
0.78039217
0.98039216
0.96862745
0.98823529
0.98431373
0.97254902
0.96862745
0.96862745
0.97254902
0.98431373
0.98039216
0.96862745
0.96078432
0.95294118
0.96470588
0.96862745
0.96862745
0.96862745
0.96862745
0.95294118
0.93725491
0.94509804
0.94901961
0.94509804
0.94901961
0.94117647
0.94901961
0.96470588
0.94901961
0.94901961
0.96470588
0.96470588
0.96470588
0.98823529
0.97647059
1.00000000
0.98823529
0.97254902
0.96862745
0.96862745
0.97254902
0.99215686
0.99215686
0.98431373
0.97647059
0.96862745
0.97254902
0.97254902
0.97254902
0.97254902
0.96470588
0.96078432
0.95294118
0.96078432
0.96078432
0.95686275
0.96470588
0.95294118
0.94509804
0.94901961
0.92941177
0.93333334
0.95686275
0.96470588
0.96470588
1.00000000
0.98431373
0.98823529
0.97254902
0.96470588
0.96470588
0.96470588
0.96862745
0.99215686
0.98823529
0.97647059
0.97647059
0.96862745
0.97647059
0.96470588
0.95294118
0.95294118
0.94509804
0.94509804
0.94509804
0.93333334
0.93333334
0.93725491
0.94117647
0.94509804
0.96078432
0.96470588
0.96470588
0.96078432
0.96862745
0.96078432
0.96862745
1.00000000
0.98039216
0.97647059
0.95686275
0.95686275
0.98039216
0.98431373
0.98823529
0.99607843
0.98431373
0.96862745
0.95686275
0.95686275
0.95294118
0.94901961
0.94901961
0.96078432
0.96078432
0.95686275
0.95686275
0.95686275
0.94509804
0.93333334
0.92156863
0.94117647
0.94901961
0.92549020
0.88235295
0.88235295
0.85098040
0.85490197
0.81568629
1.00000000
0.97647059
0.97254902
0.94901961
0.94117647
0.96862745
0.97647059
0.97647059
0.98431373
0.98823529
0.97647059
0.95294118
0.92156863
0.91764706
0.87058824
0.80392158
0.75686276
0.72941178
0.71764708
0.64313728
0.67843139
0.69411767
0.61568630
0.56078434
0.67058825
0.60784316
0.54117650
0.41960785
0.41960785
0.40000001
0.39607844
0.33333334
1.00000000
1.00000000
0.98823529
0.97254902
0.97647059
0.99215686
0.97647059
0.95686275
0.94509804
0.89411765
0.78823531
0.58039218
0.47058824
0.46666667
0.45490196
0.38039216
0.33333334
0.35686275
0.36470589
0.31372550
0.29019609
0.28627452
0.22352941
0.19215687
0.25882354
0.21960784
0.19607843
0.16078432
0.16470589
0.15686275
0.12941177
0.14509805
0.89803922
0.87058824
0.86274511
0.85490197
0.86274511
0.83137256
0.71764708
0.60000002
0.50588238
0.32941177
0.23137255
0.14117648
0.09803922
0.12941177
0.26666668
0.20392157
0.18039216
0.23137255
0.26666668
0.29019609
0.27843139
0.24313726
0.15294118
0.12549020
0.13725491
0.15294118
0.17254902
0.20000000
0.16078432
0.14901961
0.17254902
0.17254902
0.42352942
0.41960785
0.42745098
0.41176471
0.38039216
0.32549021
0.24705882
0.20000000
0.14901961
0.11372549
0.12549020
0.16862746
0.15686275
0.21960784
0.37647060
0.22352941
0.16862746
0.16470589
0.19607843
0.20392157
0.15294118
0.25098041
0.28627452
0.17254902
0.13333334
0.14117648
0.15294118
0.22352941
0.15686275
0.12941177
0.16470589
0.16470589
0.35686275
0.35294119
0.33725491
0.32941177
0.29019609
0.25490198
0.24313726
0.21960784
0.15294118
0.14901961
0.17647059
0.20784314
0.18039216
0.23921569
0.43529412
0.23921569
0.16470589
0.19607843
0.20392157
0.18039216
0.10588235
0.34901962
0.53725493
0.23137255
0.14509805
0.16470589
0.14901961
0.14901961
0.12941177
0.12549020
0.12549020
0.14509805
0.34901962
0.33333334
0.30588236
0.30196080
0.29019609
0.27843139
0.25490198
0.26666668
0.23529412
0.23137255
0.22745098
0.19607843
0.14117648
0.19215687
0.47058824
0.36470589
0.21568628
0.18823530
0.15686275
0.12156863
0.09019608
0.35294119
0.62745100
0.14901961
0.10980392
0.14117648
0.13725491
0.11764706
0.10588235
0.10588235
0.10588235
0.11764706
0.30196080
0.29019609
0.27058825
0.29803923
0.37254903
0.37254903
0.33333334
0.34901962
0.34509805
0.21568628
0.16862746
0.18431373
0.14117648
0.16862746
0.51764709
0.42352942
0.24705882
0.12941177
0.09803922
0.11372549
0.07058824
0.32941177
0.56470591
0.12549020
0.08627451
0.10196079
0.11372549
0.23921569
0.34901962
0.35294119
0.27450982
0.14509805
0.36862746
0.27843139
0.26666668
0.27450982
0.30588236
0.36862746
0.31764707
0.29411766
0.26666668
0.19215687
0.27450982
0.32156864
0.23529412
0.26274511
0.57647061
0.30980393
0.22745098
0.30196080
0.18431373
0.11764706
0.14117648
0.30588236
0.40392157
0.15294118
0.10196079
0.08235294
0.21568628
0.54901963
0.63529414
0.63529414
0.53333336
0.29411766
0.40000001
0.34117648
0.29803923
0.25882354
0.21568628
0.29019609
0.27058825
0.22745098
0.18039216
0.18823530
0.36862746
0.50588238
0.40392157
0.41176471
0.64313728
0.47058824
0.41176471
0.53333336
0.42352942
0.29019609
0.24313726
0.49019608
0.58823532
0.21960784
0.14509805
0.16470589
0.30196080
0.44313726
0.42352942
0.41960785
0.35294119
0.32549021
0.27843139
0.27843139
0.23137255
0.23137255
0.20000000
0.29803923
0.25490198
0.19215687
0.12156863
0.16078432
0.46274510
0.64705884
0.59607846
0.59215689
0.64705884
0.63921571
0.57254905
0.57647061
0.59607846
0.61960787
0.54901963
0.70196080
0.76078433
0.40392157
0.22745098
0.24313726
0.21960784
0.22745098
0.18431373
0.22745098
0.20784314
0.17647059
0.26666668
0.25490198
0.25098041
0.29019609
0.24705882
0.25882354
0.30980393
0.23529412
0.19215687
0.43921569
0.57647061
0.57254905
0.53725493
0.52941179
0.52941179
0.57254905
0.61568630
0.60392159
0.60784316
0.64705884
0.67843139
0.68627453
0.66274512
0.63921571
0.41176471
0.30980393
0.28235295
0.26666668
0.13333334
0.21960784
0.30980393
0.21960784
0.58823532
0.52941179
0.38039216
0.32941177
0.33333334
0.32156864
0.34901962
0.28627452
0.25098041
0.49803922
0.66274512
0.68235296
0.63921571
0.63921571
0.67450982
0.67450982
0.62352943
0.59607846
0.65882355
0.62352943
0.53725493
0.49803922
0.45882353
0.56470591
0.47058824
0.39215687
0.40392157
0.43529412
0.30196080
0.20000000
0.27058825
0.18039216
0.75686276
0.61960787
0.26274511
0.14901961
0.18823530
0.17254902
0.23137255
0.20000000
0.27843139
0.54117650
0.62352943
0.65098041
0.62745100
0.63137257
0.67058825
0.67058825
0.62745100
0.63529414
0.70196080
0.67843139
0.60000002
0.47843137
0.37647060
0.38039216
0.38823530
0.40784314
0.38823530
0.47450981
0.46666667
0.32156864
0.29411766
0.25882354
0.52549022
0.49019608
0.24313726
0.21568628
0.19607843
0.16470589
0.23529412
0.20784314
0.39607844
0.56470591
0.50196081
0.48235294
0.47058824
0.47843137
0.50196081
0.52549022
0.57254905
0.71372551
0.55686277
0.58823532
0.60784316
0.49411765
0.40784314
0.34117648
0.37254903
0.50588238
0.51764709
0.55294120
0.60000002
0.40000001
0.22745098
0.32156864
0.47058824
0.50588238
0.33333334
0.36862746
0.27450982
0.25490198
0.32549021
0.40784314
0.53725493
0.68235296
0.63137257
0.62352943
0.65490198
0.66666669
0.65882355
0.63529414
0.66274512
0.73725492
0.65098041
0.67058825
0.66274512
0.60392159
0.60784316
0.60784316
0.51764709
0.54117650
0.54117650
0.57254905
0.63137257
0.38431373
0.14509805
0.20000000
0.37254903
0.41960785
0.42745098
0.43137255
0.37254903
0.42352942
0.49411765
0.56862748
0.56470591
0.61960787
0.67450982
0.69803923
0.72941178
0.72156864
0.69019610
0.67450982
0.73725492
0.73333335
0.61568630
0.64705884
0.64705884
0.64313728
0.65490198
0.67843139
0.63529414
0.65882355
0.66274512
0.67450982
0.69803923
0.30980393
0.07058824
0.09411765
0.20000000
0.21176471
0.35686275
0.40392157
0.41960785
0.39215687
0.48627451
0.60784316
0.61176473
0.53725493
0.60000002
0.68235296
0.69411767
0.67058825
0.66666669
0.67058825
0.72156864
0.74117649
0.67843139
0.70196080
0.70196080
0.69803923
0.68627453
0.66666669
0.68235296
0.69019610
0.70588237
0.71764708
0.72941178
0.38039216
0.22745098
0.25490198
0.10588235
0.19215687
0.30196080
0.27843139
0.36862746
0.34509805
0.44313726
0.60392159
0.58823532
0.56470591
0.56078434
0.62352943
0.72156864
0.70588237
0.73333335
0.69803923
0.71764708
0.70196080
0.68627453
0.65490198
0.63137257
0.65882355
0.69019610
0.72156864
0.74509805
0.76470590
0.77254903
0.78039217
0.75686276
0.71372551
0.73333335
0.74117649
0.34901962
0.39607844
0.38039216
0.30980393
0.37254903
0.43137255
0.48235294
0.53333336
0.50588238
0.52941179
0.54117650
0.55686277
0.59607846
0.59607846
0.60000002
0.58823532
0.59215689
0.59215689
0.62352943
0.68235296
0.73725492
0.77647060
0.77647060
0.77254903
0.78431374
0.79607844
0.79607844
0.75294119
0.56862748
0.65490198
0.77254903
0.78431374
0.39607844
0.37647060
0.38039216
0.34117648
0.43137255
0.50588238
0.55686277
0.56078434
0.55294120
0.55294120
0.54901963
0.53725493
0.54117650
0.54901963
0.55686277
0.57254905
0.60392159
0.63921571
0.67843139
0.70980394
0.76470590
0.79607844
0.79607844
0.78823531
0.78039217
0.72941178
0.66666669
0.55686277
0.43529412
0.60784316
0.75686276
0.77254903
0.31372550
0.21960784
0.16078432
0.14117648
0.40784314
0.53725493
0.57254905
0.50980395
0.41960785
0.54117650
0.52941179
0.51764709
0.49411765
0.49411765
0.50588238
0.53725493
0.59215689
0.64705884
0.69411767
0.73333335
0.76862746
0.78039217
0.75686276
0.69019610
0.56078434
0.47450981
0.45490196
0.45882353
0.51764709
0.65490198
0.78431374
0.83137256
0.12156863
0.05882353
0.01176471
0.00000000
0.28235295
0.56862748
0.56078434
0.40392157
0.34901962
0.51372552
0.48235294
0.46274510
0.47058824
0.49803922
0.53725493
0.58823532
0.63137257
0.65098041
0.65490198
0.65098041
0.61176473
0.53725493
0.47450981
0.44705883
0.40784314
0.40000001
0.45098040
0.50980395
0.58823532
0.71372551
0.76862746
0.76862746
0.07450981
0.03137255
0.01176471
0.01960784
0.11764706
0.56470591
0.62745100
0.54901963
0.54117650
0.52941179
0.52549022
0.51764709
0.52941179
0.50980395
0.48235294
0.45882353
0.43137255
0.39215687
0.35686275
0.33333334
0.34509805
0.38431373
0.40784314
0.42352942
0.44705883
0.48235294
0.51764709
0.57254905
0.65882355
0.74117649
0.73725492
0.72549021
0.02745098
0.01176471
0.00392157
0.01568628
0.00392157
0.47450981
0.77254903
0.67058825
0.58431375
0.50588238
0.43137255
0.35294119
0.30588236
0.26666668
0.24313726
0.23529412
0.23137255
0.25882354
0.30588236
0.35294119
0.39607844
0.42745098
0.43921569
0.45098040
0.48627451
0.53725493
0.58039218
0.63921571
0.69803923
0.72156864
0.72941178
0.74117649
0.00392157
0.00000000
0.01176471
0.02745098
0.00000000
0.31372550
0.60392159
0.42745098
0.28627452
0.23921569
0.21960784
0.21176471
0.20784314
0.22745098
0.26274511
0.29411766
0.30980393
0.33333334
0.35686275
0.38823530
0.44313726
0.47058824
0.47450981
0.48235294
0.51764709
0.57647061
0.62352943
0.65490198
0.70196080
0.73333335
0.74901962
0.73725492
0.01960784
0.07058824
0.16078432
0.27450982
0.34117648
0.37647060
0.26666668
0.22745098
0.23529412
0.25490198
0.27058825
0.28235295
0.29803923
0.30196080
0.30980393
0.32156864
0.33725491
0.36470589
0.40000001
0.43921569
0.48627451
0.50196081
0.49803922
0.50588238
0.54509807
0.60784316
0.64705884
0.66666669
0.70980394
0.73725492
0.74117649
0.73725492
0.24313726
0.36470589
0.48235294
0.56862748
0.58431375
0.47450981
0.33333334
0.28627452
0.27843139
0.29019609
0.28627452
0.28235295
0.31372550
0.33725491
0.35686275
0.37254903
0.40000001
0.42352942
0.45490196
0.47843137
0.51764709
0.53333336
0.53333336
0.54901963
0.59607846
0.63529414
0.66274512
0.68627453
0.70588237
0.74117649
0.76470590
0.76862746
0.55686277
0.62352943
0.64313728
0.62745100
0.53725493
0.38431373
0.32549021
0.29411766
0.28235295
0.30980393
0.33333334
0.36078432
0.39607844
0.41568628
0.42745098
0.42745098
0.45098040
0.47450981
0.50588238
0.52156866
0.54117650
0.55686277
0.56078434
0.58039218
0.61960787
0.64705884
0.70196080
0.72941178
0.74509805
0.77254903
0.78039217
0.76078433
1 0 0 0 0 0 0 0 -1 0 0
0 1 0 0 0 0 0 0 -1 0 0
0 0 1 0 0 0 0 0 -1 0 0
0 0 0 1 0 0 0 0 -1 0 0
0 0 0 0 1 0 0 0 -1 0 0
0 0 0 0 0 1 0 0 -1 0 0
0 0 0 0 0 0 1 0 -1 0 0
0 0 0 0 0 0 0 1 -1 0 0
0 0 0 0 0 0 0 0 -1 1 0
