0.69019610
0.68627453
0.70196080
0.70196080
0.71372551
0.70588237
0.69411767
0.68235296
0.68235296
0.68235296
0.67450982
0.67450982
0.76078433
0.78823531
0.77254903
0.73333335
0.79215688
0.82352942
0.82745099
0.82745099
0.81960785
0.82352942
0.82745099
0.84313726
0.85882354
0.84705883
0.76862746
0.71372551
0.73725492
0.71764708
0.69019610
0.64313728
0.69019610
0.68627453
0.70588237
0.69411767
0.71372551
0.69803923
0.69411767
0.69019610
0.68235296
0.68235296
0.67450982
0.67058825
0.75686276
0.79215688
0.77647060
0.74117649
0.81176472
0.84313726
0.85098040
0.85490197
0.83921570
0.82352942
0.81568629
0.83137256
0.84705883
0.85098040
0.80784315
0.77647060
0.76470590
0.73725492
0.70196080
0.67450982
0.69019610
0.69411767
0.70980394
0.69411767
0.72549021
0.72156864
0.70588237
0.69803923
0.68627453
0.68235296
0.67450982
0.67058825
0.76078433
0.79607844
0.78039217
0.75294119
0.81960785
0.85490197
0.84313726
0.83529413
0.83529413
0.84313726
0.83921570
0.84313726
0.85098040
0.86274511
0.85882354
0.85098040
0.81176472
0.75686276
0.70980394
0.70980394
0.68627453
0.69019610
0.70980394
0.69803923
0.73333335
0.72941178
0.71372551
0.69803923
0.68235296
0.68235296
0.67450982
0.67058825
0.76078433
0.80784315
0.78823531
0.74901962
0.81960785
0.86274511
0.85490197
0.82745099
0.82352942
0.83137256
0.80000001
0.74509805
0.80000001
0.88627452
0.87843138
0.87058824
0.85098040
0.80784315
0.75686276
0.75686276
0.68235296
0.68235296
0.70588237
0.70196080
0.73333335
0.73333335
0.71764708
0.70196080
0.68235296
0.68235296
0.67843139
0.67843139
0.76470590
0.80784315
0.78431374
0.74901962
0.83921570
0.83529413
0.75686276
0.77647060
0.78431374
0.67058825
0.67450982
0.62352943
0.63921571
0.83921570
0.89019608
0.88627452
0.88627452
0.88627452
0.87058824
0.85490197
0.68627453
0.67450982
0.70588237
0.70980394
0.72549021
0.72549021
0.71764708
0.69803923
0.68627453
0.68235296
0.67843139
0.67843139
0.76470590
0.80392158
0.79215688
0.72941178
0.67058825
0.54117650
0.50588238
0.60000002
0.61176473
0.55686277
0.55686277
0.62352943
0.64313728
0.70980394
0.88627452
0.89803922
0.89803922
0.89803922
0.89803922
0.88235295
0.69019610
0.66666669
0.70588237
0.71372551
0.72156864
0.72549021
0.71764708
0.69803923
0.68627453
0.68235296
0.67843139
0.67843139
0.76470590
0.80784315
0.73725492
0.52549022
0.39215687
0.37647060
0.48235294
0.59607846
0.58039218
0.60784316
0.63137257
0.64313728
0.67450982
0.61960787
0.82745099
0.90980393
0.90196079
0.89411765
0.88627452
0.87450981
0.69411767
0.67058825
0.70588237
0.71372551
0.72549021
0.72549021
0.71764708
0.69803923
0.68627453
0.68235296
0.67843139
0.67450982
0.77254903
0.74117649
0.48235294
0.38039216
0.40784314
0.40000001
0.52156866
0.67450982
0.61176473
0.62745100
0.70196080
0.67450982
0.69019610
0.76078433
0.84705883
0.90980393
0.90196079
0.89019608
0.89019608
0.88235295
0.70196080
0.68627453
0.71372551
0.71764708
0.73725492
0.73333335
0.71764708
0.69803923
0.68627453
0.67843139
0.67058825
0.67058825
0.67058825
0.58823532
0.49411765
0.53725493
0.56862748
0.53333336
0.67450982
0.71764708
0.67058825
0.64313728
0.71764708
0.77647060
0.76862746
0.82352942
0.90588236
0.90980393
0.89411765
0.89411765
0.89411765
0.88235295
0.70980394
0.69803923
0.71764708
0.71764708
0.73725492
0.73725492
0.71764708
0.69803923
0.68627453
0.67058825
0.68235296
0.61176473
0.47058824
0.51372552
0.59215689
0.59607846
0.52549022
0.56078434
0.71372551
0.69411767
0.70980394
0.70196080
0.77254903
0.85098040
0.87058824
0.89411765
0.91372550
0.92156863
0.89803922
0.89803922
0.89803922
0.87843138
0.71764708
0.70588237
0.72549021
0.72549021
0.73725492
0.73725492
0.71764708
0.69803923
0.68627453
0.66274512
0.58039218
0.48235294
0.44313726
0.52549022
0.57254905
0.49803922
0.48235294
0.59607846
0.72156864
0.74901962
0.74509805
0.78431374
0.87843138
0.87450981
0.88627452
0.90196079
0.90980393
0.91372550
0.90588236
0.90196079
0.89803922
0.87450981
0.71764708
0.70588237
0.74117649
0.73725492
0.73725492
0.73333335
0.71764708
0.69803923
0.70196080
0.54509807
0.38431373
0.37647060
0.49411765
0.52156866
0.47450981
0.54509807
0.63137257
0.70588237
0.74901962
0.80000001
0.80000001
0.87843138
0.88235295
0.86666667
0.88627452
0.89411765
0.90196079
0.90196079
0.90588236
0.90980393
0.89411765
0.87450981
0.71764708
0.69803923
0.73333335
0.72156864
0.73725492
0.73725492
0.71764708
0.69411767
0.59215689
0.41568628
0.40000001
0.43529412
0.53333336
0.41960785
0.45882353
0.62352943
0.69019610
0.72549021
0.76862746
0.80392158
0.83921570
0.89803922
0.85490197
0.86666667
0.88627452
0.89019608
0.89411765
0.90196079
0.90588236
0.90980393
0.89411765
0.88627452
0.71764708
0.69411767
0.72941178
0.70980394
0.72549021
0.72549021
0.72549021
0.63529414
0.42352942
0.46274510
0.52941179
0.53333336
0.46274510
0.52549022
0.58039218
0.63137257
0.69803923
0.74117649
0.79215688
0.83137256
0.86666667
0.85098040
0.83921570
0.85882354
0.87843138
0.89019608
0.89019608
0.89803922
0.90588236
0.90980393
0.89803922
0.89803922
0.71372551
0.69411767
0.75294119
0.71372551
0.72156864
0.71764708
0.69019610
0.61960787
0.55294120
0.53725493
0.53725493
0.52941179
0.55686277
0.63921571
0.65098041
0.69411767
0.74509805
0.76862746
0.83529413
0.88627452
0.83921570
0.80784315
0.82352942
0.85098040
0.87058824
0.89019608
0.89019608
0.89019608
0.90980393
0.91764706
0.90588236
0.90196079
0.71372551
0.68235296
0.73725492
0.67058825
0.63529414
0.58431375
0.50980395
0.52941179
0.56862748
0.55294120
0.56470591
0.56470591
0.66274512
0.69803923
0.68235296
0.72549021
0.77254903
0.81568629
0.87843138
0.87843138
0.82745099
0.80000001
0.81960785
0.85490197
0.87450981
0.89019608
0.89019608
0.88627452
0.91764706
0.92549020
0.90588236
0.90196079
0.71764708
0.67058825
0.66274512
0.60000002
0.55294120
0.54901963
0.58823532
0.64313728
0.63137257
0.61568630
0.62352943
0.57254905
0.65098041
0.70588237
0.70980394
0.80000001
0.86274511
0.89411765
0.89019608
0.85882354
0.82352942
0.79215688
0.81568629
0.85490197
0.88235295
0.89019608
0.88627452
0.89019608
0.91764706
0.92549020
0.90196079
0.90196079
0.71372551
0.67843139
0.70196080
0.68235296
0.68627453
0.69019610
0.70196080
0.69019610
0.67450982
0.67843139
0.69411767
0.65098041
0.68627453
0.73333335
0.77254903
0.88627452
0.87058824
0.89019608
0.89803922
0.87450981
0.81568629
0.78039217
0.80392158
0.85490197
0.88235295
0.89411765
0.89019608
0.89411765
0.91764706
0.92156863
0.90196079
0.89803922
0.71372551
0.68627453
0.72549021
0.70196080
0.71372551
0.69019610
0.68627453
0.68235296
0.67843139
0.67450982
0.66666669
0.68627453
0.77254903
0.79607844
0.79607844
0.83529413
0.87058824
0.87450981
0.88235295
0.90980393
0.85098040
0.78431374
0.81568629
0.85882354
0.88235295
0.89803922
0.89411765
0.90196079
0.91764706
0.92549020
0.90588236
0.89019608
0.72156864
0.67058825
0.70588237
0.70196080
0.72549021
0.71372551
0.70196080
0.69411767
0.68235296
0.67058825
0.66666669
0.67450982
0.76862746
0.79607844
0.78039217
0.76470590
0.85098040
0.83529413
0.83921570
0.92549020
0.90980393
0.81568629
0.83137256
0.87058824
0.89019608
0.90196079
0.89803922
0.90588236
0.92156863
0.92941177
0.91372550
0.89019608
0.72549021
0.65490198
0.69803923
0.70196080
0.72941178
0.72941178
0.70980394
0.69803923
0.68235296
0.67843139
0.67450982
0.67843139
0.76862746
0.79607844
0.78039217
0.75294119
0.78823531
0.78431374
0.80392158
0.89411765
0.93333334
0.85098040
0.83529413
0.87058824
0.89411765
0.90196079
0.89803922
0.90588236
0.91764706
0.92549020
0.91372550
0.89411765
0.72941178
0.66666669
0.70196080
0.70196080
0.73725492
0.73333335
0.71372551
0.70196080
0.68627453
0.68235296
0.67843139
0.67843139
0.77254903
0.79215688
0.76470590
0.74117649
0.76078433
0.76862746
0.80784315
0.90588236
0.92156863
0.84313726
0.85098040
0.87843138
0.89019608
0.89411765
0.89411765
0.90196079
0.90980393
0.92156863
0.90980393
0.89411765
0.74117649
0.69019610
0.70196080
0.70980394
0.73725492
0.73333335
0.71764708
0.70196080
0.68627453
0.68235296
0.67843139
0.67450982
0.76470590
0.79215688
0.80000001
0.76862746
0.73725492
0.80000001
0.87058824
0.90980393
0.89803922
0.83921570
0.86274511
0.87843138
0.88235295
0.89411765
0.89411765
0.90196079
0.90980393
0.91764706
0.90980393
0.89019608
0.74117649
0.69411767
0.70588237
0.71764708
0.73725492
0.72941178
0.71764708
0.70196080
0.68627453
0.68235296
0.67843139
0.68235296
0.76078433
0.80392158
0.82352942
0.83529413
0.77647060
0.81176472
0.84705883
0.89803922
0.90588236
0.85098040
0.86274511
0.87450981
0.88235295
0.89411765
0.89411765
0.89803922
0.90980393
0.91372550
0.90980393
0.89411765
0.74117649
0.68627453
0.70196080
0.71764708
0.73725492
0.72941178
0.71764708
0.69803923
0.68235296
0.68235296
0.68627453
0.67843139
0.75686276
0.80784315
0.81176472
0.84705883
0.88235295
0.83921570
0.83137256
0.89411765
0.92156863
0.85882354
0.86666667
0.87058824
0.88627452
0.89411765
0.89411765
0.89803922
0.90980393
0.91372550
0.90980393
0.89803922
0.74901962
0.67843139
0.70196080
0.71764708
0.73725492
0.72941178
0.71372551
0.69411767
0.68627453
0.68235296
0.68627453
0.66666669
0.71764708
0.81176472
0.81960785
0.82352942
0.88627452
0.89411765
0.85882354
0.88235295
0.93333334
0.86666667
0.86666667
0.87450981
0.88627452
0.89411765
0.89411765
0.89803922
0.90980393
0.91372550
0.90980393
0.90588236
0.74901962
0.67058825
0.70980394
0.72549021
0.73725492
0.72941178
0.70980394
0.69803923
0.68627453
0.68627453
0.67058825
0.63529414
0.68235296
0.77647060
0.81176472
0.83137256
0.85098040
0.90196079
0.90196079
0.88235295
0.92549020
0.87843138
0.86274511
0.88627452
0.88627452
0.89019608
0.88627452
0.89411765
0.90588236
0.90980393
0.91372550
0.90980393
0.74901962
0.68235296
0.71764708
0.72549021
0.73333335
0.72941178
0.70980394
0.69411767
0.68235296
0.67843139
0.65098041
0.65882355
0.72156864
0.74901962
0.80000001
0.84313726
0.80392158
0.80784315
0.90196079
0.87843138
0.91764706
0.88235295
0.86274511
0.88627452
0.89019608
0.87058824
0.87058824
0.89019608
0.90196079
0.90588236
0.91764706
0.91372550
0.74901962
0.69019610
0.73333335
0.72549021
0.73725492
0.72549021
0.70196080
0.69019610
0.68627453
0.69019610
0.67058825
0.73333335
0.77647060
0.76470590
0.76862746
0.81960785
0.76078433
0.74901962
0.88627452
0.88627452
0.89803922
0.88627452
0.87450981
0.89411765
0.88627452
0.87058824
0.87058824
0.88235295
0.89803922
0.89803922
0.90980393
0.90980393
0.75686276
0.70980394
0.75294119
0.72156864
0.72549021
0.72549021
0.70588237
0.69411767
0.69803923
0.69411767
0.70980394
0.76078433
0.81176472
0.83137256
0.81960785
0.80000001
0.79215688
0.81960785
0.91764706
0.89019608
0.87450981
0.90588236
0.88627452
0.89411765
0.88627452
0.87450981
0.87450981
0.87843138
0.89019608
0.89803922
0.90588236
0.90980393
0.76078433
0.74117649
0.78039217
0.72941178
0.70980394
0.71372551
0.71764708
0.71372551
0.69411767
0.69803923
0.74901962
0.81568629
0.87450981
0.87450981
0.82352942
0.74117649
0.78823531
0.87058824
0.90196079
0.86666667
0.89411765
0.92156863
0.89019608
0.88627452
0.88627452
0.88235295
0.88235295
0.87450981
0.87843138
0.89411765
0.90196079
0.90196079
0.76470590
0.72941178
0.75686276
0.72156864
0.73333335
0.72941178
0.74117649
0.74509805
0.70980394
0.71372551
0.80000001
0.85098040
0.87450981
0.89803922
0.81176472
0.79607844
0.77647060
0.81960785
0.84313726
0.87843138
0.90588236
0.92941177
0.90980393
0.88627452
0.88627452
0.89803922
0.90196079
0.89411765
0.88627452
0.89411765
0.89803922
0.90588236
0.66666669
0.68235296
0.70588237
0.70196080
0.71372551
0.69803923
0.67843139
0.66666669
0.66666669
0.66666669
0.65882355
0.65098041
0.70588237
0.73333335
0.72941178
0.72156864
0.79215688
0.82352942
0.82352942
0.81960785
0.80784315
0.80784315
0.80784315
0.81960785
0.83137256
0.82352942
0.74509805
0.68627453
0.70980394
0.69019610
0.66666669
0.63529414
0.66666669
0.68235296
0.70588237
0.69411767
0.71372551
0.69019610
0.67450982
0.67058825
0.66666669
0.66666669
0.65882355
0.65098041
0.70588237
0.73725492
0.73333335
0.72941178
0.81568629
0.84313726
0.83529413
0.83137256
0.81960785
0.80784315
0.80000001
0.81176472
0.82745099
0.82745099
0.78431374
0.74901962
0.73725492
0.70980394
0.67843139
0.65490198
0.66666669
0.68235296
0.70980394
0.69803923
0.71764708
0.70196080
0.68235296
0.67843139
0.67058825
0.66666669
0.65882355
0.65098041
0.70980394
0.74117649
0.73725492
0.73725492
0.82352942
0.85490197
0.83921570
0.82745099
0.82352942
0.83137256
0.82745099
0.83137256
0.83921570
0.84313726
0.83529413
0.82352942
0.78431374
0.72941178
0.68235296
0.68627453
0.66274512
0.67450982
0.70588237
0.70196080
0.72156864
0.70588237
0.69019610
0.67843139
0.66666669
0.66274512
0.66274512
0.65098041
0.70588237
0.75294119
0.74509805
0.73725492
0.81960785
0.86274511
0.85490197
0.83137256
0.82352942
0.81176472
0.76078433
0.68627453
0.75294119
0.85490197
0.85882354
0.84313726
0.82352942
0.78039217
0.72549021
0.71764708
0.65882355
0.66666669
0.70588237
0.70588237
0.72549021
0.70980394
0.69411767
0.68235296
0.66666669
0.66666669
0.66666669
0.65490198
0.70980394
0.75686276
0.74509805
0.73333335
0.83921570
0.83529413
0.73333335
0.74117649
0.74901962
0.61568630
0.58823532
0.52549022
0.54509807
0.78823531
0.87058824
0.85882354
0.85882354
0.85882354
0.83921570
0.80784315
0.66274512
0.67058825
0.70588237
0.70980394
0.72549021
0.71372551
0.69411767
0.67843139
0.67058825
0.66666669
0.66666669
0.65490198
0.71764708
0.75686276
0.74901962
0.69019610
0.64313728
0.50980395
0.43921569
0.50196081
0.52156866
0.46666667
0.46274510
0.51372552
0.54117650
0.65490198
0.86274511
0.87450981
0.87058824
0.87058824
0.87058824
0.84313726
0.66666669
0.66274512
0.70588237
0.70980394
0.72549021
0.71372551
0.69411767
0.67843139
0.67058825
0.66666669
0.66666669
0.65490198
0.71764708
0.76078433
0.68627453
0.46666667
0.33333334
0.31372550
0.38823530
0.47843137
0.46666667
0.50588238
0.52156866
0.52941179
0.58431375
0.56078434
0.78431374
0.88627452
0.87450981
0.86666667
0.85882354
0.83921570
0.67450982
0.65882355
0.70196080
0.70980394
0.72549021
0.71372551
0.69411767
0.67843139
0.67058825
0.66666669
0.66666669
0.65490198
0.73333335
0.69411767
0.43529412
0.32549021
0.34117648
0.33333334
0.44705883
0.58431375
0.52156866
0.54901963
0.61568630
0.57254905
0.58039218
0.66274512
0.76078433
0.87450981
0.87843138
0.86274511
0.85882354
0.84705883
0.67843139
0.66274512
0.70588237
0.70980394
0.72156864
0.71764708
0.69411767
0.67450982
0.67058825
0.66666669
0.66274512
0.65098041
0.61960787
0.50588238
0.40392157
0.45098040
0.47450981
0.44313726
0.61568630
0.64313728
0.58431375
0.57647061
0.65098041
0.69803923
0.67843139
0.72941178
0.80392158
0.85882354
0.87843138
0.86666667
0.86666667
0.85490197
0.68627453
0.67450982
0.70588237
0.70588237
0.72156864
0.71764708
0.69411767
0.67450982
0.67058825
0.66666669
0.67058825
0.53725493
0.39607844
0.42745098
0.47450981
0.49019608
0.42352942
0.46666667
0.66666669
0.62745100
0.63137257
0.64313728
0.72156864
0.79607844
0.82352942
0.83921570
0.84313726
0.87843138
0.87843138
0.87058824
0.87058824
0.85098040
0.69019610
0.68235296
0.70980394
0.70980394
0.72156864
0.71764708
0.69411767
0.67450982
0.67058825
0.65098041
0.51372552
0.36862746
0.37254903
0.43921569
0.45098040
0.40392157
0.38823530
0.50980395
0.67843139
0.69411767
0.67450982
0.73725492
0.84705883
0.83921570
0.85098040
0.87058824
0.88235295
0.88235295
0.88235295
0.87843138
0.87450981
0.84705883
0.69019610
0.67843139
0.71764708
0.71764708
0.72156864
0.71372551
0.69411767
0.67843139
0.69019610
0.53333336
0.31764707
0.29803923
0.41568628
0.45098040
0.39215687
0.45098040
0.54117650
0.62745100
0.69803923
0.74117649
0.73333335
0.83921570
0.85882354
0.83921570
0.85882354
0.87058824
0.87843138
0.87843138
0.88235295
0.88627452
0.87450981
0.85490197
0.69019610
0.67058825
0.70588237
0.70196080
0.72156864
0.71372551
0.69411767
0.67843139
0.59607846
0.38039216
0.34117648
0.34901962
0.43921569
0.38039216
0.40392157
0.52549022
0.59607846
0.65098041
0.70588237
0.73333335
0.77647060
0.85882354
0.82352942
0.83921570
0.86274511
0.86666667
0.87058824
0.87843138
0.88235295
0.88627452
0.87450981
0.86666667
0.69019610
0.67058825
0.70588237
0.69411767
0.70980394
0.70980394
0.70196080
0.61960787
0.43137255
0.41568628
0.43921569
0.43137255
0.40000001
0.45490196
0.47843137
0.52549022
0.60392159
0.65882355
0.71372551
0.76078433
0.81960785
0.81568629
0.80392158
0.83137256
0.85098040
0.86666667
0.86666667
0.87450981
0.88235295
0.88627452
0.87843138
0.87450981
0.68627453
0.67058825
0.73333335
0.70980394
0.71372551
0.70588237
0.67450982
0.58431375
0.50980395
0.46274510
0.43921569
0.44705883
0.49019608
0.54117650
0.52549022
0.58823532
0.64313728
0.66274512
0.74901962
0.83529413
0.81176472
0.78039217
0.79607844
0.82352942
0.84705883
0.86666667
0.86666667
0.86666667
0.88627452
0.89411765
0.88235295
0.87450981
0.68627453
0.65098041
0.70196080
0.63529414
0.58431375
0.53333336
0.45490196
0.44705883
0.45490196
0.42352942
0.44313726
0.48235294
0.57254905
0.59607846
0.56078434
0.61568630
0.67843139
0.74117649
0.83529413
0.85490197
0.80000001
0.77254903
0.79215688
0.82745099
0.85098040
0.86666667
0.86666667
0.86274511
0.89019608
0.90196079
0.88235295
0.87450981
0.68627453
0.63137257
0.61568630
0.52549022
0.47058824
0.47843137
0.52156866
0.56078434
0.51764709
0.49019608
0.51372552
0.46274510
0.54509807
0.60000002
0.60392159
0.72156864
0.81176472
0.87058824
0.87843138
0.84313726
0.80000001
0.76470590
0.78823531
0.82745099
0.85490197
0.86666667
0.86274511
0.86666667
0.89803922
0.90588236
0.88235295
0.87843138
0.69019610
0.65098041
0.67450982
0.63529414
0.64313728
0.65882355
0.67058825
0.66666669
0.65490198
0.63529414
0.63921571
0.56862748
0.58431375
0.63921571
0.69803923
0.82352942
0.81960785
0.86666667
0.87843138
0.85490197
0.79607844
0.75294119
0.77647060
0.82745099
0.85490197
0.87058824
0.86274511
0.87058824
0.90196079
0.90588236
0.88627452
0.87450981
0.68627453
0.65490198
0.71372551
0.70588237
0.70980394
0.67450982
0.67058825
0.66666669
0.67058825
0.67058825
0.66274512
0.65098041
0.70588237
0.72156864
0.71372551
0.75294119
0.76862746
0.77254903
0.79607844
0.85490197
0.81960785
0.75686276
0.78823531
0.83137256
0.85882354
0.87450981
0.87058824
0.87843138
0.90588236
0.90980393
0.89411765
0.86666667
0.68627453
0.63529414
0.69019610
0.70588237
0.71372551
0.69411767
0.68235296
0.67450982
0.66666669
0.66666669
0.65882355
0.65098041
0.71764708
0.73333335
0.72549021
0.74117649
0.77647060
0.69803923
0.67450982
0.82352942
0.86274511
0.77647060
0.80392158
0.84313726
0.86666667
0.87843138
0.87450981
0.88235295
0.90196079
0.90588236
0.89411765
0.85882354
0.67843139
0.62352943
0.69019610
0.70196080
0.71764708
0.70588237
0.68627453
0.67843139
0.67058825
0.66274512
0.65882355
0.65490198
0.71372551
0.74117649
0.73725492
0.71764708
0.65882355
0.55686277
0.47450981
0.72941178
0.89411765
0.80784315
0.81176472
0.84705883
0.87058824
0.87843138
0.87450981
0.88235295
0.89411765
0.90196079
0.88627452
0.85882354
0.68627453
0.63921571
0.69019610
0.70196080
0.72156864
0.70980394
0.69019610
0.67843139
0.66666669
0.66666669
0.66274512
0.65490198
0.72156864
0.72941178
0.70588237
0.70980394
0.58823532
0.47058824
0.49803922
0.78823531
0.89019608
0.81176472
0.82352942
0.85490197
0.86666667
0.87058824
0.87058824
0.87843138
0.88627452
0.89411765
0.88627452
0.85882354
0.70588237
0.66666669
0.70196080
0.70588237
0.72156864
0.70980394
0.69411767
0.67843139
0.67058825
0.66666669
0.66274512
0.65882355
0.71764708
0.68235296
0.66274512
0.65098041
0.49803922
0.49411765
0.67450982
0.83921570
0.86666667
0.81176472
0.83529413
0.85098040
0.85490197
0.87058824
0.87058824
0.87843138
0.88627452
0.89019608
0.88627452
0.85882354
0.71372551
0.67450982
0.70588237
0.70980394
0.72156864
0.71372551
0.69411767
0.67843139
0.67058825
0.66666669
0.66274512
0.66274512
0.68235296
0.67058825
0.67450982
0.63529414
0.49803922
0.51764709
0.58823532
0.76470590
0.88235295
0.82352942
0.83529413
0.84705883
0.85490197
0.87058824
0.87058824
0.87450981
0.88627452
0.89019608
0.88627452
0.86274511
0.71372551
0.66666669
0.70196080
0.70980394
0.72156864
0.71372551
0.69411767
0.67450982
0.66666669
0.66666669
0.67058825
0.65098041
0.64705884
0.67058825
0.68235296
0.68235296
0.70196080
0.61176473
0.59607846
0.74509805
0.89411765
0.83137256
0.83921570
0.84313726
0.85882354
0.87058824
0.87058824
0.87450981
0.88627452
0.89019608
0.88627452
0.86666667
0.70980394
0.65490198
0.69803923
0.70980394
0.72156864
0.70980394
0.69019610
0.67450982
0.67058825
0.67058825
0.67450982
0.61568630
0.55294120
0.65882355
0.66666669
0.63137257
0.74117649
0.75294119
0.64705884
0.74117649
0.89019608
0.83529413
0.83529413
0.84705883
0.85882354
0.86666667
0.86666667
0.87058824
0.88235295
0.88627452
0.88627452
0.87450981
0.70588237
0.63921571
0.69411767
0.70980394
0.72156864
0.70980394
0.68627453
0.67450982
0.67058825
0.66666669
0.67058825
0.52941179
0.43921569
0.56470591
0.62745100
0.63529414
0.66666669
0.76078433
0.74901962
0.72549021
0.87450981
0.84705883
0.83137256
0.85882354
0.85882354
0.86274511
0.85882354
0.86666667
0.87843138
0.88235295
0.88627452
0.88235295
0.70588237
0.63921571
0.69019610
0.70980394
0.72156864
0.70980394
0.68627453
0.67450982
0.66666669
0.65882355
0.58431375
0.49411765
0.47058824
0.45098040
0.55686277
0.65882355
0.47843137
0.43921569
0.76470590
0.71372551
0.84705883
0.85490197
0.83137256
0.85882354
0.86274511
0.84313726
0.84313726
0.86274511
0.87450981
0.87843138
0.89019608
0.88235295
0.71372551
0.64313728
0.69411767
0.70980394
0.72549021
0.71372551
0.68627453
0.67843139
0.66666669
0.60392159
0.50196081
0.55686277
0.59607846
0.47450981
0.46666667
0.59215689
0.32156864
0.20392157
0.69411767
0.76470590
0.80784315
0.85490197
0.84313726
0.86274511
0.85490197
0.84313726
0.84313726
0.85490197
0.87058824
0.87058824
0.88235295
0.87843138
0.72156864
0.66666669
0.71372551
0.69803923
0.70588237
0.70588237
0.68627453
0.67843139
0.62352943
0.51372552
0.49019608
0.54509807
0.66274512
0.67058825
0.56078434
0.48235294
0.41176471
0.45882353
0.80392158
0.77254903
0.75294119
0.86274511
0.85490197
0.86274511
0.85490197
0.84705883
0.84705883
0.85098040
0.86274511
0.87058824
0.87843138
0.87843138
0.72941178
0.69411767
0.74117649
0.69803923
0.67843139
0.67843139
0.68235296
0.67843139
0.57254905
0.49803922
0.55686277
0.65098041
0.75294119
0.76078433
0.60392159
0.39215687
0.45882353
0.70196080
0.77647060
0.71372551
0.75686276
0.86274511
0.86274511
0.85490197
0.85490197
0.85490197
0.85490197
0.84705883
0.85098040
0.86666667
0.87450981
0.87058824
0.72941178
0.67450982
0.70588237
0.67450982
0.68627453
0.68627453
0.70196080
0.69803923
0.56470591
0.51372552
0.63921571
0.73725492
0.76078433
0.78823531
0.60000002
0.52156866
0.45098040
0.58039218
0.64705884
0.73333335
0.77254903
0.83529413
0.87843138
0.85882354
0.85882354
0.87058824
0.87058824
0.85882354
0.85490197
0.86666667
0.87450981
0.87450981
0.60392159
0.63529414
0.66666669
0.65882355
0.66666669
0.64705884
0.63137257
0.63137257
0.62352943
0.62352943
0.61960787
0.60000002
0.60784316
0.62745100
0.63921571
0.65490198
0.73725492
0.77647060
0.77254903
0.76862746
0.75686276
0.76078433
0.75294119
0.75686276
0.77254903
0.76078433
0.68235296
0.61568630
0.63921571
0.61960787
0.59607846
0.55686277
0.60392159
0.63529414
0.66666669
0.65098041
0.66666669
0.63921571
0.63137257
0.63529414
0.62352943
0.62352943
0.61568630
0.59607846
0.60784316
0.63137257
0.64313728
0.66666669
0.76078433
0.79607844
0.78823531
0.78039217
0.76862746
0.76078433
0.74117649
0.74509805
0.76470590
0.76862746
0.72156864
0.67843139
0.66666669
0.63921571
0.60784316
0.58431375
0.60392159
0.63137257
0.67450982
0.66666669
0.67058825
0.65098041
0.63921571
0.63137257
0.62745100
0.62352943
0.61568630
0.59607846
0.61176473
0.63529414
0.63921571
0.66666669
0.76862746
0.80784315
0.79215688
0.77647060
0.76862746
0.77647060
0.77254903
0.76862746
0.77647060
0.78431374
0.77254903
0.75294119
0.71372551
0.65882355
0.61176473
0.61176473
0.60000002
0.62352943
0.67450982
0.67058825
0.67450982
0.65490198
0.64313728
0.63137257
0.62352943
0.61960787
0.61960787
0.59607846
0.60784316
0.64313728
0.64313728
0.66666669
0.76470590
0.81568629
0.80784315
0.78431374
0.77254903
0.74901962
0.69019610
0.61960787
0.68627453
0.78431374
0.78431374
0.77254903
0.75294119
0.70980394
0.65490198
0.65098041
0.59607846
0.61568630
0.67058825
0.67450982
0.67450982
0.65882355
0.64313728
0.63529414
0.62745100
0.62352943
0.62352943
0.60000002
0.61176473
0.64705884
0.64705884
0.66274512
0.78039217
0.78431374
0.67058825
0.66666669
0.67843139
0.52941179
0.48627451
0.41960785
0.45882353
0.71372551
0.79215688
0.78823531
0.78823531
0.78823531
0.77254903
0.74509805
0.60000002
0.61568630
0.67450982
0.67843139
0.67450982
0.65490198
0.64313728
0.63921571
0.63137257
0.62745100
0.62352943
0.60392159
0.61960787
0.65098041
0.65490198
0.60784316
0.57254905
0.45098040
0.35686275
0.39607844
0.43137255
0.38039216
0.36078432
0.40000001
0.44313726
0.58823532
0.80392158
0.80392158
0.80000001
0.80000001
0.80000001
0.77647060
0.60392159
0.60784316
0.67058825
0.68235296
0.67450982
0.65098041
0.63921571
0.63921571
0.63529414
0.62745100
0.62352943
0.60392159
0.61960787
0.65490198
0.58431375
0.39607844
0.27843139
0.26666668
0.31372550
0.34901962
0.36470589
0.39607844
0.41568628
0.41960785
0.47058824
0.48627451
0.72941178
0.81568629
0.80392158
0.79607844
0.78823531
0.77254903
0.60784316
0.60784316
0.67058825
0.68235296
0.67450982
0.65490198
0.63921571
0.63921571
0.63137257
0.62745100
0.62352943
0.60000002
0.63137257
0.58431375
0.35294119
0.27450982
0.27843139
0.27843139
0.36862746
0.44313726
0.39215687
0.43921569
0.52156866
0.47058824
0.45882353
0.55686277
0.68627453
0.80392158
0.80392158
0.79215688
0.79215688
0.78039217
0.61568630
0.61176473
0.67450982
0.68235296
0.67450982
0.65882355
0.63921571
0.63529414
0.62745100
0.62352943
0.62352943
0.59607846
0.52941179
0.40392157
0.32156864
0.37254903
0.37647060
0.36862746
0.54117650
0.52549022
0.45882353
0.46666667
0.56078434
0.61568630
0.59215689
0.63137257
0.70588237
0.78823531
0.80784315
0.80000001
0.80392158
0.78823531
0.62352943
0.62352943
0.67843139
0.68235296
0.67450982
0.65490198
0.63921571
0.63529414
0.62745100
0.62745100
0.62745100
0.47058824
0.32156864
0.33725491
0.36078432
0.39215687
0.33725491
0.38039216
0.59215689
0.52941179
0.52549022
0.55294120
0.64705884
0.73725492
0.77254903
0.77647060
0.75294119
0.81568629
0.81960785
0.80392158
0.80784315
0.78823531
0.62745100
0.63137257
0.67843139
0.67843139
0.67843139
0.66274512
0.64313728
0.63529414
0.62745100
0.60392159
0.45098040
0.29019609
0.29803923
0.33725491
0.34117648
0.31764707
0.31372550
0.41960785
0.60000002
0.60000002
0.58039218
0.67058825
0.79215688
0.78431374
0.80000001
0.81960785
0.81960785
0.83137256
0.83529413
0.81960785
0.81568629
0.78431374
0.62745100
0.63137257
0.67843139
0.67843139
0.67843139
0.66666669
0.64705884
0.63529414
0.64313728
0.49019608
0.26666668
0.23921569
0.32941177
0.37254903
0.30196080
0.34901962
0.44705883
0.54117650
0.61568630
0.65098041
0.65098041
0.78823531
0.80784315
0.76862746
0.79215688
0.80784315
0.81960785
0.83137256
0.83529413
0.83921570
0.82352942
0.79215688
0.62352943
0.62352943
0.66666669
0.65882355
0.67843139
0.67058825
0.64705884
0.62352943
0.55686277
0.33725491
0.27450982
0.27058825
0.33725491
0.32156864
0.31764707
0.39607844
0.48235294
0.54901963
0.62352943
0.64313728
0.70196080
0.80784315
0.76470590
0.76862746
0.79607844
0.80392158
0.81176472
0.83137256
0.83529413
0.83921570
0.82352942
0.80392158
0.62745100
0.61960787
0.66666669
0.65098041
0.65882355
0.65490198
0.65882355
0.57254905
0.39215687
0.36470589
0.33725491
0.32549021
0.31764707
0.36470589
0.36862746
0.39215687
0.48235294
0.55686277
0.63529414
0.68627453
0.75294119
0.75686276
0.73725492
0.76078433
0.78823531
0.80784315
0.81176472
0.82352942
0.83921570
0.83921570
0.82745099
0.81176472
0.62352943
0.61176473
0.67843139
0.65882355
0.65882355
0.63921571
0.61960787
0.53725493
0.44313726
0.38431373
0.34117648
0.34509805
0.39215687
0.41568628
0.40000001
0.45882353
0.51764709
0.56862748
0.68627453
0.78039217
0.74901962
0.70980394
0.72549021
0.75294119
0.78431374
0.81960785
0.81568629
0.81176472
0.84313726
0.84705883
0.83137256
0.81568629
0.62352943
0.58431375
0.63921571
0.57647061
0.51764709
0.45882353
0.38431373
0.36078432
0.34509805
0.30980393
0.32549021
0.38039216
0.45490196
0.46666667
0.42352942
0.49411765
0.57254905
0.66274512
0.78431374
0.80000001
0.72941178
0.70196080
0.72156864
0.75294119
0.78823531
0.81960785
0.81176472
0.80784315
0.84705883
0.85490197
0.83137256
0.81568629
0.61960787
0.56470591
0.54901963
0.45098040
0.38039216
0.40784314
0.47058824
0.47843137
0.40392157
0.37647060
0.39607844
0.35294119
0.42745098
0.47843137
0.47843137
0.62745100
0.74901962
0.82352942
0.83921570
0.78823531
0.72941178
0.69411767
0.71764708
0.76078433
0.79607844
0.81960785
0.81176472
0.80784315
0.85490197
0.86274511
0.83137256
0.81568629
0.61176473
0.57647061
0.60784316
0.57647061
0.58039218
0.60784316
0.63921571
0.61960787
0.59607846
0.58039218
0.56470591
0.47450981
0.49411765
0.54509807
0.62745100
0.75686276
0.73725492
0.80000001
0.83137256
0.80000001
0.72549021
0.68235296
0.70980394
0.76078433
0.80000001
0.82352942
0.81176472
0.81568629
0.86274511
0.87058824
0.83529413
0.81176472
0.61176473
0.58039218
0.66274512
0.66274512
0.65882355
0.63137257
0.62745100
0.62745100
0.63137257
0.62745100
0.61568630
0.58039218
0.61176473
0.62745100
0.62352943
0.67450982
0.68235296
0.67843139
0.70980394
0.77254903
0.74509805
0.68627453
0.72156864
0.76862746
0.80000001
0.82745099
0.81960785
0.81960785
0.86274511
0.87450981
0.83921570
0.80392158
0.61568630
0.56078434
0.65490198
0.67450982
0.66666669
0.64313728
0.63529414
0.63137257
0.62745100
0.61960787
0.61176473
0.59607846
0.61176473
0.62352943
0.63137257
0.67450982
0.70588237
0.55686277
0.52941179
0.71764708
0.78039217
0.70588237
0.74509805
0.78039217
0.80784315
0.83137256
0.82745099
0.83137256
0.85882354
0.86666667
0.83529413
0.79607844
0.61568630
0.55294120
0.65490198
0.67450982
0.67058825
0.65490198
0.63921571
0.63137257
0.62745100
0.61960787
0.61960787
0.60392159
0.61176473
0.63529414
0.66274512
0.65490198
0.53725493
0.40000001
0.37647060
0.65098041
0.81960785
0.74117649
0.75686276
0.78431374
0.81568629
0.83137256
0.82745099
0.83529413
0.84705883
0.85490197
0.82745099
0.79215688
0.62352943
0.56470591
0.65882355
0.67058825
0.67450982
0.65882355
0.64313728
0.63529414
0.62352943
0.61960787
0.62352943
0.60392159
0.61960787
0.61960787
0.60000002
0.63137257
0.44313726
0.32549021
0.40784314
0.70980394
0.83921570
0.74901962
0.76078433
0.78823531
0.81176472
0.82352942
0.82352942
0.83137256
0.83921570
0.85098040
0.82352942
0.79215688
0.63921571
0.60784316
0.66666669
0.67843139
0.67843139
0.65490198
0.64313728
0.63921571
0.62745100
0.62352943
0.61960787
0.60784316
0.61176473
0.56078434
0.53333336
0.54117650
0.36470589
0.34901962
0.54117650
0.73333335
0.81960785
0.75294119
0.77254903
0.78823531
0.80000001
0.82352942
0.81960785
0.81960785
0.83137256
0.84705883
0.83529413
0.80000001
0.64313728
0.62352943
0.67058825
0.68235296
0.67450982
0.65098041
0.63921571
0.63529414
0.62745100
0.62352943
0.62352943
0.61176473
0.56862748
0.54901963
0.55686277
0.51764709
0.36078432
0.34509805
0.42352942
0.64705884
0.82745099
0.76078433
0.77254903
0.78039217
0.80000001
0.82352942
0.81960785
0.81176472
0.82745099
0.84313726
0.83921570
0.80784315
0.64313728
0.61176473
0.66666669
0.68235296
0.67450982
0.65098041
0.63921571
0.63529414
0.62352943
0.61960787
0.62745100
0.59607846
0.51764709
0.54901963
0.56862748
0.54901963
0.58431375
0.47450981
0.43529412
0.62352943
0.83921570
0.77254903
0.77647060
0.78039217
0.80392158
0.82352942
0.81960785
0.81176472
0.82745099
0.84313726
0.83921570
0.80784315
0.63921571
0.58823532
0.66274512
0.68235296
0.67450982
0.65098041
0.63529414
0.63137257
0.62745100
0.62352943
0.63137257
0.55686277
0.40392157
0.52549022
0.54509807
0.48235294
0.61960787
0.65882355
0.49803922
0.61960787
0.83529413
0.78823531
0.78039217
0.78431374
0.80000001
0.80784315
0.80784315
0.80784315
0.81960785
0.82745099
0.82745099
0.81568629
0.63529414
0.56470591
0.64705884
0.68235296
0.67450982
0.65098041
0.63529414
0.63137257
0.62745100
0.62352943
0.62352943
0.44313726
0.27450982
0.39607844
0.47843137
0.49411765
0.52156866
0.65098041
0.63529414
0.59607846
0.81176472
0.80784315
0.78039217
0.79607844
0.79607844
0.80000001
0.79607844
0.80392158
0.81568629
0.81960785
0.82745099
0.81960785
0.63529414
0.56078434
0.63529414
0.67450982
0.67450982
0.65098041
0.63529414
0.63137257
0.62745100
0.61568630
0.51372552
0.36078432
0.31372550
0.28627452
0.39607844
0.53333336
0.39607844
0.39215687
0.67843139
0.58039218
0.77647060
0.81176472
0.77647060
0.80000001
0.80000001
0.78039217
0.78039217
0.80000001
0.81176472
0.81568629
0.82745099
0.82352942
0.63921571
0.57254905
0.64313728
0.66666669
0.67843139
0.66274512
0.63921571
0.63137257
0.61960787
0.51764709
0.36862746
0.40392157
0.45098040
0.33333334
0.32156864
0.45882353
0.29803923
0.20784314
0.61568630
0.65882355
0.71372551
0.79607844
0.79215688
0.81568629
0.80392158
0.78039217
0.78039217
0.79215688
0.80784315
0.80784315
0.81960785
0.82745099
0.65098041
0.60000002
0.66666669
0.65098041
0.65490198
0.65490198
0.63921571
0.63921571
0.54509807
0.37647060
0.32941177
0.39607844
0.53725493
0.54901963
0.43137255
0.35294119
0.34117648
0.39215687
0.71764708
0.68235296
0.65882355
0.80392158
0.80392158
0.81960785
0.80392158
0.78431374
0.78431374
0.78823531
0.80000001
0.80784315
0.81960785
0.83137256
0.65490198
0.62352943
0.68627453
0.63921571
0.61568630
0.62745100
0.63921571
0.63529414
0.47058824
0.34509805
0.40392157
0.50980395
0.64705884
0.68235296
0.46274510
0.27058825
0.34901962
0.54509807
0.64705884
0.61176473
0.67450982
0.80392158
0.81176472
0.81176472
0.80392158
0.79607844
0.79215688
0.78431374
0.78823531
0.80392158
0.81568629
0.81960785
0.65882355
0.58431375
0.61568630
0.60392159
0.61960787
0.62745100
0.65490198
0.63529414
0.43921569
0.35294119
0.49803922
0.63137257
0.65490198
0.70980394
0.46274510
0.37647060
0.32549021
0.41568628
0.48235294
0.62352943
0.67843139
0.76078433
0.82352942
0.80000001
0.80000001
0.80784315
0.80784315
0.80000001
0.79215688
0.80392158
0.81176472
0.81568629
1 0 -1 0 0 0 0 0 0 0 0
0 1 -1 0 0 0 0 0 0 0 0
0 0 -1 1 0 0 0 0 0 0 0
0 0 -1 0 1 0 0 0 0 0 0
0 0 -1 0 0 1 0 0 0 0 0
0 0 -1 0 0 0 1 0 0 0 0
0 0 -1 0 0 0 0 1 0 0 0
0 0 -1 0 0 0 0 0 1 0 0
0 0 -1 0 0 0 0 0 0 1 0
