0.37254903
0.38431373
0.36862746
0.36470589
0.38823530
0.38431373
0.38039216
0.36470589
0.38823530
0.36470589
0.35686275
0.36862746
0.37647060
0.35686275
0.36078432
0.37254903
0.34901962
0.35294119
0.35686275
0.36470589
0.42352942
0.40784314
0.35686275
0.36862746
0.36862746
0.35686275
0.33725491
0.34117648
0.34509805
0.33333334
0.35686275
0.34901962
0.35686275
0.34509805
0.35686275
0.37647060
0.35686275
0.34901962
0.34117648
0.37647060
0.36862746
0.32549021
0.35294119
0.37254903
0.34901962
0.32941177
0.34509805
0.35294119
0.34509805
0.33333334
0.37254903
0.38431373
0.44313726
0.43137255
0.35686275
0.36078432
0.33333334
0.32156864
0.33725491
0.32549021
0.32156864
0.32549021
0.31372550
0.34509805
0.37254903
0.36470589
0.38431373
0.38039216
0.36862746
0.37647060
0.37647060
0.37254903
0.32156864
0.33333334
0.36078432
0.34509805
0.36470589
0.37254903
0.34117648
0.34117648
0.38431373
0.55686277
0.58431375
0.49411765
0.46666667
0.43137255
0.36078432
0.32549021
0.30196080
0.30588236
0.33725491
0.30588236
0.28627452
0.29803923
0.31372550
0.34509805
0.35294119
0.38431373
0.36862746
0.35686275
0.34509805
0.36078432
0.37647060
0.36078432
0.35294119
0.37647060
0.36078432
0.36078432
0.37254903
0.36078432
0.36078432
0.36862746
0.46666667
0.75294119
0.72549021
0.74117649
0.69803923
0.52941179
0.45490196
0.34509805
0.27450982
0.30588236
0.31372550
0.32156864
0.31764707
0.29803923
0.30196080
0.36470589
0.38431373
0.38823530
0.32549021
0.32156864
0.32156864
0.32549021
0.30588236
0.30980393
0.35294119
0.34901962
0.31764707
0.31372550
0.34117648
0.36470589
0.37254903
0.35686275
0.56078434
0.62745100
0.42352942
0.44705883
0.58823532
0.74509805
0.74509805
0.56078434
0.30980393
0.30196080
0.34901962
0.36470589
0.32549021
0.32941177
0.38039216
0.45490196
0.36470589
0.35294119
0.32941177
0.31764707
0.34509805
0.36862746
0.36862746
0.35294119
0.35294119
0.34117648
0.34509805
0.35294119
0.34509805
0.34117648
0.49019608
0.52156866
0.61568630
0.49411765
0.32549021
0.30588236
0.30588236
0.43137255
0.66666669
0.61176473
0.31764707
0.29803923
0.34117648
0.33333334
0.33725491
0.40784314
0.51372552
0.56862748
0.36078432
0.36078432
0.34117648
0.32941177
0.35294119
0.36078432
0.35294119
0.34901962
0.36862746
0.36862746
0.35294119
0.35294119
0.36470589
0.37254903
0.54509807
0.61176473
0.62745100
0.50980395
0.44313726
0.38823530
0.34901962
0.36470589
0.54509807
0.47450981
0.34509805
0.33333334
0.35294119
0.41176471
0.47843137
0.61960787
0.61960787
0.63137257
0.37254903
0.37254903
0.34509805
0.33725491
0.34117648
0.35294119
0.35686275
0.35686275
0.34509805
0.33725491
0.34117648
0.36078432
0.37647060
0.41960785
0.45490196
0.48627451
0.71764708
0.76862746
0.59607846
0.51764709
0.46666667
0.45490196
0.56078434
0.40392157
0.34509805
0.41960785
0.57254905
0.64705884
0.56862748
0.69411767
0.60392159
0.63137257
0.38039216
0.38823530
0.33725491
0.35294119
0.38039216
0.38823530
0.36470589
0.36078432
0.37647060
0.37647060
0.38039216
0.37647060
0.40392157
0.49411765
0.48235294
0.54901963
0.72156864
0.74901962
0.57254905
0.59215689
0.50588238
0.51764709
0.51764709
0.50588238
0.57254905
0.61960787
0.72549021
0.71764708
0.52549022
0.60392159
0.58431375
0.59215689
0.37647060
0.35294119
0.35294119
0.36862746
0.33333334
0.32156864
0.35294119
0.38039216
0.36862746
0.35686275
0.37647060
0.35686275
0.51372552
0.66666669
0.63137257
0.64705884
0.62745100
0.69411767
0.66274512
0.65882355
0.56862748
0.68235296
0.65882355
0.66274512
0.72549021
0.70980394
0.71372551
0.72549021
0.52156866
0.59215689
0.67450982
0.55686277
0.36470589
0.35294119
0.35294119
0.34117648
0.32549021
0.34901962
0.35686275
0.37254903
0.42352942
0.50588238
0.55294120
0.62745100
0.79215688
0.83137256
0.82352942
0.76470590
0.54901963
0.64313728
0.67450982
0.72941178
0.72156864
0.74901962
0.75294119
0.61568630
0.77254903
0.80392158
0.76470590
0.71372551
0.52549022
0.56862748
0.58431375
0.48235294
0.39215687
0.35686275
0.36078432
0.36862746
0.37254903
0.38823530
0.47450981
0.63529414
0.67843139
0.70980394
0.78039217
0.83529413
0.85490197
0.85882354
0.87058824
0.84705883
0.70196080
0.59215689
0.63529414
0.64705884
0.70196080
0.71764708
0.70196080
0.56470591
0.74509805
0.83137256
0.83137256
0.80000001
0.64313728
0.53725493
0.48235294
0.39607844
0.41568628
0.43921569
0.38431373
0.36470589
0.37647060
0.47450981
0.78039217
0.82352942
0.68627453
0.56078434
0.65882355
0.82352942
0.84313726
0.83137256
0.84313726
0.85098040
0.85490197
0.84705883
0.70196080
0.64313728
0.67843139
0.68235296
0.63921571
0.58823532
0.69803923
0.82745099
0.83137256
0.84705883
0.86274511
0.72549021
0.46274510
0.44705883
0.39215687
0.45490196
0.36862746
0.34117648
0.35294119
0.54117650
0.81960785
0.85098040
0.81176472
0.76470590
0.79215688
0.82745099
0.81176472
0.80000001
0.79607844
0.81176472
0.79607844
0.83137256
0.76078433
0.73725492
0.71372551
0.69019610
0.65882355
0.63529414
0.65098041
0.72549021
0.81568629
0.81568629
0.73725492
0.70196080
0.54117650
0.44313726
0.37647060
0.45882353
0.45882353
0.39607844
0.42352942
0.67058825
0.77647060
0.80784315
0.82352942
0.84313726
0.85882354
0.81960785
0.76470590
0.75294119
0.74117649
0.71764708
0.69019610
0.65882355
0.63921571
0.67450982
0.66666669
0.63921571
0.64313728
0.62352943
0.65098041
0.63137257
0.65098041
0.63529414
0.66666669
0.67058825
0.42352942
0.35294119
0.39215687
0.44705883
0.43529412
0.39215687
0.53725493
0.75686276
0.77254903
0.76078433
0.73333335
0.73725492
0.76470590
0.69019610
0.58039218
0.57647061
0.56470591
0.53333336
0.55686277
0.57647061
0.58431375
0.63529414
0.68235296
0.67058825
0.67843139
0.65882355
0.66666669
0.72941178
0.67058825
0.61176473
0.65882355
0.58823532
0.38039216
0.31372550
0.41568628
0.50196081
0.64705884
0.70980394
0.77254903
0.80392158
0.78823531
0.79607844
0.79215688
0.80000001
0.78039217
0.60000002
0.58039218
0.61568630
0.62745100
0.60392159
0.61176473
0.64313728
0.63921571
0.61960787
0.71372551
0.72156864
0.71764708
0.70588237
0.70588237
0.68627453
0.67058825
0.62745100
0.58431375
0.56470591
0.40392157
0.34117648
0.59607846
0.76862746
0.79607844
0.81960785
0.83921570
0.84705883
0.80784315
0.77254903
0.81568629
0.84313726
0.76078433
0.62745100
0.63529414
0.61960787
0.61568630
0.58039218
0.57254905
0.60784316
0.58039218
0.54901963
0.72549021
0.73725492
0.73333335
0.72549021
0.70588237
0.71764708
0.72156864
0.65098041
0.60392159
0.52941179
0.41568628
0.33725491
0.78431374
0.85882354
0.83921570
0.81568629
0.82352942
0.83529413
0.84313726
0.81568629
0.85098040
0.84313726
0.69411767
0.63529414
0.62352943
0.63529414
0.64705884
0.64313728
0.66274512
0.68235296
0.68627453
0.70980394
0.75294119
0.75294119
0.74509805
0.73333335
0.71764708
0.69411767
0.70588237
0.65882355
0.59607846
0.57254905
0.45098040
0.38823530
0.63137257
0.70196080
0.77254903
0.79607844
0.81960785
0.82745099
0.83921570
0.81568629
0.83921570
0.83137256
0.76078433
0.74509805
0.75294119
0.75686276
0.78431374
0.78431374
0.77647060
0.76862746
0.75294119
0.75294119
0.73725492
0.72549021
0.71372551
0.69019610
0.67058825
0.65490198
0.64313728
0.64313728
0.63921571
0.62352943
0.52549022
0.51372552
0.56862748
0.41176471
0.41960785
0.47058824
0.53333336
0.60392159
0.65882355
0.69019610
0.70980394
0.72156864
0.72549021
0.68627453
0.68627453
0.69019610
0.71372551
0.71372551
0.69803923
0.69019610
0.67450982
0.67843139
0.67058825
0.67058825
0.65490198
0.63921571
0.64705884
0.64705884
0.65882355
0.68627453
0.67058825
0.60000002
0.36470589
0.39215687
0.76470590
0.51764709
0.43137255
0.37254903
0.34509805
0.34117648
0.36078432
0.39215687
0.38431373
0.39215687
0.41568628
0.44313726
0.48235294
0.56078434
0.60784316
0.63529414
0.64313728
0.65098041
0.65882355
0.64705884
0.65490198
0.66666669
0.67058825
0.66666669
0.68627453
0.69019610
0.69019610
0.67843139
0.62745100
0.52549022
0.34901962
0.40784314
0.73333335
0.62745100
0.49803922
0.47058824
0.45882353
0.44705883
0.44313726
0.42745098
0.40784314
0.40392157
0.41960785
0.45882353
0.52549022
0.60784316
0.65098041
0.67450982
0.68235296
0.70196080
0.71372551
0.71764708
0.70980394
0.70980394
0.70196080
0.69019610
0.69019610
0.67450982
0.65882355
0.61960787
0.55686277
0.45098040
0.43529412
0.56078434
0.47450981
0.50980395
0.50980395
0.50196081
0.47843137
0.45882353
0.45882353
0.45490196
0.44705883
0.46274510
0.49411765
0.54117650
0.59607846
0.64705884
0.68235296
0.70588237
0.72156864
0.73333335
0.72941178
0.72156864
0.69803923
0.69019610
0.68627453
0.66666669
0.64705884
0.63137257
0.58823532
0.55686277
0.47450981
0.37254903
0.41960785
0.54901963
0.31372550
0.36862746
0.49411765
0.50196081
0.48627451
0.45490196
0.45490196
0.45882353
0.45490196
0.46274510
0.49019608
0.52941179
0.58823532
0.64313728
0.67450982
0.70196080
0.71372551
0.72156864
0.72156864
0.70588237
0.67843139
0.66274512
0.65490198
0.61960787
0.57254905
0.57254905
0.57254905
0.59215689
0.49803922
0.46666667
0.65098041
0.72549021
0.30588236
0.34117648
0.47450981
0.49019608
0.46666667
0.45098040
0.44705883
0.45098040
0.43529412
0.45098040
0.48235294
0.51372552
0.56470591
0.61568630
0.66666669
0.68627453
0.69019610
0.70588237
0.69019610
0.66274512
0.64705884
0.65882355
0.65098041
0.63137257
0.60392159
0.64705884
0.65490198
0.69019610
0.65098041
0.65882355
0.76862746
0.79215688
0.29411766
0.28627452
0.43137255
0.47450981
0.45882353
0.45490196
0.45882353
0.44705883
0.44313726
0.45882353
0.48627451
0.51372552
0.55294120
0.59607846
0.63921571
0.66274512
0.65490198
0.64313728
0.63529414
0.60784316
0.63137257
0.70196080
0.69019610
0.71764708
0.74117649
0.74901962
0.73725492
0.72941178
0.74117649
0.76862746
0.80000001
0.81568629
0.32549021
0.34901962
0.40000001
0.45490196
0.47450981
0.46274510
0.47058824
0.45490196
0.45098040
0.45490196
0.47058824
0.47843137
0.49803922
0.52156866
0.54901963
0.55686277
0.57254905
0.56862748
0.58823532
0.60392159
0.64313728
0.71372551
0.69019610
0.70196080
0.73333335
0.75686276
0.76078433
0.76862746
0.78039217
0.79215688
0.78431374
0.79215688
0.34117648
0.37254903
0.36862746
0.38823530
0.41960785
0.39215687
0.40000001
0.41960785
0.43137255
0.38431373
0.40784314
0.41568628
0.41568628
0.42745098
0.47058824
0.50588238
0.58823532
0.64705884
0.65490198
0.67058825
0.68235296
0.72941178
0.70196080
0.69019610
0.70588237
0.75294119
0.77254903
0.78823531
0.78039217
0.78431374
0.78431374
0.77254903
0.30588236
0.29803923
0.32156864
0.38039216
0.28627452
0.25490198
0.29411766
0.37254903
0.41960785
0.34509805
0.36470589
0.40784314
0.42352942
0.47843137
0.55294120
0.62745100
0.70980394
0.76470590
0.76862746
0.76470590
0.76078433
0.79607844
0.78823531
0.73333335
0.70196080
0.76862746
0.77254903
0.77254903
0.77647060
0.80392158
0.80784315
0.80392158
0.29803923
0.32549021
0.35686275
0.40784314
0.43529412
0.29019609
0.25882354
0.28627452
0.37254903
0.38039216
0.39607844
0.42745098
0.44313726
0.52156866
0.60784316
0.68627453
0.76862746
0.80784315
0.81960785
0.81176472
0.79607844
0.81568629
0.82745099
0.80784315
0.78823531
0.79215688
0.78431374
0.78431374
0.78823531
0.80392158
0.80784315
0.80784315
0.31372550
0.30980393
0.34117648
0.36078432
0.42745098
0.35686275
0.20392157
0.17647059
0.21176471
0.25490198
0.32156864
0.40000001
0.44705883
0.58039218
0.65882355
0.72549021
0.79607844
0.82352942
0.83137256
0.80392158
0.78823531
0.79607844
0.81176472
0.81960785
0.81568629
0.81568629
0.80784315
0.80000001
0.80392158
0.80000001
0.78431374
0.77254903
0.37254903
0.38431373
0.36862746
0.36470589
0.38823530
0.38431373
0.38039216
0.36470589
0.38823530
0.36470589
0.35686275
0.36862746
0.37254903
0.35686275
0.36470589
0.37254903
0.34901962
0.35686275
0.36078432
0.37254903
0.42352942
0.41568628
0.36470589
0.37647060
0.37254903
0.36078432
0.34117648
0.34509805
0.34509805
0.33725491
0.35686275
0.34901962
0.35686275
0.34509805
0.35686275
0.37647060
0.35686275
0.34901962
0.34117648
0.37647060
0.36862746
0.32549021
0.35294119
0.37254903
0.34901962
0.32941177
0.34901962
0.35294119
0.34117648
0.33333334
0.37254903
0.38431373
0.45490196
0.43921569
0.36862746
0.36862746
0.33725491
0.32549021
0.34117648
0.32941177
0.31764707
0.32156864
0.30980393
0.34117648
0.37254903
0.36470589
0.38431373
0.38431373
0.37254903
0.38039216
0.38039216
0.37254903
0.32156864
0.33333334
0.36078432
0.34509805
0.36470589
0.37254903
0.34509805
0.34117648
0.37647060
0.54901963
0.57647061
0.49411765
0.48235294
0.44705883
0.36862746
0.33333334
0.30588236
0.30980393
0.34117648
0.30980393
0.28235295
0.28627452
0.30588236
0.33333334
0.35294119
0.38431373
0.36862746
0.36078432
0.34901962
0.36470589
0.38039216
0.36078432
0.35294119
0.37647060
0.36078432
0.36078432
0.37254903
0.36470589
0.36470589
0.36862746
0.45882353
0.74901962
0.71764708
0.73725492
0.71372551
0.54509807
0.46666667
0.35294119
0.28235295
0.30980393
0.32156864
0.32549021
0.31372550
0.29019609
0.29411766
0.35686275
0.38431373
0.38823530
0.32549021
0.32549021
0.32549021
0.32941177
0.30588236
0.30980393
0.35294119
0.34901962
0.31764707
0.31764707
0.34509805
0.36862746
0.37647060
0.35686275
0.55294120
0.62745100
0.41960785
0.43529412
0.60392159
0.76078433
0.75686276
0.57254905
0.32156864
0.30980393
0.35686275
0.37254903
0.32156864
0.32156864
0.37254903
0.44705883
0.36470589
0.35294119
0.32941177
0.32156864
0.35294119
0.37647060
0.37254903
0.35294119
0.35294119
0.34117648
0.34901962
0.35294119
0.34901962
0.34509805
0.49803922
0.52156866
0.60000002
0.48627451
0.31372550
0.28627452
0.31764707
0.44313726
0.67843139
0.62352943
0.32549021
0.30588236
0.34901962
0.34117648
0.32549021
0.39215687
0.49803922
0.55294120
0.36078432
0.36078432
0.34117648
0.33725491
0.36078432
0.36862746
0.36078432
0.35294119
0.36862746
0.36862746
0.35294119
0.35686275
0.36862746
0.37647060
0.55294120
0.61176473
0.60784316
0.50196081
0.42745098
0.36470589
0.34901962
0.37254903
0.55686277
0.48627451
0.35294119
0.34117648
0.36078432
0.41960785
0.46666667
0.60000002
0.60000002
0.61176473
0.37254903
0.37647060
0.34901962
0.34117648
0.34901962
0.36078432
0.36078432
0.35686275
0.34509805
0.34117648
0.34509805
0.36470589
0.37647060
0.41960785
0.45490196
0.48235294
0.70196080
0.75686276
0.58039218
0.49411765
0.45490196
0.45098040
0.55686277
0.40392157
0.34509805
0.41960785
0.56862748
0.64313728
0.54509807
0.66274512
0.58039218
0.61960787
0.38431373
0.39215687
0.34117648
0.36078432
0.38823530
0.39215687
0.36862746
0.36470589
0.38039216
0.38039216
0.38431373
0.37254903
0.39607844
0.48627451
0.47450981
0.54117650
0.70980394
0.73333335
0.55686277
0.57254905
0.48627451
0.49411765
0.49803922
0.48235294
0.55294120
0.60000002
0.70588237
0.69803923
0.47450981
0.54901963
0.55686277
0.59215689
0.37647060
0.35686275
0.35686275
0.37647060
0.33725491
0.32156864
0.35294119
0.38431373
0.37254903
0.36078432
0.38039216
0.35686275
0.50588238
0.66274512
0.62745100
0.63921571
0.61176473
0.67843139
0.64313728
0.63921571
0.55294120
0.66666669
0.64705884
0.64705884
0.70980394
0.69411767
0.69803923
0.70980394
0.45098040
0.52156866
0.63921571
0.55686277
0.36078432
0.34901962
0.34901962
0.33725491
0.32156864
0.34509805
0.35294119
0.37647060
0.43137255
0.50980395
0.56078434
0.63137257
0.79215688
0.82745099
0.81960785
0.75686276
0.53333336
0.62745100
0.65490198
0.71372551
0.70980394
0.74117649
0.74117649
0.60784316
0.75686276
0.78823531
0.74901962
0.69803923
0.44313726
0.47843137
0.54117650
0.48235294
0.38431373
0.34901962
0.35294119
0.35686275
0.36470589
0.38039216
0.47058824
0.63921571
0.69019610
0.71764708
0.78823531
0.84313726
0.85490197
0.86274511
0.87058824
0.84313726
0.68627453
0.57647061
0.61568630
0.62745100
0.68627453
0.70196080
0.68627453
0.55294120
0.72941178
0.81568629
0.81568629
0.78039217
0.55686277
0.43921569
0.43137255
0.39607844
0.40784314
0.42745098
0.37254903
0.35686275
0.36862746
0.47058824
0.77647060
0.83137256
0.70196080
0.57254905
0.67450982
0.83137256
0.84313726
0.83529413
0.84705883
0.85098040
0.83921570
0.83137256
0.68235296
0.62352943
0.65882355
0.66274512
0.61960787
0.56862748
0.68235296
0.81176472
0.81568629
0.83137256
0.78431374
0.63921571
0.41960785
0.43921569
0.37647060
0.43921569
0.35686275
0.32549021
0.33725491
0.53333336
0.81568629
0.85882354
0.83137256
0.78039217
0.81176472
0.83921570
0.81176472
0.80000001
0.79607844
0.80784315
0.78039217
0.81568629
0.74509805
0.71764708
0.69019610
0.66666669
0.63529414
0.61176473
0.63921571
0.71372551
0.80392158
0.80392158
0.69019610
0.65098041
0.50980395
0.42745098
0.35294119
0.43529412
0.43529412
0.37254903
0.40392157
0.65490198
0.76862746
0.81568629
0.84705883
0.86274511
0.87843138
0.83137256
0.76470590
0.75294119
0.74117649
0.71372551
0.67450982
0.64313728
0.61960787
0.65490198
0.64705884
0.62352943
0.62352943
0.60392159
0.63529414
0.61960787
0.63921571
0.62352943
0.65490198
0.65882355
0.41176471
0.33725491
0.36862746
0.42352942
0.41176471
0.36862746
0.51764709
0.74117649
0.76078433
0.76862746
0.75294119
0.76078433
0.78823531
0.69803923
0.57647061
0.57254905
0.56078434
0.52549022
0.54117650
0.56078434
0.56470591
0.61568630
0.67058825
0.65882355
0.66666669
0.64705884
0.65490198
0.71764708
0.65490198
0.60000002
0.67450982
0.60392159
0.38039216
0.30196080
0.40784314
0.49803922
0.64705884
0.70980394
0.77647060
0.81176472
0.79607844
0.79607844
0.78823531
0.79607844
0.77647060
0.59215689
0.56862748
0.60784316
0.61568630
0.59215689
0.59215689
0.62352943
0.61960787
0.60000002
0.69803923
0.70588237
0.70196080
0.69411767
0.68627453
0.66666669
0.65098041
0.60784316
0.58039218
0.56470591
0.39607844
0.32941177
0.59215689
0.76862746
0.80392158
0.83529413
0.85882354
0.86274511
0.82745099
0.76862746
0.80000001
0.82745099
0.74509805
0.61176473
0.61960787
0.60392159
0.60392159
0.56470591
0.55686277
0.58823532
0.56078434
0.52941179
0.70980394
0.72156864
0.71764708
0.70980394
0.68627453
0.69803923
0.69803923
0.62745100
0.58823532
0.51764709
0.40392157
0.32941177
0.78039217
0.85882354
0.84313726
0.83137256
0.84313726
0.85490197
0.86274511
0.81960785
0.84313726
0.83529413
0.68235296
0.62352943
0.60784316
0.61960787
0.63529414
0.63137257
0.64313728
0.66274512
0.66666669
0.69019610
0.73725492
0.73725492
0.72941178
0.71764708
0.70196080
0.67843139
0.68627453
0.63921571
0.58039218
0.56470591
0.44705883
0.38431373
0.62745100
0.70196080
0.77254903
0.81176472
0.83921570
0.84705883
0.85882354
0.81960785
0.83921570
0.83529413
0.76078433
0.73725492
0.73333335
0.74117649
0.76862746
0.76862746
0.75686276
0.74901962
0.73333335
0.73333335
0.72156864
0.70980394
0.69803923
0.67450982
0.65490198
0.63921571
0.62745100
0.62745100
0.63137257
0.61960787
0.52156866
0.51372552
0.56470591
0.41176471
0.41960785
0.48627451
0.55294120
0.62352943
0.67843139
0.69803923
0.70980394
0.72549021
0.72549021
0.67843139
0.66666669
0.67058825
0.69803923
0.69803923
0.68235296
0.67450982
0.65882355
0.66274512
0.65490198
0.65490198
0.63921571
0.62352943
0.63529414
0.63529414
0.64313728
0.66666669
0.66274512
0.59607846
0.36470589
0.39607844
0.76078433
0.51372552
0.42745098
0.38431373
0.36078432
0.35686275
0.37647060
0.39607844
0.38431373
0.39215687
0.41568628
0.43921569
0.46274510
0.54117650
0.59215689
0.61960787
0.62745100
0.63529414
0.64313728
0.63137257
0.63921571
0.65098041
0.65490198
0.65098041
0.67058825
0.67843139
0.67450982
0.65882355
0.61960787
0.52549022
0.34901962
0.40784314
0.73333335
0.61960787
0.49019608
0.47450981
0.47058824
0.45882353
0.45490196
0.43529412
0.41176471
0.40784314
0.42352942
0.45098040
0.50588238
0.58823532
0.63529414
0.65882355
0.66666669
0.68627453
0.69803923
0.70196080
0.69411767
0.69411767
0.68627453
0.67450982
0.67450982
0.65882355
0.63921571
0.60000002
0.54509807
0.44705883
0.43529412
0.56078434
0.47058824
0.50196081
0.50196081
0.50588238
0.48627451
0.46274510
0.46274510
0.45882353
0.45490196
0.47058824
0.49803922
0.53333336
0.57254905
0.62745100
0.66274512
0.69019610
0.70588237
0.71764708
0.71372551
0.70588237
0.68235296
0.67450982
0.67058825
0.65098041
0.62745100
0.61176473
0.56470591
0.53333336
0.45882353
0.36470589
0.41568628
0.54901963
0.30588236
0.35686275
0.48235294
0.50588238
0.49411765
0.46274510
0.46274510
0.47058824
0.46666667
0.47058824
0.50196081
0.52941179
0.56862748
0.62352943
0.65490198
0.68235296
0.70196080
0.70980394
0.70980394
0.69019610
0.66274512
0.64705884
0.63921571
0.60392159
0.55686277
0.55294120
0.54901963
0.56862748
0.48627451
0.46274510
0.64705884
0.72156864
0.29019609
0.32156864
0.45490196
0.50196081
0.48627451
0.47058824
0.46274510
0.47843137
0.47058824
0.48235294
0.51372552
0.52941179
0.56078434
0.60392159
0.63921571
0.66666669
0.68627453
0.69803923
0.68627453
0.65490198
0.63137257
0.64313728
0.63529414
0.61568630
0.58823532
0.63137257
0.63921571
0.67450982
0.64705884
0.66274512
0.76862746
0.79607844
0.27843139
0.26666668
0.40784314
0.48627451
0.48235294
0.47450981
0.47843137
0.47843137
0.47843137
0.49411765
0.51764709
0.53725493
0.56470591
0.59607846
0.62745100
0.64705884
0.65098041
0.63921571
0.63137257
0.60392159
0.61568630
0.69019610
0.67450982
0.70196080
0.72549021
0.73333335
0.72156864
0.71764708
0.74117649
0.77254903
0.80392158
0.81960785
0.30588236
0.32941177
0.38039216
0.46274510
0.49019608
0.47843137
0.48627451
0.47843137
0.48235294
0.48235294
0.49411765
0.50196081
0.52156866
0.53725493
0.55294120
0.55294120
0.56862748
0.56470591
0.58431375
0.60000002
0.63529414
0.70588237
0.68235296
0.69411767
0.72941178
0.74901962
0.75686276
0.76470590
0.78039217
0.79607844
0.78823531
0.79607844
0.32549021
0.35294119
0.34901962
0.39215687
0.42745098
0.40392157
0.41176471
0.44313726
0.45490196
0.40784314
0.42745098
0.44313726
0.45098040
0.45490196
0.48627451
0.50980395
0.58431375
0.64313728
0.65098041
0.67058825
0.67843139
0.72549021
0.69803923
0.69019610
0.70588237
0.75686276
0.77647060
0.79215688
0.78431374
0.78823531
0.78823531
0.77647060
0.29019609
0.27843139
0.30196080
0.37647060
0.29019609
0.26274511
0.30196080
0.39215687
0.43921569
0.36078432
0.38039216
0.43529412
0.46274510
0.50588238
0.56862748
0.63529414
0.70980394
0.76470590
0.76470590
0.76470590
0.76078433
0.79607844
0.78823531
0.73333335
0.70588237
0.77254903
0.77647060
0.77647060
0.78039217
0.80784315
0.81176472
0.80784315
0.28235295
0.30588236
0.33725491
0.40392157
0.43137255
0.29019609
0.26274511
0.30196080
0.38823530
0.39215687
0.40784314
0.45098040
0.47450981
0.54509807
0.61960787
0.69019610
0.76862746
0.80784315
0.81960785
0.81176472
0.80000001
0.81960785
0.83137256
0.81176472
0.79607844
0.80000001
0.78823531
0.78823531
0.79215688
0.80784315
0.81176472
0.81176472
0.29411766
0.29019609
0.31764707
0.35294119
0.42352942
0.36078432
0.21176471
0.18823530
0.22352941
0.26274511
0.32941177
0.41568628
0.46666667
0.58823532
0.65882355
0.72156864
0.79607844
0.82352942
0.83137256
0.80784315
0.80000001
0.81176472
0.82352942
0.83137256
0.83137256
0.83137256
0.82352942
0.81568629
0.81176472
0.80392158
0.78823531
0.77647060
0.46666667
0.47843137
0.46274510
0.46274510
0.49019608
0.48627451
0.48235294
0.46274510
0.48235294
0.45882353
0.45098040
0.47450981
0.49019608
0.45490196
0.44705883
0.45882353
0.44313726
0.44313726
0.42352942
0.42352942
0.50588238
0.48627451
0.42352942
0.43137255
0.45098040
0.44313726
0.42352942
0.42745098
0.43137255
0.42352942
0.44313726
0.43529412
0.45098040
0.43921569
0.45098040
0.47450981
0.45098040
0.44705883
0.43921569
0.47058824
0.46274510
0.41960785
0.44705883
0.47450981
0.45490196
0.42352942
0.42745098
0.43137255
0.42352942
0.40000001
0.42745098
0.43137255
0.49019608
0.48235294
0.41568628
0.42352942
0.41568628
0.40392157
0.41960785
0.40784314
0.40000001
0.40392157
0.39215687
0.41960785
0.46666667
0.45882353
0.47843137
0.47058824
0.45882353
0.46274510
0.46274510
0.46274510
0.41568628
0.42745098
0.45490196
0.44313726
0.46274510
0.45882353
0.42352942
0.41176471
0.44313726
0.59215689
0.62352943
0.53725493
0.48235294
0.45490196
0.40784314
0.38431373
0.37647060
0.38431373
0.41176471
0.38431373
0.35294119
0.35686275
0.37647060
0.40392157
0.44705883
0.47843137
0.46274510
0.44313726
0.42745098
0.44313726
0.45882353
0.45098040
0.44705883
0.47058824
0.45490196
0.45490196
0.46666667
0.44705883
0.43921569
0.43137255
0.50980395
0.76862746
0.74901962
0.78823531
0.69803923
0.54509807
0.49411765
0.40000001
0.34117648
0.37254903
0.38431373
0.38823530
0.37254903
0.34509805
0.34901962
0.40784314
0.47843137
0.48235294
0.41568628
0.40000001
0.40000001
0.40392157
0.38039216
0.39607844
0.44705883
0.44313726
0.41176471
0.40784314
0.43137255
0.44705883
0.43921569
0.41176471
0.58431375
0.61568630
0.43529412
0.49803922
0.60392159
0.76470590
0.78039217
0.60784316
0.37254903
0.36078432
0.41176471
0.42745098
0.36862746
0.36470589
0.41176471
0.48627451
0.45882353
0.44705883
0.41960785
0.39215687
0.41568628
0.43921569
0.43921569
0.43529412
0.44705883
0.43529412
0.43921569
0.44313726
0.42745098
0.41568628
0.55294120
0.57254905
0.61960787
0.45882353
0.31764707
0.35686275
0.34509805
0.47058824
0.70196080
0.64705884
0.37254903
0.35686275
0.40000001
0.39215687
0.36470589
0.42352942
0.52941179
0.58431375
0.45490196
0.45490196
0.43529412
0.40392157
0.41960785
0.42352942
0.41960785
0.43137255
0.46274510
0.46274510
0.44705883
0.44313726
0.44705883
0.44313726
0.60392159
0.65490198
0.61960787
0.45882353
0.42352942
0.44313726
0.41568628
0.41960785
0.58431375
0.50588238
0.39607844
0.39215687
0.41176471
0.46666667
0.50196081
0.62745100
0.62352943
0.63529414
0.45882353
0.45882353
0.43137255
0.40784314
0.41176471
0.42745098
0.43529412
0.44313726
0.43529412
0.43137255
0.43529412
0.44313726
0.44313726
0.48235294
0.50980395
0.52156866
0.70196080
0.72941178
0.58039218
0.55686277
0.52549022
0.50588238
0.59607846
0.43137255
0.37647060
0.45098040
0.60392159
0.67450982
0.57647061
0.69019610
0.60784316
0.64313728
0.45490196
0.46274510
0.41176471
0.42352942
0.45882353
0.47058824
0.45098040
0.44705883
0.46274510
0.46274510
0.46666667
0.44313726
0.45098040
0.53725493
0.52941179
0.57647061
0.69803923
0.73333335
0.56862748
0.60000002
0.52156866
0.53333336
0.53333336
0.51764709
0.56862748
0.61568630
0.71764708
0.70980394
0.49803922
0.57647061
0.58039218
0.61176473
0.44705883
0.42745098
0.42352942
0.43529412
0.40392157
0.39607844
0.42745098
0.45882353
0.44705883
0.43529412
0.45490196
0.41568628
0.54117650
0.69803923
0.66274512
0.66274512
0.60392159
0.67843139
0.65490198
0.65882355
0.54117650
0.65098041
0.63137257
0.63529414
0.70980394
0.69803923
0.70196080
0.71372551
0.45882353
0.52941179
0.65882355
0.58431375
0.41960785
0.41176471
0.40784314
0.40000001
0.38431373
0.40392157
0.41176471
0.43137255
0.48627451
0.56862748
0.61568630
0.66666669
0.80392158
0.83921570
0.83137256
0.76470590
0.52156866
0.62745100
0.66666669
0.72549021
0.67058825
0.69803923
0.69803923
0.56470591
0.74901962
0.79215688
0.75294119
0.69803923
0.42745098
0.46666667
0.54901963
0.51372552
0.43921569
0.40392157
0.40784314
0.42352942
0.42352942
0.42745098
0.50980395
0.67450982
0.72549021
0.75294119
0.82352942
0.85882354
0.85098040
0.85490197
0.86666667
0.83529413
0.67450982
0.58039218
0.63137257
0.64705884
0.67058825
0.68627453
0.67058825
0.53333336
0.72156864
0.81176472
0.81176472
0.77647060
0.52941179
0.41568628
0.44313726
0.43529412
0.46274510
0.48235294
0.42745098
0.41568628
0.41960785
0.50196081
0.79215688
0.84313726
0.71372551
0.58431375
0.68627453
0.83137256
0.82745099
0.81568629
0.83137256
0.83137256
0.82745099
0.83137256
0.69411767
0.64705884
0.69019610
0.69803923
0.65490198
0.60000002
0.67843139
0.80000001
0.80392158
0.81568629
0.75686276
0.61960787
0.43529412
0.49019608
0.43137255
0.49411765
0.40784314
0.38431373
0.38431373
0.55294120
0.80784315
0.84705883
0.81960785
0.76862746
0.80000001
0.82745099
0.80392158
0.79215688
0.78823531
0.80000001
0.77254903
0.81568629
0.75686276
0.74509805
0.74117649
0.71764708
0.69019610
0.66274512
0.63137257
0.69411767
0.78431374
0.78431374
0.67450982
0.64705884
0.53725493
0.48627451
0.40000001
0.48235294
0.48235294
0.42745098
0.44313726
0.66274512
0.74509805
0.78823531
0.81960785
0.83529413
0.85098040
0.81960785
0.76862746
0.75686276
0.74509805
0.71372551
0.66274512
0.64313728
0.63529414
0.67843139
0.66666669
0.63921571
0.64313728
0.62352943
0.61568630
0.59215689
0.61176473
0.60000002
0.65490198
0.68235296
0.45490196
0.40000001
0.41568628
0.46666667
0.45490196
0.42352942
0.55294120
0.74509805
0.73333335
0.73333335
0.71764708
0.72549021
0.75294119
0.68627453
0.59215689
0.58823532
0.57647061
0.53333336
0.53333336
0.56470591
0.58039218
0.63137257
0.64705884
0.63137257
0.63921571
0.61960787
0.62745100
0.69411767
0.63137257
0.57647061
0.69019610
0.65098041
0.43137255
0.36078432
0.42745098
0.50196081
0.63921571
0.72156864
0.78823531
0.80784315
0.78431374
0.78431374
0.78039217
0.78823531
0.76862746
0.59215689
0.57647061
0.60392159
0.60392159
0.58431375
0.60392159
0.63921571
0.64313728
0.61568630
0.69019610
0.69411767
0.69019610
0.68235296
0.69411767
0.68235296
0.67450982
0.63921571
0.64313728
0.63529414
0.46666667
0.38823530
0.60392159
0.75686276
0.77647060
0.81568629
0.84705883
0.85490197
0.81568629
0.76470590
0.80000001
0.82745099
0.74509805
0.61176473
0.61960787
0.59215689
0.58039218
0.54901963
0.57647061
0.61176473
0.58431375
0.54901963
0.71372551
0.72549021
0.72156864
0.71372551
0.70196080
0.72549021
0.73725492
0.67843139
0.66274512
0.59215689
0.46666667
0.37647060
0.79607844
0.85490197
0.82352942
0.81176472
0.82352942
0.83529413
0.84313726
0.80392158
0.83137256
0.82352942
0.67450982
0.61960787
0.61176473
0.61176473
0.61568630
0.61568630
0.66274512
0.68235296
0.68627453
0.70980394
0.74117649
0.74117649
0.73333335
0.72156864
0.70196080
0.68627453
0.70980394
0.67058825
0.63529414
0.61960787
0.48235294
0.40784314
0.64313728
0.70588237
0.76862746
0.79215688
0.81568629
0.82352942
0.83529413
0.80000001
0.82352942
0.81568629
0.74509805
0.73725492
0.74901962
0.74117649
0.75294119
0.75686276
0.76470590
0.76078433
0.74117649
0.74509805
0.72549021
0.71372551
0.70196080
0.67450982
0.64313728
0.62745100
0.63137257
0.64705884
0.66274512
0.64705884
0.53725493
0.51764709
0.58431375
0.42352942
0.43137255
0.47450981
0.53725493
0.60784316
0.66274512
0.68627453
0.70196080
0.71372551
0.71764708
0.68235296
0.69019610
0.67843139
0.69019610
0.69019610
0.68235296
0.67843139
0.66274512
0.66666669
0.65882355
0.65882355
0.64313728
0.62352943
0.61568630
0.61568630
0.63921571
0.68235296
0.68235296
0.61176473
0.36470589
0.38431373
0.78039217
0.53725493
0.45490196
0.39215687
0.36470589
0.36078432
0.38039216
0.40392157
0.39607844
0.40392157
0.42352942
0.45490196
0.48627451
0.55686277
0.59215689
0.61176473
0.62745100
0.63921571
0.64313728
0.63529414
0.64313728
0.65490198
0.65882355
0.65490198
0.65490198
0.66274512
0.67843139
0.67843139
0.63921571
0.53725493
0.34901962
0.39607844
0.75294119
0.65490198
0.53333336
0.50980395
0.50196081
0.49019608
0.48235294
0.46274510
0.44313726
0.43921569
0.45490196
0.48627451
0.53333336
0.61176473
0.64313728
0.65490198
0.66274512
0.68235296
0.69411767
0.69803923
0.69411767
0.69803923
0.69019610
0.67843139
0.67058825
0.66274512
0.65882355
0.62745100
0.57647061
0.47058824
0.44313726
0.55686277
0.49019608
0.54509807
0.55686277
0.56470591
0.54509807
0.52156866
0.52156866
0.51764709
0.51372552
0.52549022
0.55686277
0.58431375
0.60784316
0.65098041
0.67450982
0.69019610
0.69019610
0.70588237
0.69803923
0.69803923
0.68627453
0.67843139
0.67450982
0.65490198
0.64313728
0.63529414
0.60392159
0.58431375
0.50980395
0.40392157
0.43921569
0.56078434
0.32549021
0.39607844
0.54117650
0.57647061
0.56862748
0.53725493
0.53725493
0.54117650
0.53725493
0.54509807
0.57254905
0.59215689
0.61176473
0.65098041
0.67450982
0.69019610
0.70196080
0.70588237
0.70588237
0.69019610
0.66666669
0.65098041
0.64313728
0.60784316
0.56862748
0.57647061
0.58431375
0.61176473
0.52941179
0.49411765
0.66666669
0.73333335
0.30196080
0.34901962
0.49411765
0.56078434
0.55686277
0.54509807
0.54901963
0.53725493
0.52156866
0.54901963
0.58823532
0.59607846
0.61176473
0.64705884
0.67450982
0.69411767
0.71372551
0.72549021
0.71372551
0.67843139
0.63529414
0.64705884
0.63921571
0.61960787
0.58431375
0.62352943
0.63529414
0.67058825
0.63921571
0.65098041
0.75686276
0.78039217
0.28627452
0.29019609
0.44705883
0.54117650
0.54509807
0.54509807
0.55294120
0.53725493
0.53333336
0.56470591
0.60000002
0.61176473
0.61960787
0.64705884
0.67058825
0.68235296
0.68235296
0.67058825
0.66274512
0.63137257
0.62352943
0.69411767
0.67843139
0.70588237
0.71764708
0.72156864
0.70980394
0.70588237
0.72156864
0.74901962
0.78039217
0.80000001
0.31764707
0.35294119
0.41568628
0.51372552
0.54509807
0.53333336
0.54509807
0.53333336
0.54509807
0.55686277
0.58431375
0.58431375
0.58823532
0.59215689
0.60392159
0.59215689
0.59215689
0.59215689
0.60784316
0.62352943
0.64313728
0.70980394
0.68627453
0.69411767
0.71372551
0.73333335
0.74117649
0.74901962
0.76078433
0.77647060
0.76862746
0.77647060
0.33333334
0.38039216
0.38431373
0.43921569
0.47450981
0.44313726
0.44313726
0.48235294
0.50980395
0.47450981
0.50980395
0.52156866
0.51764709
0.51372552
0.53333336
0.54901963
0.60392159
0.66274512
0.67058825
0.68627453
0.68235296
0.72549021
0.69803923
0.69019610
0.69019610
0.73725492
0.75686276
0.77254903
0.76470590
0.76862746
0.76862746
0.75686276
0.29803923
0.30196080
0.33725491
0.41960785
0.32156864
0.27843139
0.30196080
0.41176471
0.48235294
0.41176471
0.44705883
0.50588238
0.52549022
0.56078434
0.61568630
0.67058825
0.72156864
0.77647060
0.77647060
0.77254903
0.76078433
0.79607844
0.78823531
0.73333335
0.69019610
0.75294119
0.75686276
0.75686276
0.76078433
0.78823531
0.79215688
0.78823531
0.29019609
0.32941177
0.37254903
0.43529412
0.45098040
0.28627452
0.23529412
0.29411766
0.40000001
0.41960785
0.44705883
0.49803922
0.52549022
0.58823532
0.65098041
0.71372551
0.76862746
0.81176472
0.82352942
0.81176472
0.80000001
0.81960785
0.83137256
0.80784315
0.77647060
0.78039217
0.76862746
0.76862746
0.77254903
0.78823531
0.79215688
0.79215688
0.30588236
0.31372550
0.35686275
0.38039216
0.43137255
0.33333334
0.16078432
0.14901961
0.20392157
0.25490198
0.33333334
0.43529412
0.50196081
0.61176473
0.67450982
0.72941178
0.79607844
0.82352942
0.83137256
0.80784315
0.79607844
0.80784315
0.81960785
0.82745099
0.81176472
0.80784315
0.80000001
0.79215688
0.79215688
0.78431374
0.76862746
0.75686276
1 0 0 0 0 0 0 0 -1 0 0
0 1 0 0 0 0 0 0 -1 0 0
0 0 1 0 0 0 0 0 -1 0 0
0 0 0 1 0 0 0 0 -1 0 0
0 0 0 0 1 0 0 0 -1 0 0
0 0 0 0 0 1 0 0 -1 0 0
0 0 0 0 0 0 1 0 -1 0 0
0 0 0 0 0 0 0 1 -1 0 0
0 0 0 0 0 0 0 0 -1 1 0
