0.61568630
0.83921570
0.86274511
0.86666667
0.87450981
0.86666667
0.86666667
0.86666667
0.87058824
0.86666667
0.86274511
0.86274511
0.85882354
0.87058824
0.86666667
0.86666667
0.86666667
0.86666667
0.85882354
0.86666667
0.86666667
0.85882354
0.86666667
0.86666667
0.86666667
0.86666667
0.87450981
0.86274511
0.85882354
0.85882354
0.86274511
0.87058824
0.25490198
0.53725493
0.84313726
0.86274511
0.87058824
0.86666667
0.86666667
0.86666667
0.87450981
0.86666667
0.85490197
0.86274511
0.86274511
0.86666667
0.86666667
0.86666667
0.86666667
0.87058824
0.86666667
0.86274511
0.86666667
0.85882354
0.86666667
0.86666667
0.86666667
0.86666667
0.87450981
0.87058824
0.85490197
0.86274511
0.86666667
0.86274511
0.23529412
0.20784314
0.53333336
0.82745099
0.85490197
0.86666667
0.86666667
0.86666667
0.87450981
0.86666667
0.85490197
0.87058824
0.86274511
0.86274511
0.86666667
0.86666667
0.86666667
0.87058824
0.87450981
0.85490197
0.86274511
0.85882354
0.86666667
0.86666667
0.86666667
0.86666667
0.86666667
0.87450981
0.86274511
0.86666667
0.86666667
0.85882354
0.27843139
0.17647059
0.19215687
0.52549022
0.82352942
0.86666667
0.86666667
0.86666667
0.86666667
0.86274511
0.85882354
0.87058824
0.86666667
0.85882354
0.86274511
0.86666667
0.86666667
0.87058824
0.87450981
0.85490197
0.86274511
0.86274511
0.86274511
0.86274511
0.86274511
0.86666667
0.85882354
0.86666667
0.86274511
0.86666667
0.87058824
0.86274511
0.35294119
0.17647059
0.21960784
0.21568628
0.56078434
0.84313726
0.86274511
0.85882354
0.85882354
0.86274511
0.85882354
0.85882354
0.87843138
0.86274511
0.85490197
0.86274511
0.87058824
0.86666667
0.86666667
0.86666667
0.86666667
0.87450981
0.86274511
0.85490197
0.85882354
0.86274511
0.86274511
0.86274511
0.86274511
0.85490197
0.87450981
0.87058824
0.44705883
0.22352941
0.31372550
0.25882354
0.38431373
0.78431374
0.85882354
0.85882354
0.86666667
0.86666667
0.86666667
0.85882354
0.86274511
0.87450981
0.86274511
0.86274511
0.86666667
0.86666667
0.86666667
0.86666667
0.85882354
0.86666667
0.87058824
0.86274511
0.86274511
0.85882354
0.86666667
0.86666667
0.86666667
0.86274511
0.86274511
0.87058824
0.54509807
0.21568628
0.37254903
0.35294119
0.30196080
0.70588237
0.86666667
0.85490197
0.86666667
0.87058824
0.87058824
0.85882354
0.85490197
0.87843138
0.87058824
0.86666667
0.86274511
0.86666667
0.86666667
0.86666667
0.85882354
0.86274511
0.87058824
0.87450981
0.86666667
0.86274511
0.86666667
0.87058824
0.87058824
0.86666667
0.85490197
0.87058824
0.65882355
0.18431373
0.29803923
0.39215687
0.28235295
0.58039218
0.85098040
0.85882354
0.86274511
0.86274511
0.86274511
0.86274511
0.86274511
0.87058824
0.87450981
0.86666667
0.85882354
0.86666667
0.86666667
0.86666667
0.87058824
0.85882354
0.86666667
0.88235295
0.87450981
0.85882354
0.86274511
0.86274511
0.86274511
0.86274511
0.85882354
0.86666667
0.78039217
0.29019609
0.25490198
0.38039216
0.31372550
0.45490196
0.82352942
0.88235295
0.87058824
0.87058824
0.85882354
0.86666667
0.86274511
0.86666667
0.86274511
0.87058824
0.86274511
0.86274511
0.86666667
0.86666667
0.87058824
0.86274511
0.86274511
0.87058824
0.87843138
0.86274511
0.85882354
0.86274511
0.86274511
0.86274511
0.86666667
0.87450981
0.84705883
0.44313726
0.18431373
0.31372550
0.35686275
0.35294119
0.76470590
0.87450981
0.88235295
0.88235295
0.87058824
0.85098040
0.86666667
0.86666667
0.85098040
0.87450981
0.87058824
0.86666667
0.86666667
0.86666667
0.86666667
0.86666667
0.86666667
0.85882354
0.87450981
0.86274511
0.86274511
0.86666667
0.86666667
0.86666667
0.87058824
0.87450981
0.86666667
0.62352943
0.19215687
0.46666667
0.44705883
0.29803923
0.64705884
0.88627452
0.87843138
0.87450981
0.80000001
0.70980394
0.83921570
0.87058824
0.86274511
0.85882354
0.86666667
0.86666667
0.86666667
0.86666667
0.86666667
0.86666667
0.86666667
0.87058824
0.85882354
0.86666667
0.86666667
0.86666667
0.86666667
0.86274511
0.86666667
0.87058824
0.84705883
0.76470590
0.24313726
0.36862746
0.43921569
0.32156864
0.50588238
0.84705883
0.87843138
0.84705883
0.64705884
0.66274512
0.83529413
0.86666667
0.87058824
0.85490197
0.86666667
0.86666667
0.86666667
0.86666667
0.86666667
0.86666667
0.86666667
0.87058824
0.85490197
0.86666667
0.87058824
0.86666667
0.86666667
0.85882354
0.86274511
0.86666667
0.85490197
0.83529413
0.40000001
0.17647059
0.31764707
0.39215687
0.31764707
0.54117650
0.79215688
0.72941178
0.57647061
0.70980394
0.84705883
0.86274511
0.87450981
0.86274511
0.85882354
0.86666667
0.86666667
0.86666667
0.86666667
0.86666667
0.86666667
0.86666667
0.86274511
0.86666667
0.86666667
0.86666667
0.86666667
0.85882354
0.85882354
0.86274511
0.86274511
0.86666667
0.55294120
0.20392157
0.30588236
0.43529412
0.39215687
0.30588236
0.34901962
0.41960785
0.65098041
0.82352942
0.87450981
0.85882354
0.87058824
0.86666667
0.86274511
0.86274511
0.86274511
0.86666667
0.86666667
0.86274511
0.86666667
0.86666667
0.86666667
0.86666667
0.86274511
0.86274511
0.87058824
0.85882354
0.85882354
0.87058824
0.85882354
0.87843138
0.70980394
0.21568628
0.29019609
0.35686275
0.42352942
0.35686275
0.17254902
0.23529412
0.69019610
0.86666667
0.85098040
0.86274511
0.87058824
0.86666667
0.87058824
0.86666667
0.86274511
0.86274511
0.87058824
0.85882354
0.86666667
0.86666667
0.86666667
0.86666667
0.85882354
0.86274511
0.87058824
0.86274511
0.86274511
0.87058824
0.85882354
0.86666667
0.81176472
0.30196080
0.24313726
0.30196080
0.32941177
0.25098041
0.24313726
0.21960784
0.57254905
0.87450981
0.85882354
0.87058824
0.86666667
0.86666667
0.86666667
0.86274511
0.88627452
0.85882354
0.86274511
0.85882354
0.86666667
0.86666667
0.86666667
0.86666667
0.86274511
0.86666667
0.86666667
0.86274511
0.86666667
0.86666667
0.85490197
0.85882354
0.84313726
0.39215687
0.19607843
0.30196080
0.30588236
0.24313726
0.26666668
0.27843139
0.39607844
0.80392158
0.88235295
0.86666667
0.86274511
0.86666667
0.87058824
0.80392158
0.77254903
0.86274511
0.87058824
0.85882354
0.86666667
0.86666667
0.86666667
0.86666667
0.87058824
0.86666667
0.86274511
0.86666667
0.86666667
0.86274511
0.85882354
0.85882354
0.85882354
0.52156866
0.16078432
0.28627452
0.36862746
0.28235295
0.20392157
0.23529412
0.30588236
0.57254905
0.83529413
0.87058824
0.86274511
0.86666667
0.87058824
0.64705884
0.65098041
0.84705883
0.86666667
0.86274511
0.86274511
0.86666667
0.86666667
0.86666667
0.87058824
0.86666667
0.85882354
0.87058824
0.86666667
0.85882354
0.86666667
0.86274511
0.87843138
0.64313728
0.16078432
0.25098041
0.33333334
0.32941177
0.25490198
0.22745098
0.27843139
0.29803923
0.49411765
0.76078433
0.87450981
0.86274511
0.85098040
0.54509807
0.63529414
0.84313726
0.85490197
0.86666667
0.85882354
0.85882354
0.86666667
0.86666667
0.86274511
0.87058824
0.86274511
0.86274511
0.87058824
0.86274511
0.86666667
0.86274511
0.86274511
0.76078433
0.21568628
0.18431373
0.28627452
0.32156864
0.26274511
0.27058825
0.37647060
0.40392157
0.29019609
0.40784314
0.81176472
0.88627452
0.78431374
0.49803922
0.66666669
0.87058824
0.85490197
0.87058824
0.87058824
0.86666667
0.86666667
0.86666667
0.86274511
0.87058824
0.86274511
0.85490197
0.86666667
0.87058824
0.86666667
0.86666667
0.87058824
0.81176472
0.31764707
0.14117648
0.23137255
0.23529412
0.23137255
0.36862746
0.51764709
0.54509807
0.38039216
0.32549021
0.55686277
0.79607844
0.68235296
0.48235294
0.68627453
0.86274511
0.85490197
0.86274511
0.87843138
0.87450981
0.86666667
0.86274511
0.86274511
0.87058824
0.86274511
0.85490197
0.86274511
0.87450981
0.86666667
0.86666667
0.86274511
0.85490197
0.44313726
0.13725491
0.15294118
0.23529412
0.24705882
0.26666668
0.38039216
0.33725491
0.29019609
0.27058825
0.28235295
0.43921569
0.42745098
0.39215687
0.72941178
0.87058824
0.85882354
0.86274511
0.87450981
0.87843138
0.86666667
0.85490197
0.85882354
0.87058824
0.86274511
0.86274511
0.85882354
0.87058824
0.86666667
0.86666667
0.85882354
0.86666667
0.56862748
0.12156863
0.15686275
0.19215687
0.21176471
0.22352941
0.15686275
0.24705882
0.27450982
0.18823530
0.27843139
0.42745098
0.21960784
0.23921569
0.63921571
0.87450981
0.87450981
0.85098040
0.86666667
0.87450981
0.86666667
0.85882354
0.85882354
0.86666667
0.86666667
0.87058824
0.85882354
0.86274511
0.86666667
0.86666667
0.86274511
0.87058824
0.69019610
0.18431373
0.27843139
0.14509805
0.24313726
0.18039216
0.21960784
0.36862746
0.42745098
0.45490196
0.43529412
0.43921569
0.24705882
0.30980393
0.43921569
0.74509805
0.87843138
0.89019608
0.88627452
0.87843138
0.88627452
0.87058824
0.85882354
0.87058824
0.86666667
0.86274511
0.85882354
0.86666667
0.86666667
0.86666667
0.86274511
0.87058824
0.79607844
0.28627452
0.49019608
0.39215687
0.24705882
0.16862746
0.28235295
0.34509805
0.40784314
0.59215689
0.44313726
0.36862746
0.28627452
0.41960785
0.37647060
0.45882353
0.59215689
0.69019610
0.76470590
0.80000001
0.84313726
0.87450981
0.87843138
0.86274511
0.86274511
0.85882354
0.85882354
0.86666667
0.86666667
0.86666667
0.86666667
0.87843138
0.84313726
0.36470589
0.27450982
0.24705882
0.10588235
0.17647059
0.20784314
0.23529412
0.26666668
0.34509805
0.38039216
0.36078432
0.31764707
0.44705883
0.47450981
0.38431373
0.35294119
0.33333334
0.33725491
0.34901962
0.41176471
0.52156866
0.59215689
0.73333335
0.85490197
0.87450981
0.86274511
0.86274511
0.86666667
0.86666667
0.85490197
0.87058824
0.85882354
0.50196081
0.15686275
0.18039216
0.17647059
0.17254902
0.15686275
0.14509805
0.16470589
0.18039216
0.21960784
0.26666668
0.29019609
0.33333334
0.38039216
0.58039218
0.48235294
0.40000001
0.37647060
0.34117648
0.27843139
0.23529412
0.19607843
0.30588236
0.61176473
0.85098040
0.86666667
0.85882354
0.86666667
0.87058824
0.87058824
0.85882354
0.86274511
0.72156864
0.49803922
0.44313726
0.41176471
0.36862746
0.34117648
0.30196080
0.23921569
0.20000000
0.17254902
0.17254902
0.18039216
0.18823530
0.18431373
0.31372550
0.30588236
0.25882354
0.32549021
0.34509805
0.35294119
0.32549021
0.24313726
0.24705882
0.30196080
0.61176473
0.85098040
0.86666667
0.86666667
0.86666667
0.86666667
0.85882354
0.86666667
0.85882354
0.80392158
0.78039217
0.74901962
0.71764708
0.68627453
0.65098041
0.60392159
0.56078434
0.51372552
0.45490196
0.40784314
0.32549021
0.21568628
0.13725491
0.12156863
0.12549020
0.17254902
0.19215687
0.26666668
0.28627452
0.28235295
0.26274511
0.22352941
0.23921569
0.54117650
0.84705883
0.86666667
0.86274511
0.86666667
0.85882354
0.86666667
0.87450981
0.87450981
0.86666667
0.87058824
0.85882354
0.85098040
0.84705883
0.83921570
0.82352942
0.80392158
0.76470590
0.73333335
0.69019610
0.59215689
0.46666667
0.34117648
0.24313726
0.18039216
0.14509805
0.15686275
0.20000000
0.21568628
0.15294118
0.16470589
0.16078432
0.21176471
0.52156866
0.86274511
0.85882354
0.86666667
0.85882354
0.86274511
0.86274511
0.87058824
0.86274511
0.87450981
0.86666667
0.85490197
0.87843138
0.87450981
0.85882354
0.86666667
0.86274511
0.85882354
0.85882354
0.83529413
0.77254903
0.71372551
0.60784316
0.49803922
0.38431373
0.27843139
0.21960784
0.23529412
0.23137255
0.21176471
0.24705882
0.25098041
0.35686275
0.86274511
0.85490197
0.86666667
0.85882354
0.87058824
0.88235295
0.87058824
0.86274511
0.87058824
0.86666667
0.86274511
0.86666667
0.85882354
0.84705883
0.85882354
0.86666667
0.85490197
0.86666667
0.88235295
0.87058824
0.86666667
0.85490197
0.81176472
0.76862746
0.67450982
0.56470591
0.52941179
0.54117650
0.52549022
0.56470591
0.58823532
0.62745100
0.61568630
0.83921570
0.86274511
0.86666667
0.87450981
0.86666667
0.86666667
0.86666667
0.87058824
0.86666667
0.86274511
0.86274511
0.85882354
0.87058824
0.86666667
0.86666667
0.86666667
0.86666667
0.85882354
0.86666667
0.86666667
0.85882354
0.86666667
0.86666667
0.86666667
0.86666667
0.87450981
0.86274511
0.85882354
0.85882354
0.86274511
0.87058824
0.25490198
0.53725493
0.84313726
0.86274511
0.87058824
0.86666667
0.86666667
0.86666667
0.87450981
0.86666667
0.85490197
0.86274511
0.86274511
0.86666667
0.86666667
0.86666667
0.86666667
0.87058824
0.86666667
0.86274511
0.86666667
0.85882354
0.86666667
0.86666667
0.86666667
0.86666667
0.87450981
0.87058824
0.85490197
0.86274511
0.86666667
0.86274511
0.23529412
0.20784314
0.53333336
0.82745099
0.85490197
0.86666667
0.86666667
0.86666667
0.87450981
0.86666667
0.85490197
0.87058824
0.86274511
0.86274511
0.86666667
0.86666667
0.86666667
0.87058824
0.87450981
0.85490197
0.86274511
0.85882354
0.86666667
0.86666667
0.86666667
0.86666667
0.86666667
0.87450981
0.86274511
0.86666667
0.86666667
0.85882354
0.28235295
0.17647059
0.19607843
0.52549022
0.82352942
0.86666667
0.86666667
0.86666667
0.86666667
0.86274511
0.85882354
0.87058824
0.86666667
0.85882354
0.86274511
0.86666667
0.86666667
0.87058824
0.87450981
0.85490197
0.86274511
0.86274511
0.86274511
0.86274511
0.86274511
0.86666667
0.85882354
0.86666667
0.86274511
0.86666667
0.87058824
0.86274511
0.35686275
0.18039216
0.22352941
0.21960784
0.56470591
0.84313726
0.86274511
0.85882354
0.85882354
0.86274511
0.85882354
0.85882354
0.87843138
0.86274511
0.85490197
0.86274511
0.87058824
0.86666667
0.86666667
0.86666667
0.86666667
0.87450981
0.86274511
0.85490197
0.85882354
0.86274511
0.86274511
0.86274511
0.86274511
0.85490197
0.87450981
0.87058824
0.45098040
0.22745098
0.31764707
0.26274511
0.38823530
0.78431374
0.85882354
0.85882354
0.86666667
0.86666667
0.86666667
0.85882354
0.86274511
0.87450981
0.86274511
0.86274511
0.86666667
0.86666667
0.86666667
0.86666667
0.85882354
0.86666667
0.87058824
0.86274511
0.86274511
0.85882354
0.86666667
0.86666667
0.86666667
0.86274511
0.86274511
0.87058824
0.54901963
0.21960784
0.37647060
0.35686275
0.30588236
0.70588237
0.86666667
0.85490197
0.86666667
0.87058824
0.87058824
0.85882354
0.85490197
0.87843138
0.87058824
0.86666667
0.86274511
0.86666667
0.86666667
0.86666667
0.85882354
0.86274511
0.87058824
0.87450981
0.86666667
0.86274511
0.86666667
0.87058824
0.87058824
0.86666667
0.85490197
0.87058824
0.66274512
0.18823530
0.30196080
0.39607844
0.28627452
0.58039218
0.85098040
0.85882354
0.86274511
0.86274511
0.86274511
0.86274511
0.86274511
0.87058824
0.87450981
0.86666667
0.85882354
0.86666667
0.86666667
0.86666667
0.87058824
0.85882354
0.86666667
0.88235295
0.87450981
0.85882354
0.86274511
0.86274511
0.86274511
0.86274511
0.85882354
0.86666667
0.78823531
0.29411766
0.25490198
0.38039216
0.31372550
0.45098040
0.81568629
0.87450981
0.86274511
0.86274511
0.85098040
0.86666667
0.86274511
0.86666667
0.86274511
0.87058824
0.86274511
0.86274511
0.86666667
0.86666667
0.87058824
0.86274511
0.86274511
0.87058824
0.87843138
0.86274511
0.85882354
0.86274511
0.86274511
0.86274511
0.86666667
0.87450981
0.85882354
0.44313726
0.18431373
0.30980393
0.34901962
0.34117648
0.74901962
0.85882354
0.86274511
0.86274511
0.85490197
0.84705883
0.86666667
0.86666667
0.85098040
0.87450981
0.87058824
0.86666667
0.86666667
0.86666667
0.86666667
0.86666667
0.86666667
0.85882354
0.87450981
0.86274511
0.86274511
0.86666667
0.86666667
0.86666667
0.87058824
0.87450981
0.87843138
0.61960787
0.18823530
0.45882353
0.43921569
0.28235295
0.63137257
0.87058824
0.85882354
0.85490197
0.78431374
0.70588237
0.83921570
0.87058824
0.86274511
0.85882354
0.86666667
0.86666667
0.86666667
0.86666667
0.86666667
0.86666667
0.86666667
0.87058824
0.85882354
0.86666667
0.86666667
0.86666667
0.86666667
0.86274511
0.86666667
0.87058824
0.85882354
0.76078433
0.24313726
0.36078432
0.43137255
0.30980393
0.49019608
0.83137256
0.86274511
0.82745099
0.63137257
0.65882355
0.83529413
0.86666667
0.87058824
0.85490197
0.86666667
0.86666667
0.86666667
0.86666667
0.86666667
0.86666667
0.86666667
0.87058824
0.85490197
0.86666667
0.87058824
0.86666667
0.86666667
0.85882354
0.86274511
0.86666667
0.86666667
0.83137256
0.39607844
0.16862746
0.30980393
0.38039216
0.30588236
0.52941179
0.77647060
0.70980394
0.56078434
0.70588237
0.84705883
0.86274511
0.87450981
0.86274511
0.85882354
0.86666667
0.86666667
0.86666667
0.86666667
0.86666667
0.86666667
0.86666667
0.86274511
0.86666667
0.86666667
0.86666667
0.86666667
0.85882354
0.85882354
0.86274511
0.87450981
0.86666667
0.54901963
0.19607843
0.29411766
0.42352942
0.38039216
0.29411766
0.33333334
0.40392157
0.63529414
0.81960785
0.87450981
0.85882354
0.87058824
0.86666667
0.86274511
0.86274511
0.86274511
0.86666667
0.86666667
0.86274511
0.86666667
0.86666667
0.86666667
0.86666667
0.86274511
0.86274511
0.87058824
0.85882354
0.85882354
0.87058824
0.87058824
0.87450981
0.70980394
0.20784314
0.28235295
0.34509805
0.41176471
0.34509805
0.15686275
0.21960784
0.67450982
0.86274511
0.85098040
0.86274511
0.87058824
0.86666667
0.87058824
0.86666667
0.86274511
0.86274511
0.87058824
0.85882354
0.86666667
0.86666667
0.86666667
0.86666667
0.85882354
0.86274511
0.87058824
0.86274511
0.86274511
0.87058824
0.87058824
0.86274511
0.81176472
0.29411766
0.23529412
0.29411766
0.32156864
0.23921569
0.23137255
0.20392157
0.56078434
0.87058824
0.85882354
0.87058824
0.86666667
0.86666667
0.86666667
0.86274511
0.88627452
0.85882354
0.86274511
0.85882354
0.86666667
0.86666667
0.86666667
0.86666667
0.86274511
0.86666667
0.86666667
0.86274511
0.86666667
0.86666667
0.87058824
0.85490197
0.84313726
0.38431373
0.18823530
0.29411766
0.29803923
0.23137255
0.25490198
0.26274511
0.38431373
0.80392158
0.88235295
0.86666667
0.86274511
0.86666667
0.87058824
0.80392158
0.77254903
0.86274511
0.87058824
0.85882354
0.86666667
0.86666667
0.86666667
0.86666667
0.87058824
0.86666667
0.86274511
0.86666667
0.86666667
0.86274511
0.86666667
0.85882354
0.85882354
0.51764709
0.15294118
0.27450982
0.35686275
0.26666668
0.18823530
0.21568628
0.29019609
0.56470591
0.83137256
0.86666667
0.86274511
0.86274511
0.86666667
0.65098041
0.65098041
0.84705883
0.86666667
0.86274511
0.86666667
0.86666667
0.86666667
0.86666667
0.87058824
0.86666667
0.85882354
0.87058824
0.86666667
0.85882354
0.86666667
0.86274511
0.87843138
0.64313728
0.15686275
0.22352941
0.29803923
0.29411766
0.21960784
0.19607843
0.25098041
0.28627452
0.48235294
0.74901962
0.86274511
0.85098040
0.83921570
0.54901963
0.64313728
0.84705883
0.85882354
0.87058824
0.86666667
0.86274511
0.86274511
0.86274511
0.86274511
0.86666667
0.86274511
0.86274511
0.87058824
0.86274511
0.86666667
0.86274511
0.86274511
0.76078433
0.21568628
0.15686275
0.25098041
0.28235295
0.22745098
0.24313726
0.35686275
0.38823530
0.27450982
0.39215687
0.79607844
0.87058824
0.77254903
0.50588238
0.67450982
0.87058824
0.85098040
0.87058824
0.87450981
0.86274511
0.86274511
0.85882354
0.85882354
0.86666667
0.86274511
0.85490197
0.86666667
0.87058824
0.86666667
0.86666667
0.87058824
0.81176472
0.31764707
0.13333334
0.21568628
0.21960784
0.21960784
0.36078432
0.51372552
0.53725493
0.36862746
0.31372550
0.54509807
0.78431374
0.67450982
0.48627451
0.69019610
0.86274511
0.85490197
0.86274511
0.87843138
0.87450981
0.86274511
0.85882354
0.85882354
0.86666667
0.86274511
0.85490197
0.86274511
0.87450981
0.86666667
0.86666667
0.86274511
0.85490197
0.44705883
0.14509805
0.16078432
0.24313726
0.25098041
0.27450982
0.38823530
0.33333334
0.28235295
0.26274511
0.27450982
0.42745098
0.41960785
0.39607844
0.73333335
0.87058824
0.85882354
0.85882354
0.87450981
0.87843138
0.86666667
0.85490197
0.85882354
0.87058824
0.86274511
0.86274511
0.85882354
0.87058824
0.86666667
0.86666667
0.85882354
0.86666667
0.57254905
0.14901961
0.18823530
0.21568628
0.22745098
0.24313726
0.17254902
0.24705882
0.26666668
0.18039216
0.27058825
0.41960785
0.21176471
0.23921569
0.63921571
0.86666667
0.86274511
0.84313726
0.86274511
0.87450981
0.86666667
0.85882354
0.85882354
0.86666667
0.86666667
0.87058824
0.85882354
0.86274511
0.86666667
0.86666667
0.86274511
0.87058824
0.69803923
0.22352941
0.31764707
0.17647059
0.26274511
0.20000000
0.23137255
0.36470589
0.41960785
0.44705883
0.42745098
0.43137255
0.23921569
0.30588236
0.43137255
0.72941178
0.86274511
0.87450981
0.87450981
0.87450981
0.88627452
0.87058824
0.85882354
0.87058824
0.86666667
0.86274511
0.85882354
0.86666667
0.86666667
0.86666667
0.86274511
0.87058824
0.80392158
0.32941177
0.53333336
0.41960785
0.25882354
0.17254902
0.27843139
0.33725491
0.39607844
0.58039218
0.43137255
0.35686275
0.27843139
0.40784314
0.36470589
0.43921569
0.57254905
0.67058825
0.74901962
0.79607844
0.84705883
0.87450981
0.87843138
0.86274511
0.86274511
0.85882354
0.85882354
0.86666667
0.86666667
0.86666667
0.86666667
0.87843138
0.85098040
0.40784314
0.31372550
0.26274511
0.10588235
0.15686275
0.18431373
0.21960784
0.25490198
0.32941177
0.36862746
0.34901962
0.30588236
0.43137255
0.45490196
0.35686275
0.32156864
0.30588236
0.31764707
0.34509805
0.41568628
0.52156866
0.59607846
0.73725492
0.85882354
0.87450981
0.86274511
0.86274511
0.86666667
0.86666667
0.85490197
0.87058824
0.86666667
0.54117650
0.18823530
0.18823530
0.16078432
0.13333334
0.11372549
0.12549020
0.14901961
0.16470589
0.20392157
0.25098041
0.27450982
0.31372550
0.35686275
0.55294120
0.45098040
0.36862746
0.35294119
0.33725491
0.28235295
0.23921569
0.20000000
0.30980393
0.61568630
0.85098040
0.86666667
0.85882354
0.86666667
0.87058824
0.87058824
0.85882354
0.86666667
0.74117649
0.51372552
0.44313726
0.40000001
0.34509805
0.31372550
0.29019609
0.22745098
0.18823530
0.16078432
0.16470589
0.16862746
0.17647059
0.17254902
0.30196080
0.29019609
0.24705882
0.31372550
0.34509805
0.35686275
0.32941177
0.24705882
0.25098041
0.30588236
0.61176473
0.85098040
0.86666667
0.86666667
0.86666667
0.86666667
0.85882354
0.86666667
0.85882354
0.80392158
0.78039217
0.74901962
0.71764708
0.68627453
0.65098041
0.60392159
0.56078434
0.51372552
0.45490196
0.40784314
0.32549021
0.21568628
0.13725491
0.12156863
0.12941177
0.17254902
0.19607843
0.27058825
0.29019609
0.28627452
0.26666668
0.22745098
0.24313726
0.54117650
0.84705883
0.86666667
0.86274511
0.86666667
0.85882354
0.86666667
0.87450981
0.87450981
0.86666667
0.87058824
0.85882354
0.85098040
0.84705883
0.83921570
0.82745099
0.80392158
0.76470590
0.73333335
0.69019610
0.59215689
0.46666667
0.34117648
0.24313726
0.18039216
0.14901961
0.15686275
0.20392157
0.21960784
0.15686275
0.16862746
0.16078432
0.21176471
0.52156866
0.86274511
0.85882354
0.86666667
0.85882354
0.86274511
0.86274511
0.87058824
0.86274511
0.87450981
0.86666667
0.85490197
0.87843138
0.87450981
0.85882354
0.86666667
0.86274511
0.85882354
0.85882354
0.83529413
0.77254903
0.71372551
0.60784316
0.49803922
0.38431373
0.27843139
0.21960784
0.23529412
0.23529412
0.21176471
0.24705882
0.25098041
0.35686275
0.86274511
0.85490197
0.86666667
0.85882354
0.87058824
0.88235295
0.87058824
0.86274511
0.87058824
0.86666667
0.86274511
0.86666667
0.85882354
0.84705883
0.85882354
0.86666667
0.85490197
0.86666667
0.88235295
0.87058824
0.86666667
0.85490197
0.81176472
0.76862746
0.67450982
0.56470591
0.52941179
0.54117650
0.52549022
0.56470591
0.58823532
0.62745100
0.61960787
0.83921570
0.86274511
0.86666667
0.87450981
0.86666667
0.86666667
0.86666667
0.87058824
0.86666667
0.86274511
0.86274511
0.85882354
0.87058824
0.86666667
0.86666667
0.86666667
0.86666667
0.85882354
0.86666667
0.86666667
0.85882354
0.86666667
0.86666667
0.86666667
0.86666667
0.87450981
0.86274511
0.85882354
0.85882354
0.86274511
0.87058824
0.25490198
0.53725493
0.84313726
0.86274511
0.87058824
0.86666667
0.86666667
0.86666667
0.87450981
0.86666667
0.85490197
0.86274511
0.86274511
0.86666667
0.86666667
0.86666667
0.86666667
0.87058824
0.86666667
0.86274511
0.86666667
0.85882354
0.86666667
0.86666667
0.86666667
0.86666667
0.87450981
0.87058824
0.85490197
0.86274511
0.86666667
0.86274511
0.23137255
0.20784314
0.52941179
0.82352942
0.85490197
0.86666667
0.86666667
0.86666667
0.87450981
0.86666667
0.85490197
0.87058824
0.86274511
0.86274511
0.86666667
0.86666667
0.86666667
0.87058824
0.87450981
0.85490197
0.86274511
0.85882354
0.86666667
0.86666667
0.86666667
0.86666667
0.86666667
0.87450981
0.86274511
0.86666667
0.86666667
0.85882354
0.27058825
0.16470589
0.18431373
0.51372552
0.81568629
0.86666667
0.86666667
0.86666667
0.86666667
0.86274511
0.85882354
0.87058824
0.86666667
0.85882354
0.86274511
0.86666667
0.86666667
0.87058824
0.87450981
0.85490197
0.86274511
0.86274511
0.86274511
0.86274511
0.86274511
0.86666667
0.85882354
0.86666667
0.86274511
0.86666667
0.87058824
0.86274511
0.33725491
0.16078432
0.20392157
0.20000000
0.54509807
0.83921570
0.86274511
0.85882354
0.85882354
0.86274511
0.85882354
0.85882354
0.87843138
0.86274511
0.85490197
0.86274511
0.87058824
0.86666667
0.86666667
0.86666667
0.86666667
0.87450981
0.86274511
0.85490197
0.85882354
0.86274511
0.86274511
0.86274511
0.86274511
0.85490197
0.87450981
0.87058824
0.42745098
0.20392157
0.29411766
0.23921569
0.36470589
0.78039217
0.85882354
0.85882354
0.86666667
0.86666667
0.86666667
0.85882354
0.86274511
0.87450981
0.86274511
0.86274511
0.86666667
0.86666667
0.86666667
0.86666667
0.85882354
0.86666667
0.87058824
0.86274511
0.86274511
0.85882354
0.86666667
0.86666667
0.86666667
0.86274511
0.86274511
0.87058824
0.51764709
0.19215687
0.34901962
0.32549021
0.27843139
0.70196080
0.86666667
0.85490197
0.86666667
0.87058824
0.87058824
0.85882354
0.85490197
0.87843138
0.87058824
0.86666667
0.86274511
0.86666667
0.86666667
0.86666667
0.85882354
0.86274511
0.87058824
0.87450981
0.86666667
0.86274511
0.86666667
0.87058824
0.87058824
0.86666667
0.85490197
0.87058824
0.63137257
0.15294118
0.27058825
0.36470589
0.25882354
0.57647061
0.85098040
0.85882354
0.86274511
0.86274511
0.86274511
0.86274511
0.86274511
0.87058824
0.87450981
0.86666667
0.85882354
0.86666667
0.86666667
0.86666667
0.87058824
0.85882354
0.86666667
0.88235295
0.87450981
0.85882354
0.86274511
0.86274511
0.86274511
0.86274511
0.85882354
0.86666667
0.76862746
0.28235295
0.23921569
0.35294119
0.27843139
0.43921569
0.81568629
0.87450981
0.87058824
0.87450981
0.86666667
0.87058824
0.86274511
0.86666667
0.86274511
0.87058824
0.86274511
0.86274511
0.86666667
0.86666667
0.87058824
0.86274511
0.86274511
0.87058824
0.87843138
0.86274511
0.85882354
0.86274511
0.86274511
0.86274511
0.86666667
0.87450981
0.85490197
0.45882353
0.18823530
0.28235295
0.30588236
0.32549021
0.74509805
0.85882354
0.87843138
0.88627452
0.88235295
0.85490197
0.86666667
0.86666667
0.85098040
0.87450981
0.87058824
0.86666667
0.86666667
0.86666667
0.86666667
0.86666667
0.86666667
0.85882354
0.87450981
0.86274511
0.86274511
0.86666667
0.86666667
0.86666667
0.87058824
0.87450981
0.87450981
0.63921571
0.19215687
0.43529412
0.39215687
0.26666668
0.62352943
0.87058824
0.87450981
0.87843138
0.80784315
0.71372551
0.83921570
0.87058824
0.86274511
0.85882354
0.86666667
0.86666667
0.86666667
0.86666667
0.86666667
0.86666667
0.86666667
0.87058824
0.85882354
0.86666667
0.86666667
0.86666667
0.86666667
0.86274511
0.86666667
0.87058824
0.85490197
0.78039217
0.24705882
0.33725491
0.38823530
0.28627452
0.47843137
0.82352942
0.86666667
0.84705883
0.65098041
0.66666669
0.83529413
0.86666667
0.87058824
0.85490197
0.86666667
0.86666667
0.86666667
0.86666667
0.86666667
0.86666667
0.86666667
0.87058824
0.85490197
0.86666667
0.87058824
0.86666667
0.86666667
0.85882354
0.86274511
0.86666667
0.86274511
0.85098040
0.40000001
0.14509805
0.26274511
0.34901962
0.29019609
0.51372552
0.77254903
0.72156864
0.57647061
0.70980394
0.84705883
0.86274511
0.87450981
0.86274511
0.85882354
0.86666667
0.86666667
0.86666667
0.86666667
0.86666667
0.86666667
0.86666667
0.86274511
0.86666667
0.86666667
0.86666667
0.86666667
0.85882354
0.85882354
0.86274511
0.87058824
0.88235295
0.55294120
0.17254902
0.25098041
0.38823530
0.35686275
0.27450982
0.32549021
0.40392157
0.64313728
0.82352942
0.87450981
0.85882354
0.87058824
0.86666667
0.86274511
0.86274511
0.86274511
0.86666667
0.86666667
0.86274511
0.86666667
0.86666667
0.86666667
0.86666667
0.86274511
0.86274511
0.87058824
0.85882354
0.85882354
0.87058824
0.86666667
0.89019608
0.70980394
0.18431373
0.23137255
0.30588236
0.38039216
0.31764707
0.14117648
0.21568628
0.67450982
0.86274511
0.85098040
0.86274511
0.87058824
0.86666667
0.87058824
0.86666667
0.86274511
0.86274511
0.87058824
0.85882354
0.86666667
0.86666667
0.86666667
0.86666667
0.85882354
0.86274511
0.87058824
0.86274511
0.86274511
0.87058824
0.86666667
0.87843138
0.81568629
0.27058825
0.18823530
0.24705882
0.28235295
0.21176471
0.21176471
0.19215687
0.55686277
0.87058824
0.85882354
0.87058824
0.86666667
0.86666667
0.86666667
0.86274511
0.88627452
0.85882354
0.86274511
0.85882354
0.86666667
0.86666667
0.86666667
0.86666667
0.86274511
0.86666667
0.86666667
0.86274511
0.86666667
0.86666667
0.86274511
0.87450981
0.84705883
0.36078432
0.14117648
0.24705882
0.25490198
0.20000000
0.23137255
0.24705882
0.37647060
0.80392158
0.88235295
0.86666667
0.86274511
0.86666667
0.87058824
0.80784315
0.77254903
0.86274511
0.87058824
0.85882354
0.86666667
0.86666667
0.86666667
0.86666667
0.87058824
0.86666667
0.86274511
0.86666667
0.86666667
0.86274511
0.86666667
0.87058824
0.85882354
0.49803922
0.10980392
0.22352941
0.30980393
0.23529412
0.16862746
0.20392157
0.28627452
0.56862748
0.83529413
0.87058824
0.86274511
0.86666667
0.86666667
0.64313728
0.64705884
0.84705883
0.87058824
0.86274511
0.86274511
0.86666667
0.87058824
0.87058824
0.87450981
0.87058824
0.86274511
0.87058824
0.86666667
0.85882354
0.86666667
0.86274511
0.87843138
0.63529414
0.13725491
0.16862746
0.25490198
0.28627452
0.23529412
0.21568628
0.26274511
0.28627452
0.48627451
0.75294119
0.86274511
0.85098040
0.83921570
0.51764709
0.61960787
0.85098040
0.87450981
0.87843138
0.85882354
0.86666667
0.87843138
0.87843138
0.87450981
0.88235295
0.87450981
0.86274511
0.87058824
0.86274511
0.86666667
0.86274511
0.86274511
0.76470590
0.20784314
0.10980392
0.21960784
0.29019609
0.25098041
0.25882354
0.35686275
0.38431373
0.26666668
0.38823530
0.79215688
0.86274511
0.76078433
0.46274510
0.64313728
0.87058824
0.87058824
0.87450981
0.86274511
0.87450981
0.88235295
0.88235295
0.87843138
0.88627452
0.87843138
0.85882354
0.86666667
0.87058824
0.86666667
0.86666667
0.87058824
0.81176472
0.31372550
0.10588235
0.20392157
0.23137255
0.23137255
0.35294119
0.48235294
0.50980395
0.34509805
0.29019609
0.52156866
0.76078433
0.64705884
0.43529412
0.65490198
0.85882354
0.86666667
0.86274511
0.86666667
0.87843138
0.87843138
0.87450981
0.87450981
0.88235295
0.87450981
0.85490197
0.86274511
0.87450981
0.86666667
0.86666667
0.86274511
0.85490197
0.44313726
0.14117648
0.16862746
0.25882354
0.25490198
0.24705882
0.33333334
0.28627452
0.23921569
0.21960784
0.23137255
0.38823530
0.37647060
0.34117648
0.69411767
0.85882354
0.86274511
0.85882354
0.85490197
0.87450981
0.87058824
0.85882354
0.86274511
0.87450981
0.87058824
0.86274511
0.85882354
0.87058824
0.86666667
0.86666667
0.85882354
0.86666667
0.57254905
0.16470589
0.21176471
0.23921569
0.22745098
0.20000000
0.09803922
0.18823530
0.21568628
0.12941177
0.21960784
0.36862746
0.15686275
0.18039216
0.59607846
0.85882354
0.87058824
0.83921570
0.84313726
0.86666667
0.86666667
0.85882354
0.85882354
0.86666667
0.86666667
0.87058824
0.85882354
0.86274511
0.86666667
0.86666667
0.86274511
0.87058824
0.69803923
0.24313726
0.34901962
0.20392157
0.26666668
0.15686275
0.15686275
0.30588236
0.36862746
0.39607844
0.37647060
0.38039216
0.18823530
0.24313726
0.38431373
0.71764708
0.86274511
0.86666667
0.84705883
0.86274511
0.88627452
0.87058824
0.85882354
0.87058824
0.86274511
0.86274511
0.85882354
0.86666667
0.86666667
0.86666667
0.86274511
0.87058824
0.80392158
0.34901962
0.56470591
0.45490196
0.27450982
0.14509805
0.22352941
0.29411766
0.35686275
0.54117650
0.39607844
0.32156864
0.23529412
0.34509805
0.31372550
0.41960785
0.56862748
0.65490198
0.71764708
0.78039217
0.83921570
0.87058824
0.87058824
0.85490197
0.85490197
0.85882354
0.86274511
0.86666667
0.86666667
0.86666667
0.86666667
0.87843138
0.85098040
0.41960785
0.34117648
0.30588236
0.12941177
0.15294118
0.15294118
0.19607843
0.23529412
0.30980393
0.34901962
0.32941177
0.28235295
0.36862746
0.40000001
0.33725491
0.31372550
0.29019609
0.28235295
0.32156864
0.40000001
0.50588238
0.57647061
0.71764708
0.84313726
0.87450981
0.86274511
0.86274511
0.86666667
0.86666667
0.85490197
0.87058824
0.86274511
0.54509807
0.21176471
0.23529412
0.20000000
0.15294118
0.10980392
0.11764706
0.14509805
0.16078432
0.20000000
0.24705882
0.26666668
0.25490198
0.30196080
0.52549022
0.44313726
0.34901962
0.31764707
0.31372550
0.26274511
0.21960784
0.18039216
0.29019609
0.59607846
0.84705883
0.86666667
0.85882354
0.86666667
0.87058824
0.87058824
0.85882354
0.86274511
0.74117649
0.52941179
0.46666667
0.42352942
0.36470589
0.31764707
0.29019609
0.23137255
0.19215687
0.16470589
0.16862746
0.16862746
0.14509805
0.13725491
0.28627452
0.27843139
0.23137255
0.29019609
0.32156864
0.33725491
0.30980393
0.22745098
0.23137255
0.28627452
0.60784316
0.85098040
0.86666667
0.86666667
0.86666667
0.86666667
0.85882354
0.86666667
0.85882354
0.80392158
0.78039217
0.74901962
0.71764708
0.68627453
0.65098041
0.60392159
0.56078434
0.51372552
0.45490196
0.40784314
0.32549021
0.21568628
0.13333334
0.11764706
0.12549020
0.16862746
0.18039216
0.25098041
0.27058825
0.26666668
0.24705882
0.20784314
0.23529412
0.54117650
0.84705883
0.86666667
0.86274511
0.86666667
0.85882354
0.86666667
0.87450981
0.87058824
0.86666667
0.87058824
0.85882354
0.85098040
0.84705883
0.83921570
0.82352942
0.80392158
0.76470590
0.73333335
0.69019610
0.59215689
0.46666667
0.34117648
0.24313726
0.18039216
0.13725491
0.14117648
0.18431373
0.20000000
0.14117648
0.14901961
0.15686275
0.21176471
0.52156866
0.86274511
0.85882354
0.86666667
0.85882354
0.86274511
0.86274511
0.87058824
0.86274511
0.87450981
0.86666667
0.85490197
0.87843138
0.87450981
0.85882354
0.86666667
0.86274511
0.85882354
0.85882354
0.83529413
0.77254903
0.71372551
0.60784316
0.49803922
0.38039216
0.27058825
0.21176471
0.22745098
0.22352941
0.20392157
0.24313726
0.25098041
0.35686275
0.86274511
0.85490197
0.86666667
0.85882354
0.87058824
0.88235295
0.87058824
0.86274511
0.87058824
0.86666667
0.86274511
0.86666667
0.85882354
0.84705883
0.85882354
0.86666667
0.85490197
0.86666667
0.88235295
0.87058824
0.86666667
0.85490197
0.81176472
0.76470590
0.67450982
0.56470591
0.52549022
0.54117650
0.52549022
0.56470591
0.58823532
0.62745100
-1 1 0 0 0 0 0 0 0 0 0
-1 0 1 0 0 0 0 0 0 0 0
-1 0 0 1 0 0 0 0 0 0 0
-1 0 0 0 1 0 0 0 0 0 0
-1 0 0 0 0 1 0 0 0 0 0
-1 0 0 0 0 0 1 0 0 0 0
-1 0 0 0 0 0 0 1 0 0 0
-1 0 0 0 0 0 0 0 1 0 0
-1 0 0 0 0 0 0 0 0 1 0
