0.61568630
0.62745100
0.64705884
0.61960787
0.57647061
0.56862748
0.60000002
0.43529412
0.44705883
0.61176473
0.58823532
0.59215689
0.60000002
0.63137257
0.47843137
0.18431373
0.38823530
0.58431375
0.55294120
0.54509807
0.55686277
0.57254905
0.58039218
0.58039218
0.57254905
0.55294120
0.52156866
0.46666667
0.41568628
0.42745098
0.45882353
0.43529412
0.60392159
0.61568630
0.63529414
0.61568630
0.58823532
0.56470591
0.56078434
0.33333334
0.23137255
0.50588238
0.60000002
0.61176473
0.58039218
0.49803922
0.33333334
0.15294118
0.27843139
0.57647061
0.58431375
0.58039218
0.58039218
0.56862748
0.56078434
0.56862748
0.57254905
0.56470591
0.54117650
0.49019608
0.43137255
0.41960785
0.44313726
0.41568628
0.57254905
0.57254905
0.56862748
0.54901963
0.54509807
0.51764709
0.47843137
0.33725491
0.19607843
0.33725491
0.45098040
0.52156866
0.39607844
0.19607843
0.21176471
0.16470589
0.20392157
0.50588238
0.61176473
0.58039218
0.56470591
0.53725493
0.54509807
0.58823532
0.60784316
0.58823532
0.56862748
0.52941179
0.49803922
0.50196081
0.50588238
0.49803922
0.56470591
0.54117650
0.52156866
0.53725493
0.55294120
0.54509807
0.52941179
0.47843137
0.21568628
0.16078432
0.19607843
0.21176471
0.15686275
0.14509805
0.18431373
0.17647059
0.15686275
0.26274511
0.51372552
0.57647061
0.54117650
0.53725493
0.56078434
0.60784316
0.62352943
0.60784316
0.57647061
0.51372552
0.47450981
0.46274510
0.45098040
0.48627451
0.57647061
0.56862748
0.56470591
0.58431375
0.59215689
0.58431375
0.58039218
0.57647061
0.40392157
0.15294118
0.17254902
0.25882354
0.28235295
0.24313726
0.21176471
0.15686275
0.18431373
0.22352941
0.22352941
0.51764709
0.54901963
0.52549022
0.54117650
0.54509807
0.51372552
0.51372552
0.54509807
0.54901963
0.54117650
0.49803922
0.46666667
0.47843137
0.58039218
0.59215689
0.58039218
0.58823532
0.60000002
0.58431375
0.56470591
0.57254905
0.34509805
0.25098041
0.47843137
0.52941179
0.47058824
0.45490196
0.43921569
0.40000001
0.34117648
0.47450981
0.37254903
0.38431373
0.47843137
0.52549022
0.50196081
0.45098040
0.42352942
0.47843137
0.60000002
0.66666669
0.66666669
0.62745100
0.56862748
0.55294120
0.53333336
0.57254905
0.57254905
0.54117650
0.55294120
0.57647061
0.57254905
0.46666667
0.27058825
0.53333336
0.60784316
0.42745098
0.47450981
0.56862748
0.56470591
0.55686277
0.47450981
0.52156866
0.50980395
0.40000001
0.39607844
0.46274510
0.53333336
0.55294120
0.58431375
0.64705884
0.74117649
0.76470590
0.71764708
0.64313728
0.58431375
0.63529414
0.45098040
0.51764709
0.54117650
0.52549022
0.55294120
0.56470591
0.51764709
0.42745098
0.44705883
0.63529414
0.50196081
0.40784314
0.51372552
0.59607846
0.52549022
0.46666667
0.46666667
0.53725493
0.52549022
0.43921569
0.39607844
0.40000001
0.47843137
0.59215689
0.70588237
0.75686276
0.76862746
0.76862746
0.73333335
0.66274512
0.64313728
0.70196080
0.34117648
0.40000001
0.47450981
0.54117650
0.57647061
0.52941179
0.44313726
0.44313726
0.51764709
0.51372552
0.50196081
0.43921569
0.38039216
0.36470589
0.39215687
0.45882353
0.49803922
0.57254905
0.55294120
0.45882353
0.40784314
0.36470589
0.42352942
0.48235294
0.61176473
0.69803923
0.64705884
0.64313728
0.63529414
0.58039218
0.55294120
0.54509807
0.37254903
0.41176471
0.55294120
0.63529414
0.65098041
0.63921571
0.52941179
0.46666667
0.53333336
0.56862748
0.60784316
0.50980395
0.33333334
0.25882354
0.47450981
0.59607846
0.53725493
0.56078434
0.52549022
0.40392157
0.40392157
0.37254903
0.32941177
0.36078432
0.42745098
0.49019608
0.50980395
0.48627451
0.50196081
0.49019608
0.42745098
0.44705883
0.55294120
0.61176473
0.69803923
0.72156864
0.72941178
0.74117649
0.68235296
0.58823532
0.60784316
0.62745100
0.65098041
0.62352943
0.55686277
0.56470591
0.62745100
0.59215689
0.54509807
0.56078434
0.54509807
0.39607844
0.37647060
0.37254903
0.33725491
0.30196080
0.30980393
0.37254903
0.46666667
0.47450981
0.48627451
0.52156866
0.43921569
0.46274510
0.67058825
0.66666669
0.65490198
0.65098041
0.67843139
0.62745100
0.58823532
0.61176473
0.65882355
0.62352943
0.65490198
0.62352943
0.65098041
0.64705884
0.59215689
0.56078434
0.51764709
0.52156866
0.52549022
0.43529412
0.38823530
0.38431373
0.38039216
0.32156864
0.29019609
0.29803923
0.38039216
0.38431373
0.38039216
0.41960785
0.44313726
0.53725493
0.67450982
0.59607846
0.51372552
0.51764709
0.56862748
0.52549022
0.58039218
0.62745100
0.64705884
0.65098041
0.63137257
0.65882355
0.65882355
0.53725493
0.54901963
0.54117650
0.48627451
0.45490196
0.43529412
0.43921569
0.41960785
0.43137255
0.40392157
0.32156864
0.32156864
0.30196080
0.35686275
0.41960785
0.38431373
0.32549021
0.30588236
0.46274510
0.71764708
0.67843139
0.59215689
0.52549022
0.52941179
0.58039218
0.63529414
0.64705884
0.69411767
0.68235296
0.63137257
0.60784316
0.50980395
0.48627451
0.51764709
0.50588238
0.45882353
0.39607844
0.40000001
0.49019608
0.43137255
0.43921569
0.42352942
0.33725491
0.35686275
0.34901962
0.38431373
0.45882353
0.45098040
0.43921569
0.40000001
0.37254903
0.72549021
0.69803923
0.70196080
0.64705884
0.61176473
0.64313728
0.68235296
0.71372551
0.71764708
0.67450982
0.67843139
0.65882355
0.58039218
0.48235294
0.46666667
0.47843137
0.40000001
0.27843139
0.23137255
0.34509805
0.45490196
0.46274510
0.46274510
0.38823530
0.39607844
0.41176471
0.46274510
0.52156866
0.54509807
0.51764709
0.42745098
0.41176471
0.66666669
0.75686276
0.76078433
0.65098041
0.65098041
0.68235296
0.67843139
0.72941178
0.71372551
0.71372551
0.73333335
0.67450982
0.53333336
0.34117648
0.27843139
0.27450982
0.23137255
0.16078432
0.17254902
0.27450982
0.40392157
0.43529412
0.43921569
0.42352942
0.40784314
0.47058824
0.51764709
0.55686277
0.60392159
0.61568630
0.54509807
0.47058824
0.39607844
0.47843137
0.58039218
0.58823532
0.66666669
0.63921571
0.58039218
0.68235296
0.73333335
0.73333335
0.69803923
0.52549022
0.32941177
0.21960784
0.22745098
0.30196080
0.32156864
0.15686275
0.18039216
0.28627452
0.35294119
0.39607844
0.40784314
0.39215687
0.41176471
0.50980395
0.52941179
0.58431375
0.63137257
0.65098041
0.61960787
0.57254905
0.47450981
0.37254903
0.34901962
0.48627451
0.66666669
0.58039218
0.38039216
0.60000002
0.68627453
0.64313728
0.43137255
0.25098041
0.27450982
0.30588236
0.50196081
0.64313728
0.66274512
0.33725491
0.08627451
0.16470589
0.38039216
0.45098040
0.38431373
0.42352942
0.52156866
0.46666667
0.48627451
0.58823532
0.61960787
0.65098041
0.63529414
0.61960787
0.58823532
0.61176473
0.54117650
0.36862746
0.54117650
0.53725493
0.28627452
0.52156866
0.66274512
0.48235294
0.21568628
0.30588236
0.47058824
0.54117650
0.60392159
0.65490198
0.76470590
0.62352943
0.16078432
0.13333334
0.34901962
0.53333336
0.41176471
0.41960785
0.57647061
0.44313726
0.43529412
0.56470591
0.65490198
0.69803923
0.65098041
0.62352943
0.62745100
0.61568630
0.61176473
0.34901962
0.30980393
0.36078432
0.32941177
0.40000001
0.48235294
0.36862746
0.38823530
0.54117650
0.65882355
0.70196080
0.67058825
0.69019610
0.69019610
0.73333335
0.44313726
0.11764706
0.32549021
0.52549022
0.49019608
0.46666667
0.48627451
0.53725493
0.44313726
0.56862748
0.67843139
0.71372551
0.67450982
0.62745100
0.69803923
0.65882355
0.69803923
0.60392159
0.32156864
0.26666668
0.21568628
0.36078432
0.47450981
0.48235294
0.59607846
0.64313728
0.68235296
0.73333335
0.74117649
0.71372551
0.67843139
0.72156864
0.65490198
0.18039216
0.29019609
0.48627451
0.53725493
0.65490198
0.43529412
0.47450981
0.46274510
0.54509807
0.69803923
0.71764708
0.66274512
0.63529414
0.74117649
0.72156864
0.72549021
0.76470590
0.65098041
0.39215687
0.28235295
0.49411765
0.57647061
0.63137257
0.68627453
0.67843139
0.68627453
0.70196080
0.74117649
0.73725492
0.71372551
0.70196080
0.49803922
0.12549020
0.20784314
0.52156866
0.49019608
0.70588237
0.56862748
0.47058824
0.59215689
0.58039218
0.68627453
0.74901962
0.71764708
0.63529414
0.74901962
0.75294119
0.73725492
0.74509805
0.74901962
0.71764708
0.67058825
0.66666669
0.69411767
0.69803923
0.68627453
0.68235296
0.66274512
0.73725492
0.72156864
0.72941178
0.73333335
0.69019610
0.29803923
0.07843138
0.17647059
0.39607844
0.52941179
0.66666669
0.56078434
0.57647061
0.65098041
0.64705884
0.66274512
0.74901962
0.71372551
0.60784316
0.76470590
0.78823531
0.76470590
0.73725492
0.73333335
0.74117649
0.71764708
0.71764708
0.72941178
0.69803923
0.68627453
0.66274512
0.65882355
0.74117649
0.69803923
0.67450982
0.73725492
0.63529414
0.18039216
0.07058824
0.19607843
0.39607844
0.38431373
0.48235294
0.52941179
0.50980395
0.51764709
0.63921571
0.68627453
0.67058825
0.65098041
0.59215689
0.76470590
0.80392158
0.76862746
0.73333335
0.72156864
0.72941178
0.71372551
0.72156864
0.72941178
0.71372551
0.69019610
0.64705884
0.67843139
0.71372551
0.66274512
0.63529414
0.71764708
0.55686277
0.09803922
0.07843138
0.18823530
0.47843137
0.40784314
0.42745098
0.50196081
0.41568628
0.45490196
0.58823532
0.65490198
0.68235296
0.62745100
0.59607846
0.74509805
0.79215688
0.77254903
0.73333335
0.67843139
0.70588237
0.72549021
0.72549021
0.72941178
0.72549021
0.72156864
0.66666669
0.69803923
0.66666669
0.61960787
0.63529414
0.65882355
0.51764709
0.18039216
0.27058825
0.32549021
0.29019609
0.36862746
0.47450981
0.44705883
0.36470589
0.44313726
0.58039218
0.63921571
0.68627453
0.65490198
0.58431375
0.73725492
0.76470590
0.74901962
0.70588237
0.67058825
0.71372551
0.72156864
0.72156864
0.74509805
0.75686276
0.74117649
0.64705884
0.62352943
0.63921571
0.62745100
0.64313728
0.61176473
0.40000001
0.38823530
0.43137255
0.48627451
0.27843139
0.29019609
0.41960785
0.45098040
0.48627451
0.52941179
0.59607846
0.65490198
0.68235296
0.67058825
0.57254905
0.69019610
0.65098041
0.69019610
0.68235296
0.69411767
0.70980394
0.65098041
0.62745100
0.67843139
0.68235296
0.70196080
0.63921571
0.51764709
0.58039218
0.64313728
0.59607846
0.62352943
0.44313726
0.34509805
0.47058824
0.37254903
0.39607844
0.37254903
0.34901962
0.38039216
0.50196081
0.65098041
0.65490198
0.71764708
0.66274512
0.59607846
0.50980395
0.65882355
0.62745100
0.63137257
0.63137257
0.69411767
0.70588237
0.61960787
0.48235294
0.47058824
0.46666667
0.55294120
0.62745100
0.53725493
0.52549022
0.62352943
0.62745100
0.66274512
0.55294120
0.23137255
0.37647060
0.50980395
0.56470591
0.57254905
0.56078434
0.61960787
0.61176473
0.65098041
0.62745100
0.67843139
0.67843139
0.58431375
0.56078434
0.70588237
0.62745100
0.52941179
0.59607846
0.66666669
0.67058825
0.61176473
0.49803922
0.52549022
0.52156866
0.49411765
0.61176473
0.68235296
0.58431375
0.54901963
0.62352943
0.60000002
0.51764709
0.35294119
0.28235295
0.50980395
0.55686277
0.54509807
0.53333336
0.54117650
0.55686277
0.54509807
0.54117650
0.59215689
0.63921571
0.67058825
0.68235296
0.68235296
0.56078434
0.54117650
0.59215689
0.65882355
0.69019610
0.60000002
0.61176473
0.67843139
0.60000002
0.58039218
0.66274512
0.68235296
0.59607846
0.50980395
0.49411765
0.53725493
0.43137255
0.37647060
0.43529412
0.47843137
0.57647061
0.51764709
0.46274510
0.42352942
0.52156866
0.57254905
0.50980395
0.57254905
0.58039218
0.67058825
0.69019610
0.68235296
0.66274512
0.58039218
0.54117650
0.62745100
0.58823532
0.58431375
0.59607846
0.68627453
0.67058825
0.67058825
0.67843139
0.69803923
0.64705884
0.51372552
0.42352942
0.47843137
0.45882353
0.40784314
0.52549022
0.50588238
0.57254905
0.46666667
0.43921569
0.51372552
0.40392157
0.39215687
0.45490196
0.56862748
0.56470591
0.63921571
0.64313728
0.58039218
0.58823532
0.60392159
0.58431375
0.54901963
0.54117650
0.56862748
0.41176471
0.40392157
0.56862748
0.57254905
0.56862748
0.57254905
0.61568630
0.46274510
0.15686275
0.38431373
0.59215689
0.56078434
0.55294120
0.56470591
0.57647061
0.58431375
0.58431375
0.57647061
0.56078434
0.52941179
0.48235294
0.43921569
0.45098040
0.47058824
0.44705883
0.56862748
0.58039218
0.59215689
0.58039218
0.56470591
0.53725493
0.54509807
0.31372550
0.14509805
0.40000001
0.56862748
0.58431375
0.54509807
0.48235294
0.27058825
0.09411765
0.24705882
0.56862748
0.58431375
0.56862748
0.57647061
0.57254905
0.56470591
0.57647061
0.58039218
0.57254905
0.54509807
0.49803922
0.44705883
0.43529412
0.45882353
0.42352942
0.54117650
0.53725493
0.54117650
0.53725493
0.54117650
0.50980395
0.48627451
0.35294119
0.13725491
0.18823530
0.34117648
0.48235294
0.37254903
0.18039216
0.13725491
0.10980392
0.16862746
0.49019608
0.60784316
0.57254905
0.57254905
0.55294120
0.54901963
0.59215689
0.61176473
0.59215689
0.56862748
0.53333336
0.50588238
0.50980395
0.52156866
0.50196081
0.53725493
0.51372552
0.51372552
0.53333336
0.54117650
0.53333336
0.52156866
0.47843137
0.18431373
0.08235294
0.13725491
0.20392157
0.15686275
0.12156863
0.11764706
0.09803922
0.10588235
0.25098041
0.50980395
0.56862748
0.56078434
0.56078434
0.57254905
0.60392159
0.61176473
0.60000002
0.57254905
0.51764709
0.49019608
0.47450981
0.46274510
0.49411765
0.55294120
0.54901963
0.54901963
0.56078434
0.56078434
0.55686277
0.55686277
0.54509807
0.36078432
0.12549020
0.14117648
0.19215687
0.18823530
0.15686275
0.14117648
0.09411765
0.12549020
0.15294118
0.21960784
0.50196081
0.54901963
0.53725493
0.55294120
0.55686277
0.52941179
0.52549022
0.54117650
0.54509807
0.54509807
0.50196081
0.46666667
0.48235294
0.56470591
0.56862748
0.55294120
0.56078434
0.56862748
0.56470591
0.55686277
0.54509807
0.33725491
0.17254902
0.30588236
0.31764707
0.24313726
0.23921569
0.24313726
0.21568628
0.19607843
0.29019609
0.25098041
0.33725491
0.46666667
0.52156866
0.51372552
0.48235294
0.46666667
0.50980395
0.59607846
0.64705884
0.65490198
0.61568630
0.55686277
0.54117650
0.53333336
0.56078434
0.55294120
0.53725493
0.54509807
0.56470591
0.57647061
0.45098040
0.20000000
0.38823530
0.41176471
0.20784314
0.22745098
0.28235295
0.30588236
0.29803923
0.24705882
0.27843139
0.27058825
0.23921569
0.29803923
0.42745098
0.52941179
0.56470591
0.59607846
0.64705884
0.72941178
0.74509805
0.69803923
0.62352943
0.56470591
0.61176473
0.46274510
0.51764709
0.54117650
0.52941179
0.54901963
0.56078434
0.50588238
0.29803923
0.24313726
0.45490196
0.28627452
0.18039216
0.27058825
0.36078432
0.30196080
0.22352941
0.24313726
0.29411766
0.25490198
0.21176471
0.21568628
0.27843139
0.40000001
0.56078434
0.69019610
0.72941178
0.75294119
0.75686276
0.71764708
0.64313728
0.61960787
0.67843139
0.37647060
0.42745098
0.49019608
0.53725493
0.56470591
0.54117650
0.38431373
0.22352941
0.26666668
0.25490198
0.23137255
0.23137255
0.23921569
0.26666668
0.24705882
0.25490198
0.26666668
0.32549021
0.30196080
0.21176471
0.19607843
0.18431373
0.23137255
0.32549021
0.54901963
0.67843139
0.63921571
0.62745100
0.61960787
0.56470591
0.52941179
0.51764709
0.38823530
0.43921569
0.55686277
0.62745100
0.63137257
0.61960787
0.46274510
0.28235295
0.27058825
0.29803923
0.36078432
0.32549021
0.22745098
0.18039216
0.31372550
0.34509805
0.27843139
0.32941177
0.30196080
0.18431373
0.18039216
0.18039216
0.15686275
0.18823530
0.27450982
0.40784314
0.48627451
0.46666667
0.47843137
0.46666667
0.40000001
0.41960785
0.54901963
0.60784316
0.67450982
0.69411767
0.69411767
0.70980394
0.61176473
0.36862746
0.34117648
0.38039216
0.42745098
0.42352942
0.35294119
0.36470589
0.38039216
0.32156864
0.27058825
0.30588236
0.32156864
0.20000000
0.18431373
0.18431373
0.16862746
0.15294118
0.16862746
0.23921569
0.38823530
0.45490196
0.46274510
0.47450981
0.39607844
0.43137255
0.65098041
0.64705884
0.62745100
0.62352943
0.64705884
0.61176473
0.47450981
0.34509805
0.37254903
0.35686275
0.41960785
0.40392157
0.43137255
0.41176471
0.32549021
0.29019609
0.23921569
0.25098041
0.29411766
0.23529412
0.19215687
0.18431373
0.17647059
0.15686275
0.16862746
0.18039216
0.23529412
0.28235295
0.32549021
0.39607844
0.42352942
0.49019608
0.65490198
0.57647061
0.48627451
0.48627451
0.53725493
0.47450981
0.37254903
0.33725491
0.36078432
0.38823530
0.40392157
0.43137255
0.43137255
0.29803923
0.29411766
0.27058825
0.21960784
0.20784314
0.23921569
0.25490198
0.20784314
0.21176471
0.19215687
0.16078432
0.17647059
0.17647059
0.18823530
0.22352941
0.23921569
0.21960784
0.23529412
0.40392157
0.69411767
0.65882355
0.56470591
0.49411765
0.49803922
0.42352942
0.34117648
0.35686275
0.43529412
0.45490196
0.38823530
0.36078432
0.29019609
0.25882354
0.27843139
0.25098041
0.20000000
0.18823530
0.21176471
0.29411766
0.24705882
0.21568628
0.20784314
0.17647059
0.18823530
0.18039216
0.20784314
0.23921569
0.23137255
0.23529412
0.22352941
0.22745098
0.69019610
0.67058825
0.65490198
0.60000002
0.51764709
0.40000001
0.40784314
0.49803922
0.52549022
0.47058824
0.45882353
0.43137255
0.35686275
0.26274511
0.23529412
0.23137255
0.18039216
0.14509805
0.14509805
0.20392157
0.24313726
0.21960784
0.23529412
0.20000000
0.20784314
0.21568628
0.23921569
0.26666668
0.29411766
0.28627452
0.22745098
0.23921569
0.61176473
0.70588237
0.69411767
0.59215689
0.49411765
0.44313726
0.47058824
0.55686277
0.54901963
0.52941179
0.55686277
0.47058824
0.33333334
0.20000000
0.16078432
0.15686275
0.12941177
0.10196079
0.12156863
0.16078432
0.20000000
0.21568628
0.22745098
0.21176471
0.20392157
0.25098041
0.27450982
0.29019609
0.33725491
0.36078432
0.30196080
0.26666668
0.28235295
0.40392157
0.54509807
0.50196081
0.49411765
0.48627451
0.43137255
0.51372552
0.56470591
0.58823532
0.54901963
0.36470589
0.20784314
0.14117648
0.14901961
0.19607843
0.21176471
0.11764706
0.12549020
0.16862746
0.21568628
0.20000000
0.20000000
0.20000000
0.22352941
0.30196080
0.28235295
0.32156864
0.37647060
0.40000001
0.37254903
0.33725491
0.27058825
0.21176471
0.25098041
0.34509805
0.53333336
0.51372552
0.31372550
0.47058824
0.54509807
0.52941179
0.33725491
0.17254902
0.18039216
0.17647059
0.26666668
0.35294119
0.43137255
0.23921569
0.08235294
0.12156863
0.27058825
0.30588236
0.21176471
0.25490198
0.36862746
0.26666668
0.22745098
0.36470589
0.38823530
0.39215687
0.37254903
0.35294119
0.34117648
0.36078432
0.32941177
0.25882354
0.45490196
0.48235294
0.26666668
0.41568628
0.54509807
0.40392157
0.16078432
0.19607843
0.28235295
0.30196080
0.31764707
0.34509805
0.47450981
0.44313726
0.12156863
0.09803922
0.27058825
0.43137255
0.25098041
0.25490198
0.42352942
0.25490198
0.22352941
0.35686275
0.41960785
0.45490196
0.40392157
0.35686275
0.36470589
0.35294119
0.36862746
0.22745098
0.26666668
0.32549021
0.30196080
0.31764707
0.39215687
0.28627452
0.25098041
0.32549021
0.40392157
0.43529412
0.36078432
0.35686275
0.36078432
0.42745098
0.29019609
0.08627451
0.27058825
0.42352942
0.33725491
0.29019609
0.33725491
0.40000001
0.26274511
0.33333334
0.46274510
0.50196081
0.44705883
0.34901962
0.42352942
0.38823530
0.40784314
0.38823530
0.24705882
0.24705882
0.19215687
0.30980393
0.40392157
0.31764707
0.35686275
0.37254903
0.39215687
0.47058824
0.43529412
0.38823530
0.38431373
0.38039216
0.39607844
0.12549020
0.24313726
0.40392157
0.40784314
0.53725493
0.28627452
0.34509805
0.28235295
0.27843139
0.50588238
0.55294120
0.40784314
0.34509805
0.45882353
0.43921569
0.43137255
0.47843137
0.41568628
0.26274511
0.20000000
0.36470589
0.41176471
0.38823530
0.38823530
0.37647060
0.40392157
0.45490196
0.49803922
0.47058824
0.42352942
0.36862746
0.27843139
0.07843138
0.17647059
0.45098040
0.36078432
0.61960787
0.43529412
0.29411766
0.41176471
0.30980393
0.45098040
0.56078434
0.46666667
0.36078432
0.46274510
0.46666667
0.45098040
0.45882353
0.45882353
0.44313726
0.41176471
0.41176471
0.42352942
0.41568628
0.40000001
0.38823530
0.42352942
0.56078434
0.47843137
0.47058824
0.43921569
0.37647060
0.18431373
0.05882353
0.15294118
0.36078432
0.44705883
0.58431375
0.42745098
0.40000001
0.54117650
0.44313726
0.43529412
0.59607846
0.48235294
0.32549021
0.48627451
0.50588238
0.47450981
0.44313726
0.44313726
0.45098040
0.41960785
0.43921569
0.46666667
0.43137255
0.46666667
0.40784314
0.41960785
0.54117650
0.40392157
0.39215687
0.46274510
0.39607844
0.12156863
0.05882353
0.17647059
0.36470589
0.30980393
0.38039216
0.40000001
0.39607844
0.42352942
0.49411765
0.52156866
0.48627451
0.36078432
0.29019609
0.48627451
0.52941179
0.48627451
0.50196081
0.48235294
0.42352942
0.41176471
0.42745098
0.45882353
0.44705883
0.46274510
0.42745098
0.47058824
0.47450981
0.35294119
0.33333334
0.43921569
0.40000001
0.09019608
0.07450981
0.15294118
0.44313726
0.33725491
0.30588236
0.39215687
0.33725491
0.31764707
0.35294119
0.43921569
0.51372552
0.38431373
0.30980393
0.48627451
0.52156866
0.54117650
0.59215689
0.49019608
0.41568628
0.41960785
0.45098040
0.47450981
0.46666667
0.48627451
0.52941179
0.52941179
0.38823530
0.31764707
0.32549021
0.38431373
0.38823530
0.15686275
0.21568628
0.24313726
0.21568628
0.30196080
0.37254903
0.36078432
0.23529412
0.24705882
0.31764707
0.42352942
0.55686277
0.44705883
0.29803923
0.52156866
0.58039218
0.62352943
0.58823532
0.43529412
0.40784314
0.42745098
0.54117650
0.54509807
0.50588238
0.56862748
0.58039218
0.50196081
0.38823530
0.38039216
0.38431373
0.32549021
0.24313726
0.32941177
0.32549021
0.39215687
0.16862746
0.18431373
0.34901962
0.40784314
0.35686275
0.32941177
0.38039216
0.46274510
0.55686277
0.45490196
0.28235295
0.48627451
0.56862748
0.61176473
0.50980395
0.40392157
0.40784314
0.45490196
0.49411765
0.56470591
0.61176473
0.60392159
0.57647061
0.45490196
0.45098040
0.40000001
0.34117648
0.32941177
0.26666668
0.29019609
0.37647060
0.25882354
0.29411766
0.23529412
0.19607843
0.29019609
0.43921569
0.58823532
0.60000002
0.61568630
0.49411765
0.31372550
0.22745098
0.42352942
0.46666667
0.53333336
0.44705883
0.45098040
0.41568628
0.35686275
0.36862746
0.41176471
0.41960785
0.52156866
0.58823532
0.45882353
0.40000001
0.46274510
0.42352942
0.43529412
0.43137255
0.18039216
0.30588236
0.43921569
0.51764709
0.51372552
0.47058824
0.53725493
0.55294120
0.64705884
0.65098041
0.65882355
0.54509807
0.29803923
0.31372550
0.45882353
0.45490196
0.45098040
0.41960785
0.43529412
0.44705883
0.40392157
0.37647060
0.33333334
0.30588236
0.40784314
0.56470591
0.60784316
0.47450981
0.43137255
0.51764709
0.43137255
0.29803923
0.29803923
0.20784314
0.43921569
0.49411765
0.41960785
0.41960785
0.38039216
0.36470589
0.41568628
0.48627451
0.56470591
0.58039218
0.52549022
0.54117650
0.41568628
0.38039216
0.44313726
0.47450981
0.52941179
0.57254905
0.45098040
0.50196081
0.53725493
0.45882353
0.49411765
0.60000002
0.57254905
0.43921569
0.34901962
0.38431373
0.45490196
0.28235295
0.30196080
0.37254903
0.39215687
0.49019608
0.36470589
0.30196080
0.29411766
0.31372550
0.46666667
0.44313726
0.49411765
0.52156866
0.61960787
0.61568630
0.44705883
0.50588238
0.48235294
0.45098040
0.53725493
0.50196081
0.46666667
0.49411765
0.60784316
0.56470591
0.54509807
0.54509807
0.60000002
0.54509807
0.32156864
0.27450982
0.43529412
0.41960785
0.36862746
0.49019608
0.43921569
0.50980395
0.36862746
0.31372550
0.43529412
0.25490198
0.25882354
0.39215687
0.51372552
0.46274510
0.55686277
0.56078434
0.52156866
0.52941179
0.54117650
0.52941179
0.50588238
0.50196081
0.52941179
0.38039216
0.36862746
0.50588238
0.51372552
0.52156866
0.52549022
0.56862748
0.42745098
0.14117648
0.34509805
0.54117650
0.50980395
0.50196081
0.51764709
0.52941179
0.53333336
0.53333336
0.52549022
0.50980395
0.47843137
0.43137255
0.38823530
0.39607844
0.43137255
0.40784314
0.50980395
0.52156866
0.52941179
0.51372552
0.50588238
0.49803922
0.49803922
0.29019609
0.12156863
0.34509805
0.50196081
0.52549022
0.50980395
0.44705883
0.24705882
0.09019608
0.23137255
0.52941179
0.53725493
0.51764709
0.50980395
0.51372552
0.50196081
0.50980395
0.51372552
0.50980395
0.49411765
0.45098040
0.40000001
0.38823530
0.40784314
0.38823530
0.49411765
0.49411765
0.49019608
0.47450981
0.48235294
0.46274510
0.43137255
0.30980393
0.10980392
0.15686275
0.30588236
0.44705883
0.36470589
0.16862746
0.11372549
0.08627451
0.15294118
0.45490196
0.56078434
0.50980395
0.48627451
0.48235294
0.47843137
0.51764709
0.54117650
0.52549022
0.51764709
0.48235294
0.45490196
0.45882353
0.45490196
0.44313726
0.49411765
0.47058824
0.46666667
0.48235294
0.49019608
0.48235294
0.47058824
0.43529412
0.17254902
0.07843138
0.12549020
0.21176471
0.16862746
0.12549020
0.10588235
0.09019608
0.09803922
0.23137255
0.47058824
0.52156866
0.49411765
0.49019608
0.49411765
0.52549022
0.53725493
0.52549022
0.51764709
0.46274510
0.42745098
0.41176471
0.39215687
0.42745098
0.50588238
0.50196081
0.50196081
0.51764709
0.51764709
0.50980395
0.50980395
0.49411765
0.33333334
0.12549020
0.12156863
0.16862746
0.17254902
0.16078432
0.12549020
0.08627451
0.11764706
0.15686275
0.21568628
0.47450981
0.49411765
0.47058824
0.48235294
0.48627451
0.45882353
0.45490196
0.47450981
0.47450981
0.46274510
0.42352942
0.38823530
0.40392157
0.50588238
0.50588238
0.49019608
0.50196081
0.52156866
0.51764709
0.50588238
0.50196081
0.30980393
0.15294118
0.26274511
0.25490198
0.18823530
0.19607843
0.20000000
0.17647059
0.15686275
0.26274511
0.23137255
0.33333334
0.45098040
0.47058824
0.44705883
0.41568628
0.41176471
0.45098040
0.52156866
0.56470591
0.56862748
0.51764709
0.46274510
0.45490196
0.47450981
0.49019608
0.48235294
0.47058824
0.49019608
0.51764709
0.52156866
0.41176471
0.17254902
0.34509805
0.35686275
0.16470589
0.16078432
0.20000000
0.23137255
0.23529412
0.19215687
0.21568628
0.21568628
0.23137255
0.30980393
0.41176471
0.46666667
0.48235294
0.53725493
0.58431375
0.65098041
0.66274512
0.61568630
0.54117650
0.48627451
0.54117650
0.41568628
0.46274510
0.47058824
0.47450981
0.50196081
0.50980395
0.45098040
0.26274511
0.20784314
0.40392157
0.25490198
0.14117648
0.19215687
0.25882354
0.23921569
0.18431373
0.19607843
0.22352941
0.20000000
0.18431373
0.18431373
0.24705882
0.37647060
0.51764709
0.61176473
0.64313728
0.67058825
0.68235296
0.65098041
0.59215689
0.56862748
0.62745100
0.33333334
0.38431373
0.42745098
0.48235294
0.51372552
0.48235294
0.33333334
0.18431373
0.22352941
0.20392157
0.17647059
0.17647059
0.20392157
0.22745098
0.20000000
0.18823530
0.20392157
0.25882354
0.23921569
0.17254902
0.16862746
0.16470589
0.21176471
0.30980393
0.51372552
0.61176473
0.58039218
0.58431375
0.58039218
0.52941179
0.49411765
0.48235294
0.36078432
0.39215687
0.50196081
0.56470591
0.56470591
0.55686277
0.41176471
0.22352941
0.20784314
0.23137255
0.27450982
0.25098041
0.19607843
0.16862746
0.25098041
0.24313726
0.18823530
0.26666668
0.24313726
0.14901961
0.16078432
0.16078432
0.14117648
0.17647059
0.27450982
0.38823530
0.45882353
0.44705883
0.45882353
0.44705883
0.38823530
0.40784314
0.50196081
0.53725493
0.60392159
0.62352943
0.61960787
0.63529414
0.54509807
0.30588236
0.26666668
0.29803923
0.33333334
0.32156864
0.26666668
0.28627452
0.29803923
0.22352941
0.18823530
0.23529412
0.25882354
0.17647059
0.16470589
0.16078432
0.14509805
0.13725491
0.15294118
0.22352941
0.36862746
0.42745098
0.43921569
0.45882353
0.39215687
0.42352942
0.58431375
0.58431375
0.56078434
0.55686277
0.58823532
0.55294120
0.41176471
0.27450982
0.30196080
0.27843139
0.31764707
0.29411766
0.33333334
0.31372550
0.22745098
0.19607843
0.16078432
0.18823530
0.23921569
0.20784314
0.17254902
0.16078432
0.14901961
0.12941177
0.13333334
0.14509805
0.21960784
0.27058825
0.31372550
0.37647060
0.40000001
0.46666667
0.58039218
0.50588238
0.43529412
0.44313726
0.49411765
0.41176471
0.29411766
0.24705882
0.26666668
0.29019609
0.29019609
0.32549021
0.34117648
0.21568628
0.21176471
0.19607843
0.15294118
0.16078432
0.20392157
0.21960784
0.18039216
0.18431373
0.16862746
0.14117648
0.14117648
0.15294118
0.16862746
0.21176471
0.23921569
0.21960784
0.23137255
0.37254903
0.62352943
0.58823532
0.51372552
0.45490196
0.44705883
0.34509805
0.24313726
0.26666668
0.33333334
0.34117648
0.29019609
0.27843139
0.21176471
0.19215687
0.21176471
0.18823530
0.14901961
0.14901961
0.18823530
0.25098041
0.19215687
0.16862746
0.18039216
0.15294118
0.15686275
0.15294118
0.16862746
0.20000000
0.20000000
0.21176471
0.21568628
0.21960784
0.61568630
0.59215689
0.57647061
0.52156866
0.44313726
0.30980393
0.29411766
0.38039216
0.40000001
0.34901962
0.34509805
0.31372550
0.25490198
0.19607843
0.18039216
0.17647059
0.14509805
0.12941177
0.12156863
0.16862746
0.20392157
0.17254902
0.18823530
0.15294118
0.16862746
0.17254902
0.19607843
0.21960784
0.23921569
0.23137255
0.18823530
0.23137255
0.54117650
0.62745100
0.60000002
0.47058824
0.38823530
0.34117648
0.33333334
0.42352942
0.41568628
0.40392157
0.43137255
0.35294119
0.23921569
0.15686275
0.13333334
0.12941177
0.11372549
0.10196079
0.10588235
0.13333334
0.17647059
0.16862746
0.16862746
0.16862746
0.16078432
0.20000000
0.21568628
0.23137255
0.27058825
0.29019609
0.24705882
0.23921569
0.24313726
0.36862746
0.46274510
0.38823530
0.39607844
0.41176471
0.33725491
0.40784314
0.45098040
0.47843137
0.44313726
0.28627452
0.16862746
0.12549020
0.12549020
0.15686275
0.17647059
0.09411765
0.10588235
0.13725491
0.18431373
0.15686275
0.14901961
0.16078432
0.18039216
0.24313726
0.21960784
0.26274511
0.29411766
0.30980393
0.29411766
0.27450982
0.23137255
0.19215687
0.20392157
0.28235295
0.46274510
0.47843137
0.27058825
0.38039216
0.44313726
0.45490196
0.30196080
0.14117648
0.14509805
0.15686275
0.21176471
0.27058825
0.34117648
0.19607843
0.07450981
0.09411765
0.26274511
0.27058825
0.16470589
0.22352941
0.32941177
0.21960784
0.18431373
0.30980393
0.31764707
0.31764707
0.29411766
0.27450982
0.28235295
0.30196080
0.27058825
0.23137255
0.41960785
0.45098040
0.24313726
0.34901962
0.45098040
0.34901962
0.14509805
0.18431373
0.23529412
0.22745098
0.21960784
0.23921569
0.36470589
0.34901962
0.10588235
0.10588235
0.27450982
0.41568628
0.21960784
0.22352941
0.40000001
0.22352941
0.17254902
0.31372550
0.35686275
0.38039216
0.32549021
0.28235295
0.28235295
0.26666668
0.29019609
0.19215687
0.24705882
0.31372550
0.29411766
0.27450982
0.34509805
0.24313726
0.21176471
0.27450982
0.32941177
0.33725491
0.23921569
0.23529412
0.23921569
0.28627452
0.21568628
0.09411765
0.27450982
0.43529412
0.33333334
0.27058825
0.32549021
0.37647060
0.22352941
0.28627452
0.39215687
0.43529412
0.36470589
0.28627452
0.30980393
0.27450982
0.29411766
0.29803923
0.21568628
0.23921569
0.18431373
0.27843139
0.37647060
0.27843139
0.27450982
0.28235295
0.30196080
0.36862746
0.32156864
0.25882354
0.25098041
0.23137255
0.26274511
0.09411765
0.22745098
0.37647060
0.38823530
0.51372552
0.25098041
0.31764707
0.25098041
0.22745098
0.43921569
0.48627451
0.32941177
0.28235295
0.32549021
0.31372550
0.31372550
0.35294119
0.31372550
0.21568628
0.18431373
0.31372550
0.34509805
0.30980393
0.28627452
0.28235295
0.32156864
0.36078432
0.40000001
0.37254903
0.29803923
0.23921569
0.19215687
0.07058824
0.17254902
0.43137255
0.34117648
0.58039218
0.35294119
0.26274511
0.35686275
0.23529412
0.40000001
0.52156866
0.37647060
0.28627452
0.30980393
0.32156864
0.30588236
0.31372550
0.31764707
0.32156864
0.30980393
0.32156864
0.32156864
0.30588236
0.29411766
0.27843139
0.33725491
0.49019608
0.38431373
0.36078432
0.31764707
0.25098041
0.13725491
0.06666667
0.15294118
0.35294119
0.43921569
0.56078434
0.36862746
0.32549021
0.43921569
0.34509805
0.38823530
0.54117650
0.37647060
0.23921569
0.32156864
0.36078432
0.33333334
0.29803923
0.29803923
0.31372550
0.29411766
0.33725491
0.36078432
0.32549021
0.38039216
0.31372550
0.34117648
0.45882353
0.29019609
0.27450982
0.34117648
0.28235295
0.09019608
0.05882353
0.17647059
0.36862746
0.31372550
0.36862746
0.36862746
0.31764707
0.35686275
0.43137255
0.48235294
0.41960785
0.27843139
0.21176471
0.32549021
0.37647060
0.34117648
0.36078432
0.33333334
0.29019609
0.28235295
0.30196080
0.33333334
0.32549021
0.37647060
0.36078432
0.39607844
0.36470589
0.23921569
0.21960784
0.33725491
0.33333334
0.08235294
0.07058824
0.15686275
0.44313726
0.32549021
0.28235295
0.37647060
0.30588236
0.26666668
0.27843139
0.37647060
0.44313726
0.29803923
0.23137255
0.34117648
0.34901962
0.39215687
0.46666667
0.34901962
0.27450982
0.28235295
0.30196080
0.34117648
0.36470589
0.40000001
0.47450981
0.46666667
0.27843139
0.20784314
0.22745098
0.29411766
0.35294119
0.16470589
0.20392157
0.23921569
0.21176471
0.29019609
0.37254903
0.34901962
0.20784314
0.19215687
0.24705882
0.35294119
0.50196081
0.34901962
0.21960784
0.39215687
0.42352942
0.49019608
0.47843137
0.30196080
0.25882354
0.27843139
0.38039216
0.40392157
0.38431373
0.44313726
0.50980395
0.45098040
0.29019609
0.29019609
0.32941177
0.23137255
0.18431373
0.32941177
0.30588236
0.36078432
0.14117648
0.16862746
0.33725491
0.36470589
0.29411766
0.26666668
0.31764707
0.39215687
0.49019608
0.33725491
0.19607843
0.35686275
0.45490196
0.48627451
0.38431373
0.26666668
0.26274511
0.31764707
0.37254903
0.41176471
0.45098040
0.46274510
0.49803922
0.42745098
0.41176471
0.32549021
0.27058825
0.23529412
0.20784314
0.29803923
0.36470589
0.24313726
0.26666668
0.21568628
0.17254902
0.25490198
0.40784314
0.54509807
0.56078434
0.56862748
0.42352942
0.20784314
0.14901961
0.29411766
0.36470589
0.41568628
0.31372550
0.34117648
0.28627452
0.21960784
0.29019609
0.31372550
0.30196080
0.37647060
0.44313726
0.38039216
0.36470589
0.41960785
0.34901962
0.38039216
0.39215687
0.17254902
0.28235295
0.43137255
0.50196081
0.49019608
0.45490196
0.50980395
0.52941179
0.62745100
0.63137257
0.64313728
0.50196081
0.19607843
0.23921569
0.29019609
0.31372550
0.38823530
0.32156864
0.30588236
0.30980393
0.28627452
0.29019609
0.24313726
0.21568628
0.31764707
0.44313726
0.50980395
0.42352942
0.38823530
0.47843137
0.36862746
0.26666668
0.29019609
0.20392157
0.45098040
0.47450981
0.38431373
0.39607844
0.32941177
0.30196080
0.36470589
0.45882353
0.56470591
0.55686277
0.47450981
0.44313726
0.27843139
0.27843139
0.36862746
0.39215687
0.40392157
0.43529412
0.33725491
0.39607844
0.41960785
0.33333334
0.41176471
0.55686277
0.49019608
0.34509805
0.31372550
0.36862746
0.41960785
0.25490198
0.28627452
0.34509805
0.38823530
0.47058824
0.30588236
0.27843139
0.27058825
0.23921569
0.34901962
0.38039216
0.49411765
0.51372552
0.56078434
0.49411765
0.32549021
0.41176471
0.40784314
0.38823530
0.44705883
0.37254903
0.34117648
0.40784314
0.51372552
0.46666667
0.47058824
0.51764709
0.54117650
0.46274510
0.25098041
0.25098041
0.42745098
0.41568628
0.37254903
0.43137255
0.37647060
0.49803922
0.35686275
0.28627452
0.42352942
0.22745098
0.19607843
0.32156864
0.47058824
0.44705883
0.49803922
0.44705883
1 0 0 0 0 0 0 -1 0 0 0
0 1 0 0 0 0 0 -1 0 0 0
0 0 1 0 0 0 0 -1 0 0 0
0 0 0 1 0 0 0 -1 0 0 0
0 0 0 0 1 0 0 -1 0 0 0
0 0 0 0 0 1 0 -1 0 0 0
0 0 0 0 0 0 1 -1 0 0 0
0 0 0 0 0 0 0 -1 1 0 0
0 0 0 0 0 0 0 -1 0 1 0
