0.62745100
0.72549021
0.81960785
0.85098040
0.90196079
0.96470588
0.97647059
0.96470588
0.97254902
0.95294118
0.90196079
0.86666667
0.85490197
0.86666667
0.84705883
0.78039217
0.73725492
0.73333335
0.72156864
0.70588237
0.65098041
0.56470591
0.47450981
0.54509807
0.41568628
0.40000001
0.40000001
0.30980393
0.36862746
0.39607844
0.35686275
0.36862746
0.88235295
0.93725491
0.94901961
0.90196079
0.90980393
0.96078432
0.95294118
0.92156863
0.92941177
0.90196079
0.84705883
0.80392158
0.78823531
0.79607844
0.78431374
0.72941178
0.68627453
0.67058825
0.63137257
0.49803922
0.55686277
0.55294120
0.47843137
0.52941179
0.46274510
0.32156864
0.14509805
0.20392157
0.37254903
0.41960785
0.38039216
0.39215687
0.98823529
0.97647059
0.94509804
0.86274511
0.85098040
0.88627452
0.87450981
0.83921570
0.83529413
0.81176472
0.76470590
0.72156864
0.70196080
0.71372551
0.70196080
0.65490198
0.62352943
0.59607846
0.58039218
0.50588238
0.50196081
0.54901963
0.50196081
0.44705883
0.34117648
0.15686275
0.01568628
0.14901961
0.38823530
0.45098040
0.41176471
0.41176471
0.91372550
0.88235295
0.87058824
0.82745099
0.82745099
0.79607844
0.78431374
0.75294119
0.73333335
0.71764708
0.68235296
0.64313728
0.62745100
0.64705884
0.62745100
0.60000002
0.56862748
0.55294120
0.54901963
0.54117650
0.49019608
0.49019608
0.49803922
0.41176471
0.23137255
0.14509805
0.10196079
0.21568628
0.43921569
0.47058824
0.43921569
0.42745098
0.81176472
0.76470590
0.81176472
0.78823531
0.74509805
0.70588237
0.70196080
0.67058825
0.63921571
0.62352943
0.60000002
0.57254905
0.56862748
0.59215689
0.57647061
0.55294120
0.52941179
0.53333336
0.51372552
0.52941179
0.50588238
0.47843137
0.51764709
0.35294119
0.22745098
0.23921569
0.18823530
0.33725491
0.45882353
0.47058824
0.44705883
0.42745098
0.71372551
0.67058825
0.66666669
0.63529414
0.60000002
0.61176473
0.62352943
0.59215689
0.56470591
0.55294120
0.54901963
0.54117650
0.54509807
0.55294120
0.54117650
0.54117650
0.52941179
0.54901963
0.52549022
0.54117650
0.54901963
0.53725493
0.40000001
0.27058825
0.29411766
0.24313726
0.26274511
0.45490196
0.50588238
0.50196081
0.43921569
0.43137255
0.55294120
0.53333336
0.53333336
0.52549022
0.53333336
0.52549022
0.54901963
0.52156866
0.52941179
0.53725493
0.54509807
0.55294120
0.56078434
0.57254905
0.55686277
0.56862748
0.56862748
0.56862748
0.54117650
0.56078434
0.55686277
0.41960785
0.18431373
0.12941177
0.28235295
0.29411766
0.42352942
0.49803922
0.51764709
0.51764709
0.43529412
0.43921569
0.46274510
0.49019608
0.50196081
0.50588238
0.53333336
0.51372552
0.54117650
0.51764709
0.53333336
0.54901963
0.56470591
0.57647061
0.58823532
0.61960787
0.60392159
0.60000002
0.57254905
0.58431375
0.57647061
0.58039218
0.50196081
0.25882354
0.05098039
0.06666667
0.31372550
0.45882353
0.50196081
0.47843137
0.48235294
0.50196081
0.44705883
0.43921569
0.45098040
0.49411765
0.51764709
0.52156866
0.54509807
0.52941179
0.56078434
0.53725493
0.54509807
0.56862748
0.58431375
0.59607846
0.58039218
0.60392159
0.63921571
0.66666669
0.61960787
0.63529414
0.61568630
0.58039218
0.45098040
0.17254902
0.05490196
0.11764706
0.41176471
0.54509807
0.53333336
0.49411765
0.46666667
0.47843137
0.45490196
0.43529412
0.46274510
0.50196081
0.53333336
0.53333336
0.55294120
0.53333336
0.56862748
0.55294120
0.55294120
0.57647061
0.60392159
0.64705884
0.61568630
0.60392159
0.63529414
0.65490198
0.60784316
0.57647061
0.56862748
0.54117650
0.38823530
0.21960784
0.18039216
0.21568628
0.42745098
0.48627451
0.47843137
0.49411765
0.45098040
0.45490196
0.45882353
0.43137255
0.49019608
0.51764709
0.54509807
0.53725493
0.55686277
0.53333336
0.56470591
0.54901963
0.54509807
0.56470591
0.58823532
0.60000002
0.51372552
0.54509807
0.56470591
0.59607846
0.65098041
0.72941178
0.82745099
0.83921570
0.50196081
0.36078432
0.27058825
0.16470589
0.33333334
0.37254903
0.38823530
0.45098040
0.43921569
0.43529412
0.44313726
0.41960785
0.52156866
0.53725493
0.55686277
0.54117650
0.55294120
0.53333336
0.55686277
0.54117650
0.53725493
0.56078434
0.53333336
0.51764709
0.55686277
0.71372551
0.78823531
0.79607844
0.82352942
0.80784315
0.81176472
0.75294119
0.63529414
0.74117649
0.57254905
0.16470589
0.10588235
0.15686275
0.40392157
0.44705883
0.42745098
0.41568628
0.42352942
0.40784314
0.54901963
0.54509807
0.56078434
0.54509807
0.56078434
0.54901963
0.54117650
0.53725493
0.52941179
0.52156866
0.56470591
0.64313728
0.67058825
0.62745100
0.53725493
0.45098040
0.41568628
0.36470589
0.29411766
0.23137255
0.43529412
0.86274511
0.78823531
0.37254903
0.05098039
0.02745098
0.24313726
0.45490196
0.38823530
0.39607844
0.41176471
0.39215687
0.56470591
0.54117650
0.56078434
0.54901963
0.57254905
0.57254905
0.50980395
0.52941179
0.50980395
0.56862748
0.54901963
0.43137255
0.36862746
0.36078432
0.19215687
0.07450981
0.11372549
0.19607843
0.09803922
0.07058824
0.47058824
0.81960785
0.82352942
0.61568630
0.14901961
0.02352941
0.07450981
0.26666668
0.27058825
0.32156864
0.38823530
0.37254903
0.56862748
0.54509807
0.57254905
0.55686277
0.56470591
0.55686277
0.47450981
0.50196081
0.52156866
0.49803922
0.32941177
0.26666668
0.33725491
0.32156864
0.18039216
0.08627451
0.07450981
0.19607843
0.11764706
0.25490198
0.68627453
0.78823531
0.80392158
0.79607844
0.40000001
0.06274510
0.07058824
0.08627451
0.13725491
0.21960784
0.30980393
0.34509805
0.56078434
0.54509807
0.58039218
0.56470591
0.54117650
0.51764709
0.54509807
0.51372552
0.45882353
0.25882354
0.28235295
0.33725491
0.41568628
0.30588236
0.15686275
0.13333334
0.14117648
0.27450982
0.45098040
0.71372551
0.79607844
0.77254903
0.80392158
0.76470590
0.42352942
0.23921569
0.14509805
0.07058824
0.09411765
0.30980393
0.39215687
0.32549021
0.55686277
0.54509807
0.57647061
0.56470591
0.52156866
0.44705883
0.51764709
0.47450981
0.31764707
0.34901962
0.23529412
0.27058825
0.33333334
0.26666668
0.32549021
0.60784316
0.75294119
0.85882354
0.92941177
0.92156863
0.84313726
0.84313726
0.82745099
0.44705883
0.18823530
0.36470589
0.20784314
0.07843138
0.25490198
0.54509807
0.56078434
0.32941177
0.56078434
0.55294120
0.55686277
0.53725493
0.45490196
0.27058825
0.22745098
0.26274511
0.31764707
0.29411766
0.11372549
0.10980392
0.14117648
0.09803922
0.54901963
0.94901961
0.92549020
0.92156863
0.89019608
0.86274511
0.85882354
0.87450981
0.58431375
0.22745098
0.22352941
0.32941177
0.30588236
0.30588236
0.52156866
0.63137257
0.65490198
0.35686275
0.56078434
0.54901963
0.53333336
0.52549022
0.55294120
0.27843139
0.17647059
0.20392157
0.26274511
0.12941177
0.09019608
0.08627451
0.18431373
0.16078432
0.60784316
0.85098040
0.78039217
0.74509805
0.74901962
0.81568629
0.86274511
0.87450981
0.67843139
0.40392157
0.36470589
0.45098040
0.52941179
0.58431375
0.59607846
0.58039218
0.64705884
0.34901962
0.56078434
0.54901963
0.49411765
0.70980394
0.74117649
0.29803923
0.12941177
0.16862746
0.22352941
0.08235294
0.06274510
0.09019608
0.22352941
0.25882354
0.61960787
0.76078433
0.71372551
0.70196080
0.76862746
0.78823531
0.76078433
0.80784315
0.87058824
0.70196080
0.59215689
0.61176473
0.58431375
0.59215689
0.58823532
0.57254905
0.53333336
0.25882354
0.54901963
0.52156866
0.60392159
0.91764706
0.70980394
0.35294119
0.14901961
0.16470589
0.20392157
0.04313726
0.04313726
0.04313726
0.07843138
0.19215687
0.62745100
0.72941178
0.69019610
0.72549021
0.72549021
0.45098040
0.27058825
0.35294119
0.63137257
0.76862746
0.71764708
0.66666669
0.62745100
0.60000002
0.57647061
0.53333336
0.30196080
0.14901961
0.50980395
0.50196081
0.63921571
0.63921571
0.54509807
0.41568628
0.17647059
0.18039216
0.10980392
0.01176471
0.03529412
0.05882353
0.11764706
0.21176471
0.63529414
0.70588237
0.67450982
0.74509805
0.44313726
0.08235294
0.07843138
0.08235294
0.18823530
0.58431375
0.73333335
0.67058825
0.55686277
0.52156866
0.50196081
0.26274511
0.08235294
0.15294118
0.48627451
0.51764709
0.40392157
0.10196079
0.28235295
0.42352942
0.20392157
0.18823530
0.07058824
0.02745098
0.04313726
0.23137255
0.35294119
0.38823530
0.64705884
0.69019610
0.69411767
0.66274512
0.16470589
0.11372549
0.18431373
0.14901961
0.05490196
0.27450982
0.58431375
0.53333336
0.45882353
0.45882353
0.23529412
0.05490196
0.08235294
0.18823530
0.47450981
0.48627451
0.28627452
0.11764706
0.23137255
0.44705883
0.26666668
0.12156863
0.05098039
0.05490196
0.09411765
0.28235295
0.30980393
0.42352942
0.73333335
0.73333335
0.74901962
0.54509807
0.10588235
0.16862746
0.11764706
0.10588235
0.10980392
0.10588235
0.42352942
0.51764709
0.48235294
0.34901962
0.08627451
0.08235294
0.16470589
0.23137255
0.42745098
0.40000001
0.27843139
0.24705882
0.23529412
0.44313726
0.30196080
0.10980392
0.06274510
0.12156863
0.18823530
0.27843139
0.27450982
0.53333336
0.74117649
0.70196080
0.70588237
0.45490196
0.12156863
0.21176471
0.20784314
0.16078432
0.10588235
0.05490196
0.28235295
0.52156866
0.48627451
0.23529412
0.07058824
0.13333334
0.19607843
0.23137255
0.34117648
0.31764707
0.23921569
0.23529412
0.22745098
0.41176471
0.29411766
0.08235294
0.07843138
0.18039216
0.29803923
0.37647060
0.38039216
0.56862748
0.64313728
0.63921571
0.66666669
0.44313726
0.12549020
0.22352941
0.27843139
0.19215687
0.14509805
0.06666667
0.16078432
0.42352942
0.37647060
0.12941177
0.04705882
0.11372549
0.15686275
0.19607843
0.28627452
0.28627452
0.25098041
0.23529412
0.22352941
0.37254903
0.34117648
0.18431373
0.23921569
0.38431373
0.53725493
0.64705884
0.66274512
0.69019610
0.71764708
0.71372551
0.71372551
0.48627451
0.13333334
0.21176471
0.37647060
0.36078432
0.20000000
0.10588235
0.06666667
0.27450982
0.23137255
0.04705882
0.02352941
0.07058824
0.11372549
0.15686275
0.28627452
0.28627452
0.27058825
0.30588236
0.25490198
0.34901962
0.27058825
0.18431373
0.20392157
0.23529412
0.29019609
0.33725491
0.35686275
0.37647060
0.38431373
0.37647060
0.38431373
0.32549021
0.12549020
0.23529412
0.23137255
0.24313726
0.11372549
0.07843138
0.01568628
0.06666667
0.03921569
0.01176471
0.02745098
0.03921569
0.06666667
0.12941177
0.29411766
0.32549021
0.28235295
0.21176471
0.17647059
0.15294118
0.05882353
0.01568628
0.01176471
0.00784314
0.01960784
0.02745098
0.02745098
0.03137255
0.03921569
0.04313726
0.04313726
0.05098039
0.03137255
0.25882354
0.26274511
0.18431373
0.21960784
0.05882353
0.00784314
0.00784314
0.00392157
0.01176471
0.02352941
0.03921569
0.05882353
0.12549020
0.31372550
0.34901962
0.31764707
0.18431373
0.08235294
0.03921569
0.06274510
0.09803922
0.05490196
0.03921569
0.05490196
0.05490196
0.05490196
0.05490196
0.05490196
0.04705882
0.03921569
0.03529412
0.02352941
0.09019608
0.24313726
0.28235295
0.16470589
0.02745098
0.01176471
0.01568628
0.01960784
0.01960784
0.02745098
0.04313726
0.08235294
0.12941177
0.28627452
0.30980393
0.28627452
0.21568628
0.18039216
0.18431373
0.23137255
0.22745098
0.10196079
0.06666667
0.09803922
0.10980392
0.12156863
0.12549020
0.11372549
0.10980392
0.09411765
0.08235294
0.06274510
0.04705882
0.07843138
0.08627451
0.03137255
0.02352941
0.03137255
0.02745098
0.03137255
0.03137255
0.04313726
0.05882353
0.10588235
0.12156863
0.27058825
0.28235295
0.29803923
0.30588236
0.34509805
0.32549021
0.28235295
0.21960784
0.12549020
0.14901961
0.16862746
0.16470589
0.18431373
0.20000000
0.19607843
0.19215687
0.17254902
0.14901961
0.11764706
0.10980392
0.13333334
0.13333334
0.07450981
0.04705882
0.05490196
0.06274510
0.05882353
0.05098039
0.07058824
0.10196079
0.11764706
0.11372549
0.14509805
0.19215687
0.22352941
0.22745098
0.25882354
0.30588236
0.31372550
0.31764707
0.33725491
0.32156864
0.28627452
0.25882354
0.25490198
0.26274511
0.26274511
0.21960784
0.19607843
0.19607843
0.25098041
0.45098040
0.20392157
0.21960784
0.19607843
0.15294118
0.08627451
0.13333334
0.18039216
0.14117648
0.11372549
0.07058824
0.08235294
0.07450981
0.26274511
0.28235295
0.30196080
0.26666668
0.26274511
0.29019609
0.28235295
0.25882354
0.26666668
0.25098041
0.22352941
0.20392157
0.19607843
0.21176471
0.21568628
0.18039216
0.16078432
0.16470589
0.15294118
0.16078432
0.15686275
0.13725491
0.11764706
0.12941177
0.13333334
0.18039216
0.11764706
0.10588235
0.10980392
0.08235294
0.08627451
0.07058824
0.28235295
0.26666668
0.28235295
0.24313726
0.22745098
0.23921569
0.21960784
0.19215687
0.18823530
0.17647059
0.16862746
0.15686275
0.14901961
0.16470589
0.16862746
0.14901961
0.13333334
0.13725491
0.11764706
0.10980392
0.13725491
0.12941177
0.12156863
0.13333334
0.18823530
0.13333334
0.05098039
0.05490196
0.08235294
0.07843138
0.07450981
0.06666667
0.21960784
0.21176471
0.23921569
0.23529412
0.24313726
0.18823530
0.16862746
0.14117648
0.13725491
0.13725491
0.13333334
0.12549020
0.12156863
0.12941177
0.13333334
0.12549020
0.11372549
0.11764706
0.10588235
0.11372549
0.12549020
0.10980392
0.11372549
0.14509805
0.16470589
0.07058824
0.04313726
0.05882353
0.08627451
0.07450981
0.06274510
0.06666667
0.22352941
0.22352941
0.25882354
0.23137255
0.20392157
0.14117648
0.12549020
0.10588235
0.10980392
0.11372549
0.10980392
0.10196079
0.10196079
0.10196079
0.10980392
0.11764706
0.10980392
0.10980392
0.10980392
0.10980392
0.10980392
0.18823530
0.26274511
0.16470589
0.09803922
0.07058824
0.05098039
0.09803922
0.10588235
0.12156863
0.07450981
0.06666667
0.23137255
0.22745098
0.18431373
0.12941177
0.10196079
0.10196079
0.09803922
0.08627451
0.09019608
0.09803922
0.10196079
0.09803922
0.09411765
0.09411765
0.10588235
0.12156863
0.11372549
0.11764706
0.12941177
0.11764706
0.12941177
0.36470589
0.36862746
0.23529412
0.16078432
0.10588235
0.11764706
0.17254902
0.16862746
0.17647059
0.09411765
0.07450981
0.13333334
0.10980392
0.09019608
0.07843138
0.08627451
0.09019608
0.08627451
0.08235294
0.08627451
0.08627451
0.09803922
0.10196079
0.09411765
0.09803922
0.11372549
0.13725491
0.12549020
0.12156863
0.13725491
0.11764706
0.20000000
0.34901962
0.21568628
0.14509805
0.21960784
0.15686275
0.16862746
0.17647059
0.14117648
0.11764706
0.09019608
0.08235294
0.06666667
0.06666667
0.06274510
0.07058824
0.08627451
0.09019608
0.08627451
0.08627451
0.09411765
0.09019608
0.10196079
0.10588235
0.09803922
0.10588235
0.11372549
0.15294118
0.15686275
0.17647059
0.20000000
0.18823530
0.25490198
0.25098041
0.07058824
0.04313726
0.13333334
0.14509805
0.12156863
0.12549020
0.09803922
0.08627451
0.08627451
0.08235294
0.06666667
0.07058824
0.07058824
0.07058824
0.08235294
0.08627451
0.09019608
0.09019608
0.09803922
0.09411765
0.10980392
0.11764706
0.14509805
0.21960784
0.20000000
0.23137255
0.23137255
0.22745098
0.21568628
0.21176471
0.23921569
0.15686275
0.06666667
0.06274510
0.10196079
0.09803922
0.09411765
0.10588235
0.10196079
0.09019608
0.08235294
0.07843138
0.07450981
0.07058824
0.07058824
0.07058824
0.08235294
0.07843138
0.08627451
0.09411765
0.09411765
0.09803922
0.12549020
0.19215687
0.24313726
0.29803923
0.22352941
0.20392157
0.19215687
0.18039216
0.19607843
0.22745098
0.21960784
0.19215687
0.18823530
0.17254902
0.16078432
0.13725491
0.09803922
0.09803922
0.09803922
0.09411765
0.07843138
0.07843138
0.07843138
0.07058824
0.07450981
0.07058824
0.08235294
0.08235294
0.08235294
0.09019608
0.09803922
0.09803922
0.14117648
0.20784314
0.19215687
0.25882354
0.24313726
0.29019609
0.40784314
0.53725493
0.65098041
0.72156864
0.48627451
0.40784314
0.29411766
0.12941177
0.21960784
0.23921569
0.14901961
0.09803922
0.09411765
0.09803922
0.07058824
0.07450981
0.08235294
0.07058824
0.07843138
0.07450981
0.09411765
0.09411765
0.08627451
0.09411765
0.09803922
0.11372549
0.12156863
0.18823530
0.33333334
0.59215689
0.69803923
0.74509805
0.80392158
0.80392158
0.79215688
0.77254903
0.69803923
0.81568629
0.59607846
0.08627451
0.09411765
0.14509805
0.27450982
0.15686275
0.08235294
0.08627451
0.06666667
0.06666667
0.07843138
0.07843138
0.08627451
0.08235294
0.09411765
0.09411765
0.09803922
0.10196079
0.09803922
0.12549020
0.25882354
0.43921569
0.56470591
0.60784316
0.54901963
0.45882353
0.39215687
0.34509805
0.27843139
0.23921569
0.45882353
0.90980393
0.83529413
0.30588236
0.05882353
0.03921569
0.19607843
0.27450982
0.10196079
0.08235294
0.06666667
0.06274510
0.07843138
0.08627451
0.09803922
0.08627451
0.09019608
0.09019608
0.09803922
0.10196079
0.10196079
0.28235295
0.40392157
0.35686275
0.31372550
0.33725491
0.20392157
0.07058824
0.06666667
0.13333334
0.05882353
0.06274510
0.48627451
0.86666667
0.87843138
0.60784316
0.14117648
0.02745098
0.08627451
0.23137255
0.12941177
0.07450981
0.07058824
0.06274510
0.09411765
0.09019608
0.10588235
0.08627451
0.09411765
0.09803922
0.07450981
0.08235294
0.21568628
0.33333334
0.22745098
0.16078432
0.23921569
0.30588236
0.19607843
0.09411765
0.04313726
0.16862746
0.11764706
0.28627452
0.74901962
0.84705883
0.81960785
0.80392158
0.40392157
0.05490196
0.06274510
0.09019608
0.10588235
0.08627451
0.07843138
0.07058824
0.10196079
0.08627451
0.10196079
0.09019608
0.09803922
0.14509805
0.23529412
0.20392157
0.29803923
0.20392157
0.21960784
0.23137255
0.31372550
0.30196080
0.18039216
0.14901961
0.13725491
0.28627452
0.48627451
0.76862746
0.87450981
0.84705883
0.85098040
0.82352942
0.46274510
0.22352941
0.08235294
0.05490196
0.12156863
0.27843139
0.24313726
0.06666667
0.09803922
0.07843138
0.09803922
0.09019608
0.12941177
0.20784314
0.37647060
0.36078432
0.28627452
0.36470589
0.24313726
0.25882354
0.31764707
0.27843139
0.35294119
0.63529414
0.76862746
0.87450981
0.96078432
0.96078432
0.89019608
0.89411765
0.87058824
0.47450981
0.14509805
0.23137255
0.06666667
0.03529412
0.28235295
0.54901963
0.45882353
0.07450981
0.09803922
0.08235294
0.09411765
0.10196079
0.15686275
0.17254902
0.20784314
0.27058825
0.34509805
0.32156864
0.14509805
0.16078432
0.19215687
0.12549020
0.58039218
0.98431373
0.96470588
0.94901961
0.91372550
0.88627452
0.88235295
0.88627452
0.54509807
0.12156863
0.04313726
0.09803922
0.15686275
0.26274511
0.52156866
0.63529414
0.59215689
0.13333334
0.08627451
0.07450981
0.08627451
0.14901961
0.36470589
0.27450982
0.18039216
0.21176471
0.29411766
0.14901961
0.09411765
0.10588235
0.21960784
0.19215687
0.63921571
0.89019608
0.83921570
0.80392158
0.79607844
0.85490197
0.89803922
0.89411765
0.63921571
0.29019609
0.22352941
0.35294119
0.50196081
0.58431375
0.59215689
0.58823532
0.62745100
0.20000000
0.07450981
0.05882353
0.14901961
0.48627451
0.68627453
0.35294119
0.14117648
0.16470589
0.24705882
0.09019608
0.04313726
0.08235294
0.25098041
0.30980393
0.66666669
0.81568629
0.78039217
0.77254903
0.82745099
0.83921570
0.80784315
0.85098040
0.89019608
0.69411767
0.59607846
0.65882355
0.65490198
0.63529414
0.60392159
0.59215689
0.53333336
0.16470589
0.07058824
0.03921569
0.39607844
0.86274511
0.74509805
0.43529412
0.18431373
0.18039216
0.22352941
0.03921569
0.03529412
0.05490196
0.12156863
0.25882354
0.69411767
0.80000001
0.76078433
0.79215688
0.77647060
0.48627451
0.30980393
0.40000001
0.67450982
0.82745099
0.78431374
0.72156864
0.69411767
0.66274512
0.61176473
0.54901963
0.29019609
0.06666667
0.05490196
0.07843138
0.51764709
0.64705884
0.58823532
0.50196081
0.21568628
0.20392157
0.11764706
0.01176471
0.03921569
0.08627451
0.17647059
0.28235295
0.70588237
0.77647060
0.74509805
0.80392158
0.48235294
0.09803922
0.10196079
0.11764706
0.21960784
0.63921571
0.79215688
0.72156864
0.61960787
0.57647061
0.53333336
0.26666668
0.05098039
0.06666667
0.03921569
0.13725491
0.32549021
0.12941177
0.32549021
0.50980395
0.24313726
0.20784314
0.07450981
0.02745098
0.06274510
0.28235295
0.42352942
0.45882353
0.71764708
0.76078433
0.76470590
0.71764708
0.18431373
0.11764706
0.19215687
0.16862746
0.07843138
0.30980393
0.63137257
0.58039218
0.51764709
0.50588238
0.25098041
0.03921569
0.03529412
0.09411765
0.03921569
0.12941177
0.21568628
0.13725491
0.27450982
0.53333336
0.30588236
0.14117648
0.05882353
0.06666667
0.13333334
0.34509805
0.38039216
0.49411765
0.80392158
0.80392158
0.81568629
0.59607846
0.12549020
0.16862746
0.12549020
0.12156863
0.12549020
0.12156863
0.45882353
0.56862748
0.54117650
0.38823530
0.09019608
0.04705882
0.09803922
0.12941177
0.03921569
0.08235294
0.21176471
0.25490198
0.27843139
0.53333336
0.34117648
0.12941177
0.08235294
0.15294118
0.24705882
0.34117648
0.33725491
0.60392159
0.81176472
0.77254903
0.77647060
0.50588238
0.14509805
0.21960784
0.21568628
0.17254902
0.10980392
0.05882353
0.30196080
0.57647061
0.54509807
0.26274511
0.05490196
0.07843138
0.10980392
0.12156863
0.02745098
0.05490196
0.18431373
0.24313726
0.27058825
0.50196081
0.33725491
0.10980392
0.11764706
0.23529412
0.36862746
0.43529412
0.43529412
0.63529414
0.71372551
0.70588237
0.73725492
0.49803922
0.16078432
0.23529412
0.29411766
0.20784314
0.13725491
0.05882353
0.17254902
0.47843137
0.43529412
0.14901961
0.02745098
0.05098039
0.06274510
0.08627451
0.04313726
0.06666667
0.15294118
0.23137255
0.27450982
0.45882353
0.40784314
0.23921569
0.31764707
0.47450981
0.62352943
0.71764708
0.72549021
0.76470590
0.78823531
0.78039217
0.77647060
0.53333336
0.16470589
0.23529412
0.40000001
0.38431373
0.20392157
0.10980392
0.08235294
0.30980393
0.27058825
0.06274510
0.01176471
0.02745098
0.04705882
0.08627451
0.07450981
0.07843138
0.11372549
0.26274511
0.28627452
0.40392157
0.33333334
0.23529412
0.27058825
0.31372550
0.35686275
0.39215687
0.40784314
0.44313726
0.44313726
0.42745098
0.42745098
0.34901962
0.14509805
0.25490198
0.25098041
0.25882354
0.12156863
0.09019608
0.03137255
0.07843138
0.05490196
0.01960784
0.02352941
0.02352941
0.04313726
0.09411765
0.09019608
0.10980392
0.11372549
0.14509805
0.17254902
0.17254902
0.08627451
0.02745098
0.03921569
0.03921569
0.04705882
0.04705882
0.05098039
0.06274510
0.06666667
0.06274510
0.05882353
0.05882353
0.03529412
0.26274511
0.26666668
0.18823530
0.21960784
0.06274510
0.01568628
0.01176471
0.01176471
0.01568628
0.02352941
0.03529412
0.05490196
0.09803922
0.12941177
0.14509805
0.15294118
0.12549020
0.09019608
0.07058824
0.09803922
0.12549020
0.09019608
0.08235294
0.09019608
0.09019608
0.09019608
0.08235294
0.07450981
0.05882353
0.04313726
0.03921569
0.02745098
0.09411765
0.24313726
0.27843139
0.16078432
0.03137255
0.01568628
0.01960784
0.01960784
0.02352941
0.03529412
0.05490196
0.09411765
0.11372549
0.13725491
0.14509805
0.16078432
0.19607843
0.23529412
0.26274511
0.31764707
0.30196080
0.17254902
0.14117648
0.17647059
0.18823530
0.19215687
0.17254902
0.15294118
0.13725491
0.11372549
0.10588235
0.08235294
0.06274510
0.09019608
0.09803922
0.03921569
0.03529412
0.04313726
0.03529412
0.03921569
0.04313726
0.05490196
0.07843138
0.12156863
0.11764706
0.16470589
0.16470589
0.23137255
0.34117648
0.42745098
0.43529412
0.40000001
0.32156864
0.21568628
0.24313726
0.27058825
0.27843139
0.29019609
0.28235295
0.27450982
0.26274511
0.23137255
0.20000000
0.16862746
0.16078432
0.18431373
0.17254902
0.09411765
0.07058824
0.07843138
0.08627451
0.08235294
0.07450981
0.08627451
0.10980392
0.12549020
0.11764706
0.05098039
0.04313726
0.05490196
0.03921569
0.03529412
0.03921569
0.01960784
0.00784314
0.01176471
0.01176471
0.00392157
0.00784314
0.01568628
0.02352941
0.01960784
0.00000000
0.00392157
0.00000000
0.13725491
0.33725491
0.08627451
0.09019608
0.11372549
0.03137255
0.05098039
0.10588235
0.15294118
0.11372549
0.07450981
0.03137255
0.02352941
0.01960784
0.05098039
0.04705882
0.03921569
0.01568628
0.02745098
0.03137255
0.01176471
0.00000000
0.01568628
0.00784314
0.00392157
0.00392157
0.00784314
0.01568628
0.01568628
0.00392157
0.00392157
0.00392157
0.06274510
0.07450981
0.02745098
0.02352941
0.02352941
0.02745098
0.12941177
0.18039216
0.09019608
0.08627451
0.07450981
0.03137255
0.01568628
0.02352941
0.02745098
0.01568628
0.01176471
0.00000000
0.01568628
0.01568628
0.00392157
0.00000000
0.01568628
0.01568628
0.01568628
0.01568628
0.01568628
0.02352941
0.01960784
0.01176471
0.01568628
0.01176471
0.04705882
0.03529412
0.01568628
0.02745098
0.02352941
0.03921569
0.15686275
0.13725491
0.05098039
0.04705882
0.05882353
0.02352941
0.01176471
0.02352941
0.00392157
0.01176471
0.03137255
0.04313726
0.07058824
0.01568628
0.01176471
0.01176471
0.01960784
0.02352941
0.03137255
0.02745098
0.03137255
0.03529412
0.02352941
0.02352941
0.02745098
0.01960784
0.03921569
0.03529412
0.01568628
0.03921569
0.06274510
0.09019608
0.11764706
0.08627451
0.06666667
0.05490196
0.05882353
0.02352941
0.01960784
0.03137255
0.04705882
0.07450981
0.11372549
0.10196079
0.09019608
0.02352941
0.02745098
0.03137255
0.02745098
0.03137255
0.03529412
0.03137255
0.03529412
0.03921569
0.02745098
0.03137255
0.03529412
0.02745098
0.03137255
0.02745098
0.03137255
0.14509805
0.25098041
0.15294118
0.06274510
0.06274510
0.05490196
0.08235294
0.05490196
0.05882353
0.05098039
0.03529412
0.09411765
0.11764706
0.08627451
0.04705882
0.03529412
0.02352941
0.03529412
0.03137255
0.01960784
0.01960784
0.03529412
0.03921569
0.04313726
0.03921569
0.02745098
0.03529412
0.03921569
0.04313726
0.04313726
0.02745098
0.07843138
0.33333334
0.36470589
0.23137255
0.13333334
0.05490196
0.07450981
0.12549020
0.09019608
0.10588235
0.06274510
0.03529412
0.04705882
0.04313726
0.03921569
0.02745098
0.03137255
0.03137255
0.03921569
0.02745098
0.02352941
0.01960784
0.03921569
0.05490196
0.05098039
0.04705882
0.03921569
0.04705882
0.03529412
0.05490196
0.05490196
0.02745098
0.14509805
0.33725491
0.23529412
0.15686275
0.20784314
0.10980392
0.10980392
0.10980392
0.07843138
0.06274510
0.02352941
0.02745098
0.01176471
0.02352941
0.02352941
0.02745098
0.04313726
0.03921569
0.04705882
0.03529412
0.03529412
0.03137255
0.04705882
0.05490196
0.05490196
0.07058824
0.06274510
0.07450981
0.06274510
0.08235294
0.10196079
0.08627451
0.19215687
0.24313726
0.07843138
0.03921569
0.11764706
0.10196079
0.06274510
0.05098039
0.03529412
0.03137255
0.01568628
0.02745098
0.02745098
0.03921569
0.03529412
0.03137255
0.04313726
0.03921569
0.05490196
0.04313726
0.05098039
0.04705882
0.05490196
0.05882353
0.07450981
0.14117648
0.13333334
0.15686275
0.14117648
0.12549020
0.13333334
0.13333334
0.20000000
0.16862746
0.05882353
0.03529412
0.07843138
0.04705882
0.03529412
0.03921569
0.03137255
0.03137255
0.03137255
0.03137255
0.04705882
0.04705882
0.04313726
0.03137255
0.04705882
0.03921569
0.05490196
0.05098039
0.05490196
0.05490196
0.07843138
0.13333334
0.15294118
0.19215687
0.15686275
0.14901961
0.12549020
0.10588235
0.15294118
0.19607843
0.21176471
0.23137255
0.20392157
0.14901961
0.13725491
0.08235294
0.04313726
0.04705882
0.02352941
0.03529412
0.04313726
0.03921569
0.04705882
0.04313726
0.04313726
0.03529412
0.04705882
0.03921569
0.05098039
0.05098039
0.05098039
0.06274510
0.10588235
0.15686275
0.12549020
0.19607843
0.19607843
0.24705882
0.34509805
0.46666667
0.63137257
0.70588237
0.47450981
0.44313726
0.32941177
0.13333334
0.19607843
0.19215687
0.11372549
0.06666667
0.03529412
0.03921569
0.04705882
0.03921569
0.03529412
0.03921569
0.05490196
0.04313726
0.05490196
0.04705882
0.05098039
0.04705882
0.04705882
0.07058824
0.09411765
0.15294118
0.30196080
0.57647061
0.68627453
0.72941178
0.78431374
0.78431374
0.82352942
0.79215688
0.69411767
0.83529413
0.61960787
0.10980392
0.07450981
0.13333334
0.27450982
0.14509805
0.03921569
0.03529412
0.04313726
0.03529412
0.03137255
0.03921569
0.05882353
0.05098039
0.06274510
0.05490196
0.05098039
0.05490196
0.04705882
0.09411765
0.24313726
0.42352942
0.55686277
0.63529414
0.57647061
0.49019608
0.43137255
0.36862746
0.32941177
0.29019609
0.49411765
0.94509804
0.84313726
0.32941177
0.04705882
0.03529412
0.20392157
0.28627452
0.09803922
0.05098039
0.03529412
0.03137255
0.04313726
0.04313726
0.05882353
0.05490196
0.06666667
0.06274510
0.04705882
0.05490196
0.07843138
0.26666668
0.40392157
0.36470589
0.33725491
0.37254903
0.23921569
0.09803922
0.08627451
0.13725491
0.06666667
0.09019608
0.53725493
0.92156863
0.92156863
0.65490198
0.16470589
0.02745098
0.09019608
0.25882354
0.15686275
0.06666667
0.03529412
0.02745098
0.05882353
0.05098039
0.07058824
0.05490196
0.06274510
0.07058824
0.04313726
0.07058824
0.21176471
0.32549021
0.23137255
0.18039216
0.26666668
0.32549021
0.21568628
0.10588235
0.04705882
0.15294118
0.10980392
0.29803923
0.78431374
0.90980393
0.90588236
0.87843138
0.45098040
0.08627451
0.07450981
0.10196079
0.12156863
0.08627451
0.05098039
0.03137255
0.06274510
0.05098039
0.07450981
0.05490196
0.05490196
0.11764706
0.22352941
0.21568628
0.30980393
0.20784314
0.22352941
0.23529412
0.32156864
0.30588236
0.19607843
0.16078432
0.13725491
0.27843139
0.48627451
0.78431374
0.90588236
0.90196079
0.92549020
0.86666667
0.49411765
0.26666668
0.10196079
0.05490196
0.12549020
0.28627452
0.24705882
0.03529412
0.06666667
0.05490196
0.07450981
0.06666667
0.09411765
0.18431373
0.36470589
0.36078432
0.30980393
0.38431373
0.23529412
0.23921569
0.29803923
0.27843139
0.36862746
0.65098041
0.77647060
0.88627452
0.98039216
0.98823529
0.92941177
0.94117647
0.90588236
0.48627451
0.16470589
0.29019609
0.10980392
0.04705882
0.29803923
0.58431375
0.49411765
0.06666667
0.07058824
0.06274510
0.07058824
0.08235294
0.14117648
0.16470589
0.21960784
0.28235295
0.37647060
0.34509805
0.14117648
0.14117648
0.17647059
0.13333334
0.60392159
1.00000000
0.98039216
0.97647059
0.95686275
0.92941177
0.92941177
0.93333334
0.58823532
0.15294118
0.08235294
0.18039216
0.23137255
0.30196080
0.55686277
0.68235296
0.63921571
0.14901961
0.06666667
0.06274510
0.06274510
0.13333334
0.36078432
0.28627452
0.23529412
0.25882354
0.32941177
0.17254902
0.10980392
0.12941177
0.24313726
0.21568628
0.68235296
0.94117647
0.88235295
0.85098040
0.85098040
0.90588236
0.93725491
0.93333334
0.69411767
0.33725491
0.27058825
0.41568628
0.57254905
0.64313728
0.64313728
0.63137257
0.66274512
0.21568628
0.05098039
0.03921569
0.12549020
0.49019608
0.70588237
0.38431373
0.20784314
0.21960784
0.28235295
0.10980392
0.05490196
0.10588235
0.28627452
0.34901962
0.72549021
0.87843138
0.83529413
0.83529413
0.89411765
0.89019608
0.84313726
0.88235295
0.94901961
0.75294119
0.64705884
0.70588237
0.70980394
0.69019610
0.65098041
0.62352943
0.55294120
0.16470589
0.04705882
0.02745098
0.39607844
0.89803922
0.78823531
0.48235294
0.24313726
0.22352941
0.25490198
0.05882353
0.03529412
0.05882353
0.14901961
0.30980393
0.74901962
0.85490197
0.81568629
0.85882354
0.84705883
0.54117650
0.34509805
0.42745098
0.72156864
0.89411765
0.85490197
0.78823531
0.74901962
0.70980394
0.65098041
0.57647061
0.30196080
0.05490196
0.05098039
0.09411765
0.54509807
0.70196080
0.63529414
0.55294120
0.27058825
0.23921569
0.13725491
0.01568628
0.04313726
0.10588235
0.21176471
0.33725491
0.76078433
0.83137256
0.80000001
0.85882354
0.53333336
0.14117648
0.12549020
0.13333334
0.25098041
0.69411767
0.86666667
0.80000001
0.67843139
0.62352943
0.56470591
0.28627452
0.05882353
0.05098039
0.03529412
0.15294118
0.35686275
0.19215687
0.37647060
0.56078434
0.29803923
0.24313726
0.08235294
0.02745098
0.08235294
0.31764707
0.47450981
0.51372552
0.77254903
0.81568629
0.81960785
0.75686276
0.21960784
0.14901961
0.21568628
0.18039216
0.09803922
0.34901962
0.69803923
0.66274512
0.58431375
0.55294120
0.28235295
0.05490196
0.03137255
0.07843138
0.01960784
0.13333334
0.23137255
0.18823530
0.32549021
0.58431375
0.36078432
0.17647059
0.05882353
0.07450981
0.16470589
0.39215687
0.43529412
0.54901963
0.85882354
0.85882354
0.87058824
0.62745100
0.14901961
0.20000000
0.14509805
0.13725491
0.14117648
0.15294118
0.50980395
0.64313728
0.60784316
0.43137255
0.11372549
0.04705882
0.08627451
0.11764706
0.02745098
0.09019608
0.22745098
0.30196080
0.32941177
0.58039218
0.39607844
0.16470589
0.08627451
0.16862746
0.29019609
0.39607844
0.39215687
0.65882355
0.86666667
0.82745099
0.83137256
0.53725493
0.16862746
0.25098041
0.24705882
0.20392157
0.13725491
0.08235294
0.33725491
0.63529414
0.60392159
0.30588236
0.07450981
0.07058824
0.09411765
0.10980392
0.03529412
0.08235294
0.21568628
0.29803923
0.32156864
0.54901963
0.39607844
0.14509805
0.12941177
0.26274511
0.42352942
0.49803922
0.49411765
0.69019610
0.76470590
0.76078433
0.78823531
0.52941179
0.18823530
0.27450982
0.33725491
0.25490198
0.18039216
0.08235294
0.19607843
0.51372552
0.48235294
0.19215687
0.04313726
0.03921569
0.04313726
0.07843138
0.04313726
0.09019608
0.19215687
0.28627452
0.34117648
0.51764709
0.47058824
0.29411766
0.36470589
0.52549022
0.69411767
0.78431374
0.78431374
0.81176472
0.83137256
0.83529413
0.83921570
0.58039218
0.20784314
0.28235295
0.44313726
0.43137255
0.25098041
0.13333334
0.09411765
0.33333334
0.29803923
0.08627451
0.02745098
0.03529412
0.05098039
0.08627451
0.05882353
0.08627451
0.14509805
0.30588236
0.34117648
0.45098040
0.37647060
0.28235295
0.32156864
0.36470589
0.41176471
0.44705883
0.46666667
0.49019608
0.49411765
0.48235294
0.48627451
0.40000001
0.18823530
0.29803923
0.29411766
0.30588236
0.16078432
0.10588235
0.03529412
0.09411765
0.06274510
0.02352941
0.03137255
0.03921569
0.05882353
0.09803922
0.08235294
0.12156863
0.13725491
0.16862746
0.19607843
0.18823530
0.09803922
0.04705882
0.05490196
0.05490196
0.06666667
0.06666667
0.07843138
0.09411765
0.10196079
0.09803922
0.09411765
0.07843138
0.05098039
0.29019609
0.30588236
0.23137255
0.25490198
0.07058824
0.01176471
0.01960784
0.01568628
0.01176471
0.01960784
0.03529412
0.05098039
0.10196079
0.12941177
0.15686275
0.17254902
0.14509805
0.11764706
0.09019608
0.11764706
0.14509805
0.10980392
0.09803922
0.10980392
0.10980392
0.10588235
0.09411765
0.09019608
0.07450981
0.05882353
0.03529412
0.02352941
0.10980392
0.27843139
0.32549021
0.18431373
0.03137255
0.00784314
0.01960784
0.01960784
0.01568628
0.02352941
0.04313726
0.08235294
0.10980392
0.14509805
0.16078432
0.18823530
0.23137255
0.28627452
0.30980393
0.36078432
0.34901962
0.21960784
0.18431373
0.21960784
0.23137255
0.22352941
0.18823530
0.16862746
0.15686275
0.13725491
0.10588235
0.08235294
0.08235294
0.12941177
0.14509805
0.06274510
0.03137255
0.03137255
0.03529412
0.03921569
0.03921569
0.05098039
0.07058824
0.11372549
0.10980392
0.17254902
0.19215687
0.27450982
0.39607844
0.50196081
0.50196081
0.46274510
0.38823530
0.27843139
0.30588236
0.32941177
0.33333334
0.34117648
0.32549021
0.31764707
0.30980393
0.27843139
0.23529412
0.19215687
0.19215687
0.22745098
0.21960784
0.12549020
0.07450981
0.07450981
0.09411765
0.09411765
0.08235294
0.09803922
0.12156863
0.13333334
0.10980392
1 -1 0 0 0 0 0 0 0 0 0
0 -1 1 0 0 0 0 0 0 0 0
0 -1 0 1 0 0 0 0 0 0 0
0 -1 0 0 1 0 0 0 0 0 0
0 -1 0 0 0 1 0 0 0 0 0
0 -1 0 0 0 0 1 0 0 0 0
0 -1 0 0 0 0 0 1 0 0 0
0 -1 0 0 0 0 0 0 1 0 0
0 -1 0 0 0 0 0 0 0 1 0
