0.90980393
0.94117647
0.94901961
0.93725491
0.92549020
0.90980393
0.88235295
0.85882354
0.84705883
0.83529413
0.83529413
0.82745099
0.83921570
0.84313726
0.83529413
0.82352942
0.80784315
0.79607844
0.78823531
0.80000001
0.81568629
0.83529413
0.84313726
0.84313726
0.84313726
0.84705883
0.87843138
0.89803922
0.89019608
0.87843138
0.86666667
0.86274511
0.90196079
0.94117647
0.94509804
0.93333334
0.92549020
0.91372550
0.88235295
0.85098040
0.83529413
0.82352942
0.83137256
0.84705883
0.85882354
0.85490197
0.85098040
0.85098040
0.82352942
0.80392158
0.78823531
0.79215688
0.80784315
0.82352942
0.83529413
0.84313726
0.84313726
0.85098040
0.88235295
0.90196079
0.89019608
0.87058824
0.85882354
0.85490197
0.90588236
0.94509804
0.94509804
0.93333334
0.92156863
0.90196079
0.87058824
0.83921570
0.82352942
0.81176472
0.83137256
0.85490197
0.85490197
0.85882354
0.86666667
0.85490197
0.81176472
0.78823531
0.77647060
0.78039217
0.79607844
0.81960785
0.83529413
0.83921570
0.83529413
0.84705883
0.86666667
0.88235295
0.87450981
0.86274511
0.85098040
0.84705883
0.90588236
0.94117647
0.94509804
0.92941177
0.89803922
0.88235295
0.85490197
0.82745099
0.80784315
0.80392158
0.82352942
0.83921570
0.83529413
0.84705883
0.85882354
0.83921570
0.80000001
0.76862746
0.76470590
0.76862746
0.80000001
0.82745099
0.83137256
0.83137256
0.82745099
0.83921570
0.85490197
0.86666667
0.86666667
0.87058824
0.85882354
0.85882354
0.89019608
0.92156863
0.92549020
0.90588236
0.87843138
0.86274511
0.83921570
0.81176472
0.79607844
0.79607844
0.81568629
0.82745099
0.82745099
0.83921570
0.84705883
0.83529413
0.80000001
0.76862746
0.76470590
0.76862746
0.79215688
0.81960785
0.82745099
0.84313726
0.85098040
0.84313726
0.85882354
0.87843138
0.88627452
0.89803922
0.89019608
0.89019608
0.85490197
0.88235295
0.87843138
0.85882354
0.84313726
0.83921570
0.81960785
0.79607844
0.78431374
0.78823531
0.81568629
0.82745099
0.84705883
0.86666667
0.86666667
0.85098040
0.83137256
0.82352942
0.82352942
0.80784315
0.80784315
0.83921570
0.85098040
0.86666667
0.86666667
0.84705883
0.85490197
0.88627452
0.90588236
0.90196079
0.89411765
0.88627452
0.82352942
0.84313726
0.84705883
0.82745099
0.82352942
0.82745099
0.81176472
0.79215688
0.78431374
0.78823531
0.80784315
0.83529413
0.86666667
0.89019608
0.88627452
0.87843138
0.87058824
0.87058824
0.86666667
0.85490197
0.84705883
0.86274511
0.86274511
0.86666667
0.85490197
0.84313726
0.84313726
0.87450981
0.89803922
0.89411765
0.87450981
0.85882354
0.81568629
0.82352942
0.82352942
0.82745099
0.81960785
0.81568629
0.81568629
0.81176472
0.80784315
0.80392158
0.82352942
0.85098040
0.88235295
0.89803922
0.88627452
0.89411765
0.88627452
0.87450981
0.87450981
0.87058824
0.86274511
0.86666667
0.86274511
0.86274511
0.84705883
0.79607844
0.81176472
0.86274511
0.88235295
0.87450981
0.85882354
0.85098040
0.83921570
0.82745099
0.80392158
0.84313726
0.83529413
0.84313726
0.84313726
0.85098040
0.85098040
0.85882354
0.86274511
0.87058824
0.89019608
0.89411765
0.89019608
0.89411765
0.88235295
0.86666667
0.86666667
0.86274511
0.85490197
0.86666667
0.85882354
0.84705883
0.83921570
0.77647060
0.61960787
0.85098040
0.86274511
0.85490197
0.85882354
0.86666667
0.81960785
0.77254903
0.78431374
0.85490197
0.85098040
0.87058824
0.86666667
0.86666667
0.85882354
0.87058824
0.87843138
0.87450981
0.89411765
0.89411765
0.88627452
0.89411765
0.87843138
0.85882354
0.86666667
0.86666667
0.85490197
0.85882354
0.84705883
0.82745099
0.82352942
0.72549021
0.62745100
0.87450981
0.86274511
0.86274511
0.87058824
0.89019608
0.81176472
0.70588237
0.78039217
0.87450981
0.87843138
0.87843138
0.87058824
0.86274511
0.85882354
0.87450981
0.86666667
0.89019608
0.87843138
0.86274511
0.88235295
0.89019608
0.87450981
0.85098040
0.80784315
0.81960785
0.84705883
0.83921570
0.82745099
0.82352942
0.81568629
0.61176473
0.76470590
0.85490197
0.85098040
0.85882354
0.86274511
0.87843138
0.83921570
0.62352943
0.72156864
0.76078433
0.77254903
0.76862746
0.84705883
0.84313726
0.85490197
0.65882355
0.61960787
0.74117649
0.75294119
0.81176472
0.88235295
0.87843138
0.86274511
0.83529413
0.69411767
0.64313728
0.83529413
0.81568629
0.75294119
0.63921571
0.50980395
0.49411765
0.81176472
0.85490197
0.84313726
0.84313726
0.84313726
0.85490197
0.84313726
0.43529412
0.43529412
0.21568628
0.20000000
0.27058825
0.34901962
0.32549021
0.41960785
0.34901962
0.61568630
0.64705884
0.40000001
0.68235296
0.81568629
0.86666667
0.84313726
0.82352942
0.71372551
0.68627453
0.71372551
0.61568630
0.47843137
0.35686275
0.32941177
0.38431373
0.54117650
0.75294119
0.84313726
0.83529413
0.84313726
0.85098040
0.81176472
0.32549021
0.30588236
0.11764706
0.10588235
0.14509805
0.15686275
0.11372549
0.04705882
0.05098039
0.30980393
0.49411765
0.36470589
0.63921571
0.65098041
0.69803923
0.78823531
0.76078433
0.61960787
0.51764709
0.45098040
0.38039216
0.30588236
0.25490198
0.26274511
0.34509805
0.35686275
0.41960785
0.70588237
0.83529413
0.83529413
0.83921570
0.64705884
0.27843139
0.23529412
0.13725491
0.12941177
0.18039216
0.27450982
0.25098041
0.13725491
0.11372549
0.10196079
0.09019608
0.14509805
0.51372552
0.73333335
0.68627453
0.60392159
0.48235294
0.40000001
0.37647060
0.38039216
0.34509805
0.27843139
0.29411766
0.33333334
0.34901962
0.32156864
0.22745098
0.55294120
0.81176472
0.80000001
0.80000001
0.50980395
0.13725491
0.19607843
0.21960784
0.11372549
0.20784314
0.17254902
0.12941177
0.13333334
0.13725491
0.14509805
0.24705882
0.38823530
0.54117650
0.56078434
0.46666667
0.38039216
0.35294119
0.35686275
0.34901962
0.34901962
0.36470589
0.34117648
0.32941177
0.31764707
0.32549021
0.30588236
0.22352941
0.51372552
0.78039217
0.76862746
0.77254903
0.64313728
0.27450982
0.06666667
0.10588235
0.08235294
0.16078432
0.13725491
0.09411765
0.08235294
0.18823530
0.35686275
0.49803922
0.49803922
0.38823530
0.33725491
0.33333334
0.33725491
0.33333334
0.32549021
0.30980393
0.32549021
0.32941177
0.32549021
0.30196080
0.43137255
0.45490196
0.28627452
0.34901962
0.52156866
0.76470590
0.74901962
0.74901962
0.73725492
0.55294120
0.11372549
0.05098039
0.05490196
0.08235294
0.09019608
0.07450981
0.07450981
0.27450982
0.35294119
0.31372550
0.22745098
0.18039216
0.20784314
0.26274511
0.28235295
0.27450982
0.27058825
0.27058825
0.26666668
0.25098041
0.23529412
0.44705883
0.70980394
0.44705883
0.20784314
0.25490198
0.47843137
0.78039217
0.76862746
0.76078433
0.50588238
0.54117650
0.34901962
0.18431373
0.09019608
0.05098039
0.03921569
0.03921569
0.05098039
0.19607843
0.18823530
0.17254902
0.10980392
0.19607843
0.20392157
0.21176471
0.22745098
0.22352941
0.21176471
0.20000000
0.17647059
0.18431373
0.16862746
0.27843139
0.41960785
0.24313726
0.16078432
0.16470589
0.40392157
0.69803923
0.66666669
0.74901962
0.30588236
0.36078432
0.38431373
0.33333334
0.26666668
0.17254902
0.14509805
0.07843138
0.05490196
0.10196079
0.28235295
0.17254902
0.11372549
0.13725491
0.15294118
0.15686275
0.15686275
0.17647059
0.14117648
0.12549020
0.21568628
0.28627452
0.20784314
0.13333334
0.17254902
0.23921569
0.18431373
0.14901961
0.21568628
0.31372550
0.34901962
0.62745100
0.40392157
0.35294119
0.30588236
0.36078432
0.32156864
0.17647059
0.31764707
0.28235295
0.21568628
0.15686275
0.27450982
0.15686275
0.13333334
0.16470589
0.16470589
0.17647059
0.15686275
0.11764706
0.07058824
0.09019608
0.21960784
0.33725491
0.36078432
0.39215687
0.18823530
0.19607843
0.16862746
0.05882353
0.11372549
0.29803923
0.53333336
0.53333336
0.42352942
0.36470589
0.27843139
0.41176471
0.24705882
0.25098041
0.26274511
0.27843139
0.27843139
0.29019609
0.30196080
0.17647059
0.12549020
0.12549020
0.12941177
0.15294118
0.16470589
0.09411765
0.06666667
0.05098039
0.07450981
0.03921569
0.15294118
0.43921569
0.32549021
0.16078432
0.09411765
0.05490196
0.08627451
0.37254903
0.67058825
0.30196080
0.32549021
0.32941177
0.43921569
0.35294119
0.30980393
0.47843137
0.56078434
0.39607844
0.31372550
0.27450982
0.34901962
0.17647059
0.20392157
0.20392157
0.20000000
0.17254902
0.16470589
0.14509805
0.12156863
0.12156863
0.11372549
0.10588235
0.09411765
0.14509805
0.11764706
0.11764706
0.09019608
0.09803922
0.34117648
0.46666667
0.69803923
0.27058825
0.23529412
0.29411766
0.46666667
0.25490198
0.38431373
0.59607846
0.53725493
0.44313726
0.48235294
0.33725491
0.29411766
0.19215687
0.23137255
0.29019609
0.23921569
0.20000000
0.24313726
0.26274511
0.20784314
0.25490198
0.35294119
0.43921569
0.29411766
0.36862746
0.39215687
0.27450982
0.18039216
0.29803923
0.52156866
0.61568630
0.63137257
0.22352941
0.32549021
0.37647060
0.56078434
0.28235295
0.43137255
0.61960787
0.25490198
0.19607843
0.41176471
0.20392157
0.16862746
0.43529412
0.40000001
0.58431375
0.56470591
0.45882353
0.45490196
0.42745098
0.28627452
0.21960784
0.27843139
0.42745098
0.50196081
0.48235294
0.52941179
0.44705883
0.29019609
0.36862746
0.61568630
0.61960787
0.57254905
0.26666668
0.28235295
0.40784314
0.51372552
0.30196080
0.40784314
0.42352942
0.14117648
0.10588235
0.35294119
0.11764706
0.13333334
0.34117648
0.41176471
0.44705883
0.37647060
0.34509805
0.40000001
0.37254903
0.37647060
0.35294119
0.44705883
0.50588238
0.50196081
0.30196080
0.19215687
0.25490198
0.32941177
0.34117648
0.46274510
0.43137255
0.38039216
0.22745098
0.31372550
0.46666667
0.50588238
0.47843137
0.47058824
0.46274510
0.29411766
0.20784314
0.35294119
0.13333334
0.15686275
0.33333334
0.44705883
0.38039216
0.31372550
0.16470589
0.10588235
0.10980392
0.11764706
0.13725491
0.16078432
0.21176471
0.19215687
0.14509805
0.12156863
0.15686275
0.20392157
0.20784314
0.21568628
0.23137255
0.23921569
0.31372550
0.34509805
0.41568628
0.47843137
0.53333336
0.52156866
0.48235294
0.45098040
0.45098040
0.40392157
0.22745098
0.13725491
0.24313726
0.23137255
0.14901961
0.13725491
0.14117648
0.12941177
0.12549020
0.13725491
0.14509805
0.14509805
0.15686275
0.14901961
0.14117648
0.14509805
0.14509805
0.16862746
0.18823530
0.24705882
0.32941177
0.41568628
0.51764709
0.29803923
0.32156864
0.36078432
0.38431373
0.41568628
0.42745098
0.45098040
0.45490196
0.46274510
0.45882353
0.39215687
0.34117648
0.29803923
0.32156864
0.37254903
0.40784314
0.41568628
0.45098040
0.50196081
0.52156866
0.52941179
0.52549022
0.47058824
0.38823530
0.33725491
0.30980393
0.29411766
0.28235295
0.26274511
0.27450982
0.30196080
0.34117648
0.47843137
0.43137255
0.47450981
0.50980395
0.49803922
0.50196081
0.50980395
0.54509807
0.55294120
0.54509807
0.51372552
0.46666667
0.45490196
0.44705883
0.47058824
0.47058824
0.52549022
0.54901963
0.54901963
0.52156866
0.52156866
0.52941179
0.51372552
0.49411765
0.49019608
0.50588238
0.51372552
0.49411765
0.45098040
0.44705883
0.46274510
0.47843137
0.63529414
0.57254905
0.49411765
0.49803922
0.52549022
0.52941179
0.52549022
0.55294120
0.54509807
0.54117650
0.51372552
0.47450981
0.46666667
0.49411765
0.49019608
0.46274510
0.48235294
0.46274510
0.46274510
0.47843137
0.47450981
0.48627451
0.47450981
0.47450981
0.49019608
0.50980395
0.52156866
0.52941179
0.52156866
0.51372552
0.51372552
0.51372552
0.59607846
0.59607846
0.54901963
0.49019608
0.43921569
0.49019608
0.53333336
0.57254905
0.56078434
0.58431375
0.54509807
0.52941179
0.52549022
0.54509807
0.55294120
0.57647061
0.57254905
0.54509807
0.53725493
0.49803922
0.50196081
0.51372552
0.52156866
0.51372552
0.50588238
0.48627451
0.49019608
0.49019608
0.49019608
0.50196081
0.51764709
0.55294120
0.91764706
0.93725491
0.94117647
0.94117647
0.93725491
0.92549020
0.90196079
0.89019608
0.88235295
0.87058824
0.85490197
0.84705883
0.85882354
0.86274511
0.85490197
0.85098040
0.83921570
0.82745099
0.81960785
0.83137256
0.84705883
0.85490197
0.86274511
0.86274511
0.86274511
0.86666667
0.89411765
0.91372550
0.90588236
0.89411765
0.88235295
0.87843138
0.91764706
0.93725491
0.94117647
0.94117647
0.94117647
0.92941177
0.90196079
0.88235295
0.87058824
0.86274511
0.85098040
0.86666667
0.87843138
0.87450981
0.87058824
0.87450981
0.85098040
0.83137256
0.81568629
0.81960785
0.83137256
0.84313726
0.85490197
0.85882354
0.86274511
0.87058824
0.89803922
0.91764706
0.90588236
0.88627452
0.87450981
0.87058824
0.92156863
0.94117647
0.94509804
0.94117647
0.93725491
0.91764706
0.88627452
0.87058824
0.85882354
0.84705883
0.85098040
0.87450981
0.87450981
0.87843138
0.88627452
0.88235295
0.83921570
0.81568629
0.80392158
0.80784315
0.81960785
0.83529413
0.85098040
0.85490197
0.85098040
0.86274511
0.88235295
0.89803922
0.89019608
0.87843138
0.86666667
0.86274511
0.92549020
0.94117647
0.94509804
0.94117647
0.91764706
0.89803922
0.87450981
0.85490197
0.84313726
0.83921570
0.84705883
0.85882354
0.85490197
0.86666667
0.87843138
0.86274511
0.82745099
0.79607844
0.79215688
0.79607844
0.82352942
0.84313726
0.84705883
0.84705883
0.84313726
0.85490197
0.87058824
0.88235295
0.88235295
0.88627452
0.87450981
0.87450981
0.91372550
0.92549020
0.93333334
0.92549020
0.89803922
0.87843138
0.85882354
0.83921570
0.82745099
0.82745099
0.83529413
0.84705883
0.84705883
0.85882354
0.86666667
0.85882354
0.82745099
0.79607844
0.79215688
0.79607844
0.81960785
0.83921570
0.84705883
0.86274511
0.87058824
0.86274511
0.87450981
0.89411765
0.90196079
0.91372550
0.90588236
0.90588236
0.88627452
0.89019608
0.89019608
0.88235295
0.86666667
0.85490197
0.83529413
0.82352942
0.81568629
0.82352942
0.83529413
0.84705883
0.86666667
0.88627452
0.88627452
0.87843138
0.86274511
0.85490197
0.85098040
0.83921570
0.83529413
0.85882354
0.87058824
0.88627452
0.88627452
0.86666667
0.87450981
0.90196079
0.92156863
0.91764706
0.90980393
0.90196079
0.85490197
0.85882354
0.85882354
0.85098040
0.84705883
0.83921570
0.82745099
0.81568629
0.81176472
0.81960785
0.82745099
0.85098040
0.88627452
0.90980393
0.90588236
0.90588236
0.90196079
0.89803922
0.89803922
0.89019608
0.87843138
0.88235295
0.88627452
0.89019608
0.87450981
0.86666667
0.86274511
0.89019608
0.91764706
0.90980393
0.89019608
0.87058824
0.85098040
0.85490197
0.85490197
0.85882354
0.83921570
0.82745099
0.82745099
0.82745099
0.82745099
0.82352942
0.84313726
0.87058824
0.90196079
0.91764706
0.90980393
0.90588236
0.89803922
0.89019608
0.89411765
0.89411765
0.88627452
0.89019608
0.88235295
0.88235295
0.86274511
0.81176472
0.82352942
0.88235295
0.90980393
0.89411765
0.86666667
0.85098040
0.87843138
0.86666667
0.84313726
0.87843138
0.85882354
0.85490197
0.85490197
0.86274511
0.86274511
0.87450981
0.87843138
0.88627452
0.90980393
0.91372550
0.90588236
0.90196079
0.88235295
0.87058824
0.87843138
0.88235295
0.87450981
0.88627452
0.87843138
0.86274511
0.85490197
0.79215688
0.62745100
0.87058824
0.89803922
0.88627452
0.86666667
0.86666667
0.85490197
0.80784315
0.81960785
0.88235295
0.87058824
0.88235295
0.88235295
0.87843138
0.87450981
0.89019608
0.89411765
0.89411765
0.90980393
0.90980393
0.90196079
0.90196079
0.88627452
0.86666667
0.87450981
0.87843138
0.86666667
0.87058824
0.86274511
0.84313726
0.83921570
0.73725492
0.63529414
0.88627452
0.89411765
0.89411765
0.88235295
0.89019608
0.84313726
0.74117649
0.81568629
0.90196079
0.89411765
0.89019608
0.88627452
0.87843138
0.87843138
0.89019608
0.87843138
0.90196079
0.89019608
0.87058824
0.89019608
0.89803922
0.87843138
0.85098040
0.80784315
0.81568629
0.84705883
0.84313726
0.83529413
0.83529413
0.82745099
0.62352943
0.76862746
0.86274511
0.87843138
0.89411765
0.88235295
0.88627452
0.86274511
0.65490198
0.74901962
0.78431374
0.78823531
0.78431374
0.86274511
0.85882354
0.87450981
0.67843139
0.63137257
0.74901962
0.76078433
0.81568629
0.88627452
0.87843138
0.85490197
0.83137256
0.68235296
0.62352943
0.81568629
0.81176472
0.75294119
0.64313728
0.51372552
0.50196081
0.80784315
0.86666667
0.86666667
0.87843138
0.87058824
0.87058824
0.86274511
0.45490196
0.45490196
0.23137255
0.21176471
0.28627452
0.36470589
0.34117648
0.43529412
0.36470589
0.62352943
0.65098041
0.40392157
0.68235296
0.81960785
0.86274511
0.83529413
0.80784315
0.69019610
0.65098041
0.68627453
0.60000002
0.46666667
0.34509805
0.32156864
0.37254903
0.52941179
0.76078433
0.86666667
0.87058824
0.87058824
0.87058824
0.82745099
0.34509805
0.32549021
0.12941177
0.11764706
0.15686275
0.16862746
0.12549020
0.05882353
0.06274510
0.30980393
0.49411765
0.36470589
0.63921571
0.65098041
0.70196080
0.78823531
0.74901962
0.59215689
0.48235294
0.41568628
0.34901962
0.27450982
0.22352941
0.23529412
0.31372550
0.34117648
0.42352942
0.72941178
0.87058824
0.87058824
0.86666667
0.66274512
0.29803923
0.25490198
0.14901961
0.14117648
0.19215687
0.28627452
0.26274511
0.14901961
0.12549020
0.10196079
0.09019608
0.14509805
0.51764709
0.73725492
0.69411767
0.60784316
0.47450981
0.38039216
0.34509805
0.34117648
0.29803923
0.22745098
0.24313726
0.28235295
0.29803923
0.30196080
0.23529412
0.57647061
0.84313726
0.83529413
0.83137256
0.53333336
0.15294118
0.20784314
0.22352941
0.10980392
0.19607843
0.16078432
0.12549020
0.13333334
0.14117648
0.14901961
0.24705882
0.38431373
0.52941179
0.54509807
0.44705883
0.35294119
0.32549021
0.31764707
0.30980393
0.29411766
0.29019609
0.28627452
0.28627452
0.28627452
0.30588236
0.31764707
0.25098041
0.54901963
0.82352942
0.81176472
0.81176472
0.67058825
0.29019609
0.06666667
0.09019608
0.05882353
0.13333334
0.11372549
0.07843138
0.07450981
0.19215687
0.36470589
0.49803922
0.48627451
0.36470589
0.30196080
0.28627452
0.28235295
0.27843139
0.27058825
0.25882354
0.26274511
0.25490198
0.27450982
0.28235295
0.43529412
0.47843137
0.32156864
0.38823530
0.56470591
0.80784315
0.79607844
0.79215688
0.74509805
0.54901963
0.09803922
0.02352941
0.03137255
0.06274510
0.07450981
0.06666667
0.07450981
0.28235295
0.36078432
0.30980393
0.21568628
0.15294118
0.17647059
0.21960784
0.23529412
0.22745098
0.22352941
0.22352941
0.21960784
0.20392157
0.20392157
0.43921569
0.72941178
0.48235294
0.23921569
0.28235295
0.50588238
0.80784315
0.79607844
0.78431374
0.49803922
0.51764709
0.31372550
0.14509805
0.06666667
0.04313726
0.03529412
0.03921569
0.05882353
0.20392157
0.19215687
0.16470589
0.09411765
0.16862746
0.17254902
0.17647059
0.19215687
0.18431373
0.17647059
0.16078432
0.14509805
0.16862746
0.15686275
0.28627452
0.45098040
0.29019609
0.18039216
0.17254902
0.41176471
0.70196080
0.66666669
0.73725492
0.28235295
0.31372550
0.33333334
0.28627452
0.24313726
0.16470589
0.14509805
0.08235294
0.06274510
0.11372549
0.28235295
0.16470589
0.09803922
0.10980392
0.12549020
0.12549020
0.12156863
0.14117648
0.10588235
0.08627451
0.18823530
0.29019609
0.21568628
0.14901961
0.20784314
0.28627452
0.19215687
0.14117648
0.19607843
0.29411766
0.32156864
0.58823532
0.37254903
0.29411766
0.24313726
0.31372550
0.29411766
0.16078432
0.31372550
0.28235295
0.22352941
0.16078432
0.26666668
0.14509805
0.11764706
0.14509805
0.14509805
0.15294118
0.12941177
0.09019608
0.03921569
0.05490196
0.20000000
0.34901962
0.37254903
0.40392157
0.20784314
0.22745098
0.16862746
0.03529412
0.08627451
0.26274511
0.49411765
0.47450981
0.38823530
0.30196080
0.21568628
0.37647060
0.21960784
0.22352941
0.24705882
0.27058825
0.27450982
0.28235295
0.28627452
0.16078432
0.10980392
0.11764706
0.12156863
0.14117648
0.14901961
0.07450981
0.04313726
0.02745098
0.05490196
0.04705882
0.15686275
0.44313726
0.32549021
0.16078432
0.08627451
0.03137255
0.05098039
0.32941177
0.61960787
0.23137255
0.29803923
0.26274511
0.37254903
0.32156864
0.27843139
0.44313726
0.53725493
0.38039216
0.30196080
0.25882354
0.32156864
0.14901961
0.18823530
0.19215687
0.19215687
0.16470589
0.16078432
0.13725491
0.10980392
0.10980392
0.10588235
0.10196079
0.09019608
0.13725491
0.10588235
0.09411765
0.07450981
0.07843138
0.30980393
0.42352942
0.63921571
0.19607843
0.21568628
0.23529412
0.41176471
0.22745098
0.34509805
0.54509807
0.50196081
0.41568628
0.46274510
0.32549021
0.27843139
0.16862746
0.20392157
0.26666668
0.22352941
0.19607843
0.23921569
0.25882354
0.20392157
0.24705882
0.34901962
0.43529412
0.28627452
0.34901962
0.35686275
0.22745098
0.15294118
0.27450982
0.48627451
0.57647061
0.58431375
0.16078432
0.31372550
0.33333334
0.50980395
0.24313726
0.38039216
0.56078434
0.20392157
0.15686275
0.39215687
0.20000000
0.17254902
0.41176471
0.34901962
0.52549022
0.51372552
0.42745098
0.43529412
0.40392157
0.26274511
0.20000000
0.26666668
0.43529412
0.49019608
0.44705883
0.47450981
0.37647060
0.24705882
0.33725491
0.58431375
0.59215689
0.54901963
0.23529412
0.25882354
0.35686275
0.45490196
0.25098041
0.35294119
0.36470589
0.09019608
0.06666667
0.32941177
0.10980392
0.12549020
0.31372550
0.35686275
0.38039216
0.31764707
0.30196080
0.36078432
0.33725491
0.34117648
0.31764707
0.41568628
0.49019608
0.47450981
0.25882354
0.13725491
0.19215687
0.28627452
0.30980393
0.43137255
0.40392157
0.35686275
0.19607843
0.26666668
0.40392157
0.44313726
0.41568628
0.40784314
0.40000001
0.23529412
0.16470589
0.31764707
0.10980392
0.13725491
0.29803923
0.39215687
0.31764707
0.24705882
0.11372549
0.06274510
0.06274510
0.07058824
0.09019608
0.11372549
0.15686275
0.14117648
0.09411765
0.07450981
0.10588235
0.16078432
0.17254902
0.18039216
0.20000000
0.20784314
0.27843139
0.28627452
0.34901962
0.40784314
0.45882353
0.45098040
0.41568628
0.38823530
0.39215687
0.35686275
0.18431373
0.09411765
0.20000000
0.17254902
0.08627451
0.07058824
0.08235294
0.07058824
0.06666667
0.08235294
0.09019608
0.08235294
0.08627451
0.08235294
0.08235294
0.09411765
0.10588235
0.12156863
0.14117648
0.20392157
0.28627452
0.37647060
0.47058824
0.23137255
0.25490198
0.29019609
0.30588236
0.33725491
0.35294119
0.38039216
0.38823530
0.40000001
0.39607844
0.33333334
0.28627452
0.24313726
0.26274511
0.30196080
0.34117648
0.34901962
0.38823530
0.43921569
0.45882353
0.45882353
0.44313726
0.39607844
0.32941177
0.29019609
0.27058825
0.24705882
0.22745098
0.21176471
0.21960784
0.24705882
0.28627452
0.41176471
0.37254903
0.41176471
0.43921569
0.41960785
0.41960785
0.43137255
0.47058824
0.47450981
0.46666667
0.44313726
0.40784314
0.40392157
0.38823530
0.39607844
0.39607844
0.45490196
0.47843137
0.47843137
0.45098040
0.44705883
0.45098040
0.44313726
0.43529412
0.43921569
0.46274510
0.45882353
0.43529412
0.39215687
0.38823530
0.40392157
0.41960785
0.57254905
0.52941179
0.44705883
0.43529412
0.44705883
0.43921569
0.43921569
0.46666667
0.45490196
0.44705883
0.42745098
0.41176471
0.41568628
0.43921569
0.41568628
0.38039216
0.40392157
0.38431373
0.38431373
0.39607844
0.39607844
0.41176471
0.40392157
0.40784314
0.42745098
0.44705883
0.45882353
0.46666667
0.45882353
0.45098040
0.45098040
0.45490196
0.53333336
0.54901963
0.50196081
0.42745098
0.36078432
0.40392157
0.45098040
0.48627451
0.46666667
0.48627451
0.45882353
0.46274510
0.47450981
0.49019608
0.47843137
0.49019608
0.48627451
0.46274510
0.45490196
0.41568628
0.42352942
0.44313726
0.45098040
0.44313726
0.43529412
0.41960785
0.43137255
0.42745098
0.43137255
0.43921569
0.45882353
0.49019608
0.93333334
0.94901961
0.94509804
0.93725491
0.92549020
0.91764706
0.89803922
0.89019608
0.88627452
0.87843138
0.87058824
0.86274511
0.87450981
0.87843138
0.87058824
0.86274511
0.85098040
0.83921570
0.83137256
0.84313726
0.85882354
0.87058824
0.87450981
0.87843138
0.87843138
0.87843138
0.90196079
0.91764706
0.90980393
0.89803922
0.88627452
0.87843138
0.93333334
0.95294118
0.94901961
0.93725491
0.93725491
0.92549020
0.90196079
0.89019608
0.87843138
0.87058824
0.86666667
0.88235295
0.89411765
0.89019608
0.88627452
0.89411765
0.87450981
0.85098040
0.83921570
0.84313726
0.85490197
0.86666667
0.87450981
0.88235295
0.88627452
0.89019608
0.90588236
0.92156863
0.90980393
0.89019608
0.87843138
0.87058824
0.93725491
0.96078432
0.95294118
0.94509804
0.93333334
0.91764706
0.89411765
0.87843138
0.86666667
0.85882354
0.86666667
0.89019608
0.89019608
0.89411765
0.90196079
0.90588236
0.87058824
0.84313726
0.83529413
0.83921570
0.85098040
0.87058824
0.88235295
0.89019608
0.88627452
0.89411765
0.89411765
0.90196079
0.89411765
0.88235295
0.87058824
0.86274511
0.94509804
0.96078432
0.96078432
0.94509804
0.91764706
0.90588236
0.88627452
0.86666667
0.85882354
0.85490197
0.86274511
0.87450981
0.87058824
0.88235295
0.89411765
0.88627452
0.85882354
0.82745099
0.82352942
0.82745099
0.85490197
0.87843138
0.88235295
0.88235295
0.87843138
0.88627452
0.88235295
0.88627452
0.88627452
0.89019608
0.87843138
0.87450981
0.93725491
0.94509804
0.94901961
0.93725491
0.90588236
0.89019608
0.87058824
0.85490197
0.84705883
0.85098040
0.85098040
0.86274511
0.86274511
0.87450981
0.88235295
0.88235295
0.85490197
0.82352942
0.81568629
0.81960785
0.84313726
0.86666667
0.87450981
0.89019608
0.89411765
0.88627452
0.88627452
0.89803922
0.90588236
0.91764706
0.90980393
0.90588236
0.90980393
0.91372550
0.90588236
0.89411765
0.87450981
0.86666667
0.85490197
0.84313726
0.83921570
0.84705883
0.85490197
0.86274511
0.88235295
0.90196079
0.90196079
0.89411765
0.87450981
0.86666667
0.86666667
0.85098040
0.84705883
0.87843138
0.88627452
0.90196079
0.90196079
0.88235295
0.88235295
0.90588236
0.92549020
0.92156863
0.91372550
0.90588236
0.88235295
0.88235295
0.88235295
0.86274511
0.85490197
0.85490197
0.84705883
0.83921570
0.83921570
0.84313726
0.84705883
0.86666667
0.90196079
0.92549020
0.92156863
0.91372550
0.90588236
0.90588236
0.90196079
0.89411765
0.87843138
0.88627452
0.89019608
0.89411765
0.87843138
0.87058824
0.86274511
0.89411765
0.92156863
0.91372550
0.89411765
0.87450981
0.87058824
0.86666667
0.86666667
0.87843138
0.87058824
0.85882354
0.85882354
0.85490197
0.84705883
0.84705883
0.86274511
0.88627452
0.91372550
0.92156863
0.90588236
0.92156863
0.91764706
0.90588236
0.90980393
0.90980393
0.88627452
0.86274511
0.85882354
0.86274511
0.85490197
0.81176472
0.83137256
0.88627452
0.90196079
0.89803922
0.88235295
0.86666667
0.89019608
0.87058824
0.85098040
0.90196079
0.89411765
0.88627452
0.88235295
0.88235295
0.87843138
0.89019608
0.89803922
0.89803922
0.91764706
0.91372550
0.89803922
0.91372550
0.90196079
0.88627452
0.89019608
0.88627452
0.87058824
0.86666667
0.86666667
0.86274511
0.85490197
0.80000001
0.64313728
0.87450981
0.89019608
0.88627452
0.87843138
0.88235295
0.86666667
0.81176472
0.82352942
0.90588236
0.89803922
0.90196079
0.89411765
0.89019608
0.87843138
0.89019608
0.89803922
0.89411765
0.91372550
0.91764706
0.90980393
0.90980393
0.88627452
0.85882354
0.86274511
0.85882354
0.85882354
0.88627452
0.87843138
0.85882354
0.85490197
0.75294119
0.64705884
0.89803922
0.89411765
0.89019608
0.87843138
0.89019608
0.85098040
0.73725492
0.81960785
0.92156863
0.91764706
0.90196079
0.89019608
0.87843138
0.86666667
0.87843138
0.85882354
0.89019608
0.89019608
0.88235295
0.90980393
0.90980393
0.88235295
0.84705883
0.79607844
0.80000001
0.83529413
0.85490197
0.84313726
0.83137256
0.81568629
0.60784316
0.76862746
0.87058824
0.88235295
0.89019608
0.87058824
0.87450981
0.87058824
0.64705884
0.74901962
0.80000001
0.80784315
0.79607844
0.86666667
0.85490197
0.85882354
0.65882355
0.60392159
0.72941178
0.75686276
0.82745099
0.90196079
0.90588236
0.88235295
0.84705883
0.68627453
0.61568630
0.80000001
0.78039217
0.70980394
0.58431375
0.44313726
0.42745098
0.77647060
0.85882354
0.87450981
0.87843138
0.85882354
0.85098040
0.86666667
0.44705883
0.45098040
0.24705882
0.23137255
0.29803923
0.37254903
0.34117648
0.42745098
0.35294119
0.60000002
0.63137257
0.39607844
0.68235296
0.82745099
0.88627452
0.85882354
0.81960785
0.68235296
0.63137257
0.63921571
0.50980395
0.36078432
0.23529412
0.20392157
0.25490198
0.46274510
0.73333335
0.87058824
0.87843138
0.87058824
0.86274511
0.82745099
0.32941177
0.31764707
0.14117648
0.14117648
0.18039216
0.18823530
0.13725491
0.06666667
0.06666667
0.30196080
0.48627451
0.35294119
0.62745100
0.63921571
0.68627453
0.76470590
0.70980394
0.53333336
0.41176471
0.31764707
0.21568628
0.14117648
0.09019608
0.10196079
0.18431373
0.23921569
0.37254903
0.72941178
0.89019608
0.88627452
0.87450981
0.66274512
0.28235295
0.24705882
0.16078432
0.17254902
0.22745098
0.31764707
0.28235295
0.16470589
0.13725491
0.10588235
0.08627451
0.13333334
0.49411765
0.70980394
0.63137257
0.52156866
0.37254903
0.25882354
0.20784314
0.19607843
0.16078432
0.09411765
0.11372549
0.16470589
0.18823530
0.18823530
0.16078432
0.56862748
0.87450981
0.86666667
0.85490197
0.52941179
0.14509805
0.20000000
0.22745098
0.12156863
0.21960784
0.19215687
0.14901961
0.14509805
0.14117648
0.14117648
0.22352941
0.34117648
0.46274510
0.45882353
0.33333334
0.22745098
0.19215687
0.17254902
0.14901961
0.14117648
0.16078432
0.14117648
0.14901961
0.18039216
0.23529412
0.25882354
0.21960784
0.55686277
0.86274511
0.85490197
0.85882354
0.66274512
0.28235295
0.06274510
0.08627451
0.05098039
0.13725491
0.13333334
0.10196079
0.07843138
0.17254902
0.33333334
0.45098040
0.41176471
0.26274511
0.18039216
0.14901961
0.13725491
0.13333334
0.11764706
0.09803922
0.11764706
0.12941177
0.13725491
0.14509805
0.34509805
0.43921569
0.31372550
0.39607844
0.58039218
0.83921570
0.83529413
0.84313726
0.72941178
0.53333336
0.08235294
0.01176471
0.01960784
0.06274510
0.09019608
0.08627451
0.07450981
0.25882354
0.31764707
0.25490198
0.13725491
0.06274510
0.07058824
0.08627451
0.08235294
0.07450981
0.07058824
0.06666667
0.07843138
0.09803922
0.11372549
0.36862746
0.68235296
0.44705883
0.22745098
0.27843139
0.50980395
0.81960785
0.81960785
0.80784315
0.47450981
0.49411765
0.28235295
0.11372549
0.04705882
0.03529412
0.03921569
0.04313726
0.05098039
0.17647059
0.13725491
0.10196079
0.03529412
0.09411765
0.09019608
0.05882353
0.06274510
0.05490196
0.04705882
0.03529412
0.02745098
0.08627451
0.12156863
0.28235295
0.44705883
0.25882354
0.15686275
0.15686275
0.40000001
0.69411767
0.66274512
0.73333335
0.25490198
0.28235295
0.29411766
0.23529412
0.20784314
0.14901961
0.12549020
0.06666667
0.04313726
0.08235294
0.21568628
0.09411765
0.03529412
0.04705882
0.06274510
0.05098039
0.04313726
0.07058824
0.03921569
0.02745098
0.12549020
0.23529412
0.21568628
0.18823530
0.22745098
0.25882354
0.16862746
0.11764706
0.17254902
0.26666668
0.29411766
0.55686277
0.34901962
0.26274511
0.19607843
0.25098041
0.24705882
0.12941177
0.27058825
0.23921569
0.18039216
0.11764706
0.20392157
0.07843138
0.05882353
0.08627451
0.08627451
0.10980392
0.09803922
0.07058824
0.03137255
0.05490196
0.18823530
0.31372550
0.38039216
0.43921569
0.22745098
0.20784314
0.14509805
0.01960784
0.05490196
0.22352941
0.43921569
0.42352942
0.37647060
0.27450982
0.16862746
0.30196080
0.15686275
0.16862746
0.17647059
0.19607843
0.20784314
0.23137255
0.23529412
0.10588235
0.05490196
0.05490196
0.05490196
0.09803922
0.12941177
0.06274510
0.05490196
0.05098039
0.07058824
0.03137255
0.14509805
0.43529412
0.31372550
0.14117648
0.07058824
0.01960784
0.01960784
0.28235295
0.55294120
0.16862746
0.28627452
0.24313726
0.32941177
0.24705882
0.21176471
0.37254903
0.43921569
0.27450982
0.21568628
0.19607843
0.28235295
0.10980392
0.13725491
0.12549020
0.11764706
0.10196079
0.11372549
0.10588235
0.09803922
0.11372549
0.11372549
0.09411765
0.05098039
0.08235294
0.05490196
0.07450981
0.07058824
0.06666667
0.28235295
0.37254903
0.57254905
0.14117648
0.20392157
0.20784314
0.36078432
0.16470589
0.27450982
0.47843137
0.42352942
0.33725491
0.39215687
0.27058825
0.24705882
0.12156863
0.13725491
0.18823530
0.14509805
0.11372549
0.16862746
0.19607843
0.15294118
0.20784314
0.31372550
0.38823530
0.20784314
0.25490198
0.27843139
0.18823530
0.14117648
0.25882354
0.45490196
0.52156866
0.50980395
0.09803922
0.29019609
0.27843139
0.44313726
0.17647059
0.30588236
0.49803922
0.17254902
0.14117648
0.36470589
0.16862746
0.14509805
0.34901962
0.25490198
0.43137255
0.43921569
0.36078432
0.36078432
0.33333334
0.19215687
0.12941177
0.18823530
0.32941177
0.39215687
0.36078432
0.40000001
0.31764707
0.21568628
0.30588236
0.53333336
0.52549022
0.46274510
0.13333334
0.21568628
0.29019609
0.37254903
0.16862746
0.26274511
0.28235295
0.05098039
0.03921569
0.28627452
0.07058824
0.09411765
0.25098041
0.26666668
0.29411766
0.25098041
0.25882354
0.32549021
0.30196080
0.30588236
0.28235295
0.36862746
0.41568628
0.41176471
0.21176471
0.10196079
0.16078432
0.25098041
0.26666668
0.37254903
0.32549021
0.26666668
0.09411765
0.20784314
0.31764707
0.34117648
0.31372550
0.30196080
0.29803923
0.16078432
0.10196079
0.24705882
0.05882353
0.09803922
0.23529412
0.30196080
0.22745098
0.18431373
0.07843138
0.03921569
0.03529412
0.05098039
0.06666667
0.08235294
0.11372549
0.09803922
0.06274510
0.04313726
0.07450981
0.11372549
0.11372549
0.10980392
0.10980392
0.10588235
0.17254902
0.20000000
0.24705882
0.29411766
0.34117648
0.32549021
0.29411766
0.27450982
0.28627452
0.25098041
0.09803922
0.04705882
0.12549020
0.09019608
0.01568628
0.01568628
0.03137255
0.01960784
0.01960784
0.04313726
0.05098039
0.03921569
0.03137255
0.01960784
0.01960784
0.03921569
0.04705882
0.05098039
0.05882353
0.11372549
0.18431373
0.26666668
0.36078432
0.12941177
0.14509805
0.16862746
0.17647059
0.20784314
0.22352941
0.24705882
0.25490198
0.27450982
0.28627452
0.25098041
0.19215687
0.13725491
0.16470589
0.21568628
0.24313726
0.25098041
0.28627452
0.33725491
0.35686275
0.35686275
0.32941177
0.28235295
0.21960784
0.18039216
0.16470589
0.14117648
0.12549020
0.10196079
0.10980392
0.13725491
0.17254902
0.29803923
0.25882354
0.28627452
0.30196080
0.28627452
0.29019609
0.28627452
0.31764707
0.33725491
0.34509805
0.32941177
0.29019609
0.27843139
0.27058825
0.28235295
0.27058825
0.31764707
0.34117648
0.34117648
0.31372550
0.30588236
0.30196080
0.29803923
0.29019609
0.29803923
0.32549021
0.32941177
0.31372550
0.27058825
0.26666668
0.28235295
0.29803923
0.45490196
0.41568628
0.32156864
0.29411766
0.31764707
0.31372550
0.29019609
0.30588236
0.31372550
0.31764707
0.28235295
0.26666668
0.27450982
0.30196080
0.28235295
0.24313726
0.26274511
0.24313726
0.24313726
0.25490198
0.25098041
0.25882354
0.25490198
0.26666668
0.29019609
0.31372550
0.32156864
0.32941177
0.32549021
0.31764707
0.32156864
0.32941177
0.41176471
0.43529412
0.37647060
0.29019609
0.23529412
0.27843139
0.30196080
0.32941177
0.32549021
0.35294119
0.30196080
0.30588236
0.32156864
0.34117648
0.33333334
0.35294119
0.35686275
0.32941177
0.32156864
0.28627452
0.29019609
0.30196080
0.31372550
0.31372550
0.30980393
0.29411766
0.28627452
0.28235295
0.29019609
0.30196080
0.32549021
0.36078432
-1 1 0 0 0 0 0 0 0 0 0
-1 0 1 0 0 0 0 0 0 0 0
-1 0 0 1 0 0 0 0 0 0 0
-1 0 0 0 1 0 0 0 0 0 0
-1 0 0 0 0 1 0 0 0 0 0
-1 0 0 0 0 0 1 0 0 0 0
-1 0 0 0 0 0 0 1 0 0 0
-1 0 0 0 0 0 0 0 1 0 0
-1 0 0 0 0 0 0 0 0 1 0
