0.45490196
0.34509805
0.35686275
0.36862746
0.38039216
0.53333336
0.53333336
0.52549022
0.48627451
0.44705883
0.37254903
0.35686275
0.35294119
0.34117648
0.36470589
0.39607844
0.39607844
0.39607844
0.37254903
0.38039216
0.36470589
0.36862746
0.39215687
0.36078432
0.34509805
0.35294119
0.32941177
0.32156864
0.30980393
0.30588236
0.32156864
0.37647060
0.43137255
0.22745098
0.23137255
0.24313726
0.32156864
0.56470591
0.52549022
0.50196081
0.43529412
0.40000001
0.32156864
0.29411766
0.30196080
0.33725491
0.36470589
0.32156864
0.32941177
0.36862746
0.32549021
0.32941177
0.30980393
0.31372550
0.31372550
0.21960784
0.19215687
0.18039216
0.14509805
0.12156863
0.14117648
0.13725491
0.12549020
0.18823530
0.39215687
0.14509805
0.15294118
0.17647059
0.22352941
0.32156864
0.37254903
0.32549021
0.29019609
0.34509805
0.31372550
0.25882354
0.32941177
0.38039216
0.36470589
0.30980393
0.35294119
0.34509805
0.30196080
0.34901962
0.32941177
0.31764707
0.24313726
0.15294118
0.11764706
0.10196079
0.12156863
0.08235294
0.09803922
0.06666667
0.06274510
0.14117648
0.34901962
0.15686275
0.18431373
0.21176471
0.25882354
0.33333334
0.36078432
0.29411766
0.30980393
0.36470589
0.26274511
0.18039216
0.25882354
0.27843139
0.27843139
0.31372550
0.35686275
0.28235295
0.24313726
0.24313726
0.22352941
0.20784314
0.14509805
0.11372549
0.10588235
0.13333334
0.17254902
0.10980392
0.06666667
0.03921569
0.04313726
0.14509805
0.38039216
0.19215687
0.16862746
0.20000000
0.26274511
0.27450982
0.26274511
0.21568628
0.24705882
0.25490198
0.21568628
0.19607843
0.21568628
0.18431373
0.14509805
0.15686275
0.21176471
0.23137255
0.21568628
0.14117648
0.14901961
0.11372549
0.12549020
0.16078432
0.16470589
0.16470589
0.18039216
0.12941177
0.09803922
0.11372549
0.06666667
0.13725491
0.42745098
0.28627452
0.23921569
0.26666668
0.39607844
0.41960785
0.40000001
0.35686275
0.31372550
0.27450982
0.31372550
0.30588236
0.33725491
0.30980393
0.24705882
0.23921569
0.28627452
0.32549021
0.34117648
0.33725491
0.34901962
0.33725491
0.34901962
0.33725491
0.31372550
0.28235295
0.35686275
0.25098041
0.23529412
0.23529412
0.14901961
0.16078432
0.53333336
0.44313726
0.38039216
0.34509805
0.53333336
0.58431375
0.61176473
0.63921571
0.59215689
0.54509807
0.50980395
0.51764709
0.51372552
0.51764709
0.49019608
0.45490196
0.46274510
0.44313726
0.43529412
0.46274510
0.47058824
0.45882353
0.45490196
0.45882353
0.43921569
0.44705883
0.49411765
0.42745098
0.45882353
0.43529412
0.34117648
0.26666668
0.59215689
0.49803922
0.49411765
0.48235294
0.52156866
0.51764709
0.48627451
0.54117650
0.52941179
0.62745100
0.64313728
0.61568630
0.60784316
0.60000002
0.60000002
0.59607846
0.59607846
0.56078434
0.54117650
0.53333336
0.49411765
0.47058824
0.44313726
0.43137255
0.43137255
0.47058824
0.44705883
0.36470589
0.43529412
0.43529412
0.47450981
0.40784314
0.52549022
0.42352942
0.45882353
0.39215687
0.52549022
0.41176471
0.36470589
0.41960785
0.39215687
0.53333336
0.62745100
0.65882355
0.67058825
0.63529414
0.60000002
0.59607846
0.59607846
0.60784316
0.61176473
0.60784316
0.60000002
0.58823532
0.57254905
0.57254905
0.57254905
0.54509807
0.50196081
0.45098040
0.44705883
0.42352942
0.39607844
0.35686275
0.49019608
0.36078432
0.41176471
0.39607844
0.47058824
0.41176471
0.39607844
0.46274510
0.48235294
0.49411765
0.54509807
0.64705884
0.70588237
0.67450982
0.65098041
0.65098041
0.64705884
0.62745100
0.58039218
0.59215689
0.62745100
0.61176473
0.60000002
0.58823532
0.58039218
0.59215689
0.59215689
0.56078434
0.54509807
0.54901963
0.52156866
0.40784314
0.50196081
0.36862746
0.39607844
0.45490196
0.53725493
0.52549022
0.38039216
0.32941177
0.43921569
0.54901963
0.60000002
0.67450982
0.66274512
0.63921571
0.67058825
0.68627453
0.67843139
0.69411767
0.70196080
0.67843139
0.66274512
0.65882355
0.65098041
0.64313728
0.61960787
0.60392159
0.60392159
0.57647061
0.55686277
0.54117650
0.52549022
0.41568628
0.48627451
0.36078432
0.40392157
0.45098040
0.67058825
0.56470591
0.36862746
0.25098041
0.32941177
0.41960785
0.52549022
0.69019610
0.68627453
0.69803923
0.71764708
0.72549021
0.70588237
0.72156864
0.73333335
0.63529414
0.61176473
0.70196080
0.70196080
0.69803923
0.71372551
0.68235296
0.63921571
0.58823532
0.56862748
0.55686277
0.51372552
0.40392157
0.52549022
0.36078432
0.36470589
0.43529412
0.73333335
0.49019608
0.33725491
0.25882354
0.35686275
0.43137255
0.51372552
0.66666669
0.66274512
0.66666669
0.69803923
0.70980394
0.73333335
0.76078433
0.76078433
0.63137257
0.54901963
0.69411767
0.75294119
0.71764708
0.70980394
0.70196080
0.62745100
0.57647061
0.56078434
0.56470591
0.55294120
0.41960785
0.49019608
0.36078432
0.36862746
0.43921569
0.70196080
0.42352942
0.35294119
0.31372550
0.31372550
0.49803922
0.61960787
0.69019610
0.70196080
0.67450982
0.65882355
0.66666669
0.70196080
0.76078433
0.79215688
0.69411767
0.56862748
0.60392159
0.69019610
0.73725492
0.76862746
0.74901962
0.65490198
0.60784316
0.58431375
0.58431375
0.57647061
0.43137255
0.48235294
0.34901962
0.40392157
0.49803922
0.74509805
0.44705883
0.37647060
0.38039216
0.30588236
0.52156866
0.64705884
0.68627453
0.72549021
0.68627453
0.60784316
0.62352943
0.68235296
0.75294119
0.78039217
0.68627453
0.63529414
0.61176473
0.58823532
0.64705884
0.72156864
0.71372551
0.66666669
0.61960787
0.59607846
0.59607846
0.58823532
0.45098040
0.52156866
0.38039216
0.41176471
0.47843137
0.70196080
0.48627451
0.45098040
0.43921569
0.45098040
0.53725493
0.63529414
0.63921571
0.64705884
0.61568630
0.57647061
0.61176473
0.66274512
0.73333335
0.76862746
0.65490198
0.61960787
0.69019610
0.63137257
0.56862748
0.58431375
0.63529414
0.63921571
0.59607846
0.58823532
0.60392159
0.59215689
0.43921569
0.50980395
0.38431373
0.42352942
0.49019608
0.64313728
0.51764709
0.50980395
0.51764709
0.51764709
0.52156866
0.60784316
0.63529414
0.58431375
0.55294120
0.54117650
0.58823532
0.63529414
0.69803923
0.73725492
0.62745100
0.54901963
0.65490198
0.66274512
0.52549022
0.50588238
0.60784316
0.60784316
0.58823532
0.57254905
0.58431375
0.58431375
0.45098040
0.53725493
0.43137255
0.46274510
0.52156866
0.50196081
0.47450981
0.53333336
0.56078434
0.57647061
0.52941179
0.52941179
0.65882355
0.56078434
0.52156866
0.51764709
0.52941179
0.57647061
0.61568630
0.63529414
0.54509807
0.45882353
0.55294120
0.57254905
0.45098040
0.49019608
0.61176473
0.53333336
0.55294120
0.56078434
0.55686277
0.55686277
0.44313726
0.57254905
0.48235294
0.52156866
0.54117650
0.49019608
0.52549022
0.53725493
0.55686277
0.60000002
0.55686277
0.53725493
0.61568630
0.57647061
0.50196081
0.42745098
0.43921569
0.49803922
0.54901963
0.50980395
0.39215687
0.37647060
0.46666667
0.45490196
0.40392157
0.57647061
0.59215689
0.49411765
0.55686277
0.55294120
0.53725493
0.55294120
0.42352942
0.58431375
0.52941179
0.53725493
0.49803922
0.51764709
0.52156866
0.52549022
0.53333336
0.55294120
0.54901963
0.58039218
0.58039218
0.43137255
0.27058825
0.31764707
0.30980393
0.36862746
0.41960785
0.34509805
0.37647060
0.47843137
0.40784314
0.38039216
0.42745098
0.67450982
0.58823532
0.49019608
0.50588238
0.49019608
0.48235294
0.50588238
0.41568628
0.53725493
0.46274510
0.50980395
0.51372552
0.50588238
0.50980395
0.54117650
0.55686277
0.54117650
0.54901963
0.53333336
0.48627451
0.41568628
0.21568628
0.45098040
0.47450981
0.44313726
0.45490196
0.49411765
0.56470591
0.59215689
0.44705883
0.38823530
0.45490196
0.65882355
0.58039218
0.56078434
0.54509807
0.52549022
0.46274510
0.43529412
0.37647060
0.55294120
0.46666667
0.51764709
0.51764709
0.52549022
0.51764709
0.48627451
0.54117650
0.54117650
0.55294120
0.53725493
0.45490196
0.48627451
0.33725491
0.48627451
0.60784316
0.60000002
0.56078434
0.60784316
0.60000002
0.58039218
0.51764709
0.43137255
0.32941177
0.60000002
0.54901963
0.57647061
0.58431375
0.54117650
0.49019608
0.47843137
0.39215687
0.56078434
0.45882353
0.49411765
0.49411765
0.50588238
0.47450981
0.47450981
0.53333336
0.51372552
0.52941179
0.55686277
0.47450981
0.50196081
0.48235294
0.56862748
0.60392159
0.60000002
0.56862748
0.55294120
0.57254905
0.54901963
0.49411765
0.40000001
0.26274511
0.49803922
0.48627451
0.50196081
0.55686277
0.52156866
0.51372552
0.50980395
0.40784314
0.55294120
0.44313726
0.46666667
0.49803922
0.51372552
0.49411765
0.50980395
0.51764709
0.48235294
0.45882353
0.54509807
0.53333336
0.51372552
0.53725493
0.62745100
0.57254905
0.54901963
0.51764709
0.50196081
0.52156866
0.55686277
0.50980395
0.36470589
0.33333334
0.49803922
0.49411765
0.51372552
0.54901963
0.54509807
0.52549022
0.53725493
0.44705883
0.55686277
0.47058824
0.47843137
0.52549022
0.53725493
0.49411765
0.48627451
0.52156866
0.51372552
0.51764709
0.55686277
0.52549022
0.51764709
0.51372552
0.54901963
0.48235294
0.45882353
0.46666667
0.45882353
0.46274510
0.45882353
0.47843137
0.45490196
0.40000001
0.41960785
0.45882353
0.45882353
0.49803922
0.52549022
0.49803922
0.48627451
0.40000001
0.57254905
0.49019608
0.51764709
0.51372552
0.52156866
0.51372552
0.50980395
0.52156866
0.51764709
0.51764709
0.51372552
0.46666667
0.50588238
0.49019608
0.53333336
0.41960785
0.39215687
0.38823530
0.38431373
0.38823530
0.35686275
0.37647060
0.41960785
0.36078432
0.36862746
0.37647060
0.39607844
0.43137255
0.46666667
0.43529412
0.47058824
0.39607844
0.58039218
0.49803922
0.46274510
0.47843137
0.53333336
0.51764709
0.50588238
0.52156866
0.51372552
0.50588238
0.54117650
0.50588238
0.42745098
0.42352942
0.55686277
0.41960785
0.33333334
0.37647060
0.38431373
0.36862746
0.37254903
0.42352942
0.37647060
0.35686275
0.41176471
0.38039216
0.40000001
0.42745098
0.45490196
0.44313726
0.47450981
0.42352942
0.54509807
0.42745098
0.44313726
0.48627451
0.49803922
0.49411765
0.49803922
0.52941179
0.53725493
0.54509807
0.59607846
0.57254905
0.42352942
0.42352942
0.56470591
0.46666667
0.36470589
0.48627451
0.45490196
0.41176471
0.42745098
0.50980395
0.45490196
0.34509805
0.36470589
0.36078432
0.34117648
0.45098040
0.45882353
0.47843137
0.47450981
0.38823530
0.52941179
0.42745098
0.45882353
0.49019608
0.47058824
0.48235294
0.50588238
0.53333336
0.56862748
0.54901963
0.59607846
0.64313728
0.45882353
0.35294119
0.47450981
0.46666667
0.44313726
0.52549022
0.49019608
0.45882353
0.47450981
0.50980395
0.49019608
0.38823530
0.32549021
0.39215687
0.38039216
0.50588238
0.52156866
0.50588238
0.45490196
0.38039216
0.52549022
0.45098040
0.48235294
0.48627451
0.50196081
0.51764709
0.49411765
0.49803922
0.54509807
0.54509807
0.57647061
0.58823532
0.41960785
0.36862746
0.54509807
0.45098040
0.46666667
0.47058824
0.45098040
0.46274510
0.50196081
0.56470591
0.50588238
0.44313726
0.34901962
0.39607844
0.41960785
0.51764709
0.49019608
0.46274510
0.48235294
0.41176471
0.52156866
0.43137255
0.46666667
0.50196081
0.50588238
0.51372552
0.49803922
0.52156866
0.57254905
0.61960787
0.61176473
0.44705883
0.41176471
0.42745098
0.50196081
0.48235294
0.46274510
0.46274510
0.46274510
0.47058824
0.44705883
0.42745098
0.55294120
0.42352942
0.41568628
0.46274510
0.47843137
0.51372552
0.49411765
0.47843137
0.47058824
0.38431373
0.56078434
0.49019608
0.50588238
0.54509807
0.52549022
0.54901963
0.57647061
0.58431375
0.60392159
0.67058825
0.65098041
0.52156866
0.54901963
0.53725493
0.54509807
0.54901963
0.52941179
0.52156866
0.54117650
0.54901963
0.55686277
0.52156866
0.57647061
0.49019608
0.51764709
0.56862748
0.54901963
0.56078434
0.53725493
0.54117650
0.56078434
0.50980395
0.43529412
0.35294119
0.35686275
0.35686275
0.36862746
0.51764709
0.52549022
0.52549022
0.49019608
0.45490196
0.38431373
0.37254903
0.36470589
0.35686275
0.37254903
0.39607844
0.39607844
0.40392157
0.38431373
0.39215687
0.38039216
0.38039216
0.40392157
0.36470589
0.34509805
0.35294119
0.32549021
0.31372550
0.30588236
0.30588236
0.32549021
0.35294119
0.47058824
0.32549021
0.32156864
0.32941177
0.41176471
0.65882355
0.63529414
0.62745100
0.56078434
0.52941179
0.44705883
0.41568628
0.42745098
0.46666667
0.49019608
0.43137255
0.44313726
0.49411765
0.45098040
0.45098040
0.43137255
0.43137255
0.42745098
0.32156864
0.28627452
0.27058825
0.21960784
0.19607843
0.21176471
0.21568628
0.20784314
0.21176471
0.46666667
0.28235295
0.26666668
0.30588236
0.36470589
0.46666667
0.52549022
0.50588238
0.47058824
0.52941179
0.49019608
0.42352942
0.49803922
0.55294120
0.52549022
0.45882353
0.50588238
0.50196081
0.45490196
0.50196081
0.48235294
0.46666667
0.37647060
0.27058825
0.23529412
0.21568628
0.22745098
0.18431373
0.20000000
0.17647059
0.16470589
0.17647059
0.41960785
0.27450982
0.26274511
0.32549021
0.38039216
0.45490196
0.49411765
0.45490196
0.47058824
0.52941179
0.41568628
0.31764707
0.39607844
0.41960785
0.40392157
0.43921569
0.49019608
0.40392157
0.35294119
0.34901962
0.33333334
0.31372550
0.23529412
0.19215687
0.18431373
0.21960784
0.27058825
0.20784314
0.16078432
0.12941177
0.11764706
0.16470589
0.43921569
0.29803923
0.24705882
0.30588236
0.37647060
0.39215687
0.38823530
0.34117648
0.37647060
0.38039216
0.34901962
0.33333334
0.34901962
0.30588236
0.24705882
0.25490198
0.32156864
0.33725491
0.31372550
0.23529412
0.24313726
0.21176471
0.21568628
0.22745098
0.23137255
0.25490198
0.28235295
0.22745098
0.18823530
0.18823530
0.13333334
0.15294118
0.47058824
0.38039216
0.32156864
0.34117648
0.47450981
0.50588238
0.47843137
0.41568628
0.38431373
0.36470589
0.41568628
0.41176471
0.43137255
0.38039216
0.32549021
0.33333334
0.38039216
0.42352942
0.44313726
0.43921569
0.44705883
0.43921569
0.45490196
0.41568628
0.39215687
0.39215687
0.46666667
0.35294119
0.32549021
0.30588236
0.22352941
0.18431373
0.57254905
0.54117650
0.46274510
0.42745098
0.61568630
0.65882355
0.67058825
0.66666669
0.63921571
0.63137257
0.60784316
0.60784316
0.59607846
0.58823532
0.57254905
0.55294120
0.56078434
0.53725493
0.53333336
0.56470591
0.56862748
0.56078434
0.56470591
0.54901963
0.52549022
0.56078434
0.60392159
0.52549022
0.54509807
0.51372552
0.44313726
0.30588236
0.64705884
0.61568630
0.59607846
0.56862748
0.59607846
0.56470591
0.50980395
0.53725493
0.54509807
0.67058825
0.70588237
0.69803923
0.70588237
0.72156864
0.72549021
0.71764708
0.72156864
0.68235296
0.65882355
0.64705884
0.60784316
0.58823532
0.57254905
0.54117650
0.54117650
0.60392159
0.57254905
0.47843137
0.53725493
0.53725493
0.60392159
0.46274510
0.60784316
0.57254905
0.57254905
0.38823530
0.47058824
0.32941177
0.25882354
0.29803923
0.27450982
0.41568628
0.54901963
0.64313728
0.70588237
0.73725492
0.74117649
0.74509805
0.74901962
0.76078433
0.76470590
0.76078433
0.74901962
0.74117649
0.74117649
0.72156864
0.72156864
0.71372551
0.65882355
0.60392159
0.58823532
0.55686277
0.54901963
0.42352942
0.56862748
0.50196081
0.53333336
0.40000001
0.31764707
0.24705882
0.23529412
0.30196080
0.30980393
0.30980393
0.37254903
0.50196081
0.61568630
0.70588237
0.74117649
0.74901962
0.75686276
0.72156864
0.70588237
0.71764708
0.73333335
0.72549021
0.73333335
0.72549021
0.72156864
0.74117649
0.74117649
0.73333335
0.71764708
0.70196080
0.69019610
0.49411765
0.55294120
0.48235294
0.50588238
0.49019608
0.38039216
0.36470589
0.23137255
0.18039216
0.28235295
0.38823530
0.41960785
0.45882353
0.47058824
0.54117650
0.67450982
0.73725492
0.74117649
0.73725492
0.70980394
0.63921571
0.58823532
0.59215689
0.62745100
0.66666669
0.69803923
0.70980394
0.69411767
0.69803923
0.68627453
0.65882355
0.68235296
0.50980395
0.52549022
0.45882353
0.50196081
0.49411765
0.55686277
0.42745098
0.22745098
0.11372549
0.18823530
0.27450982
0.36862746
0.49803922
0.48235294
0.52549022
0.61176473
0.67058825
0.66274512
0.65882355
0.61960787
0.46666667
0.40392157
0.49019608
0.51764709
0.58431375
0.69411767
0.72941178
0.71764708
0.69803923
0.68235296
0.65882355
0.65490198
0.48627451
0.56470591
0.46274510
0.46666667
0.48627451
0.65098041
0.37647060
0.21960784
0.17647059
0.23921569
0.27843139
0.36078432
0.52549022
0.50196081
0.49411765
0.51372552
0.52941179
0.56470591
0.57647061
0.58823532
0.44313726
0.33725491
0.48627451
0.52941179
0.53725493
0.60000002
0.67058825
0.71764708
0.70980394
0.70196080
0.67843139
0.67450982
0.49019608
0.55294120
0.48627451
0.48627451
0.50196081
0.63137257
0.32549021
0.27058825
0.30980393
0.23137255
0.32156864
0.43137255
0.52156866
0.52549022
0.48235294
0.45882353
0.48235294
0.53333336
0.57254905
0.59215689
0.47450981
0.35686275
0.41960785
0.50980395
0.56862748
0.61960787
0.64705884
0.69411767
0.70196080
0.68235296
0.66274512
0.68235296
0.49019608
0.53725493
0.49019608
0.55294120
0.58431375
0.65098041
0.32156864
0.39215687
0.53725493
0.32941177
0.35294119
0.46274510
0.50196081
0.52941179
0.46274510
0.38823530
0.41568628
0.48627451
0.58039218
0.59215689
0.47450981
0.42745098
0.42745098
0.42352942
0.48235294
0.56078434
0.58431375
0.65098041
0.69019610
0.68627453
0.65490198
0.65490198
0.48235294
0.58431375
0.53333336
0.57647061
0.58039218
0.61176473
0.40392157
0.54117650
0.63921571
0.56470591
0.41960785
0.45490196
0.46274510
0.45490196
0.40000001
0.34509805
0.36470589
0.42352942
0.54117650
0.58431375
0.46274510
0.42352942
0.49803922
0.44705883
0.39607844
0.41960785
0.49803922
0.60784316
0.65490198
0.67058825
0.65490198
0.64313728
0.45882353
0.58431375
0.54117650
0.58039218
0.58431375
0.60000002
0.50980395
0.61960787
0.65490198
0.65490198
0.47843137
0.42745098
0.45490196
0.40000001
0.35294119
0.31764707
0.34117648
0.38823530
0.48235294
0.54509807
0.44705883
0.36862746
0.46274510
0.47058824
0.35686275
0.34901962
0.46666667
0.57647061
0.61960787
0.61960787
0.62352943
0.63921571
0.47450981
0.60392159
0.56862748
0.58823532
0.60392159
0.50588238
0.50980395
0.64313728
0.65098041
0.69019610
0.55686277
0.38823530
0.47843137
0.38431373
0.33725491
0.31764707
0.30196080
0.34117648
0.40392157
0.45882353
0.40392157
0.32549021
0.38431373
0.38823530
0.31764707
0.36862746
0.48627451
0.52156866
0.58431375
0.60000002
0.60392159
0.61568630
0.46666667
0.61568630
0.58431375
0.61176473
0.62352943
0.54117650
0.57647061
0.63137257
0.62745100
0.65490198
0.62745100
0.45490196
0.43921569
0.40784314
0.33725491
0.25882354
0.25098041
0.29019609
0.35686275
0.35294119
0.29411766
0.28627452
0.32549021
0.30196080
0.31372550
0.49411765
0.49411765
0.51764709
0.59607846
0.60392159
0.60000002
0.61568630
0.45098040
0.62745100
0.61176473
0.59607846
0.57647061
0.59607846
0.59607846
0.60784316
0.61176473
0.62352943
0.63921571
0.55686277
0.41568628
0.28627452
0.17254902
0.21176471
0.18823530
0.22745098
0.27450982
0.24313726
0.34901962
0.44313726
0.27450982
0.23137255
0.36862746
0.61176473
0.48627451
0.54509807
0.56470591
0.56078434
0.58431375
0.58823532
0.43921569
0.58431375
0.54509807
0.56470591
0.58823532
0.58431375
0.59215689
0.62352943
0.63137257
0.61960787
0.62745100
0.52941179
0.34901962
0.31764707
0.17254902
0.42352942
0.47058824
0.42352942
0.42352942
0.47843137
0.60000002
0.59607846
0.32941177
0.23529412
0.40000001
0.60000002
0.46274510
0.58039218
0.58431375
0.59607846
0.56862748
0.51764709
0.39215687
0.60000002
0.56078434
0.59215689
0.59215689
0.60392159
0.60000002
0.56078434
0.59215689
0.59215689
0.60784316
0.52549022
0.34901962
0.44705883
0.30980393
0.47843137
0.66274512
0.64705884
0.60784316
0.65882355
0.67450982
0.61176473
0.43529412
0.29411766
0.26666668
0.54509807
0.44313726
0.54509807
0.59607846
0.58823532
0.56470591
0.53725493
0.39215687
0.61176473
0.57254905
0.58431375
0.57254905
0.58431375
0.55294120
0.54901963
0.58823532
0.56470591
0.58823532
0.54509807
0.38823530
0.50196081
0.45098040
0.52549022
0.62745100
0.62352943
0.60392159
0.60784316
0.64313728
0.59215689
0.45098040
0.27843139
0.18823530
0.44705883
0.40784314
0.47450981
0.57647061
0.55294120
0.54509807
0.54509807
0.39607844
0.60000002
0.56078434
0.56862748
0.57254905
0.58823532
0.57254905
0.58823532
0.59607846
0.55686277
0.54117650
0.53725493
0.43921569
0.52941179
0.49019608
0.55686277
0.58823532
0.57647061
0.56078434
0.53333336
0.55686277
0.59215689
0.50196081
0.25882354
0.25490198
0.45882353
0.44705883
0.52549022
0.59607846
0.56470591
0.52156866
0.56078434
0.43137255
0.58431375
0.55294120
0.56078434
0.60392159
0.61176473
0.57254905
0.56470591
0.59607846
0.58823532
0.60392159
0.54509807
0.44705883
0.54509807
0.48627451
0.49411765
0.52156866
0.50196081
0.52549022
0.48627451
0.48627451
0.50980395
0.49803922
0.33333334
0.31764707
0.46274510
0.50196081
0.49803922
0.55686277
0.58039218
0.55294120
0.54509807
0.40000001
0.58431375
0.55686277
0.58823532
0.59215689
0.60000002
0.59215689
0.58823532
0.59215689
0.58431375
0.59215689
0.49803922
0.40784314
0.55686277
0.49803922
0.49411765
0.45882353
0.43137255
0.43137255
0.41960785
0.41568628
0.38823530
0.36862746
0.29411766
0.29019609
0.44705883
0.45098040
0.43137255
0.48235294
0.53725493
0.52549022
0.54509807
0.40000001
0.60392159
0.57254905
0.54117650
0.55686277
0.61176473
0.59607846
0.58039218
0.58823532
0.57254905
0.56078434
0.52549022
0.46666667
0.49019608
0.46666667
0.52549022
0.44313726
0.37647060
0.40392157
0.42352942
0.39607844
0.37254903
0.36470589
0.27058825
0.30980393
0.47843137
0.42352942
0.43137255
0.47058824
0.50980395
0.50196081
0.52549022
0.41568628
0.57647061
0.50980395
0.52549022
0.56470591
0.57647061
0.57254905
0.57647061
0.60000002
0.58823532
0.58431375
0.56862748
0.52941179
0.47058824
0.48235294
0.54117650
0.48627451
0.41176471
0.50196081
0.48627451
0.44313726
0.41960785
0.44313726
0.36470589
0.31372550
0.43921569
0.40392157
0.38039216
0.49019608
0.49411765
0.50980395
0.50196081
0.36862746
0.56862748
0.51764709
0.54509807
0.56862748
0.55294120
0.56078434
0.58823532
0.60784316
0.61960787
0.57254905
0.55686277
0.58039218
0.48235294
0.40392157
0.44313726
0.47843137
0.49803922
0.53725493
0.51372552
0.49411765
0.48235294
0.46666667
0.40392157
0.36078432
0.41568628
0.45882353
0.42352942
0.53725493
0.53725493
0.51764709
0.46666667
0.35294119
0.57254905
0.54901963
0.56470591
0.57254905
0.59215689
0.60784316
0.58431375
0.58039218
0.60000002
0.56862748
0.54509807
0.56078434
0.48235294
0.44705883
0.55686277
0.46666667
0.50196081
0.48627451
0.48627451
0.50196081
0.50980395
0.52941179
0.40784314
0.43529412
0.44313726
0.47058824
0.47058824
0.56862748
0.53333336
0.50980395
0.53333336
0.40784314
0.58039218
0.54117650
0.54901963
0.56862748
0.57254905
0.58039218
0.56078434
0.57254905
0.60000002
0.61960787
0.58039218
0.44313726
0.47450981
0.48235294
0.53725493
0.52156866
0.50196081
0.49803922
0.49803922
0.48235294
0.42745098
0.37647060
0.45490196
0.41568628
0.47058824
0.48235294
0.51372552
0.54901963
0.52941179
0.51764709
0.50980395
0.38039216
0.57647061
0.54117650
0.54509807
0.55686277
0.53333336
0.55686277
0.58039218
0.58039218
0.58431375
0.62745100
0.60784316
0.50588238
0.55686277
0.52156866
0.52941179
0.55686277
0.53725493
0.52549022
0.52941179
0.51764709
0.50588238
0.45490196
0.49019608
0.46274510
0.50980395
0.52549022
0.52941179
0.54901963
0.52549022
0.52549022
0.53333336
0.46666667
0.35686275
0.26274511
0.29019609
0.32156864
0.34117648
0.48627451
0.48627451
0.46274510
0.41568628
0.36470589
0.28627452
0.26666668
0.25882354
0.25098041
0.26274511
0.28627452
0.27450982
0.26274511
0.24705882
0.26666668
0.25098041
0.25098041
0.25490198
0.24705882
0.25490198
0.25882354
0.23921569
0.22745098
0.21568628
0.21568628
0.23137255
0.27450982
0.36862746
0.20392157
0.22745098
0.26274511
0.32549021
0.54509807
0.48627451
0.45098040
0.37254903
0.32941177
0.24705882
0.21176471
0.19607843
0.20784314
0.24313726
0.23137255
0.23529412
0.21176471
0.17254902
0.19607843
0.17254902
0.17254902
0.17254902
0.11764706
0.12941177
0.12549020
0.08627451
0.06274510
0.08235294
0.07450981
0.05490196
0.10588235
0.35294119
0.14901961
0.15294118
0.15686275
0.18039216
0.25098041
0.28235295
0.23529412
0.19215687
0.23529412
0.20784314
0.15294118
0.20000000
0.22352941
0.24705882
0.21568628
0.23137255
0.21568628
0.15686275
0.19607843
0.17647059
0.17254902
0.13333334
0.09019608
0.08627451
0.07058824
0.09019608
0.05490196
0.07058824
0.04313726
0.02745098
0.07843138
0.30588236
0.14509805
0.15686275
0.15686275
0.18823530
0.25098041
0.27450982
0.21960784
0.22745098
0.26666668
0.17647059
0.10980392
0.18039216
0.19215687
0.21960784
0.21960784
0.21176471
0.20392157
0.17647059
0.15686275
0.14117648
0.12941177
0.09411765
0.09411765
0.09411765
0.11372549
0.16078432
0.10196079
0.05882353
0.03529412
0.02745098
0.09411765
0.31764707
0.16470589
0.14901961
0.16078432
0.21568628
0.23137255
0.22352941
0.18823530
0.21176471
0.18039216
0.13725491
0.14117648
0.16078432
0.16078432
0.14509805
0.11372549
0.12156863
0.14509805
0.16470589
0.09803922
0.10588235
0.07058824
0.08235294
0.12549020
0.12549020
0.12549020
0.16862746
0.12156863
0.08235294
0.08627451
0.03529412
0.08627451
0.34509805
0.22352941
0.20784314
0.23921569
0.35686275
0.37254903
0.33725491
0.28627452
0.25490198
0.20000000
0.21960784
0.20784314
0.22745098
0.21176471
0.18039216
0.17647059
0.20392157
0.21960784
0.23137255
0.22352941
0.23529412
0.22352941
0.23137255
0.21960784
0.19607843
0.17254902
0.27450982
0.17254902
0.14509805
0.13725491
0.08627451
0.10196079
0.43137255
0.34901962
0.30196080
0.28235295
0.45490196
0.48235294
0.47450981
0.47450981
0.45490196
0.41960785
0.38039216
0.38823530
0.36078432
0.34509805
0.33333334
0.31764707
0.33333334
0.31372550
0.29411766
0.31372550
0.31764707
0.30980393
0.30588236
0.31372550
0.29411766
0.30588236
0.37647060
0.30588236
0.32941177
0.30196080
0.25490198
0.19607843
0.49019608
0.38039216
0.37254903
0.34901962
0.37647060
0.35686275
0.29803923
0.31764707
0.32549021
0.41960785
0.44313726
0.45098040
0.45098040
0.42745098
0.41960785
0.42352942
0.43137255
0.40392157
0.40784314
0.40784314
0.36862746
0.34117648
0.31764707
0.30980393
0.30980393
0.34901962
0.34901962
0.26274511
0.32549021
0.31372550
0.36862746
0.32549021
0.42745098
0.30196080
0.31372550
0.20392157
0.32941177
0.22352941
0.16862746
0.20000000
0.16470589
0.26666668
0.34509805
0.41568628
0.47450981
0.45882353
0.42352942
0.41960785
0.41568628
0.41960785
0.45490196
0.46666667
0.45882353
0.44705883
0.43529412
0.43921569
0.43921569
0.41176471
0.38431373
0.33725491
0.32549021
0.28627452
0.27843139
0.26666668
0.38823530
0.23529412
0.27450982
0.21568628
0.23529412
0.17647059
0.20000000
0.25490198
0.24705882
0.24313726
0.26666668
0.34901962
0.43529412
0.46274510
0.46274510
0.47058824
0.47058824
0.43529412
0.40784314
0.42745098
0.47058824
0.47450981
0.45882353
0.44313726
0.43137255
0.43921569
0.45490196
0.43921569
0.42352942
0.41960785
0.40784314
0.30588236
0.38039216
0.22745098
0.25098041
0.28235295
0.30196080
0.27450982
0.18431373
0.13725491
0.23137255
0.32549021
0.33725491
0.35686275
0.34901962
0.37647060
0.47450981
0.52156866
0.52549022
0.52549022
0.52156866
0.47843137
0.45098040
0.45882353
0.46274510
0.46666667
0.45098040
0.44313726
0.44705883
0.44313726
0.42745098
0.40784314
0.40784314
0.30980393
0.35686275
0.21176471
0.24705882
0.27843139
0.47843137
0.33725491
0.16862746
0.08235294
0.15294118
0.20784314
0.27450982
0.40000001
0.39607844
0.43529412
0.49411765
0.52941179
0.51764709
0.51764709
0.50196081
0.36078432
0.30588236
0.39215687
0.43529412
0.46666667
0.50980395
0.50196081
0.49019608
0.46274510
0.44705883
0.42352942
0.38431373
0.29019609
0.39607844
0.21176471
0.20784314
0.26274511
0.57647061
0.29019609
0.12549020
0.09019608
0.19215687
0.21960784
0.26666668
0.42745098
0.41176471
0.41176471
0.42352942
0.43137255
0.46274510
0.47843137
0.44705883
0.28627452
0.18823530
0.34117648
0.44705883
0.44313726
0.46666667
0.49803922
0.48235294
0.45882353
0.44705883
0.43529412
0.40784314
0.29411766
0.37254903
0.22745098
0.22352941
0.27058825
0.55686277
0.23921569
0.13725491
0.13333334
0.14117648
0.26666668
0.36078432
0.44705883
0.43529412
0.37647060
0.33725491
0.35294119
0.40000001
0.44705883
0.43529412
0.31764707
0.21960784
0.28627452
0.38431373
0.44705883
0.50980395
0.51372552
0.46274510
0.44313726
0.42352942
0.41960785
0.42352942
0.30196080
0.35294119
0.20784314
0.26274511
0.35294119
0.56862748
0.23137255
0.17254902
0.21568628
0.11764706
0.26666668
0.40392157
0.42352942
0.41568628
0.34509805
0.24705882
0.25882354
0.33725491
0.43529412
0.42745098
0.32941177
0.30588236
0.29803923
0.29019609
0.35294119
0.44313726
0.44705883
0.42352942
0.43529412
0.43529412
0.43137255
0.43137255
0.31764707
0.39215687
0.23921569
0.26274511
0.30980393
0.51372552
0.27843139
0.23921569
0.27058825
0.27058825
0.28627452
0.39215687
0.37254903
0.32941177
0.27450982
0.20784314
0.21960784
0.29019609
0.40000001
0.41960785
0.30980393
0.29019609
0.35294119
0.32156864
0.27843139
0.29803923
0.35686275
0.38431373
0.40392157
0.42745098
0.43921569
0.42352942
0.29803923
0.39215687
0.24705882
0.26274511
0.30980393
0.52549022
0.38823530
0.30980393
0.33333334
0.36078432
0.30588236
0.34509805
0.35686275
0.27058825
0.22745098
0.19607843
0.21176471
0.26274511
0.34901962
0.38039216
0.29019609
0.23137255
0.32156864
0.35294119
0.24313726
0.23137255
0.33333334
0.36470589
0.38431373
0.38039216
0.39607844
0.40000001
0.30196080
0.41176471
0.27843139
0.29803923
0.37254903
0.41960785
0.38823530
0.37647060
0.36862746
0.40784314
0.34117648
0.27058825
0.36862746
0.25098041
0.21960784
0.20784314
0.18431373
0.21960784
0.26666668
0.30196080
0.25490198
0.19215687
0.25490198
0.28235295
0.20392157
0.25098041
0.36078432
0.31372550
0.35294119
0.35686275
0.35686275
0.35686275
0.28235295
0.43137255
0.30980393
0.33725491
0.37647060
0.33333334
0.36078432
0.37647060
0.36862746
0.39215687
0.38431373
0.29803923
0.32156864
0.27058825
0.22352941
0.15686275
0.13333334
0.16862746
0.21568628
0.21176471
0.16470589
0.17254902
0.21960784
0.20000000
0.18823530
0.36862746
0.36470589
0.30588236
0.36470589
0.35686275
0.33725491
0.34117648
0.25882354
0.45098040
0.35686275
0.35294119
0.32549021
0.32941177
0.32549021
0.34509805
0.35686275
0.34901962
0.36862746
0.37254903
0.30196080
0.16862746
0.07843138
0.10980392
0.06666667
0.10196079
0.14509805
0.09803922
0.18431373
0.30980393
0.20392157
0.13725491
0.23529412
0.48235294
0.35294119
0.30196080
0.32549021
0.32156864
0.32156864
0.32941177
0.27450982
0.41176471
0.30196080
0.33725491
0.34901962
0.33333334
0.32941177
0.36078432
0.37647060
0.34117648
0.36078432
0.33725491
0.23137255
0.19215687
0.06666667
0.28627452
0.28235295
0.23921569
0.24313726
0.28627452
0.38431373
0.41960785
0.24313726
0.15686275
0.28235295
0.48235294
0.34901962
0.36078432
0.35686275
0.35686275
0.30980393
0.28235295
0.25882354
0.42745098
0.30980393
0.35686275
0.36078432
0.36078432
0.34901962
0.30588236
0.34901962
0.34117648
0.36078432
0.32941177
0.21176471
0.28235295
0.17647059
0.29803923
0.40784314
0.40000001
0.36078432
0.41568628
0.41960785
0.39215687
0.29803923
0.21176471
0.17254902
0.44313726
0.34901962
0.38039216
0.38039216
0.34509805
0.31764707
0.32549021
0.28235295
0.43529412
0.31372550
0.34509805
0.34901962
0.35294119
0.30980393
0.29803923
0.34509805
0.33725491
0.34901962
0.34509805
0.23529412
0.30588236
0.29019609
0.34117648
0.38431373
0.38431373
0.36078432
0.36470589
0.38431373
0.34901962
0.27843139
0.18431373
0.09019608
0.33725491
0.30588236
0.31764707
0.35294119
0.32156864
0.32941177
0.33725491
0.28627452
0.42745098
0.30196080
0.32549021
0.35686275
0.36470589
0.33725491
0.33725491
0.34901962
0.33725491
0.30196080
0.33333334
0.28235295
0.31372550
0.30980393
0.38431373
0.37647060
0.36078432
0.34117648
0.31764707
0.32549021
0.36078432
0.31372550
0.14117648
0.13725491
0.32941177
0.31372550
0.34117648
0.34901962
0.35294119
0.34117648
0.34509805
0.30196080
0.41960785
0.30980393
0.32156864
0.37254903
0.38039216
0.33333334
0.32156864
0.34901962
0.35294119
0.35686275
0.34117648
0.27450982
0.31372550
0.28235295
0.32156864
0.32549021
0.30588236
0.30196080
0.29411766
0.30588236
0.31764707
0.32549021
0.21960784
0.18431373
0.27450982
0.30588236
0.29019609
0.31372550
0.33333334
0.30588236
0.29803923
0.25490198
0.42352942
0.31764707
0.35294119
0.35294119
0.36078432
0.35294119
0.34901962
0.36078432
0.35686275
0.36078432
0.30196080
0.22352941
0.31764707
0.28627452
0.31372550
0.27058825
0.25490198
0.23137255
0.23921569
0.25490198
0.22352941
0.21960784
0.19215687
0.16470589
0.25882354
0.24705882
0.23137255
0.25882354
0.27843139
0.23921569
0.29019609
0.25882354
0.43921569
0.32941177
0.30196080
0.31764707
0.37254903
0.35686275
0.34901962
0.37647060
0.36470589
0.35294119
0.34117648
0.27450982
0.25490198
0.25882354
0.34901962
0.26274511
0.21960784
0.25098041
0.25098041
0.22352941
0.20784314
0.22352941
0.16470589
0.18823530
0.31372550
0.25882354
0.23921569
0.25882354
0.27843139
0.25490198
0.29411766
0.28627452
0.41176471
0.26666668
0.28627452
0.32549021
0.33725491
0.33333334
0.34117648
0.38039216
0.38039216
0.37647060
0.38431373
0.33725491
0.24705882
0.29019609
0.37254903
0.30588236
0.24705882
0.34117648
0.30588236
0.25882354
0.25098041
0.29411766
0.23921569
0.17647059
0.27450982
0.24705882
0.18823530
0.29019609
0.29411766
0.29803923
0.30196080
0.25490198
0.40000001
0.27058825
0.30588236
0.32941177
0.30980393
0.32156864
0.34509805
0.36862746
0.38823530
0.34901962
0.36078432
0.39215687
0.27450982
0.22352941
0.29019609
0.29803923
0.31372550
0.33725491
0.31764707
0.30196080
0.30196080
0.30196080
0.25098041
0.20000000
0.23137255
0.28235295
0.23529412
0.35294119
0.36470589
0.33725491
0.28627452
0.25098041
0.40000001
0.29019609
0.31764707
0.32549021
0.34117648
0.35686275
0.32549021
0.30980393
0.34117648
0.32941177
0.33725491
0.36470589
0.26274511
0.23921569
0.37647060
0.28627452
0.30980393
0.28627452
0.27058825
0.29803923
0.33725491
0.38039216
0.26274511
0.25490198
0.23921569
0.27450982
0.27058825
0.36862746
0.33725491
0.30980393
0.33725491
0.28235295
0.41960785
0.29803923
0.31764707
0.34117648
0.34509805
0.35294119
0.33333334
0.33725491
0.38039216
0.41960785
0.40392157
0.26274511
0.27058825
0.27843139
0.33725491
0.31372550
0.29411766
0.29411766
0.29411766
0.29803923
0.27843139
0.25490198
0.33333334
0.25490198
0.29411766
0.31372550
0.32941177
0.36470589
0.34509805
0.32941177
0.32156864
0.25098041
0.45490196
0.36470589
0.37254903
0.39215687
0.37254903
0.39215687
0.41960785
0.42745098
0.44313726
0.50980395
0.48627451
0.36470589
0.40784314
0.38039216
0.38039216
0.38823530
0.36862746
0.36078432
0.38039216
0.38823530
0.39607844
0.36078432
0.39215687
0.34117648
0.38039216
0.40784314
0.40392157
0.41960785
0.39215687
0.39607844
0.40392157
0.36862746
1 0 0 0 0 0 0 -1 0 0 0
0 1 0 0 0 0 0 -1 0 0 0
0 0 1 0 0 0 0 -1 0 0 0
0 0 0 1 0 0 0 -1 0 0 0
0 0 0 0 1 0 0 -1 0 0 0
0 0 0 0 0 1 0 -1 0 0 0
0 0 0 0 0 0 1 -1 0 0 0
0 0 0 0 0 0 0 -1 1 0 0
0 0 0 0 0 0 0 -1 0 1 0
