0.61960787
0.61960787
0.54509807
0.51764709
0.65098041
0.71372551
0.73333335
0.75686276
0.78039217
0.80392158
0.81960785
0.80784315
0.85490197
0.87450981
0.89019608
0.90196079
0.83529413
0.88627452
0.90588236
0.92156863
0.92549020
0.90980393
0.91764706
0.91764706
0.92549020
0.88627452
0.90196079
0.93333334
0.90980393
0.89411765
0.92941177
0.93333334
0.66666669
0.67450982
0.59215689
0.53725493
0.68235296
0.75686276
0.77254903
0.78039217
0.80784315
0.84313726
0.85098040
0.82352942
0.88235295
0.90588236
0.91372550
0.92941177
0.85882354
0.89411765
0.90980393
0.94901961
0.96078432
0.91764706
0.92549020
0.94901961
0.94509804
0.89411765
0.92156863
0.95294118
0.91372550
0.90980393
0.96470588
0.96470588
0.68235296
0.69019610
0.61568630
0.55686277
0.70980394
0.78823531
0.80784315
0.78039217
0.81960785
0.87450981
0.85490197
0.83137256
0.87843138
0.90196079
0.90196079
0.93725491
0.86666667
0.89411765
0.91372550
0.93725491
0.90980393
0.83529413
0.92549020
0.95294118
0.96078432
0.90588236
0.93333334
0.97254902
0.92941177
0.90196079
0.98039216
0.96078432
0.70588237
0.69803923
0.62745100
0.57647061
0.72941178
0.79607844
0.83137256
0.81176472
0.83921570
0.89411765
0.86666667
0.83921570
0.86274511
0.90588236
0.87450981
0.94117647
0.87843138
0.89411765
0.91372550
0.89411765
0.69411767
0.67450982
0.90196079
0.95294118
0.97254902
0.90980393
0.93333334
0.98039216
0.93333334
0.89411765
0.97647059
0.95686275
0.72941178
0.72549021
0.64705884
0.57647061
0.74117649
0.80000001
0.85098040
0.81176472
0.82745099
0.90588236
0.87058824
0.83921570
0.85490197
0.90588236
0.82745099
0.92156863
0.88627452
0.87843138
0.90980393
0.83137256
0.62352943
0.65882355
0.87843138
0.92941177
0.96862745
0.90588236
0.92156863
0.96470588
0.90980393
0.91764706
0.97254902
0.94901961
0.75686276
0.74509805
0.66666669
0.55686277
0.74901962
0.79607844
0.85882354
0.82745099
0.84313726
0.91764706
0.86666667
0.83921570
0.83921570
0.89411765
0.78039217
0.80392158
0.81176472
0.80784315
0.92156863
0.75686276
0.43921569
0.61960787
0.87058824
0.90196079
0.96078432
0.89803922
0.88627452
0.94509804
0.89411765
0.90588236
0.95294118
0.92156863
0.76862746
0.74901962
0.67450982
0.52156866
0.74901962
0.79215688
0.87058824
0.85098040
0.87450981
0.92156863
0.85490197
0.83921570
0.84313726
0.89019608
0.73725492
0.69019610
0.73333335
0.72941178
0.80392158
0.73333335
0.47058824
0.53725493
0.67450982
0.71764708
0.85882354
0.87450981
0.84705883
0.92156863
0.88627452
0.88235295
0.94117647
0.92156863
0.80000001
0.77254903
0.68235296
0.54901963
0.79607844
0.85490197
0.87843138
0.87843138
0.90980393
0.92941177
0.86274511
0.86274511
0.86274511
0.86666667
0.78823531
0.80392158
0.67450982
0.54117650
0.39215687
0.32549021
0.27843139
0.24313726
0.25490198
0.23529412
0.40784314
0.71372551
0.81960785
0.89411765
0.85490197
0.83137256
0.93725491
0.92549020
0.68627453
0.66666669
0.61568630
0.53725493
0.69019610
0.72941178
0.68627453
0.77254903
0.81960785
0.83137256
0.80784315
0.82352942
0.83137256
0.78823531
0.75686276
0.75686276
0.55686277
0.41176471
0.34901962
0.35686275
0.32941177
0.32549021
0.36862746
0.27058825
0.30588236
0.47450981
0.63529414
0.71764708
0.68235296
0.63921571
0.81176472
0.76470590
0.44705883
0.45098040
0.44313726
0.40784314
0.41176471
0.41960785
0.43529412
0.50196081
0.54509807
0.57254905
0.59215689
0.60784316
0.61568630
0.57647061
0.59215689
0.58823532
0.46274510
0.39215687
0.38823530
0.38823530
0.33333334
0.33725491
0.33725491
0.32549021
0.54509807
0.50196081
0.60392159
0.60000002
0.46274510
0.42745098
0.51764709
0.48235294
0.25882354
0.29803923
0.29411766
0.26666668
0.32549021
0.35294119
0.32941177
0.35294119
0.36470589
0.41568628
0.40000001
0.40392157
0.41568628
0.41960785
0.44705883
0.42352942
0.35294119
0.35294119
0.35686275
0.33333334
0.28235295
0.25882354
0.37254903
0.44705883
0.50196081
0.43137255
0.57647061
0.78039217
0.49019608
0.40392157
0.36078432
0.36862746
0.20784314
0.25490198
0.29411766
0.30196080
0.43529412
0.41568628
0.33333334
0.27450982
0.36470589
0.44313726
0.37254903
0.36470589
0.42352942
0.45098040
0.41960785
0.38039216
0.38431373
0.37254903
0.38431373
0.38039216
0.35294119
0.33333334
0.58431375
0.73333335
0.70196080
0.57254905
0.43921569
0.80000001
0.60392159
0.37254903
0.34117648
0.33333334
0.22745098
0.33725491
0.36862746
0.29019609
0.39215687
0.39215687
0.30196080
0.33333334
0.47058824
0.52156866
0.49803922
0.42352942
0.41176471
0.43137255
0.38431373
0.34117648
0.31764707
0.31764707
0.34117648
0.37254903
0.37254903
0.43921569
0.66666669
0.76470590
0.81568629
0.75686276
0.49803922
0.67843139
0.69803923
0.31372550
0.33333334
0.30980393
0.29019609
0.34901962
0.34117648
0.29411766
0.32156864
0.26666668
0.27843139
0.31372550
0.34901962
0.40392157
0.46274510
0.43529412
0.39607844
0.41568628
0.41176471
0.38431373
0.37647060
0.38431373
0.38431373
0.42745098
0.44705883
0.55686277
0.70588237
0.72156864
0.74901962
0.75294119
0.62745100
0.51764709
0.66666669
0.31372550
0.23529412
0.26274511
0.30196080
0.30980393
0.32156864
0.30588236
0.30980393
0.28235295
0.27450982
0.33725491
0.42745098
0.47450981
0.50588238
0.52156866
0.53725493
0.53333336
0.52941179
0.51372552
0.57254905
0.58039218
0.57254905
0.58823532
0.58039218
0.63921571
0.70196080
0.70980394
0.72549021
0.69019610
0.66666669
0.39607844
0.35294119
0.28627452
0.21568628
0.23137255
0.37647060
0.36862746
0.41568628
0.40784314
0.42745098
0.51372552
0.51764709
0.54117650
0.56470591
0.59607846
0.60784316
0.60392159
0.60784316
0.60784316
0.61960787
0.58039218
0.58823532
0.61568630
0.61176473
0.57254905
0.46666667
0.50980395
0.57254905
0.66274512
0.69411767
0.65882355
0.65490198
0.41176471
0.27058825
0.38431373
0.33725491
0.28235295
0.41568628
0.39607844
0.45098040
0.51372552
0.50588238
0.52941179
0.56470591
0.56078434
0.57254905
0.58823532
0.60392159
0.60392159
0.60392159
0.60000002
0.59215689
0.56470591
0.50980395
0.52549022
0.54509807
0.49803922
0.36862746
0.45882353
0.57254905
0.62352943
0.65490198
0.63921571
0.63529414
0.51764709
0.56470591
0.75294119
0.60392159
0.41176471
0.37254903
0.42352942
0.46274510
0.42745098
0.37254903
0.36470589
0.50588238
0.56862748
0.58431375
0.59215689
0.58823532
0.56470591
0.52549022
0.49411765
0.47843137
0.48235294
0.47843137
0.52156866
0.60784316
0.58039218
0.51372552
0.57647061
0.63529414
0.61176473
0.61568630
0.59215689
0.60000002
0.58431375
0.62352943
0.64313728
0.61568630
0.58039218
0.40000001
0.34901962
0.28627452
0.27450982
0.33725491
0.43529412
0.48235294
0.54901963
0.56078434
0.50588238
0.47058824
0.45882353
0.47058824
0.49411765
0.52156866
0.55294120
0.58823532
0.55686277
0.60000002
0.62352943
0.59215689
0.61568630
0.64705884
0.63137257
0.60000002
0.59607846
0.60392159
0.56470591
0.51372552
0.47450981
0.49019608
0.58431375
0.33725491
0.23921569
0.27843139
0.43137255
0.50196081
0.54117650
0.50980395
0.48235294
0.46274510
0.42352942
0.46274510
0.51764709
0.56078434
0.59607846
0.61176473
0.60000002
0.58431375
0.53725493
0.56862748
0.60392159
0.60000002
0.60392159
0.62745100
0.64313728
0.59607846
0.56470591
0.49019608
0.41176471
0.36078432
0.29411766
0.33725491
0.51764709
0.40784314
0.40392157
0.41960785
0.44705883
0.45098040
0.45490196
0.48235294
0.46274510
0.45490196
0.52549022
0.55294120
0.56470591
0.56078434
0.55294120
0.52156866
0.45882353
0.38431373
0.34901962
0.50980395
0.58823532
0.59215689
0.60392159
0.59607846
0.56862748
0.45882353
0.37647060
0.35294119
0.31372550
0.25490198
0.27843139
0.28627452
0.25490198
0.38823530
0.41960785
0.43529412
0.43529412
0.44705883
0.46666667
0.49019608
0.49411765
0.45882353
0.49019608
0.49019608
0.50588238
0.51372552
0.50980395
0.35686275
0.23921569
0.22352941
0.21960784
0.45098040
0.58039218
0.54509807
0.50980395
0.44705883
0.37254903
0.33725491
0.32549021
0.28627452
0.22745098
0.23529412
0.29411766
0.20000000
0.10588235
0.24313726
0.40784314
0.45490196
0.44705883
0.45490196
0.45882353
0.40000001
0.35686275
0.32941177
0.31764707
0.30588236
0.43921569
0.52156866
0.50980395
0.37647060
0.29803923
0.32549021
0.33725491
0.41960785
0.42352942
0.37647060
0.34509805
0.32549021
0.31764707
0.27450982
0.23921569
0.20000000
0.17647059
0.20392157
0.18039216
0.11764706
0.09411765
0.22352941
0.37647060
0.41568628
0.41176471
0.41960785
0.40784314
0.25490198
0.20784314
0.23137255
0.25098041
0.26666668
0.43137255
0.52941179
0.52156866
0.45098040
0.38431373
0.34509805
0.30980393
0.30588236
0.31372550
0.31764707
0.31372550
0.27450982
0.21568628
0.17254902
0.19215687
0.17647059
0.16078432
0.13333334
0.11764706
0.10588235
0.09411765
0.25490198
0.35294119
0.40784314
0.41176471
0.42745098
0.42745098
0.30980393
0.28627452
0.33333334
0.34509805
0.38431373
0.41568628
0.38431373
0.32549021
0.26666668
0.25490198
0.27450982
0.29019609
0.31764707
0.32156864
0.28235295
0.20000000
0.16078432
0.17254902
0.23921569
0.21568628
0.15294118
0.13725491
0.12549020
0.11764706
0.10588235
0.09803922
0.26274511
0.34117648
0.41176471
0.40392157
0.40000001
0.38823530
0.34509805
0.31764707
0.29803923
0.27058825
0.23137255
0.22352941
0.22745098
0.24705882
0.25882354
0.27450982
0.28235295
0.26666668
0.24313726
0.21176471
0.18039216
0.18431373
0.19215687
0.17254902
0.21960784
0.18039216
0.11764706
0.10980392
0.11372549
0.09803922
0.09411765
0.11764706
0.21176471
0.22745098
0.25490198
0.22745098
0.21568628
0.19607843
0.17647059
0.17254902
0.18039216
0.20000000
0.21568628
0.22745098
0.24313726
0.25098041
0.24313726
0.22745098
0.20000000
0.14901961
0.14509805
0.18823530
0.19215687
0.18823530
0.16470589
0.14901961
0.16078432
0.12549020
0.10588235
0.10980392
0.10588235
0.09803922
0.10980392
0.12156863
0.11764706
0.11372549
0.10196079
0.10588235
0.12156863
0.12549020
0.12941177
0.15294118
0.19215687
0.20392157
0.20784314
0.20000000
0.18039216
0.15686275
0.14901961
0.15686275
0.14901961
0.17254902
0.25882354
0.21568628
0.16078432
0.14509805
0.14117648
0.14509805
0.12156863
0.10588235
0.10196079
0.10588235
0.10980392
0.11764706
0.12941177
0.09019608
0.12941177
0.12156863
0.10588235
0.10980392
0.10980392
0.11764706
0.12156863
0.12549020
0.13725491
0.12941177
0.11764706
0.11764706
0.13333334
0.15294118
0.16078432
0.17647059
0.16470589
0.20392157
0.28627452
0.19215687
0.11764706
0.13725491
0.14901961
0.12549020
0.10588235
0.10196079
0.10588235
0.11372549
0.11764706
0.14901961
0.10196079
0.05098039
0.12156863
0.11764706
0.10196079
0.10196079
0.09803922
0.09803922
0.10196079
0.10588235
0.11372549
0.12549020
0.14509805
0.15686275
0.16470589
0.16078432
0.15686275
0.16470589
0.15294118
0.18039216
0.25098041
0.14901961
0.10980392
0.14117648
0.11764706
0.11372549
0.10196079
0.09803922
0.10588235
0.10980392
0.12941177
0.14509805
0.03529412
0.01568628
0.09019608
0.10588235
0.09803922
0.10980392
0.11764706
0.12549020
0.13333334
0.14509805
0.15294118
0.15294118
0.15686275
0.15294118
0.14901961
0.13725491
0.11764706
0.12941177
0.10980392
0.14117648
0.22352941
0.14117648
0.11764706
0.11372549
0.11372549
0.11372549
0.09411765
0.09411765
0.09019608
0.10588235
0.14117648
0.07450981
0.01568628
0.01960784
0.10980392
0.11764706
0.12549020
0.13333334
0.12941177
0.13333334
0.13725491
0.14509805
0.14901961
0.14901961
0.14117648
0.13333334
0.11764706
0.09411765
0.05882353
0.04705882
0.03137255
0.07450981
0.17647059
0.12549020
0.09803922
0.10588235
0.10588235
0.10980392
0.09411765
0.08235294
0.07843138
0.13333334
0.09803922
0.01960784
0.01568628
0.02745098
0.74509805
0.73333335
0.65098041
0.61960787
0.75686276
0.81568629
0.82745099
0.84705883
0.85882354
0.86666667
0.87058824
0.85490197
0.89803922
0.90980393
0.92156863
0.92941177
0.86274511
0.91372550
0.93333334
0.93725491
0.94509804
0.93725491
0.94509804
0.94509804
0.94901961
0.90588236
0.92156863
0.95294118
0.92941177
0.90588236
0.93725491
0.94509804
0.78431374
0.78039217
0.69019610
0.62745100
0.78039217
0.85098040
0.85490197
0.85490197
0.87450981
0.89803922
0.89803922
0.85882354
0.91372550
0.93333334
0.93725491
0.95294118
0.88235295
0.91764706
0.93333334
0.96078432
0.96862745
0.92941177
0.93725491
0.96078432
0.96078432
0.91372550
0.93725491
0.97254902
0.92549020
0.90980393
0.96470588
0.96862745
0.78823531
0.78431374
0.70196080
0.63529414
0.78823531
0.86274511
0.87450981
0.83921570
0.86666667
0.91372550
0.88627452
0.85882354
0.89803922
0.91764706
0.91764706
0.95686275
0.88627452
0.91372550
0.93333334
0.95294118
0.92156863
0.83921570
0.91764706
0.94509804
0.96862745
0.91372550
0.94117647
0.98039216
0.93333334
0.89803922
0.97647059
0.95686275
0.79607844
0.78039217
0.70196080
0.64313728
0.78823531
0.85098040
0.88235295
0.85098040
0.87450981
0.92156863
0.89019608
0.85098040
0.86666667
0.90980393
0.88627452
0.95686275
0.89411765
0.90588236
0.92941177
0.92156863
0.72156864
0.68627453
0.89411765
0.94509804
0.97254902
0.90980393
0.93333334
0.98039216
0.92941177
0.89019608
0.96862745
0.94901961
0.81176472
0.80000001
0.70980394
0.63137257
0.78823531
0.83921570
0.88235295
0.83529413
0.84313726
0.92941177
0.88627452
0.84313726
0.85098040
0.89803922
0.83137256
0.92549020
0.89019608
0.88235295
0.92549020
0.88235295
0.66666669
0.68235296
0.87843138
0.92549020
0.96862745
0.90588236
0.92156863
0.96470588
0.90588236
0.90588236
0.96078432
0.93725491
0.81568629
0.80392158
0.71764708
0.60392159
0.78823531
0.83137256
0.88627452
0.84313726
0.85490197
0.93333334
0.87450981
0.84313726
0.84313726
0.89803922
0.78039217
0.80392158
0.81960785
0.81568629
0.93725491
0.80000001
0.48627451
0.65490198
0.89019608
0.91372550
0.96470588
0.89803922
0.88235295
0.93725491
0.88627452
0.90196079
0.94509804
0.90980393
0.80000001
0.78039217
0.70196080
0.54509807
0.76078433
0.79607844
0.86666667
0.83529413
0.85882354
0.91372550
0.84705883
0.83137256
0.84705883
0.90196079
0.73725492
0.69019610
0.74509805
0.75294119
0.83137256
0.75294119
0.50588238
0.59215689
0.71764708
0.74509805
0.87843138
0.87843138
0.83921570
0.89803922
0.85882354
0.87058824
0.92156863
0.87843138
0.80392158
0.77647060
0.68627453
0.54117650
0.75294119
0.79607844
0.80784315
0.80000001
0.83137256
0.87450981
0.81568629
0.82352942
0.83529413
0.84705883
0.78039217
0.80784315
0.69803923
0.58431375
0.44313726
0.36470589
0.33333334
0.31372550
0.31372550
0.27058825
0.42352942
0.71764708
0.80784315
0.87058824
0.81568629
0.77254903
0.86666667
0.83137256
0.67843139
0.65882355
0.60392159
0.52156866
0.64705884
0.67450982
0.62745100
0.70196080
0.74509805
0.76078433
0.74117649
0.76470590
0.78039217
0.74901962
0.75686276
0.77647060
0.59607846
0.47450981
0.41960785
0.42352942
0.40784314
0.40784314
0.43137255
0.30980393
0.32156864
0.47843137
0.62352943
0.68627453
0.63921571
0.58431375
0.74509805
0.68627453
0.45098040
0.45490196
0.44705883
0.41176471
0.42745098
0.43137255
0.43921569
0.49803922
0.52941179
0.53333336
0.54901963
0.57647061
0.59215689
0.56078434
0.61960787
0.63137257
0.52549022
0.46666667
0.47058824
0.47058824
0.42352942
0.42352942
0.40000001
0.36078432
0.56078434
0.50196081
0.59215689
0.56862748
0.43137255
0.41568628
0.50980395
0.47058824
0.30588236
0.34117648
0.33725491
0.32156864
0.38823530
0.41176471
0.38039216
0.39215687
0.39607844
0.42745098
0.41568628
0.43529412
0.44705883
0.46274510
0.51764709
0.49803922
0.42745098
0.42745098
0.43137255
0.41960785
0.37647060
0.34117648
0.42352942
0.46666667
0.51764709
0.43529412
0.56470591
0.74901962
0.47058824
0.43529412
0.40000001
0.40784314
0.29019609
0.33333334
0.37254903
0.38431373
0.50196081
0.47843137
0.38431373
0.31764707
0.40784314
0.50588238
0.44313726
0.45098040
0.51764709
0.54509807
0.52549022
0.48235294
0.47058824
0.45098040
0.45490196
0.46666667
0.44313726
0.40784314
0.61960787
0.74117649
0.71764708
0.58039218
0.42745098
0.77254903
0.58431375
0.40392157
0.38823530
0.38823530
0.31764707
0.41960785
0.44313726
0.36470589
0.45882353
0.45098040
0.36470589
0.40000001
0.53725493
0.59607846
0.58431375
0.51372552
0.50980395
0.53333336
0.49019608
0.44313726
0.42352942
0.42352942
0.44705883
0.48235294
0.46274510
0.49803922
0.68627453
0.76078433
0.80784315
0.74117649
0.46274510
0.63529414
0.65490198
0.31372550
0.38431373
0.39607844
0.38039216
0.43137255
0.41568628
0.36470589
0.38431373
0.32941177
0.34901962
0.39215687
0.43137255
0.48235294
0.54117650
0.52549022
0.49411765
0.51372552
0.50980395
0.48627451
0.48235294
0.49803922
0.49411765
0.52941179
0.52549022
0.60000002
0.70980394
0.70588237
0.72156864
0.71764708
0.59215689
0.47843137
0.62745100
0.30196080
0.28235295
0.34901962
0.40000001
0.39607844
0.40000001
0.38039216
0.37254903
0.34509805
0.34509805
0.41960785
0.50980395
0.55686277
0.59215689
0.61960787
0.63921571
0.64313728
0.63137257
0.61568630
0.67058825
0.67843139
0.66666669
0.66274512
0.63529414
0.66274512
0.69411767
0.68235296
0.69019610
0.65882355
0.64313728
0.38431373
0.34117648
0.27450982
0.24705882
0.29411766
0.48235294
0.46274510
0.49803922
0.48627451
0.49411765
0.58039218
0.59607846
0.62745100
0.65490198
0.68627453
0.70196080
0.70588237
0.71764708
0.72156864
0.72549021
0.68235296
0.67843139
0.69803923
0.68627453
0.62745100
0.50196081
0.52156866
0.55686277
0.63137257
0.66274512
0.63529414
0.65098041
0.42352942
0.27450982
0.37254903
0.34901962
0.32156864
0.52156866
0.49019608
0.54117650
0.59607846
0.58039218
0.60392159
0.65098041
0.65490198
0.66666669
0.68235296
0.70196080
0.71372551
0.72549021
0.72549021
0.70980394
0.67058825
0.59607846
0.59607846
0.60392159
0.54509807
0.40000001
0.47058824
0.56470591
0.60784316
0.64705884
0.63529414
0.63921571
0.53333336
0.56862748
0.73333335
0.60000002
0.42352942
0.48627451
0.52156866
0.55294120
0.51372552
0.45490196
0.44705883
0.59607846
0.66666669
0.68627453
0.68627453
0.69019610
0.67843139
0.65490198
0.62745100
0.60392159
0.59215689
0.56470591
0.58823532
0.65882355
0.62745100
0.54901963
0.59607846
0.64705884
0.61960787
0.63921571
0.60784316
0.61176473
0.59215689
0.61960787
0.61960787
0.59607846
0.57647061
0.50588238
0.44313726
0.37647060
0.36470589
0.43137255
0.52941179
0.58039218
0.64313728
0.66274512
0.62352943
0.58823532
0.57254905
0.58039218
0.60000002
0.62352943
0.64705884
0.66666669
0.62745100
0.65882355
0.67450982
0.63137257
0.64313728
0.65882355
0.64313728
0.62745100
0.61960787
0.61960787
0.57254905
0.51764709
0.47450981
0.49019608
0.58823532
0.43921569
0.33333334
0.37647060
0.52941179
0.60784316
0.64705884
0.61176473
0.57647061
0.55686277
0.55294120
0.59215689
0.62745100
0.65490198
0.67843139
0.68235296
0.67058825
0.65490198
0.60784316
0.63529414
0.65882355
0.63921571
0.63137257
0.63921571
0.65098041
0.61960787
0.59215689
0.50980395
0.43529412
0.38431373
0.32156864
0.36078432
0.54117650
0.52156866
0.51764709
0.52941179
0.56078434
0.56078434
0.56078434
0.58823532
0.55686277
0.54117650
0.63137257
0.66274512
0.67058825
0.66274512
0.64705884
0.59215689
0.52549022
0.45490196
0.41960785
0.58039218
0.64313728
0.63921571
0.63921571
0.62352943
0.59607846
0.50196081
0.42352942
0.40000001
0.35686275
0.29411766
0.30588236
0.31372550
0.28235295
0.51764709
0.54901963
0.56470591
0.56078434
0.56470591
0.57647061
0.59215689
0.58823532
0.54509807
0.57254905
0.58039218
0.60392159
0.62352943
0.61176473
0.43137255
0.30588236
0.29411766
0.29019609
0.51764709
0.63921571
0.60000002
0.56078434
0.49411765
0.42745098
0.40392157
0.39215687
0.35294119
0.29803923
0.29411766
0.32156864
0.22352941
0.12941177
0.36862746
0.53725493
0.58039218
0.57254905
0.57254905
0.56862748
0.50588238
0.45098040
0.41568628
0.40000001
0.38823530
0.52941179
0.61568630
0.60392159
0.44705883
0.36470589
0.39607844
0.40784314
0.49019608
0.48627451
0.44313726
0.41568628
0.40000001
0.39607844
0.34509805
0.30980393
0.27058825
0.24705882
0.26274511
0.20784314
0.14509805
0.12156863
0.33725491
0.49019608
0.52549022
0.52549022
0.53725493
0.52156866
0.36078432
0.30196080
0.32156864
0.34901962
0.36078432
0.51372552
0.60000002
0.58823532
0.51764709
0.45098040
0.41568628
0.38039216
0.37647060
0.38039216
0.38823530
0.39607844
0.37254903
0.30980393
0.23529412
0.25098041
0.23529412
0.22352941
0.18431373
0.14901961
0.13333334
0.12156863
0.35294119
0.45490196
0.50588238
0.51372552
0.53725493
0.54117650
0.41568628
0.38039216
0.42352942
0.45490196
0.48627451
0.49411765
0.44313726
0.37254903
0.32941177
0.32549021
0.34901962
0.36078432
0.38431373
0.39215687
0.36078432
0.29019609
0.26274511
0.27058825
0.29019609
0.25882354
0.20000000
0.18039216
0.16862746
0.14901961
0.13725491
0.12549020
0.36078432
0.43921569
0.50980395
0.49803922
0.48627451
0.47058824
0.43137255
0.40000001
0.38039216
0.35294119
0.31372550
0.29803923
0.29411766
0.31372550
0.32941177
0.35686275
0.37254903
0.34901962
0.31764707
0.28627452
0.25490198
0.25490198
0.26274511
0.23921569
0.27058825
0.22745098
0.16470589
0.15686275
0.16470589
0.15686275
0.13725491
0.14509805
0.29803923
0.30980393
0.33725491
0.30588236
0.29019609
0.27058825
0.25098041
0.24705882
0.25490198
0.27450982
0.29019609
0.30196080
0.31764707
0.32156864
0.31764707
0.31372550
0.28627452
0.23137255
0.21568628
0.26666668
0.26274511
0.24705882
0.21176471
0.19607843
0.21176471
0.17647059
0.15686275
0.15686275
0.16078432
0.15686275
0.15294118
0.14509805
0.17647059
0.16862746
0.15686275
0.16470589
0.19215687
0.20392157
0.20784314
0.22745098
0.26666668
0.27843139
0.28235295
0.27450982
0.25490198
0.23137255
0.22745098
0.23137255
0.21960784
0.24705882
0.33333334
0.28627452
0.22352941
0.20000000
0.18431373
0.18431373
0.17254902
0.15686275
0.15294118
0.15686275
0.16078432
0.16470589
0.16470589
0.11372549
0.16862746
0.15686275
0.14117648
0.14901961
0.17254902
0.18823530
0.19215687
0.19607843
0.20784314
0.20392157
0.19215687
0.19215687
0.20784314
0.23137255
0.24313726
0.23921569
0.21568628
0.27058825
0.36862746
0.25882354
0.17254902
0.18039216
0.18431373
0.15686275
0.15294118
0.15294118
0.15686275
0.16470589
0.16078432
0.18039216
0.12549020
0.07058824
0.15686275
0.15294118
0.13725491
0.14117648
0.15294118
0.16078432
0.16078432
0.16862746
0.18039216
0.20000000
0.21960784
0.22745098
0.23921569
0.23921569
0.23529412
0.21568628
0.18039216
0.23529412
0.33333334
0.21176471
0.15686275
0.18039216
0.14509805
0.14117648
0.14901961
0.14901961
0.15686275
0.16470589
0.16862746
0.15686275
0.05098039
0.02745098
0.13333334
0.14901961
0.14117648
0.15686275
0.17254902
0.18431373
0.19215687
0.20000000
0.21176471
0.22352941
0.23137255
0.22352941
0.22352941
0.21568628
0.20000000
0.16862746
0.12156863
0.18823530
0.30588236
0.19607843
0.16078432
0.14509805
0.13725491
0.13725491
0.14509805
0.14509805
0.14117648
0.16078432
0.17647059
0.07843138
0.02352941
0.02745098
0.16078432
0.16862746
0.17647059
0.18431373
0.18823530
0.18823530
0.18823530
0.19215687
0.19607843
0.20000000
0.19215687
0.17647059
0.15686275
0.13333334
0.10196079
0.06666667
0.03137255
0.10588235
0.24705882
0.17254902
0.12941177
0.13333334
0.13333334
0.13725491
0.13725491
0.13333334
0.13333334
0.17254902
0.12156863
0.02352941
0.01960784
0.03137255
0.87058824
0.85490197
0.76078433
0.72941178
0.87058824
0.92549020
0.93333334
0.94509804
0.95294118
0.96078432
0.95686275
0.92156863
0.94117647
0.94509804
0.94901961
0.96078432
0.89019608
0.94117647
0.96078432
0.97254902
0.97647059
0.95294118
0.95294118
0.95294118
0.96078432
0.92156863
0.93725491
0.96862745
0.94509804
0.91764706
0.95294118
0.96470588
0.89803922
0.88627452
0.78823531
0.72156864
0.87450981
0.94117647
0.94117647
0.93333334
0.95294118
0.96862745
0.96078432
0.90980393
0.95294118
0.96078432
0.96078432
0.97254902
0.90196079
0.93725491
0.95294118
0.98431373
0.98431373
0.93333334
0.93333334
0.95686275
0.97254902
0.92549020
0.95294118
0.98823529
0.94117647
0.92549020
0.98039216
0.98431373
0.88235295
0.87058824
0.78039217
0.70980394
0.85882354
0.93333334
0.93725491
0.89411765
0.92156863
0.95686275
0.92549020
0.89411765
0.92156863
0.93725491
0.93333334
0.96862745
0.89803922
0.92549020
0.94509804
0.96470588
0.92549020
0.84313726
0.90980393
0.93725491
0.97254902
0.92156863
0.94901961
0.98823529
0.94509804
0.90980393
0.98431373
0.96862745
0.87058824
0.84705883
0.76078433
0.70196080
0.83921570
0.89411765
0.92156863
0.88235295
0.89803922
0.93725491
0.90196079
0.86666667
0.88235295
0.92549020
0.90196079
0.96862745
0.90196079
0.91764706
0.94117647
0.93333334
0.72941178
0.69019610
0.89803922
0.94509804
0.97254902
0.91372550
0.93725491
0.98431373
0.93333334
0.89411765
0.97254902
0.95294118
0.87450981
0.85098040
0.75686276
0.67450982
0.82352942
0.86666667
0.90588236
0.85098040
0.85490197
0.92156863
0.88235295
0.84313726
0.85882354
0.90980393
0.83921570
0.93333334
0.89803922
0.89019608
0.93333334
0.89411765
0.69019610
0.69803923
0.89803922
0.93725491
0.96862745
0.90588236
0.91764706
0.96078432
0.90588236
0.90980393
0.96470588
0.94117647
0.86274511
0.83529413
0.74901962
0.64313728
0.80784315
0.83529413
0.88235295
0.83529413
0.83921570
0.90196079
0.85490197
0.83921570
0.83921570
0.89019608
0.78431374
0.80784315
0.81568629
0.80784315
0.92941177
0.81176472
0.50980395
0.67843139
0.90196079
0.91372550
0.95686275
0.88235295
0.85882354
0.90980393
0.86666667
0.90588236
0.94901961
0.90196079
0.83137256
0.79215688
0.72549021
0.58823532
0.76862746
0.78823531
0.85098040
0.81568629
0.82745099
0.85882354
0.81568629
0.82745099
0.83137256
0.86666667
0.72549021
0.68627453
0.73333335
0.74117649
0.82352942
0.77254903
0.53725493
0.61568630
0.72156864
0.73333335
0.86666667
0.86274511
0.80784315
0.85490197
0.81960785
0.85882354
0.90588236
0.84705883
0.82745099
0.78823531
0.70196080
0.57647061
0.77254903
0.80000001
0.80784315
0.79607844
0.81568629
0.82352942
0.77647060
0.80392158
0.80784315
0.80784315
0.75294119
0.79607844
0.70196080
0.60784316
0.47843137
0.41568628
0.39215687
0.36862746
0.34509805
0.28627452
0.43529412
0.71764708
0.79215688
0.84313726
0.77647060
0.72549021
0.80784315
0.75686276
0.70196080
0.67843139
0.62745100
0.54901963
0.66666669
0.68627453
0.63137257
0.70196080
0.73333335
0.72156864
0.70588237
0.74117649
0.76470590
0.72549021
0.72941178
0.76862746
0.62352943
0.53725493
0.50196081
0.50196081
0.49411765
0.49411765
0.50196081
0.35294119
0.34509805
0.48627451
0.61960787
0.67450982
0.61176473
0.53725493
0.69019610
0.62352943
0.48235294
0.49411765
0.48235294
0.43921569
0.44705883
0.44705883
0.44705883
0.50196081
0.52549022
0.52549022
0.53725493
0.56470591
0.59607846
0.57254905
0.62745100
0.65490198
0.57647061
0.54509807
0.56470591
0.54901963
0.50980395
0.51372552
0.47058824
0.40784314
0.58431375
0.51372552
0.58823532
0.55294120
0.41568628
0.41176471
0.50196081
0.45882353
0.34901962
0.40000001
0.38431373
0.34509805
0.41960785
0.45098040
0.40784314
0.41568628
0.41960785
0.46274510
0.44313726
0.45098040
0.48235294
0.52549022
0.59215689
0.57254905
0.50196081
0.49803922
0.49803922
0.47058824
0.43529412
0.40784314
0.47843137
0.50196081
0.52549022
0.43137255
0.54509807
0.71372551
0.44705883
0.45882353
0.42745098
0.43921569
0.34509805
0.40784314
0.43137255
0.41568628
0.55686277
0.53725493
0.44313726
0.36862746
0.45490196
0.57254905
0.49803922
0.49019608
0.58039218
0.64705884
0.64705884
0.59215689
0.55686277
0.50980395
0.49803922
0.49803922
0.48235294
0.44705883
0.64705884
0.74901962
0.70588237
0.55686277
0.39215687
0.72156864
0.54901963
0.42745098
0.42352942
0.42352942
0.39215687
0.50980395
0.51764709
0.40784314
0.50588238
0.50980395
0.42745098
0.46274510
0.60392159
0.67058825
0.65882355
0.59215689
0.60784316
0.64705884
0.60392159
0.54509807
0.50980395
0.49019608
0.50588238
0.54901963
0.52549022
0.53725493
0.70196080
0.75686276
0.79607844
0.72549021
0.43921569
0.59607846
0.62745100
0.32941177
0.41176471
0.42745098
0.47058824
0.52549022
0.49411765
0.41568628
0.44313726
0.39607844
0.42352942
0.47450981
0.51372552
0.56862748
0.63137257
0.62352943
0.60000002
0.63137257
0.61960787
0.58431375
0.57254905
0.57647061
0.56862748
0.60784316
0.58823532
0.63137257
0.71372551
0.69411767
0.70980394
0.70980394
0.58039218
0.46274510
0.61568630
0.31372550
0.30588236
0.37647060
0.49803922
0.50196081
0.49019608
0.44705883
0.45490196
0.44313726
0.45098040
0.52549022
0.62352943
0.65882355
0.69019610
0.72156864
0.74509805
0.74901962
0.74509805
0.72549021
0.77254903
0.76862746
0.74509805
0.72156864
0.67450982
0.67843139
0.68627453
0.65882355
0.67058825
0.64705884
0.63921571
0.38823530
0.34117648
0.27843139
0.26274511
0.31764707
0.59215689
0.58431375
0.60392159
0.56862748
0.60000002
0.70196080
0.72156864
0.75686276
0.78823531
0.80392158
0.81176472
0.81568629
0.81960785
0.82352942
0.83137256
0.78431374
0.77647060
0.78823531
0.76470590
0.67058825
0.52549022
0.52941179
0.54509807
0.60784316
0.64705884
0.63137257
0.65882355
0.44313726
0.28627452
0.36078432
0.35294119
0.33725491
0.64705884
0.62352943
0.65490198
0.69019610
0.68627453
0.72549021
0.77647060
0.78823531
0.80392158
0.81568629
0.82352942
0.82352942
0.82352942
0.81568629
0.78823531
0.74509805
0.66666669
0.66666669
0.66274512
0.58039218
0.42352942
0.47843137
0.55686277
0.60000002
0.65490198
0.64705884
0.65490198
0.55686277
0.57647061
0.70980394
0.59607846
0.43529412
0.61568630
0.66666669
0.68235296
0.61568630
0.55294120
0.56078434
0.71372551
0.79215688
0.81568629
0.82745099
0.81960785
0.79215688
0.74901962
0.70980394
0.65490198
0.63529414
0.60784316
0.62745100
0.69803923
0.66274512
0.57647061
0.61568630
0.65490198
0.62745100
0.66274512
0.63529414
0.63137257
0.61176473
0.61960787
0.58823532
0.58823532
0.58039218
0.63529414
0.58039218
0.50196081
0.47450981
0.54117650
0.64313728
0.69411767
0.76078433
0.78039217
0.73725492
0.69803923
0.67058825
0.66666669
0.67450982
0.67450982
0.69019610
0.70588237
0.65882355
0.69019610
0.70980394
0.66666669
0.67843139
0.68627453
0.67450982
0.65882355
0.64705884
0.63921571
0.58823532
0.52156866
0.46274510
0.49019608
0.60000002
0.56078434
0.45882353
0.49803922
0.65098041
0.73725492
0.77254903
0.72941178
0.69019610
0.66274512
0.63921571
0.67058825
0.69803923
0.72549021
0.74509805
0.74901962
0.72941178
0.70588237
0.64705884
0.67450982
0.69411767
0.67843139
0.67450982
0.68627453
0.69803923
0.64313728
0.61176473
0.53333336
0.45490196
0.40392157
0.34117648
0.38431373
0.56470591
0.65098041
0.64705884
0.65882355
0.69019610
0.69019610
0.68235296
0.70196080
0.66666669
0.64313728
0.72156864
0.74509805
0.74117649
0.72549021
0.70980394
0.65882355
0.58823532
0.50588238
0.46274510
0.61568630
0.67843139
0.67843139
0.67843139
0.67058825
0.63529414
0.52156866
0.43921569
0.41568628
0.37254903
0.31372550
0.32941177
0.33725491
0.30588236
0.64705884
0.67450982
0.69411767
0.68627453
0.68235296
0.69019610
0.70196080
0.69019610
0.64313728
0.67058825
0.67058825
0.67843139
0.68627453
0.67058825
0.49411765
0.36862746
0.34509805
0.33333334
0.55686277
0.67450982
0.63529414
0.59607846
0.53333336
0.45882353
0.42352942
0.40784314
0.36862746
0.31372550
0.30980393
0.34509805
0.24705882
0.15294118
0.48627451
0.65098041
0.69803923
0.68627453
0.68627453
0.67843139
0.60392159
0.54509807
0.50980395
0.49411765
0.47843137
0.60392159
0.68235296
0.66274512
0.51372552
0.42352942
0.44705883
0.44705883
0.52549022
0.52156866
0.47450981
0.44313726
0.42745098
0.42352942
0.37254903
0.33725491
0.29411766
0.27058825
0.28627452
0.23137255
0.16862746
0.14901961
0.43529412
0.58823532
0.62745100
0.62352943
0.63921571
0.61960787
0.45490196
0.39215687
0.40784314
0.43921569
0.45098040
0.59215689
0.67450982
0.65882355
0.58431375
0.51372552
0.46666667
0.41960785
0.41568628
0.41568628
0.41568628
0.42352942
0.39215687
0.32941177
0.27058825
0.28627452
0.26666668
0.25490198
0.21568628
0.17254902
0.15686275
0.14509805
0.44313726
0.54117650
0.59215689
0.60392159
0.63137257
0.63529414
0.50196081
0.46666667
0.50588238
0.53333336
0.56470591
0.57254905
0.51764709
0.44705883
0.39607844
0.38431373
0.39607844
0.40392157
0.42745098
0.42352942
0.38823530
0.31372550
0.28235295
0.29411766
0.33333334
0.30196080
0.23921569
0.22745098
0.20392157
0.17647059
0.16078432
0.15294118
0.45490196
0.53333336
0.60392159
0.59215689
0.58039218
0.56078434
0.51764709
0.48627451
0.46274510
0.40392157
0.35686275
0.34117648
0.33725491
0.35686275
0.38823530
0.39607844
0.39607844
0.38823530
0.36862746
0.32156864
0.28235295
0.28235295
0.29019609
0.27058825
0.30588236
0.26666668
0.20392157
0.19607843
0.20000000
0.18823530
0.18431373
0.18823530
0.37647060
0.39215687
0.41568628
0.38823530
0.36078432
0.33725491
0.32156864
0.31764707
0.32156864
0.30980393
0.31764707
0.32941177
0.34117648
0.35686275
0.36862746
0.34509805
0.30196080
0.26666668
0.26666668
0.29803923
0.29019609
0.28235295
0.25098041
0.23137255
0.24705882
0.21176471
0.19215687
0.19607843
0.19215687
0.18823530
0.20392157
0.18823530
0.23137255
0.22352941
0.21176471
0.21568628
0.23529412
0.23921569
0.24313726
0.26666668
0.30588236
0.30980393
0.30980393
0.30196080
0.28235295
0.26666668
0.27058825
0.25882354
0.23921569
0.27843139
0.38039216
0.32156864
0.25490198
0.23529412
0.21960784
0.22352941
0.20784314
0.19215687
0.18823530
0.19215687
0.19607843
0.19607843
0.19607843
0.13725491
0.19607843
0.18823530
0.17254902
0.17647059
0.19215687
0.20784314
0.20784314
0.21568628
0.22745098
0.23137255
0.21960784
0.21960784
0.23529412
0.25882354
0.27843139
0.26666668
0.23137255
0.29411766
0.40784314
0.29411766
0.20784314
0.21960784
0.22745098
0.20000000
0.19215687
0.18823530
0.19215687
0.20000000
0.19607843
0.20784314
0.14509805
0.07843138
0.17647059
0.17254902
0.15686275
0.16078432
0.17254902
0.18039216
0.18039216
0.18823530
0.20000000
0.22352941
0.24705882
0.25490198
0.26666668
0.26666668
0.26666668
0.23921569
0.19607843
0.25882354
0.36470589
0.24705882
0.19215687
0.21960784
0.18823530
0.18431373
0.18431373
0.18431373
0.19215687
0.20000000
0.20392157
0.18039216
0.05490196
0.01960784
0.15294118
0.16862746
0.16078432
0.17647059
0.19607843
0.21176471
0.21960784
0.23137255
0.24313726
0.25098041
0.25882354
0.25098041
0.25098041
0.23921569
0.22745098
0.19215687
0.14117648
0.20784314
0.33333334
0.23137255
0.19607843
0.18823530
0.18431373
0.18431373
0.18039216
0.18039216
0.17647059
0.19607843
0.21176471
0.09411765
0.01176471
0.01176471
0.18431373
0.19607843
0.20392157
0.21176471
0.21960784
0.21960784
0.21960784
0.22745098
0.22745098
0.21568628
0.20784314
0.19607843
0.17647059
0.15294118
0.11764706
0.07843138
0.04313726
0.12941177
0.28235295
0.21176471
0.17254902
0.17647059
0.17647059
0.18039216
0.17254902
0.17254902
0.16862746
0.20392157
0.14509805
0.03137255
0.01176471
0.02745098
1 0 0 0 0 0 0 0 -1 0 0
0 1 0 0 0 0 0 0 -1 0 0
0 0 1 0 0 0 0 0 -1 0 0
0 0 0 1 0 0 0 0 -1 0 0
0 0 0 0 1 0 0 0 -1 0 0
0 0 0 0 0 1 0 0 -1 0 0
0 0 0 0 0 0 1 0 -1 0 0
0 0 0 0 0 0 0 1 -1 0 0
0 0 0 0 0 0 0 0 -1 1 0
