0.036
0.016
0.02
0.025
0.032
0.018
0.006
0.023
0.022
0.013
0.025
0.029
0.026 +++++
0.019
0.025 +++
0
0.023 +++
0.018
0.018
0.002
0.036 +++
0.008
0.02
0.018
0.012
0.014
0.015
0.053
0.021
0.022
0.025
0.027
0.026
0.023
0.024
0.021
0
0.059
0.012 ++++
0.021
0.023
0.023
0.025
0.038
0.029
0.028
0.036
0.015
0.014
0.024
0.036
0.038 ++++
0.025
0
0.011
0.021
0.032
0.028
0.036
0.022
0.021
0.025
0.017
0.012 +++
0.016
0.021
0.029
0.027 +++
0.024
0.012
0.019
0.026
0.024
0.011
0.016
0
0.025
0.051
0.022
0.007 ++
0.015
0.024
0.027
0.023
0.023
0.005
0.018
0.031
0.024
0.005
0.026
0.023
0.003
0.018 +++
0.024
0.019
0.024
0.035
0.021 +++
0.022