0.035
0.015
0.019
0.025
0.031
0.018
0.005
0.023
0.021
0.012
0.025
0.029
0.021
0.018
0.022
0
0.02
0.017
0.017
0.002
0.033
0.007
0.018
0.016
0.012
0.013
0.013
0.053
0.021
0.022
0.024
0.027
0.026
0.022
0.023
0.019
0
0.059
0.008
0.02
0.021
0.021
0.025
0.037
0.029
0.027
0.035
0.015
0.014
0.024
0.036
0.034
0.024
0
0.011
0.019
0.031
0.027
0.034
0.019
0.019
0.025
0.017
0.009
0.015
0.021
0.028
0.024
0.023
0.012
0.018
0.026
0.022
0.01
0.016
0
0.025
0.05
0.021
0.005
0.015
0.023
0.027
0.021
0.021
0.004
0.018
0.031
0.023
0.004
0.024
0.023
0.002
0.015
0.022
0.018
0.023
0.034
0.018
0.021