0.00000000
0.00000000
0.00000000
0.00000000
0.00000000
0.00000000
0.00000000
0.00000000
0.00000000
0.00000000
0.00000000
0.00000000
0.00000000
0.00000000
0.00000000
0.00000000
0.00000000
0.00000000
0.00000000
0.00000000
0.00000000
0.00000000
0.00000000
0.00000000
0.00000000
0.00000000
0.00000000
0.00000000
0.00000000
0.00000000
0.00000000
0.00000000
0.00000000
0.00000000
0.00000000
0.00000000
0.00000000
0.00000000
0.00000000
0.00000000
0.00000000
0.00000000
0.00000000
0.00000000
0.00000000
0.00000000
0.00000000
0.00000000
0.00000000
0.00000000
0.00000000
0.00000000
0.00000000
0.00000000
0.00000000
0.00000000
0.00000000
0.00000000
0.00000000
0.00000000
0.00000000
0.00000000
0.00000000
0.00000000
0.00000000
0.00000000
0.00000000
0.00000000
0.00000000
0.00000000
0.00000000
0.00000000
0.00000000
0.00000000
0.00000000
0.00000000
0.00000000
0.00000000
0.00000000
0.00000000
0.00000000
0.00000000
0.00000000
0.00000000
0.00000000
0.00000000
0.00000000
0.00000000
0.00000000
0.00000000
0.00000000
0.00000000
0.00000000
0.00000000
0.00000000
0.00000000
0.00000000
0.00000000
0.00000000
0.00000000
0.00000000
0.00000000
0.00000000
0.00000000
0.00000000
0.00000000
0.00000000
0.00000000
0.00000000
0.00000000
0.00000000
0.00000000
0.00000000
0.00000000
0.00000000
0.00000000
0.00000000
0.00000000
0.00000000
0.00000000
0.00000000
0.00000000
0.00000000
0.00784314
0.36862746
0.53725493
0.53725493
0.75294119
0.53725493
0.51372552
0.07058824
0.05882353
0.00000000
0.00000000
0.00000000
0.00000000
0.00000000
0.00000000
0.00000000
0.00000000
0.00000000
0.00000000
0.00000000
0.00000000
0.00000000
0.00000000
0.00000000
0.00000000
0.05098039
0.14117648
0.57647061
0.22352941
0.99607843
0.99607843
0.99607843
0.78039217
0.93725491
0.83529413
0.74509805
0.92549020
0.49019608
0.03137255
0.00000000
0.00000000
0.00000000
0.00000000
0.00000000
0.00000000
0.00000000
0.00000000
0.00000000
0.00000000
0.00000000
0.00000000
0.04705882
0.21176471
0.70196080
0.99607843
0.99607843
0.99607843
0.78823531
0.43529412
0.56862748
0.40000001
0.18039216
0.00000000
0.24313726
0.88627452
0.72156864
0.58823532
0.03137255
0.00000000
0.00000000
0.00000000
0.00000000
0.00000000
0.00000000
0.00000000
0.00000000
0.00000000
0.00000000
0.00000000
0.21176471
0.99607843
0.99607843
0.99607843
0.99215686
0.67450982
0.09411765
0.00000000
0.00000000
0.00000000
0.00000000
0.00000000
0.00000000
0.60392159
0.92941177
0.99607843
0.13725491
0.00000000
0.00000000
0.00000000
0.00000000
0.00000000
0.00000000
0.00000000
0.00000000
0.00000000
0.00000000
0.00000000
0.21176471
0.99607843
0.99607843
0.85098040
0.20000000
0.00000000
0.00000000
0.00000000
0.00000000
0.00000000
0.00000000
0.00000000
0.00000000
0.49411765
0.83529413
0.99607843
0.30196080
0.00000000
0.00000000
0.00000000
0.00000000
0.00000000
0.00000000
0.00000000
0.00000000
0.00000000
0.00000000
0.00000000
0.02745098
0.46274510
0.20000000
0.06666667
0.00000000
0.00000000
0.00000000
0.00000000
0.00000000
0.00000000
0.00000000
0.00000000
0.00000000
0.10980392
0.63137257
0.78039217
0.60000002
0.00000000
0.00000000
0.00000000
0.00000000
0.00000000
0.00000000
0.00000000
0.00000000
0.00000000
0.00000000
0.00000000
0.00000000
0.00000000
0.00000000
0.00000000
0.00000000
0.00000000
0.00000000
0.00000000
0.00000000
0.00000000
0.00000000
0.00000000
0.00000000
0.00000000
0.13725491
0.90196079
0.60000002
0.00000000
0.00000000
0.00000000
0.00000000
0.00000000
0.00000000
0.00000000
0.00000000
0.00000000
0.00000000
0.00000000
0.00000000
0.00000000
0.00000000
0.00000000
0.00000000
0.00000000
0.00000000
0.00000000
0.00000000
0.00000000
0.00000000
0.00000000
0.00000000
0.01960784
0.32941177
0.99607843
0.60000002
0.00000000
0.00000000
0.00000000
0.00000000
0.00000000
0.00000000
0.00000000
0.00000000
0.00000000
0.00000000
0.00000000
0.00000000
0.00000000
0.00000000
0.00000000
0.00000000
0.00000000
0.00000000
0.00000000
0.00000000
0.00000000
0.00000000
0.00000000
0.00000000
0.48235294
0.99607843
0.99607843
0.30980393
0.00000000
0.00000000
0.00000000
0.00000000
0.00000000
0.00000000
0.00000000
0.00000000
0.00000000
0.00000000
0.00000000
0.00000000
0.00000000
0.00000000
0.00000000
0.00000000
0.00000000
0.00000000
0.00000000
0.00000000
0.00000000
0.00000000
0.00000000
0.08235294
0.89411765
0.99607843
0.99607843
0.13725491
0.00000000
0.00000000
0.00000000
0.00000000
0.00000000
0.00000000
0.00000000
0.00000000
0.00000000
0.00000000
0.00000000
0.00000000
0.00000000
0.00000000
0.00000000
0.00000000
0.00000000
0.00000000
0.00000000
0.00000000
0.00000000
0.00000000
0.00000000
0.25882354
0.99607843
0.99607843
0.99607843
0.13725491
0.00000000
0.00000000
0.00000000
0.00000000
0.00000000
0.00000000
0.00000000
0.00000000
0.00000000
0.00000000
0.00000000
0.00000000
0.00000000
0.00000000
0.00000000
0.18431373
0.37647060
0.37647060
0.37647060
0.37647060
0.06274510
0.00000000
0.00000000
0.58039218
0.99607843
0.99607843
0.54901963
0.02352941
0.00000000
0.00000000
0.00000000
0.00000000
0.00000000
0.00000000
0.00000000
0.00000000
0.00000000
0.00000000
0.00000000
0.00000000
0.00000000
0.36470589
0.85490197
0.95294118
0.99607843
0.99607843
0.99607843
0.99607843
0.92156863
0.90980393
0.47450981
0.96078432
0.99607843
0.76470590
0.01960784
0.00000000
0.00000000
0.00000000
0.00000000
0.00000000
0.00000000
0.00000000
0.00000000
0.00000000
0.00000000
0.00000000
0.00000000
0.10980392
0.86274511
0.99607843
0.99607843
0.94117647
0.48627451
0.48627451
0.27058825
0.12941177
0.01960784
0.24705882
0.98823529
0.99607843
0.99607843
0.74117649
0.00000000
0.00000000
0.00000000
0.00000000
0.00000000
0.00000000
0.00000000
0.00000000
0.00000000
0.00000000
0.00000000
0.00000000
0.00000000
0.21176471
0.99607843
0.99607843
0.75294119
0.01960784
0.00000000
0.00000000
0.00000000
0.00000000
0.04705882
0.72549021
0.99607843
1.00000000
0.99607843
0.74117649
0.00000000
0.00000000
0.00000000
0.00000000
0.00000000
0.00000000
0.00000000
0.00000000
0.00000000
0.00000000
0.00000000
0.00000000
0.18039216
0.72549021
0.99607843
0.93333334
0.25490198
0.00000000
0.00000000
0.00000000
0.00000000
0.28627452
0.78039217
0.99607843
0.81568629
0.81176472
0.93333334
0.90980393
0.13725491
0.00000000
0.00000000
0.00000000
0.00000000
0.00000000
0.00000000
0.00000000
0.00000000
0.00000000
0.00000000
0.05098039
0.89019608
0.99607843
0.99607843
0.31372550
0.00000000
0.00000000
0.00000000
0.00000000
0.29019609
0.93333334
0.99607843
0.67843139
0.00784314
0.00000000
0.48627451
0.92549020
0.20784314
0.00000000
0.00000000
0.00000000
0.00000000
0.00000000
0.00000000
0.00000000
0.00000000
0.00000000
0.00000000
0.07058824
0.99607843
0.99607843
0.99607843
0.18431373
0.00000000
0.16078432
0.32941177
0.61960787
0.93725491
0.99607843
0.33333334
0.11764706
0.00000000
0.00000000
0.00000000
0.27058825
0.14117648
0.00000000
0.00000000
0.00000000
0.00000000
0.00000000
0.00000000
0.00000000
0.00000000
0.00000000
0.00000000
0.01176471
0.47843137
0.99607843
0.99607843
0.72156864
0.59215689
0.92941177
0.76862746
0.50196081
0.35686275
0.13725491
0.02352941
0.00000000
0.00000000
0.00000000
0.00000000
0.00000000
0.00000000
0.00000000
0.00000000
0.00000000
0.00000000
0.00000000
0.00000000
0.00000000
0.00000000
0.00000000
0.00000000
0.00000000
0.01176471
0.28627452
0.41568628
0.91372550
0.58431375
0.73725492
0.03529412
0.02745098
0.00000000
0.00000000
0.00000000
0.00000000
0.00000000
0.00000000
0.00000000
0.00000000
0.00000000
0.00000000
0.00000000
0.00000000
0.00000000
0.00000000
0.00000000
0.00000000
0.00000000
0.00000000
0.00000000
0.00000000
0.00000000
0.00000000
0.00000000
0.00000000
0.00000000
0.00000000
0.00000000
0.00000000
0.00000000
0.00000000
0.00000000
0.00000000
0.00000000
0.00000000
0.00000000
0.00000000
0.00000000
0.00000000
0.00000000
0.00000000
0.00000000
0.00000000
0.00000000
0.00000000
0.00000000
0.00000000
0.00000000
0.00000000
0.00000000
0.00000000
0.00000000
0.00000000
0.00000000
0.00000000
0.00000000
0.00000000
0.00000000
0.00000000
0.00000000
0.00000000
0.00000000
0.00000000
0.00000000
0.00000000
0.00000000
0.00000000
0.00000000
0.00000000
0.00000000
0.00000000
0.00000000
0.00000000
0.00000000
0.00000000
0.00000000
0.00000000
0.00000000
0.00000000
0.00000000
0.00000000
0.00000000
0.00000000
0.00000000
0.00000000
0.00000000
0.00000000
0.00000000
0.00000000
0.00000000
0.00000000
0.00000000
0.00000000
0.00000000
0.00000000
0.00000000
0.00000000
0.00000000
0.00000000
0.00000000
0.00000000
0.00000000
0.00000000
0.00000000
0.00000000
0.00000000
0.00000000
0.00000000
0.00000000
0.00000000
0.00000000
0.00000000
0.00000000
0.00000000
0.00000000
0.00000000
0.00000000
0.00000000
0.00000000
0.00000000
0.00000000
0.00000000
0.00000000
0.00000000
0.00000000
0.00000000
0.00000000
0.00000000
1 0 -1 0 0 0 0 0 0 0 0
0 1 -1 0 0 0 0 0 0 0 0
0 0 -1 1 0 0 0 0 0 0 0
0 0 -1 0 1 0 0 0 0 0 0
0 0 -1 0 0 1 0 0 0 0 0
0 0 -1 0 0 0 1 0 0 0 0
0 0 -1 0 0 0 0 1 0 0 0
0 0 -1 0 0 0 0 0 1 0 0
0 0 -1 0 0 0 0 0 0 1 0
