0.00000000
0.00000000
0.00000000
0.00000000
0.00000000
0.00000000
0.00000000
0.00000000
0.00000000
0.00000000
0.00000000
0.00000000
0.00000000
0.00000000
0.00000000
0.00000000
0.00000000
0.00000000
0.00000000
0.00000000
0.00000000
0.00000000
0.00000000
0.00000000
0.00000000
0.00000000
0.00000000
0.00000000
0.00000000
0.00000000
0.00000000
0.00000000
0.00000000
0.00000000
0.00000000
0.00000000
0.00000000
0.00000000
0.00000000
0.00000000
0.00000000
0.00000000
0.00000000
0.00000000
0.00000000
0.00000000
0.00000000
0.00000000
0.00000000
0.00000000
0.00000000
0.00000000
0.00000000
0.00000000
0.00000000
0.00000000
0.00000000
0.00000000
0.00000000
0.00000000
0.00000000
0.00000000
0.00000000
0.00000000
0.00000000
0.00000000
0.00000000
0.00000000
0.00000000
0.00000000
0.00000000
0.00000000
0.00000000
0.00000000
0.00000000
0.00000000
0.00000000
0.00000000
0.00000000
0.00000000
0.00000000
0.00000000
0.00000000
0.00000000
0.00000000
0.00000000
0.00000000
0.00000000
0.00000000
0.00000000
0.00000000
0.00000000
0.00000000
0.00000000
0.00000000
0.00000000
0.11764706
0.35686275
0.60392159
0.99607843
0.99607843
1.00000000
0.66274512
0.04705882
0.00000000
0.00000000
0.00000000
0.00000000
0.00000000
0.00000000
0.00000000
0.00000000
0.00000000
0.00000000
0.00000000
0.00000000
0.00000000
0.00000000
0.00000000
0.00000000
0.00000000
0.00000000
0.01960784
0.06666667
0.78431374
0.99215686
0.99215686
0.99215686
0.99215686
0.99215686
0.99215686
0.74117649
0.29803923
0.00000000
0.00000000
0.00000000
0.00000000
0.00000000
0.00000000
0.00000000
0.00000000
0.00000000
0.00000000
0.00000000
0.00000000
0.00000000
0.00000000
0.00000000
0.00000000
0.00000000
0.25882354
0.99215686
0.99215686
0.97647059
0.57254905
0.57254905
0.76470590
0.99215686
0.99215686
0.99215686
0.65490198
0.02745098
0.00000000
0.00000000
0.00000000
0.00000000
0.00000000
0.00000000
0.00000000
0.00000000
0.00000000
0.00000000
0.00000000
0.00000000
0.00000000
0.00000000
0.00000000
0.07450981
0.76862746
0.99215686
0.74117649
0.21568628
0.00000000
0.00000000
0.10196079
0.32549021
0.92941177
0.99215686
0.99215686
0.14509805
0.00000000
0.00000000
0.00000000
0.00000000
0.00000000
0.00000000
0.00000000
0.00000000
0.00000000
0.00000000
0.00000000
0.00000000
0.00000000
0.00000000
0.09803922
0.76470590
0.99215686
0.69411767
0.34509805
0.00000000
0.00000000
0.00000000
0.00000000
0.00000000
0.51372552
0.99215686
0.99215686
0.70196080
0.00000000
0.00000000
0.00000000
0.00000000
0.00000000
0.00000000
0.00000000
0.00000000
0.00000000
0.00000000
0.00000000
0.00000000
0.00000000
0.00000000
0.19607843
0.99215686
0.77254903
0.06274510
0.00000000
0.00000000
0.00000000
0.00000000
0.00000000
0.00000000
0.51372552
0.99215686
0.99215686
0.70196080
0.00000000
0.00000000
0.00000000
0.00000000
0.00000000
0.00000000
0.00000000
0.00000000
0.00000000
0.00000000
0.00000000
0.00000000
0.00000000
0.00000000
0.09019608
0.74509805
0.73333335
0.00000000
0.00000000
0.00000000
0.00000000
0.00000000
0.00000000
0.09019608
0.77647060
0.99215686
0.99215686
0.70196080
0.00000000
0.00000000
0.00000000
0.00000000
0.00000000
0.00000000
0.00000000
0.00000000
0.00000000
0.00000000
0.00000000
0.00000000
0.00000000
0.00000000
0.00000000
0.05098039
0.07058824
0.00000000
0.00000000
0.00000000
0.00000000
0.00000000
0.00000000
0.16470589
0.99215686
0.99215686
0.99215686
0.11764706
0.00000000
0.00000000
0.00000000
0.00000000
0.00000000
0.00000000
0.00000000
0.00000000
0.00000000
0.00000000
0.00000000
0.00000000
0.00000000
0.00000000
0.00000000
0.00000000
0.00000000
0.00000000
0.00000000
0.00000000
0.00000000
0.00000000
0.00000000
0.16470589
0.99215686
0.99215686
0.99215686
0.05882353
0.00000000
0.00000000
0.00000000
0.00000000
0.00000000
0.00000000
0.00000000
0.00000000
0.00000000
0.00000000
0.00000000
0.00000000
0.00000000
0.00000000
0.00000000
0.00000000
0.00000000
0.00000000
0.00000000
0.00000000
0.00000000
0.00000000
0.00000000
0.78823531
0.99215686
0.99215686
0.80392158
0.03921569
0.00000000
0.00000000
0.00000000
0.00000000
0.00000000
0.00000000
0.00000000
0.00000000
0.00000000
0.00000000
0.00000000
0.00000000
0.00000000
0.01960784
0.03529412
0.03529412
0.02745098
0.02352941
0.00392157
0.00000000
0.00000000
0.00000000
0.30980393
0.93333334
0.99215686
0.99215686
0.41568628
0.00000000
0.00000000
0.00000000
0.00000000
0.00000000
0.00000000
0.00000000
0.00000000
0.00000000
0.00000000
0.00000000
0.00000000
0.00000000
0.05098039
0.68235296
0.99215686
0.99215686
0.83529413
0.76078433
0.40392157
0.38823530
0.38823530
0.38823530
0.66274512
0.99215686
0.99215686
0.90196079
0.25490198
0.00000000
0.00000000
0.00000000
0.00000000
0.00000000
0.00000000
0.00000000
0.00000000
0.00000000
0.00000000
0.00000000
0.00784314
0.37254903
0.77254903
0.99215686
0.99215686
0.99215686
0.99215686
0.99215686
0.99215686
0.99215686
0.99215686
0.99215686
0.99215686
0.99215686
0.94117647
0.27450982
0.00000000
0.00000000
0.00000000
0.00000000
0.00000000
0.00000000
0.00000000
0.00000000
0.00000000
0.00000000
0.00000000
0.00000000
0.06666667
0.99215686
0.99215686
0.99215686
0.61176473
0.54117650
0.54117650
0.54117650
0.98039216
0.99215686
0.99215686
0.99215686
0.99215686
0.99215686
0.47843137
0.00000000
0.00000000
0.00000000
0.00000000
0.00000000
0.00000000
0.00000000
0.00000000
0.00000000
0.00000000
0.00000000
0.00000000
0.00000000
0.58431375
0.99215686
0.97254902
0.51764709
0.03137255
0.00000000
0.04313726
0.16470589
0.55294120
0.99215686
0.99215686
0.99215686
0.99215686
0.99215686
0.47843137
0.00000000
0.00000000
0.00000000
0.00000000
0.00000000
0.00000000
0.00000000
0.00000000
0.00000000
0.00000000
0.00000000
0.00000000
0.00000000
0.70588237
0.99215686
0.86274511
0.00000000
0.00000000
0.28627452
0.63921571
0.99215686
0.99215686
0.99215686
0.99215686
0.99215686
0.99215686
0.99215686
0.74509805
0.40000001
0.00000000
0.00000000
0.00000000
0.00000000
0.00000000
0.00000000
0.00000000
0.00000000
0.00000000
0.00000000
0.00000000
0.00000000
0.70588237
0.99215686
0.97647059
0.87058824
0.87058824
0.93725491
0.99215686
0.99215686
0.99215686
0.99215686
0.90196079
0.76470590
0.86666667
0.99215686
0.99215686
0.76470590
0.00000000
0.00000000
0.00000000
0.00000000
0.00000000
0.00000000
0.00000000
0.00000000
0.00000000
0.00000000
0.00000000
0.00000000
0.33333334
0.99215686
0.99215686
0.99215686
0.99215686
0.99215686
0.99215686
0.99215686
0.80392158
0.41568628
0.25490198
0.00000000
0.45490196
0.99215686
0.99215686
0.89803922
0.24313726
0.00000000
0.00000000
0.00000000
0.00000000
0.00000000
0.00000000
0.00000000
0.00000000
0.00000000
0.00000000
0.00000000
0.04705882
0.70196080
0.92941177
0.99215686
0.99215686
0.99215686
0.72941178
0.30588236
0.03921569
0.00000000
0.00000000
0.00000000
0.45490196
0.99215686
0.99215686
0.99215686
0.41568628
0.00000000
0.00000000
0.00000000
0.00000000
0.00000000
0.00000000
0.00000000
0.00000000
0.00000000
0.00000000
0.00000000
0.00000000
0.00000000
0.27450982
0.34901962
0.34901962
0.34901962
0.03529412
0.00000000
0.00000000
0.00000000
0.00000000
0.00000000
0.16078432
0.45490196
0.99215686
0.84313726
0.14509805
0.00000000
0.00000000
0.00000000
0.00000000
0.00000000
0.00000000
0.00000000
0.00000000
0.00000000
0.00000000
0.00000000
0.00000000
0.00000000
0.00000000
0.00000000
0.00000000
0.00000000
0.00000000
0.00000000
0.00000000
0.00000000
0.00000000
0.00000000
0.00000000
0.00000000
0.00000000
0.00000000
0.00000000
0.00000000
0.00000000
0.00000000
0.00000000
0.00000000
0.00000000
0.00000000
0.00000000
0.00000000
0.00000000
0.00000000
0.00000000
0.00000000
0.00000000
0.00000000
0.00000000
0.00000000
0.00000000
0.00000000
0.00000000
0.00000000
0.00000000
0.00000000
0.00000000
0.00000000
0.00000000
0.00000000
0.00000000
0.00000000
0.00000000
0.00000000
0.00000000
0.00000000
0.00000000
0.00000000
0.00000000
0.00000000
0.00000000
0.00000000
0.00000000
0.00000000
0.00000000
0.00000000
0.00000000
0.00000000
0.00000000
0.00000000
0.00000000
0.00000000
0.00000000
0.00000000
0.00000000
0.00000000
0.00000000
0.00000000
0.00000000
0.00000000
0.00000000
0.00000000
0.00000000
0.00000000
0.00000000
0.00000000
0.00000000
0.00000000
0.00000000
0.00000000
0.00000000
0.00000000
0.00000000
0.00000000
0.00000000
0.00000000
0.00000000
0.00000000
0.00000000
0.00000000
0.00000000
0.00000000
0.00000000
0.00000000
0.00000000
0.00000000
0.00000000
0.00000000
0.00000000
0.00000000
0.00000000
0.00000000
0.00000000
0.00000000
0.00000000
0.00000000
0.00000000
0.00000000
0.00000000
0.00000000
0.00000000
0.00000000
0.00000000
0.00000000
0.00000000
0.00000000
0.00000000
0.00000000
0.00000000
0.00000000
0.00000000
0.00000000
0.00000000
0.00000000
0.00000000
0.00000000
0.00000000
0.00000000
0.00000000
0.00000000
0.00000000
0.00000000
1 0 -1 0 0 0 0 0 0 0 0
0 1 -1 0 0 0 0 0 0 0 0
0 0 -1 1 0 0 0 0 0 0 0
0 0 -1 0 1 0 0 0 0 0 0
0 0 -1 0 0 1 0 0 0 0 0
0 0 -1 0 0 0 1 0 0 0 0
0 0 -1 0 0 0 0 1 0 0 0
0 0 -1 0 0 0 0 0 1 0 0
0 0 -1 0 0 0 0 0 0 1 0
