0.00000000
0.00000000
0.00000000
0.00000000
0.00000000
0.00000000
0.00000000
0.00000000
0.00000000
0.00000000
0.00000000
0.00000000
0.00000000
0.00000000
0.00000000
0.00000000
0.00000000
0.00000000
0.00000000
0.00000000
0.00000000
0.00000000
0.00000000
0.00000000
0.00000000
0.00000000
0.00000000
0.00000000
0.00000000
0.00000000
0.00000000
0.00000000
0.00000000
0.00000000
0.00000000
0.00000000
0.00000000
0.00000000
0.00000000
0.00000000
0.00000000
0.00000000
0.00000000
0.00000000
0.00000000
0.00000000
0.00000000
0.00000000
0.00000000
0.00000000
0.00000000
0.00000000
0.00000000
0.00000000
0.00000000
0.00000000
0.00000000
0.00000000
0.00000000
0.00000000
0.00000000
0.00000000
0.00000000
0.00000000
0.00000000
0.00000000
0.00000000
0.00000000
0.00000000
0.00000000
0.00000000
0.00000000
0.00000000
0.00000000
0.00000000
0.00000000
0.00000000
0.00000000
0.00000000
0.00000000
0.00000000
0.00000000
0.00000000
0.00000000
0.00000000
0.00000000
0.00000000
0.00000000
0.00000000
0.00000000
0.00000000
0.00000000
0.00000000
0.00000000
0.00000000
0.00000000
0.00000000
0.00000000
0.00000000
0.00000000
0.00000000
0.00000000
0.00000000
0.00000000
0.00000000
0.00000000
0.00000000
0.00000000
0.00000000
0.00000000
0.00000000
0.00000000
0.00000000
0.00000000
0.00000000
0.00000000
0.00000000
0.00000000
0.00000000
0.00000000
0.00000000
0.00000000
0.00000000
0.00000000
0.00000000
0.00000000
0.00000000
0.00000000
0.00000000
0.12549020
0.41568628
0.90588236
0.99607843
0.65490198
0.03529412
0.00000000
0.00000000
0.00000000
0.00000000
0.00000000
0.00000000
0.00000000
0.00000000
0.00000000
0.00000000
0.00000000
0.00000000
0.00000000
0.00000000
0.00000000
0.00000000
0.00000000
0.00000000
0.00000000
0.00000000
0.00000000
0.38823530
0.98039216
0.99215686
0.99215686
0.99215686
0.94901961
0.49411765
0.00000000
0.00000000
0.00000000
0.00000000
0.00000000
0.00000000
0.00000000
0.00000000
0.00000000
0.00000000
0.00000000
0.00000000
0.00000000
0.00000000
0.00000000
0.00000000
0.00000000
0.00000000
0.00000000
0.00000000
0.57647061
0.96470588
0.99215686
0.99215686
0.99215686
0.97647059
0.53725493
0.37647060
0.00000000
0.00000000
0.00000000
0.00000000
0.00000000
0.00000000
0.00000000
0.00000000
0.00000000
0.00000000
0.00000000
0.00000000
0.00000000
0.00000000
0.00000000
0.00000000
0.00000000
0.00000000
0.00000000
0.76862746
0.98039216
0.99215686
0.68235296
0.56862748
0.90588236
0.98823529
0.90980393
0.17254902
0.00000000
0.00000000
0.00000000
0.00000000
0.00000000
0.00000000
0.00000000
0.00000000
0.00000000
0.00000000
0.00000000
0.00000000
0.00000000
0.00000000
0.00000000
0.00000000
0.00000000
0.06666667
0.59607846
0.99607843
0.99215686
0.64313728
0.01568628
0.00000000
0.00000000
0.62745100
0.99215686
0.75686276
0.03137255
0.00000000
0.00000000
0.00000000
0.00000000
0.00000000
0.00000000
0.00000000
0.00000000
0.00000000
0.00000000
0.00000000
0.00000000
0.00000000
0.00000000
0.00000000
0.06274510
0.54509807
0.99215686
0.99607843
0.45098040
0.03921569
0.00000000
0.00000000
0.00000000
0.13725491
0.99215686
0.99215686
0.12941177
0.00000000
0.00000000
0.00000000
0.00000000
0.00000000
0.00000000
0.00000000
0.00000000
0.00000000
0.00000000
0.00000000
0.00000000
0.00000000
0.00000000
0.00392157
0.58823532
0.99215686
0.99215686
0.27450982
0.02745098
0.00000000
0.00000000
0.00000000
0.00000000
0.02745098
0.82352942
0.99215686
0.12941177
0.00000000
0.00000000
0.00000000
0.00000000
0.00000000
0.00000000
0.00000000
0.00000000
0.00000000
0.00000000
0.00000000
0.00000000
0.00000000
0.00000000
0.57254905
0.99215686
0.94117647
0.63137257
0.00000000
0.00000000
0.00000000
0.00000000
0.00000000
0.00000000
0.12156863
0.99215686
0.94117647
0.10588235
0.00000000
0.00000000
0.00000000
0.00000000
0.00000000
0.00000000
0.00000000
0.00000000
0.00000000
0.00000000
0.00000000
0.00000000
0.00000000
0.39215687
0.97254902
0.99215686
0.55686277
0.00000000
0.00000000
0.00000000
0.00000000
0.00000000
0.00000000
0.00000000
0.47843137
0.99215686
0.69019610
0.00000000
0.00000000
0.00000000
0.00000000
0.00000000
0.00000000
0.00000000
0.00000000
0.00000000
0.00000000
0.00000000
0.00000000
0.00000000
0.19215687
0.96862745
0.99215686
0.72941178
0.14509805
0.00000000
0.00000000
0.00000000
0.00000000
0.00000000
0.00000000
0.00000000
0.66666669
0.91764706
0.20000000
0.00000000
0.00000000
0.00000000
0.00000000
0.00000000
0.00000000
0.00000000
0.00000000
0.00000000
0.00000000
0.00000000
0.00000000
0.10980392
0.84705883
0.99607843
0.99215686
0.34117648
0.00000000
0.00000000
0.00000000
0.00000000
0.00000000
0.00000000
0.03137255
0.62352943
1.00000000
0.76470590
0.00000000
0.00000000
0.00000000
0.00000000
0.00000000
0.00000000
0.00000000
0.00000000
0.00000000
0.00000000
0.00000000
0.00000000
0.00000000
0.63529414
0.99215686
0.99215686
0.34509805
0.00000000
0.00000000
0.00000000
0.00000000
0.00000000
0.00000000
0.02352941
0.60784316
0.99215686
0.96470588
0.11764706
0.00000000
0.00000000
0.00000000
0.00000000
0.00000000
0.00000000
0.00000000
0.00000000
0.00000000
0.00000000
0.00000000
0.00000000
0.49803922
0.98823529
0.99215686
0.53333336
0.01568628
0.00000000
0.00000000
0.00000000
0.00000000
0.00000000
0.00000000
0.25882354
0.99215686
0.99215686
0.42352942
0.00000000
0.00000000
0.00000000
0.00000000
0.00000000
0.00000000
0.00000000
0.00000000
0.00000000
0.00000000
0.00000000
0.00000000
0.13725491
0.91372550
0.99215686
0.78431374
0.01176471
0.00000000
0.00000000
0.00000000
0.00000000
0.00000000
0.06274510
0.43137255
0.97647059
0.97647059
0.41568628
0.00392157
0.00000000
0.00000000
0.00000000
0.00000000
0.00000000
0.00000000
0.00000000
0.00000000
0.00000000
0.00000000
0.00000000
0.00000000
0.54509807
0.99215686
0.97647059
0.41960785
0.00000000
0.00000000
0.00000000
0.00000000
0.00000000
0.21960784
0.76078433
0.99215686
0.93725491
0.27058825
0.00000000
0.00000000
0.00000000
0.00000000
0.00000000
0.00000000
0.00000000
0.00000000
0.00000000
0.00000000
0.00000000
0.00000000
0.00000000
0.04705882
0.80000001
0.99215686
0.75294119
0.00000000
0.00000000
0.00000000
0.00000000
0.00000000
0.49411765
0.99607843
0.99215686
0.99215686
0.41568628
0.00000000
0.00000000
0.00000000
0.00000000
0.00000000
0.00000000
0.00000000
0.00000000
0.00000000
0.00000000
0.00000000
0.00000000
0.00000000
0.00000000
0.13333334
0.99215686
0.99215686
0.47450981
0.00000000
0.00000000
0.25098041
0.47843137
0.80000001
0.98431373
1.00000000
0.65882355
0.34901962
0.00392157
0.00000000
0.00000000
0.00000000
0.00000000
0.00000000
0.00000000
0.00000000
0.00000000
0.00000000
0.00000000
0.00000000
0.00000000
0.00000000
0.00000000
0.13333334
0.99215686
0.99215686
0.79215688
0.60784316
0.60784316
0.96078432
0.99215686
0.99215686
0.91764706
0.39215687
0.11764706
0.00000000
0.00000000
0.00000000
0.00000000
0.00000000
0.00000000
0.00000000
0.00000000
0.00000000
0.00000000
0.00000000
0.00000000
0.00000000
0.00000000
0.00000000
0.00000000
0.09411765
0.90196079
0.99215686
0.99215686
0.99215686
0.99215686
0.99215686
0.94117647
0.55686277
0.14509805
0.00000000
0.00000000
0.00000000
0.00000000
0.00000000
0.00000000
0.00000000
0.00000000
0.00000000
0.00000000
0.00000000
0.00000000
0.00000000
0.00000000
0.00000000
0.00000000
0.00000000
0.00000000
0.00000000
0.09019608
0.84705883
0.99215686
0.99215686
0.99215686
0.57647061
0.10588235
0.00000000
0.00000000
0.00000000
0.00000000
0.00000000
0.00000000
0.00000000
0.00000000
0.00000000
0.00000000
0.00000000
0.00000000
0.00000000
0.00000000
0.00000000
0.00000000
0.00000000
0.00000000
0.00000000
0.00000000
0.00000000
0.00000000
0.00000000
0.00000000
0.00000000
0.00000000
0.00000000
0.00000000
0.00000000
0.00000000
0.00000000
0.00000000
0.00000000
0.00000000
0.00000000
0.00000000
0.00000000
0.00000000
0.00000000
0.00000000
0.00000000
0.00000000
0.00000000
0.00000000
0.00000000
0.00000000
0.00000000
0.00000000
0.00000000
0.00000000
0.00000000
0.00000000
0.00000000
0.00000000
0.00000000
0.00000000
0.00000000
0.00000000
0.00000000
0.00000000
0.00000000
0.00000000
0.00000000
0.00000000
0.00000000
0.00000000
0.00000000
0.00000000
0.00000000
0.00000000
0.00000000
0.00000000
0.00000000
0.00000000
0.00000000
0.00000000
0.00000000
0.00000000
0.00000000
0.00000000
0.00000000
0.00000000
0.00000000
0.00000000
0.00000000
0.00000000
0.00000000
0.00000000
0.00000000
0.00000000
0.00000000
0.00000000
0.00000000
0.00000000
0.00000000
0.00000000
0.00000000
0.00000000
0.00000000
0.00000000
0.00000000
0.00000000
0.00000000
0.00000000
0.00000000
0.00000000
0.00000000
0.00000000
0.00000000
0.00000000
0.00000000
0.00000000
0.00000000
0.00000000
0.00000000
0.00000000
0.00000000
0.00000000
0.00000000
0.00000000
0.00000000
0.00000000
0.00000000
0.00000000
0.00000000
0.00000000
0.00000000
0.00000000
-1 1 0 0 0 0 0 0 0 0 0
-1 0 1 0 0 0 0 0 0 0 0
-1 0 0 1 0 0 0 0 0 0 0
-1 0 0 0 1 0 0 0 0 0 0
-1 0 0 0 0 1 0 0 0 0 0
-1 0 0 0 0 0 1 0 0 0 0
-1 0 0 0 0 0 0 1 0 0 0
-1 0 0 0 0 0 0 0 1 0 0
-1 0 0 0 0 0 0 0 0 1 0
