0.02
0.025
0.015
0.024
0.014
0.021
0.014
0.012
0
0.016
0.031
0.021
0.027
0.02
0.028
0.004
0.019
0.027
0.033
0.013
0.006
0.012
0.018
0.028
0.013
0.037
0.023
0.02
0.033
0.022
0.027
0.017
0.038
0.004
0.014
0.034
0.002
0.023
0
0.022
0.015
0.021
0.015
0.009
0.019
0.012
0.023
0.025
0.029
0.019
0.017
0.039
0.029
0.012
0.024
0.021
0.028
0.018
0.029
0.017
0.038
0.005
0.007
0.019
0.019
0.002
0.012
0.022
0.033
0.031
0.03
0.045
0.025
0.014
0.02
0.024
0.025
0.017
0.015
0.018
0.02
0.011
0.059
0.024
0.021
0.031
0.022
0.02
0.032
0.021
0.021
0.025
0.01
0.025
0.032
0.024
0.011
0.022
0.014
0.036
0.021
0.031
0.032
0.03
0.006
0.021
0.025
0.015
0.02
0.021
0.023
0.01
0.021
0.029
0
0.001
0.011
0.021
0.014
0.01
0.023
0.004
0.019
0.009
0.017
0.016
0.022
0.029
0.024
0.023
0.027
0.037
0.034
0.005
0.027
0.022
0.027
0.024
0.032
0.004
0.014
0.028
0.018
0.02
0.006
0.019
0.018
0.053
0.029
0
0.023
0
0.034
0.015
0.018
0.025
0.021
0.017
0.015
0.014
0.026
0.021
0.041
0.014
0.023
0.026
0.009
0.018
0.026
0.01
0.013
0
0.019
0.026
0.034
0.009
0.018
0.014
0.021
0.028
0.018
0.023
0.014
0.036
0.008
0.016
0.012
0.01
0.044
0.015
0.028
0.016
0.029
0.01
0.022
0.013
0.02
0.035
0.013
0.025
