0.024
0.01
0.013
0.022
0.007
0.017
0.01
0.011
0.003
0.006
0.026
0.01
0.014
0.017
0.024
0.016
0.009
0.034
0.009
0.017
0.01
0.016
0.019
0.021
0.012
0.049
0.027
0.013
0.037
0.017
0.022
0.014
0.029
0.002
0.019
0.028
0.018
0.02
0.005
0.015
0.015
0.025
0.009
0.008
0.01
0.014
0.021
0.022
0
0.013
0.017
0.03
0.015
0.014
0.016
0.021
0.021
0.013
0.013
0.003
0.032
0.024
0.005
0.005
0.013
0.004
0.008
0.013
0.028
0.038
0.037
0.048
0.018
0.005
0.018
0.025
0.021
0.004
0.006
0.015
0.014
0.014
0.03
0.022
0.013
0.02
0.02
0.011
0.027
0.014
0.025
0.028
0.001
0.017
0.02
0.009
0.008
0.007
0.015
0.014
